0.0000000000,-0.0047006411,-0.0035191604,-0.0101768188,-0.0167694204,0.0093198698,-0.0340609066
0.0100530386,-0.0074603809,-0.0142301153,-0.0170131736,-0.0082888510,0.0158573966,-0.0191946104
0.0198550224,-0.0094613386,0.0070407558,-0.0191388540,-0.0221881550,0.0189884752,-0.0085715270
0.0300209522,-0.0181960259,-0.0037520358,-0.0289721899,-0.0031442894,0.0327237956,-0.0436118692
0.0401209593,-0.0220748428,-0.0269344877,-0.0190723352,0.0073345047,0.0519153327,-0.0436052121
0.0502200127,-0.0143699748,-0.0095298719,-0.0114136152,-0.0566506051,0.0483115427,-0.0223547854
0.0605700016,-0.0135083897,-0.0157291126,-0.0040195999,-0.0706060976,0.0554851666,-0.0425211713
0.0704699755,-0.0106743528,-0.0229808521,0.0042575183,-0.0952784196,0.0679958984,-0.0435704552
0.0811060667,-0.0009739650,-0.0060231518,0.0084997006,-0.0854810253,0.0489811935,-0.0435819067
0.0905920267,0.0087943422,0.0013066700,0.0176974125,-0.0790473595,0.0458402634,-0.0457087085
0.1012029648,0.0139743881,0.0088479687,0.0134903379,-0.0072371680,0.0133665428,-0.0775977299
0.1106740236,0.0184095707,-0.0112533402,0.0176763125,0.0505443737,-0.0008872279,-0.0627543330
0.1205370426,0.0236556586,0.0143339802,0.0198587961,0.0229581520,-0.0146667557,-0.0234673191
0.1309159994,0.0122111635,0.0172449518,0.0090928264,-0.0239821933,-0.0161032639,-0.0181471221
0.1409660578,-0.0031805886,0.0179612804,-0.0029503522,-0.0347550251,-0.0067236782,-0.0298194233
0.1508680582,-0.0048916293,0.0024022630,-0.0068707881,0.0228092000,0.0001872247,-0.0234597959
0.1609330177,-0.0015252782,0.0056803990,-0.0010092673,0.0195898656,0.0035293587,0.0052111303
0.1710050106,-0.0071144206,0.0042521525,-0.0091653280,0.0046101166,0.0064780107,-0.0107105784
0.1812230349,-0.0152519299,-0.0252119731,-0.0149860792,-0.0136422301,0.0168743264,-0.0191952754
0.1911339760,-0.0146278692,-0.0258610081,-0.0083194189,-0.0275830813,0.0242632665,-0.0064464579
0.2012009621,-0.0163769443,-0.0242621135,-0.0094992332,-0.0360157937,0.0135225374,-0.0149433389
0.2112469673,-0.0175010134,-0.0220942926,-0.0103659444,-0.0306258220,0.0070784865,-0.0340603106
0.2214859724,-0.0126115484,-0.0205980968,-0.0130294971,0.0089161564,0.0009882369,-0.0446915142
0.2313669920,-0.0048270179,-0.0140958261,-0.0095353536,0.0239550266,-0.0083887530,-0.0383292213
0.2414820194,-0.0034922911,-0.0065879058,-0.0109113865,0.0347551815,-0.0210066102,-0.0351530723
0.2516850233,-0.0042357249,-0.0078871679,-0.0084739141,0.0133486940,-0.0148270130,-0.0351445489
0.2617950439,0.0277883466,-0.0060944986,-0.0066390452,0.0098169167,0.2194543332,-0.2272134423
0.2716710567,0.1286751628,0.0272585321,0.0298161693,0.0485131815,0.3984118402,-0.3354374170
0.2817319632,0.0836734101,0.0280485321,0.0439406820,0.0254949741,0.1535073370,-0.1093878224
0.2918150425,-0.0220794175,-0.0017652938,0.0108521171,-0.0263157617,0.0040075956,-0.0223818142
0.3020670414,-0.0019111140,-0.0110972952,-0.0032906947,-0.0317172632,0.0091495607,-0.0404297262
0.3119089603,-0.0096623255,-0.0061116647,0.0006900612,-0.0316464230,0.0028735551,-0.0266294889
0.3220200539,-0.0057505621,-0.0012863108,-0.0003035482,-0.0315924138,-0.0024317279,-0.0266318880
0.3320900202,-0.0055693341,-0.0061355066,-0.0022551236,-0.0209765211,0.0029388026,-0.0308790952
0.3423680067,-0.0059820069,-0.0091928672,-0.0089295320,-0.0231387950,0.0061444491,-0.0245058872
0.3521590233,-0.0130947633,-0.0085071754,-0.0131721906,-0.0327424221,0.0060674842,-0.0234416872
0.3622870445,-0.0194320325,-0.0126249027,-0.0189238600,-0.0338547453,0.0102959843,-0.0245018248
0.3723410368,-0.0178749803,-0.0137499403,-0.0184457712,-0.0371418819,0.0187491234,-0.0255585667
0.3824750185,-0.0202263389,-0.0154510569,-0.0192422085,-0.0371716321,0.0219384581,-0.0244945679
0.3924679756,-0.0174993370,-0.0134687852,-0.0135382824,-0.0574332252,0.0207419004,-0.0181192253
0.4025110006,-0.0149988336,-0.0136176776,-0.0070031104,-0.0616708770,0.0175148826,-0.0191817600
0.4126510620,-0.0144805713,-0.0146056842,-0.0013179001,-0.0541786030,0.0154719716,-0.0170610845
0.4225360155,-0.0110717220,-0.0095374417,0.0007764879,-0.0348716453,0.0060968455,-0.0160080716
0.4327449799,-0.0105482293,0.0005062392,0.0010183635,-0.0081092725,-0.0021720033,-0.0181425940
0.4427970648,-0.0099189831,0.0030065349,0.0063933912,0.0089925891,-0.0052399649,-0.0234579984
0.4529069662,-0.0122477366,0.0036027601,0.0050122323,0.0164225418,-0.0008960830,-0.0181487203
0.4628829956,-0.0116417361,0.0012967756,0.0036602798,0.0099774254,0.0033203671,-0.0138984481
0.4729779959,-0.0121188117,-0.0002469251,0.0001453343,0.0013668928,0.0106866704,-0.0117689846
0.4830449820,-0.0117824031,-0.0029443929,-0.0006335196,-0.0072302166,0.0169980954,-0.0085774530
0.4931960106,-0.0095105125,-0.0057672691,-0.0015365300,-0.0093777906,0.0180058368,-0.0138853993
0.5031920671,-0.0072902841,-0.0086857509,-0.0025544581,-0.0115447240,0.0211135447,-0.0223764218
0.5133219957,-0.0041162921,-0.0127200913,-0.0037323055,-0.0189704150,0.0168250576,-0.0191912819
0.5233260393,-0.0028896285,-0.0139775109,-0.0070212898,-0.0264080931,0.0136051625,-0.0149444714
0.5334470272,-0.0045466525,-0.0152628254,-0.0084178858,-0.0392242894,0.0145543134,-0.0149407424
0.5434060097,-0.0072670532,-0.0117235612,-0.0098475628,-0.0552588627,0.0176386517,-0.0085639367
0.5535140038,-0.0090313209,-0.0072108936,-0.0093539767,-0.0648832619,0.0196906179,-0.0064368704
0.5636060238,-0.0098701818,-0.0026711056,-0.0068502841,-0.0648935959,0.0207657367,-0.0043129991
0.5736570358,-0.0078187389,0.0009864143,-0.0022966084,-0.0499228984,0.0176993720,-0.0064419303
0.5837119818,-0.0047924323,-0.0040039252,0.0014435831,-0.0445373207,0.0124350358,-0.0075087263
0.5938090086,-0.0037575616,-0.0059581827,0.0052976194,-0.0316667967,0.0061947163,-0.0053915130
0.6040990353,-0.0007600887,-0.0039251279,0.0073297801,-0.0209285580,-0.0000436050,-0.0000882274
0.6142300367,-0.0035560234,0.0020450524,0.0074360552,-0.0123190917,-0.0074237566,-0.0043412955
0.6239689589,-0.0032943143,-0.0006612966,0.0066625061,0.0047652731,-0.0083924150,-0.0128391096
0.6340550184,-0.0039635403,-0.0004237721,0.0039628330,0.0154046016,-0.0051161945,-0.0128401751
0.6440950632,-0.0036609722,-0.0021328160,-0.0016397652,0.0281822886,-0.0018227962,-0.0128403082
0.6541800499,-0.0053691221,-0.0058438014,-0.0082663707,0.0260592178,-0.0028955177,-0.0117785055
0.6643129587,-0.0051999046,-0.0095956754,-0.0100782327,0.0142177893,0.0065179579,-0.0170813911
0.6789950132,-0.0040745838,-0.0144517850,-0.0139664821,-0.0018748939,0.0148592452,-0.0181349386
0.6857459545,-0.0059866859,-0.0155510735,-0.0150944404,-0.0200069994,0.0136616873,-0.0149466693
0.6945099831,-0.0059950305,-0.0138831567,-0.0154247694,-0.0371726677,0.0231169742,-0.0064431955
0.7043930292,-0.0090162707,-0.0074253511,-0.0129298382,-0.0489726327,0.0293938462,-0.0043129995
0.7145739794,-0.0120797409,-0.0077160429,-0.0083940439,-0.0362752117,0.0400949605,-0.0074962759
0.7246530056,-0.0141711785,-0.0039094519,-0.0065253195,-0.0053942613,0.0466821529,-0.0149327535
0.7347979546,-0.0133045269,-0.0036974379,0.0024618688,0.0127442628,0.0468059927,-0.0202462915
0.7448079586,-0.0094092293,0.0004937222,0.0067028585,0.0117009170,0.0435596630,-0.0287434421
0.7548580170,-0.0064036949,-0.0060030054,0.0070768180,0.0022112746,0.0317701176,-0.0340559147
0.7649359703,-0.0023030741,-0.0106203388,0.0073430720,-0.0179747120,0.0231177062,-0.0319303796
0.7749899626,0.0007818686,-0.0076322984,0.0102924891,-0.0391809307,0.0103100333,-0.0149426069
0.7850010395,0.0029161619,0.0009793213,0.0120387860,-0.0454280451,-0.0045524696,-0.0075148512
0.7951689959,0.0031943219,0.0066424776,0.0108100958,-0.0400710963,-0.0066278712,-0.0075172484
0.8052309752,0.0035198228,0.0055277515,0.0047565880,-0.0218914002,-0.0107119624,-0.0075253709
0.8152680397,0.0019327896,0.0035114458,-0.0031714258,0.0016924916,-0.0211100075,-0.0064747538
0.8253290653,0.0042066621,0.0005873611,-0.0071213660,0.0123871602,-0.0230968595,-0.0001080678
0.8353960514,0.0005542682,-0.0022561976,-0.0100229196,0.0124292383,-0.0273477975,-0.0011720008
0.8456989527,-0.0050760610,-0.0109439921,-0.0090164356,-0.0014744876,-0.0243289694,-0.0075362902
0.8555819988,-0.0098314835,-0.0149537753,-0.0121120028,-0.0305016115,-0.0033813447,-0.0107038543
0.8655279875,-0.0147072775,-0.0182882380,-0.0135809593,-0.0680038705,0.0111193005,-0.0149348183
0.8757070303,-0.0147964461,-0.0189364385,-0.0152957849,-0.1034220532,0.0309638456,-0.0159777105
0.8857580423,-0.0120858205,-0.0158026051,-0.0083772354,-0.1313249469,0.0466357470,-0.0159619972
0.8958059549,-0.0074321432,-0.0118357968,-0.0045028147,-0.1622839272,0.0474056676,-0.0191391502
0.9058630466,-0.0007813526,-0.0109127592,-0.0017692860,-0.1889677346,0.0471248403,-0.0265657753
0.9159350395,0.0040137516,-0.0148884486,-0.0029892144,-0.1878798306,0.0450052284,-0.0276289079
0.9261640310,0.0089079635,-0.0119613241,-0.0021814522,-0.1792299449,0.0345173031,-0.0202028155
0.9360810518,0.0080387639,-0.0049919318,-0.0031827507,-0.1588580906,0.0251522958,-0.0191508662
0.9461549520,0.0043369280,0.0011587909,-0.0049995002,-0.1331641227,0.0168674681,-0.0223471932
0.9562100172,0.0007325159,-0.0012033412,-0.0065483269,-0.1001209617,0.0202632658,-0.0340336747
0.9662870169,0.0000486123,-0.0035039613,-0.0109005384,-0.0851943940,0.0214485712,-0.0350994095
0.9763369560,0.0002609836,-0.0038046071,-0.0103638582,-0.0777793527,0.0267980620,-0.0382840149
0.9863929749,0.0003731446,-0.0099674296,-0.0107549839,-0.0778977573,0.0384481922,-0.0414634310
0.9964569807,-0.0006209118,-0.0122206639,-0.0121059828,-0.0833085030,0.0458216853,-0.0425201729
1.0066070557,-0.0017026467,-0.0126335453,-0.0077327904,-0.1026353836,0.0572969839,-0.0467564650
1.0166100264,-0.0057384921,-0.0162232351,-0.0026941118,-0.1582475156,0.0684279352,-0.0552311763
1.0266590118,-0.0107762618,-0.0174197983,-0.0012078104,-0.2599489093,0.0993101448,-0.0647460446
1.0368089676,-0.0119394315,-0.0271795224,-0.0084171109,-0.4394081533,0.1157743409,-0.0657540560
1.0468130112,-0.0034659905,-0.0332820825,0.0013668123,-0.6658875346,0.1381811053,-0.0688712895
1.0568799973,-0.0028206958,-0.0604054742,-0.0121622495,-0.9350654483,0.1612201184,-0.0804712176
1.0668950081,0.0015564458,-0.0841026753,-0.0227272920,-1.1756113768,0.2037186474,-0.0750789195
1.0770679712,0.0047165053,-0.0850425214,-0.0441778116,-1.3626300097,0.2297497094,-0.0633386374
1.0870779753,0.0096271085,-0.0662449449,-0.0619570427,-1.4534542561,0.2418212295,-0.0431355610
1.0970770121,0.0113962935,-0.0378530435,-0.0656716079,-1.4642282724,0.2523865104,-0.0356949568
1.1072180271,0.0082707601,-0.0169812273,-0.0703508109,-1.4270645380,0.2706518769,-0.0505594574
1.1173009872,0.0042135911,-0.0151148271,-0.0747418255,-1.3900138140,0.2994797826,-0.0728522465
1.1273269653,0.0050310986,-0.0168352555,-0.0750894994,-1.3861120939,0.3355430365,-0.0802681521
1.1374610662,0.0096085416,-0.0243341159,-0.0737207383,-1.4366406202,0.3722331524,-0.0812987909
1.1474729776,0.0130987512,-0.0368872695,-0.0681485385,-1.5300657749,0.4286060333,-0.0982360989
1.1575839520,0.0135077881,-0.0489130430,-0.0791514367,-1.6588375568,0.4985401034,-0.1034774706
1.1676050425,0.0194944795,-0.0488546304,-0.0963933319,-1.8313398361,0.5671693683,-0.0874722674
1.1776989698,0.0278977808,-0.0388177447,-0.1105664223,-2.0507075787,0.6281485558,-0.0427905507
1.1876800060,0.0327700786,-0.0286078285,-0.1142837256,-2.2977216244,0.6793496609,0.0040174350
1.1978180408,0.0302900206,-0.0182160567,-0.1166335791,-2.5652022362,0.7483074069,0.0349119678
1.2078959942,0.0235533770,-0.0075386595,-0.1343104094,-2.8348250389,0.8171925545,0.0573112853
1.2179659605,0.0184467491,0.0027587584,-0.1574851722,-3.0637784004,0.8759242892,0.0956235230
1.2280219793,0.0246189144,0.0285960007,-0.1703127474,-3.2626798153,0.9191396236,0.1551571488
1.2380629778,0.0478378721,0.0644695312,-0.1685849279,-3.4218456745,0.9384153485,0.2327185273
1.2482160330,0.0753991976,0.1048010141,-0.1521316022,-3.5552468300,0.9431161284,0.3187603951
1.2582069635,0.1081028059,0.1468862444,-0.1380777806,-3.6289548874,0.9570761323,0.4430165589
1.2682909966,0.1397428215,0.2056145221,-0.1035290807,-3.6552195549,0.9238184094,0.5852881074
1.2783529758,0.1436057389,0.2976936996,-0.0414173417,-3.6486666203,0.9198294878,0.7785319090
1.2884620428,0.1192110702,0.4095220268,0.0216426440,-3.5452597141,0.9445374012,1.0121144056
1.2984700203,0.0714065880,0.5139933228,0.0587377138,-3.3164894581,0.9170093536,1.2031663656
1.3085440397,-0.0110345809,0.6169429421,0.0520209856,-2.8341331482,0.9298558235,1.3878018856
1.3186310530,-0.0720281526,0.7320272326,0.0185206719,-2.0240139961,0.8294381499,1.6636137962
1.3286889791,-0.1015381590,0.8544664383,0.0526368208,-1.0122491121,0.5240188241,1.9626330137
1.3387449980,-0.1416409165,0.8868471384,0.1610945612,-0.0860954151,0.1326747537,2.2170341015
1.3488260508,-0.2025432140,0.8046672344,0.3211294115,0.4479815960,-0.2210435569,2.4205873013
1.3589069843,-0.2233183980,0.6883090138,0.4716716111,0.4411228895,-0.5865960121,2.6731145382
1.3689420223,-0.2045653313,0.6122567654,0.5147687793,-0.0335162804,-0.7009612918,3.0193238258
1.3790630102,-0.2132018656,0.5145733356,0.5055583119,-0.7071641684,-0.8748009801,3.2986612320
1.3890869617,-0.1771043986,0.4245463908,0.4389173090,-1.4787920713,-0.7527014017,3.5303905010
1.3992210627,-0.1618214250,0.3680481613,0.3683479726,-2.0641019344,-0.7999280095,3.7439372540
1.4092819691,-0.1061206684,0.3106087148,0.2895401418,-2.3387436867,-0.9667854309,3.9085023403
1.4193459749,-0.0254348759,0.3003605902,0.2620579898,-2.3251788616,-1.1408551931,4.0453839302
1.4293709993,0.0106142806,0.2709173262,0.2246503383,-2.0061407089,-1.3458702564,4.0717458725
1.4394190311,0.0132475244,0.2060167342,0.1540368348,-1.4443252087,-1.6101330519,3.9621057510
1.4495810270,0.0025679218,0.1499881297,0.1082206517,-0.8358889222,-1.8399368525,3.8673362732
1.4595930576,-0.0257524792,0.1154616624,0.1012702733,-0.3450438380,-2.0458643436,3.8490581512
1.4696279764,-0.0944432244,0.0636878759,0.1040858775,-0.0993190259,-2.1784842014,3.8478677273
1.4796990156,-0.1895036995,-0.0111938547,0.1001480371,-0.1120995283,-2.1830685139,3.8128294945
1.4897710085,-0.2764161527,-0.1014748067,0.1164100915,-0.2995050251,-2.1224811077,3.7545082569
1.4998580217,-0.3303664625,-0.1744741648,0.1119079143,-0.5135347843,-2.0698239803,3.6547799110
1.5099049807,-0.3560224473,-0.2081340998,0.1120217592,-0.7209390402,-2.0406124592,3.5306167603
1.5200170279,-0.3642800152,-0.1937718242,0.1432916075,-0.8939166665,-2.0374615192,3.4319150448
1.5300990343,-0.3670587242,-0.1548143476,0.1695482284,-0.9502100348,-2.0692920685,3.3448457718
1.5402050018,-0.3788988888,-0.1079926938,0.1647892743,-0.8345105648,-2.1188173294,3.2428588867
1.5501650572,-0.3822929561,-0.0775889009,0.1569209844,-0.5393943191,-2.1794059277,3.1567492485
1.5602500439,-0.3801792562,-0.0411931090,0.1542616040,-0.2176810354,-2.2323749065,3.0642645359
1.5703510046,-0.3812082708,-0.0456343703,0.1480608732,0.1040848568,-2.2918126583,2.9558484554
1.5803849697,-0.3765434325,-0.0918998569,0.1308108121,0.3268974125,-2.2734978199,2.8623626232
1.5904190540,-0.3750378788,-0.1402349323,0.0932114869,0.4022640586,-2.2384459972,2.7667992115
1.6004920006,-0.3701238334,-0.1827987283,0.0954219252,0.2939333320,-2.1889717579,2.6882781982
1.6105879545,-0.3686719835,-0.2238895744,0.0970738083,0.0049850633,-2.1146519184,2.5938889980
1.6207369566,-0.3744858205,-0.2826493680,0.0661921650,-0.3640717864,-2.0359749794,2.4612972736
1.6306430101,-0.3679557145,-0.3362384737,0.0396944471,-0.7776864767,-1.9866545200,2.2798588276
1.6408430338,-0.3520049751,-0.3520592749,0.0136349984,-1.1722133160,-1.9255580902,2.0888657570
1.6509790421,-0.3316740692,-0.3291780055,-0.0193092041,-1.3939445019,-1.8544161320,1.9052671194
1.6608830690,-0.3140754998,-0.2767914236,-0.0522516184,-1.3883140087,-1.7864335775,1.7460297346
1.6709469557,-0.3101229370,-0.1943368465,-0.0838246793,-1.1655331850,-1.7673063278,1.6143189669
1.6809660196,-0.3092107475,-0.1298619360,-0.0887662619,-0.8068919182,-1.6749631166,1.4634985924
1.6911389828,-0.3141894042,-0.1099915355,-0.0956836790,-0.4584788978,-1.5248399973,1.2373217344
1.7012319565,-0.3113085926,-0.0922463983,-0.0875106901,-0.1459814459,-1.4098532200,1.0408669710
1.7112280130,-0.3068099320,-0.0661960989,-0.0817281455,0.1058965549,-1.3083118200,0.9792696834
1.7213289738,-0.2942913473,-0.0614682846,-0.0876907557,0.1944210976,-1.1996665001,0.9240878820
1.7313820124,-0.2871612012,-0.0926720649,-0.1148246378,0.0921938643,-1.1228623390,0.7977987528
1.7414590120,-0.2670812309,-0.0948716253,-0.1417905539,-0.1076832935,-0.9879481792,0.7639393210
1.7515159845,-0.2068154514,-0.0540121607,-0.1836942285,-0.2413625419,-0.9616655111,0.7427502275
1.7615959644,-0.1641906798,-0.0068807434,-0.1965980381,-0.3356823921,-0.8173820972,0.7024978995
1.7716549635,-0.1522730291,0.0212458242,-0.2028036565,-0.4231433272,-0.6113910079,0.6782011986
1.7817310095,-0.1309516728,0.0149621535,-0.2096751183,-0.4671808481,-0.4782089591,0.6581047177
1.7917580605,-0.0941886529,0.0065300036,-0.1960105747,-0.4999190569,-0.4075469971,0.6358507872
1.8019009829,-0.0711968765,0.0084245075,-0.1616625637,-0.5495427847,-0.3573661149,0.5870456696
1.8119670153,-0.0657028183,0.0010084084,-0.1278741807,-0.5510882139,-0.3132077754,0.5265453458
1.8220250607,-0.0511647724,-0.0088513326,-0.1136095375,-0.4989001155,-0.3056702316,0.4734458923
1.8319500685,-0.0305901412,-0.0091109704,-0.0922165960,-0.3964761496,-0.3050527275,0.4309485853
1.8421649933,-0.0195934419,0.0177160967,-0.0695441216,-0.3047291934,-0.3045904040,0.3788973689
1.8521710634,-0.0181514267,0.0365642793,-0.0572993569,-0.2301596999,-0.2936042249,0.3364113569
1.8622850180,-0.0175777916,0.0465263315,-0.0634443015,-0.2343744189,-0.2989396155,0.3374715447
1.8722950220,-0.0150246872,0.0419472940,-0.0734431595,-0.2567520440,-0.3011545241,0.3534041345
1.8825290203,-0.0253200773,0.0402607508,-0.0711293668,-0.3413603902,-0.2710733116,0.3608732224
1.8925650120,-0.0306127314,0.0548309274,-0.0669600815,-0.4123664200,-0.2131662667,0.3864024878
1.9025290012,-0.0283552054,0.0686445385,-0.0760297030,-0.4318687320,-0.1811715811,0.4373897910
1.9126180410,-0.0175866131,0.0936949402,-0.0754378289,-0.3932135403,-0.2017664015,0.4819663763
1.9227110147,-0.0067985905,0.1014934331,-0.0598640852,-0.3214085698,-0.2319317609,0.4787476659
1.9327009916,-0.0065938486,0.0702975541,-0.0409269743,-0.2763608992,-0.2561508119,0.4468699098
1.9428410530,-0.0041561378,0.0241909791,-0.0206082277,-0.2718851864,-0.2786092460,0.4139417708
1.9528920650,-0.0024691476,-0.0114334654,-0.0039099273,-0.2705847621,-0.3031553328,0.3905695975
1.9632090330,-0.0054919971,-0.0356114917,0.0198435970,-0.2299433202,-0.3136188984,0.3587000966
1.9729939699,-0.0101826442,-0.0465662889,0.0330514498,-0.1339963824,-0.3068085611,0.2981564403
1.9830330610,-0.0106390966,-0.0580158047,0.0319217034,-0.0458204597,-0.2715964913,0.2100223303
1.9930920601,-0.0371365212,-0.0839969069,-0.0113492422,0.0229514148,-0.2175309956,0.1102234349
2.0031518936,-0.0579099916,-0.1249561757,-0.0495322756,-0.0312561616,-0.1343024075,0.0911663845
2.0132379532,-0.0723273382,-0.1230938286,-0.0675912350,-0.1888791621,-0.0602777787,0.1007983014
2.0233139992,-0.0843082890,-0.1330315918,-0.0841038674,-0.3414862752,0.0455738157,0.1030135229
2.0333590508,-0.0858912691,-0.1160775274,-0.1078202575,-0.4489431977,0.1177261099,0.0839646608
2.0435919762,-0.0749322996,-0.0750479549,-0.1089503616,-0.4843960106,0.1395195574,0.0563777760
2.0537030697,-0.0620753430,-0.0321394615,-0.0828874558,-0.4300845563,0.1493505388,0.0266380589
2.0637309551,-0.0550409816,0.0002401045,-0.0428678803,-0.3106454909,0.1565597206,-0.0041808402
2.0735931396,-0.0409303568,0.0260927845,-0.0136228614,-0.1536426097,0.1428817213,-0.0339576453
2.0837020874,-0.0217191819,0.0417088456,0.0089155622,0.0024591098,0.1133696362,-0.0499390103
2.0938370228,-0.0013335599,0.0468974002,0.0215998478,0.1115201563,0.0930644348,-0.0552845709
2.1038441658,0.0132850753,0.0425999649,0.0270468779,0.1543629766,0.0774945319,-0.0595504232
2.1139111519,0.0250417348,0.0266283918,0.0405230112,0.1310042143,0.0656750202,-0.0510572046
2.1238350868,0.0329221822,0.0036600402,0.0470546074,0.0713510066,0.0557355732,-0.0308728386
2.1338829994,0.0407957770,-0.0108696651,0.0502618738,-0.0128807789,0.0487301275,-0.0159897618
2.1440181732,0.0477557518,-0.0209900569,0.0403455682,-0.1044269428,0.0256889872,-0.0096072312
2.1542470455,0.0468909480,-0.0266527962,0.0319256373,-0.2046681345,0.0185090415,-0.0000291052
2.1642451286,0.0371640064,-0.0229878556,0.0238018818,-0.3104172051,0.0282378346,0.0063734003
2.1743278503,0.0283264276,-0.0205840599,0.0121946521,-0.3904736340,0.0307892747,0.0170147270
2.1844449043,0.0233049747,-0.0016286203,-0.0007455763,-0.4268215001,0.0380170941,0.0350781493
2.1944429874,0.0200933572,0.0146700311,-0.0215863399,-0.3915556669,0.0330348536,0.0371889696
2.2045021057,0.0197418090,0.0265483428,-0.0333099179,-0.3060607314,0.0210069511,0.0307904594
2.2146859169,0.0145112621,0.0368552990,-0.0426073484,-0.1811802238,0.0188382082,0.0190780088
2.2281770706,0.0113209235,0.0300396848,-0.0502098016,-0.0465925895,0.0061019054,0.0009868908
2.2358469963,0.0042727338,0.0117833484,-0.0338740759,0.0333655700,0.0129936337,-0.0255746786
2.2455701828,-0.0056540025,-0.0104427766,-0.0232988410,0.0619048029,0.0396803692,-0.0393719822
2.2554850578,-0.0076858653,-0.0317948870,-0.0195124559,0.0640678257,0.0364744551,-0.0457449257
2.2655839920,-0.0008009924,-0.0396918468,-0.0087675862,0.0472041592,0.0150706330,-0.0510603301
2.2751131058,-0.0026139868,-0.0322406106,0.0195629187,0.0194203295,0.0179140233,-0.0659167096
2.2849998474,-0.0092231287,-0.0201771688,0.0439285226,0.0108811697,0.0178117584,-0.0701617897
2.2952120304,-0.0050210012,-0.0081693362,0.0674625784,0.0066812844,0.0114921434,-0.0574228913
2.3050000668,0.0030747997,0.0069109369,0.0822670609,-0.0209676549,0.0029071774,-0.0351223797
2.3150770664,0.0140271531,0.0104863215,0.0814452916,-0.0591981299,-0.0142250704,-0.0075137857
2.3251428604,0.0160557982,0.0025049022,0.0706693083,-0.1542487442,-0.0064489068,0.0105648171
2.3352210522,0.0062116729,-0.0026893744,0.0407288261,-0.3080980778,0.0114602521,0.0339714065
2.3452789783,0.0010865079,-0.0129785370,0.0100641437,-0.4691711366,0.0048793149,0.0541832000
2.3553571701,-0.0002382649,-0.0196638536,-0.0076225814,-0.5875208974,-0.0045139873,0.0743849427
2.3654110432,-0.0074657453,-0.0081336927,-0.0189823918,-0.6047036052,0.0059192125,0.0701473206
2.3754670620,-0.0205745939,0.0149523783,-0.0286316685,-0.5163382292,0.0256395880,0.0467741564
2.3855528831,-0.0199470166,0.0381454416,-0.0370485000,-0.3531959057,0.0385913402,0.0244414173
2.3956089020,-0.0046055568,0.0530018397,-0.0369434170,-0.1514974385,0.0381065756,0.0052773766
2.4056780338,0.0049391137,0.0547523089,-0.0339528732,0.0396485552,0.0258712154,-0.0117660556
2.4157261848,0.0097177969,0.0462317951,-0.0183167867,0.1656485945,0.0183928590,-0.0256049726
2.4258229733,0.0126311528,0.0253592599,-0.0000517782,0.2180534750,0.0071577821,-0.0288092885
2.4360470772,0.0194846746,0.0036248437,0.0243474431,0.2031735182,0.0006556081,-0.0298718214
2.4469671249,0.0186502691,-0.0047471356,0.0282004662,0.1467371434,-0.0114540514,-0.0213691480
2.4562630653,0.0208410379,-0.0114981961,0.0251231976,0.0689223930,-0.0194872096,-0.0096717449
2.4662680626,0.0162257310,-0.0068532061,0.0207064338,-0.0111697782,-0.0137371803,0.0030930517
2.4763140678,0.0125251757,-0.0052940976,0.0100791045,-0.0677030683,-0.0162689798,0.0158465970
2.4864459038,0.0087887989,0.0010979942,0.0002767626,-0.0868554562,-0.0217071548,0.0211577397
2.4964671135,0.0049465047,0.0114978720,0.0019892636,-0.0870324001,-0.0036360098,0.0264763385
2.5065209866,-0.0000300659,0.0230260063,-0.0043280539,-0.0626152083,0.0093242638,0.0286002085
2.5165810585,-0.0002265228,0.0231490303,-0.0096460395,0.0045597833,0.0151954684,0.0254009534
2.5266859531,0.0054301964,0.0264024604,-0.0147322230,0.0621831305,0.0156780332,0.0222011656
2.5367279053,0.0042313682,0.0239931513,-0.0098448209,0.1049278527,0.0096508339,0.0168777052
2.5469269753,-0.0008407487,0.0109224785,-0.0028005657,0.1368415803,0.0194241032,0.0083800927
2.5568630695,-0.0019541634,-0.0021594593,0.0034023705,0.1497589052,0.0078170476,0.0009378220
2.5669188499,-0.0009681834,-0.0065945815,0.0049658003,0.1468094438,-0.0177234653,-0.0065067783
2.5770480633,-0.0067128791,-0.0151372682,0.0085195489,0.1041306332,-0.0192482583,-0.0202991571
2.5871310234,-0.0133579625,-0.0347824804,0.0069482508,0.0166005194,-0.0179459732,-0.0287706722
2.5971240997,-0.0121000065,-0.0527972393,0.0012982073,-0.0632935092,-0.0324602015,-0.0319416970
2.6071500778,-0.0127697838,-0.0447443537,-0.0055451808,-0.0995860025,-0.0317091905,-0.0308703072
2.6175031662,-0.0154596819,-0.0036066303,-0.0175282173,-0.0710399896,-0.0048968163,-0.0255561695
2.6273441315,-0.0152806891,0.0397374816,-0.0381998830,0.0503996313,0.0173858516,-0.0255758762
2.6372928619,-0.0113113774,0.0660916716,-0.0585068874,0.1974751502,0.0378258824,-0.0171088893
2.6475400925,-0.0016377224,0.0716542155,-0.0735678524,0.3167150021,0.0676346421,0.0009263039
2.6575560570,0.0039167749,0.0562879629,-0.0768341273,0.3718842268,0.1010997891,0.0147330631
2.6676139832,0.0014083730,0.0315325744,-0.0715840310,0.3639951646,0.1435646862,0.0285596624
2.6776640415,-0.0013062609,0.0030099323,-0.0618852787,0.3368301690,0.1921651065,0.0328384303
2.6877729893,0.0008283602,-0.0140487682,-0.0536274128,0.3097577989,0.2299897224,0.0116282161
2.6978149414,-0.0066797985,-0.0297091436,-0.0564015917,0.3148224950,0.2553066909,-0.0180909298
2.7079401016,-0.0198958758,-0.0585487597,-0.0642661899,0.3260810077,0.3007484674,-0.0616048500
2.7178630829,-0.0358158015,-0.0841263384,-0.0830579847,0.3290038109,0.3247432709,-0.1284869462
2.7280378342,-0.0467096232,-0.1189513654,-0.0873091668,0.3499937952,0.3563304842,-0.1943080425
2.7380561829,-0.0692173466,-0.1464990824,-0.1017089337,0.3822301626,0.4356133938,-0.2834680676
2.7482140064,-0.1072296128,-0.1456267983,-0.1363638490,0.4228308499,0.5307055712,-0.4002287686
2.7582180500,-0.1451781690,-0.1475055665,-0.1640353650,0.4695656896,0.6523510814,-0.5212250352
2.7683520317,-0.1937788427,-0.1531812400,-0.1976095289,0.5225921869,0.7846001983,-0.6517737508
2.7783470154,-0.2539881766,-0.1628146321,-0.2156760544,0.5700845122,0.9358106852,-0.7961148620
2.7884750366,-0.3101150692,-0.1863632649,-0.2088681906,0.5982788205,1.0952861309,-0.9489414096
2.7984080315,-0.3580828607,-0.2113621086,-0.1838822812,0.5901147723,1.2606086731,-1.1325467825
2.8085560799,-0.3947482407,-0.2401235551,-0.1584632844,0.5508489013,1.4392819405,-1.3426837921
2.8186068535,-0.4237870872,-0.2651318014,-0.1415312737,0.5062034726,1.6209821701,-1.5698078871
2.8287191391,-0.4469759166,-0.2923243940,-0.1321415752,0.4869222343,1.8272386789,-1.8075429201
2.8387370110,-0.4475903213,-0.3187009990,-0.1333449334,0.4652149975,2.0632603168,-2.0335824490
2.8488788605,-0.4205232561,-0.3422034085,-0.1441137046,0.4470162988,2.2685275078,-2.2617621422
2.8588860035,-0.3743093312,-0.3677001297,-0.1544906348,0.4192174077,2.4725952148,-2.4984350204
2.8690209389,-0.3204872906,-0.3824639618,-0.1461209506,0.3243478835,2.6613109112,-2.7212946415
2.8790001869,-0.2754580677,-0.4047890007,-0.1375116557,0.1703459769,2.7892551422,-2.9091291428
2.8890810013,-0.2489123642,-0.4264844954,-0.1207997054,-0.0229638256,2.9011754990,-3.0608615875
2.8991360664,-0.2455675900,-0.4278355539,-0.1056495756,-0.1541026533,2.9849007130,-3.2264282703
2.9092869759,-0.2727217972,-0.4186753929,-0.1035445184,-0.0747092888,3.0360379219,-3.4642658234
2.9192829132,-0.3159503043,-0.3944512904,-0.1281294674,0.3142530918,3.0755574703,-3.7828831673
2.9293918610,-0.3492831290,-0.3388471305,-0.1572659463,1.0015792847,3.0516130924,-4.1451430321
2.9395060539,-0.3529842794,-0.2410015911,-0.2101587504,2.0757157803,2.9825067520,-4.4661140442
2.9495329857,-0.3444406092,-0.0939915627,-0.2254782170,3.5241644382,2.8421070576,-4.6682934761
2.9597191811,-0.3252896965,0.0984106809,-0.1153040975,4.9690442085,2.5374798775,-4.6656260490
2.9696841240,-0.3014808595,0.2384946495,0.1250753552,5.9538183212,2.1493191719,-4.4898118973
2.9805750847,-0.2810549438,0.1888145357,0.3339562714,6.4135551453,1.8577105999,-4.4253039360
2.9900979996,-0.2481060326,0.0128809977,0.4698131382,6.4632840157,1.5751322508,-4.5422554016
2.9998140335,-0.1626279056,-0.0767668337,0.5693572760,6.2401309013,1.1544826031,-4.6390337944
3.0099329948,-0.0593210123,-0.0818672031,0.6520807147,5.7230620384,0.4682208896,-4.5564255714
3.0199670792,0.0154251503,-0.0155964326,0.6269286275,4.9606065750,-0.3231680095,-4.3198461533
3.0300521851,0.0208998676,0.0920230299,0.5380287766,4.0064873695,-1.0478920937,-4.0173535347
3.0400838852,-0.0160374884,0.3065358698,0.5044627190,2.7111511230,-1.5876175165,-3.6891968250
3.0501871109,-0.0848721191,0.5003882051,0.4615505040,1.6106340885,-1.7690126896,-3.5085022449
3.0603041649,-0.1837462485,0.5721814036,0.3178336918,0.7568171024,-1.7479426861,-3.2014157772
3.0703289509,-0.2251201868,0.6856560111,0.2643107474,0.4386473596,-0.9802852273,-3.0257546902
3.0803470612,-0.2419295609,0.7392738461,0.1457043439,0.8727388978,-0.8350102901,-2.8081235886
3.0904550552,-0.2013797164,0.8339414597,0.0599294491,2.0217406750,-0.9930058122,-2.5409207344
3.1005091667,-0.1356467009,0.8541996479,0.1132111102,2.0305821896,-1.5326309204,-2.1546969414
3.1105539799,-0.1194048598,0.5948934555,0.2280935794,-0.2213747352,0.0163609348,-1.2837380171
3.1205160618,-0.1092749164,0.1059641987,0.1314541847,1.2253726721,-0.0423049107,-1.1535340548
3.1307220459,-0.0534394868,0.4134967029,-0.0484451465,4.7509846687,-1.0471284389,-0.9903523326
3.1407890320,0.1872400343,1.1276376247,0.0305850692,8.2221336365,-2.8967893124,-0.7861697078
3.1508650780,0.0820554495,0.6789757013,0.0845881850,7.2163348198,-3.1130578518,-1.6874896288
3.1610188484,-0.0808405578,0.5039933920,-0.2337141484,5.9753713608,-0.9696750045,-1.0044274330
3.1710281372,-0.2656882107,-0.2028402537,-0.7772183418,3.8059329987,0.2968384027,-0.7675247192
3.1810929775,-0.1498246193,-0.0022156069,-1.0572721958,1.4087606668,0.6453322172,-0.5777420998
3.1910848618,0.1361062229,0.0734219700,-0.9852302670,0.2580423653,1.1377928257,0.1681790054
3.2011561394,0.2984022200,0.1992874295,-0.8267496228,-0.2624210417,0.5802677274,0.3081901670
3.2113108635,0.2469241470,0.2070190459,-0.4834349453,-0.3078891933,0.2022773474,0.0064620171
3.2215700150,0.0976760462,0.1025782377,-0.3064115345,-0.2106108963,0.0632253140,-0.2941203117
3.2314419746,0.0067615332,0.0122075845,-0.1266466230,-0.1626431048,-0.0431296229,-0.3961183429
3.2414250374,0.0054231593,-0.0332763009,-0.0076733646,-0.1131531373,-0.0770347938,-0.2920921147
3.2515311241,0.0064217420,-0.0699728578,0.0675631911,-0.1383700818,-0.1081192121,-0.1434493810
3.2617089748,0.0098338211,-0.0913415402,0.1279482394,-0.1686448902,-0.1703995019,-0.0532205552
3.2716588974,0.0066176699,-0.0701040477,0.1404823810,-0.1488181949,-0.2293640077,-0.0097212801
3.2816939354,-0.0044454662,-0.0274669956,0.1228278428,-0.1434672028,-0.2291379124,0.0178847816
3.2918260098,-0.0194899905,0.0026201776,0.1043161899,-0.1178550497,-0.2289003581,0.0200019944
3.3019039631,-0.0337436274,0.0281288791,0.0753806382,-0.0628107563,-0.1838254184,0.0242573246
3.3119809628,-0.0434865840,0.0443070121,0.0361728258,-0.0015202397,-0.1227522194,0.0327666588
3.3219640255,-0.0420910008,0.0405410714,0.0169091411,0.0470667370,-0.0712851584,0.0497694761
3.3320450783,-0.0312618986,0.0166322161,0.0105976649,0.0594696105,-0.0320269726,0.0327971503
3.3421070576,-0.0185263734,-0.0132059287,0.0061351839,0.0133224092,-0.0082183108,0.0030901222
3.3522429466,-0.0086928746,-0.0357692651,-0.0007857498,-0.0753829554,0.0036639147,-0.0085612070
3.3623239994,-0.0008210717,-0.0386928134,-0.0104687624,-0.1884943545,0.0027383997,0.0010230432
3.3723700047,0.0000953535,-0.0306613278,-0.0121829920,-0.2855524719,-0.0022499673,0.0169721805
3.3823790550,-0.0009019142,-0.0145318937,-0.0175024681,-0.3219401538,0.0080711804,0.0212334394
3.3925108910,-0.0068301810,0.0064366627,-0.0180305652,-0.3166418076,0.0112315537,0.0106156832
3.4025020599,-0.0117445728,0.0306068230,-0.0085893087,-0.2634277344,0.0253781993,-0.0063778814
3.4126491547,-0.0137266917,0.0435761400,-0.0093093328,-0.1898922473,0.0355634578,-0.0074532656
3.4226350784,-0.0099821789,0.0414397903,-0.0075871763,-0.1696428359,0.0390281603,0.0084695742
3.4327368736,-0.0073721325,0.0267507005,-0.0154824667,-0.1962906867,0.0367908403,0.0265258066
3.4427299500,-0.0039963601,0.0059425998,-0.0188278370,-0.2667110860,0.0363214612,0.0488408320
3.4528350830,-0.0056742979,-0.0203553867,-0.0160506777,-0.3777728975,0.0439024158,0.0584290102
3.4629840851,-0.0084199002,-0.0484833531,-0.0141930394,-0.5048592687,0.0523359142,0.0574030988
3.4729800224,-0.0121562062,-0.0668347925,-0.0075631556,-0.6375097632,0.0829201862,0.0436486676
3.4830470085,-0.0110963238,-0.0715446323,0.0018812005,-0.7626736760,0.1125492528,0.0362636559
3.4931139946,-0.0091876043,-0.0701812953,0.0104365535,-0.8611163497,0.1382098794,0.0352396704
3.5032420158,-0.0035267016,-0.0654383749,0.0192673989,-0.9370650649,0.1555429846,0.0288974177
3.5132389069,0.0020658271,-0.0522073321,0.0257213898,-0.9829798341,0.1583736539,0.0363430828
3.5233221054,0.0145902755,-0.0332643203,0.0299652405,-1.0158680677,0.1378295124,0.0214751884
3.5334160328,0.0225570891,-0.0117242169,0.0191076584,-1.0261676311,0.0993878469,-0.0019009744
3.5434420109,0.0280392487,0.0118220616,0.0033479515,-1.0097441673,0.0569557622,-0.0221003201
3.5535500050,0.0261677708,0.0258212257,-0.0133217387,-1.0040400028,0.0186123718,-0.0518512875
3.5636820793,0.0168691557,0.0292018224,-0.0300414972,-1.0018182993,0.0078143850,-0.0837123543
3.5737099648,0.0079202550,0.0228793789,-0.0410237126,-1.0241241455,-0.0054249880,-0.1314942539
3.5837378502,0.0052996697,0.0281827021,-0.0366716795,-1.0517539978,-0.0197723024,-0.1792750210
3.5938100815,0.0079632970,0.0257474948,-0.0372720174,-1.0847582817,-0.0298595577,-0.2174964398
3.6038429737,0.0118784616,0.0173404980,-0.0411014967,-1.0974359512,-0.0438958816,-0.2376745492
3.6139788628,0.0179557223,0.0060741473,-0.0363244824,-1.1196459532,-0.0642853081,-0.2429880798
3.6239738464,0.0174057838,-0.0091942381,-0.0309695415,-1.1602113247,-0.0648406446,-0.2737699151
3.6341190338,0.0151955122,-0.0275000762,-0.0298897438,-1.1941239834,-0.0896666273,-0.2928860784
3.6441140175,0.0151868099,-0.0323466472,-0.0283238702,-1.2537549734,-0.1029207855,-0.2928774357
3.6542119980,0.0113715278,-0.0365946703,-0.0383440666,-1.3508173227,-0.1079645455,-0.2854227126
3.6642551422,0.0114152776,-0.0344070010,-0.0405766182,-1.4541672468,-0.1247559041,-0.2811577916
3.6743478775,0.0096406015,-0.0326872282,-0.0546481423,-1.5950388908,-0.1249252856,-0.2811220884
3.6843800545,0.0088510970,-0.0199789833,-0.0965796560,-1.7682831287,-0.0904581845,-0.2959260046
3.6944639683,0.0081113363,-0.0108316373,-0.1499713510,-1.9497408867,-0.0878403038,-0.3022494316
3.7045159340,0.0109537961,0.0009067228,-0.1660431474,-2.0954763889,-0.0262606293,-0.2639557719
3.7145910263,0.0111329881,0.0192699004,-0.1631714553,-2.2308816910,0.2947722673,0.0069977120
3.7246479988,0.0633570179,0.0979235917,-0.1585837454,-2.2897493839,0.4316777289,0.2523557246
3.7347240448,0.0437004901,0.1099554449,-0.0557697229,-2.4769535065,0.4696930051,0.1494277567
3.7448520660,0.0419602506,0.1563482434,-0.0169502310,-2.7698080540,0.6212227941,0.1846166998
3.7548499107,0.0596801303,0.1644143611,0.0042478028,-3.0465033054,0.6567746997,0.3121206164
3.7648479939,0.0636895448,0.1900243908,-0.0429495983,-3.1249279976,0.7152171135,0.4300302863
3.7749838829,0.0624927543,0.2720985115,-0.0981765836,-2.9840171337,0.7218963504,0.6147508621
3.7851049900,0.0482831113,0.3608618677,-0.1395113915,-2.6028244495,0.7197841406,0.9193893671
3.7951269150,0.0360827185,0.4587352574,-0.1248740405,-2.0582435131,0.6013520360,1.2292371988
3.8051848412,0.0066460939,0.5085319281,-0.0565752201,-1.3631081581,0.6963120699,1.6803741455
3.8152520657,-0.0136093898,0.5325490832,-0.0286889486,-0.5594156384,0.8172935843,2.0709726810
3.8253879547,-0.0396936201,0.5343421698,0.0040187421,-0.2076409459,0.7597995996,2.2205667496
3.8354101181,-0.0644188002,0.4760120213,0.1089164168,-0.1030820459,0.5434880853,2.1036343575
3.8454518318,-0.1039753482,0.3505881131,0.1108584553,-0.2777612507,0.2932919860,2.0462167263
3.8555278778,-0.1131834760,0.3582499921,0.1531385928,-0.7395432591,0.3714541793,2.1217608452
3.8656649590,-0.1153418347,0.3790949285,0.1159450561,-1.1417739391,0.3665738106,2.2375955582
3.8756608963,-0.1062910780,0.3954782188,0.0775871426,-1.4122403860,0.3202241659,2.4892876148
3.8857309818,-0.0991902277,0.4704251587,0.0535250492,-1.5805482864,0.3094416857,2.8513982296
3.8957901001,-0.1246095225,0.5064443350,0.0683840066,-1.6681106091,0.2258304060,3.1646091938
3.9075000286,-0.1853754818,0.4820125401,0.0688409954,-1.8079425097,0.1336079240,3.3663411140
3.9157419205,-0.2354408801,0.4242707789,0.0605997629,-1.9735218287,0.0501987934,3.4895100594
3.9259190559,-0.2442614734,0.3801700175,0.1164619476,-2.1616647243,-0.0186073035,3.6041975021
3.9360580444,-0.2310878336,0.3428591788,0.1715499908,-2.2800650597,-0.1250661016,3.7092926502
3.9460270405,-0.2093646228,0.2823235095,0.2195103914,-2.2314562798,-0.2854219973,3.7867105007
3.9560229778,-0.1796261370,0.2062061578,0.2368242294,-2.0371248722,-0.5052100420,3.8300850391
3.9661099911,-0.1541301906,0.1638302356,0.2306944281,-1.7693781853,-0.8117211461,3.8192474842
3.9761791229,-0.1386296451,0.1481890231,0.2253714353,-1.4608078003,-1.1442631483,3.8296210766
3.9862308502,-0.1420828998,0.1360254437,0.2599272430,-1.2026143074,-1.4561268091,3.8240904808
3.9962978363,-0.1825270355,0.1112074405,0.2977840006,-0.9632366300,-1.7049597502,3.7463941574
4.0063710213,-0.2329129279,0.0547065921,0.3111988008,-0.7694879174,-1.8759113550,3.6315841675
4.0164299011,-0.2793498337,-0.0172528457,0.2854213417,-0.7023304105,-1.9811413288,3.5136549473
4.0265617371,-0.3150540292,-0.1067148894,0.2207921296,-0.7992464304,-2.0070927143,3.4064254761
4.0365691185,-0.3322235048,-0.2041352242,0.1305422932,-0.9755703211,-1.9914588928,3.2737531662
4.0466380119,-0.3368020952,-0.2980006039,0.0949667245,-1.2254300117,-1.9884166718,3.0986213684
4.0566930771,-0.3276191652,-0.3411563337,0.1254748851,-1.4827188253,-1.9921033382,2.8778307438
4.0668849945,-0.3073380888,-0.3352053463,0.1388783008,-1.6113774776,-2.0519795418,2.6548557281
4.0768289566,-0.2840271890,-0.2975152433,0.1260583550,-1.5325918198,-2.1489446163,2.4870231152
4.0868339539,-0.2649976909,-0.2275988311,0.0970558673,-1.2882763147,-2.2536683083,2.3722352982
4.0969510078,-0.2669872940,-0.1456521600,0.0640924126,-0.9824777842,-2.3175740242,2.2510807514
4.1071710587,-0.2842672169,-0.0827314109,0.0187109895,-0.6566905975,-2.2453105450,2.1565327644
4.1171951294,-0.2955476344,-0.0959291905,-0.0406675152,-0.3385283649,-2.1559851170,2.0853559971
4.1271810532,-0.2833176553,-0.1510926336,-0.0891021937,-0.1505195200,-2.0721383095,1.9993447065
4.1372170448,-0.2622082531,-0.2136810869,-0.1230845898,-0.1104503945,-1.9251816273,1.8634977341
4.1473679543,-0.2497341335,-0.2764995992,-0.1320007890,-0.1940832138,-1.7901788950,1.6873273849
4.1573638916,-0.2498609722,-0.3000836372,-0.1409408301,-0.4496060610,-1.6457694769,1.5568630695
4.1674418449,-0.2504883111,-0.2762190998,-0.1206109375,-0.6951422691,-1.4298486710,1.4773995876
4.1774997711,-0.2368610203,-0.2624837458,-0.1357131451,-0.8715165257,-1.3027865887,1.3469065428
4.1875839233,-0.2029816210,-0.2531964481,-0.1541764587,-0.9698149562,-1.1931856871,1.2004587650
4.1978640556,-0.1705624759,-0.2256863862,-0.1523172706,-0.9846485257,-1.1038416624,1.0900801420
4.2077388763,-0.1475060880,-0.1756524295,-0.1216977090,-0.9424641132,-1.0595777035,0.9870964289
4.2184000015,-0.1219976768,-0.1400015205,-0.0870066136,-0.8613772392,-1.0626616478,0.8936359882
4.2280211449,-0.1048335060,-0.1194616407,-0.0459132604,-0.7132138014,-1.0491605997,0.8129086494
4.2381067276,-0.0998541936,-0.0809953660,-0.0471561365,-0.5490980744,-1.0302212238,0.7311179042
4.2481050491,-0.1023449525,-0.0497164540,-0.0637386888,-0.4152429402,-0.9721269011,0.6737761497
4.2582778931,-0.1036832556,-0.0477656238,-0.0820974559,-0.3080163300,-0.9184053540,0.6323655844
4.2680859566,-0.0923465118,-0.0584946983,-0.0667054504,-0.3067682981,-0.8315150142,0.6122335196
4.2781858444,-0.0819424018,-0.0696720332,-0.0755420178,-0.3843802810,-0.7571457028,0.5676948428
4.2882652283,-0.0782720670,-0.0777934343,-0.0913860053,-0.5421105027,-0.6761306524,0.5104372501
4.2983088493,-0.0795201287,-0.0789844245,-0.1038895696,-0.7085977793,-0.5716966987,0.4765541553
4.3083920479,-0.0759601817,-0.0749971420,-0.1147144288,-0.7999382019,-0.5112222433,0.4351988435
4.3185229301,-0.0577548407,-0.0480600111,-0.0959730595,-0.8205977082,-0.4744096398,0.4129247069
4.3285059929,-0.0316763781,-0.0027278492,-0.0860638469,-0.7416074276,-0.4769778550,0.4012223780
4.3386201859,-0.0181864146,0.0349736102,-0.0637606829,-0.5685056448,-0.5001063347,0.3650657237
4.3487129211,-0.0172416810,0.0533048697,-0.0535061173,-0.4139723182,-0.4809598923,0.3278728724
4.3586230278,-0.0287894253,0.0424369164,-0.0699459761,-0.2601646483,-0.4957750440,0.2906634510
4.3688011169,-0.0246740226,0.0192990769,-0.0437461548,-0.1480158865,-0.5043184757,0.2948786914
4.3789238930,-0.0186450128,0.0208394397,-0.0084823780,-0.0961303115,-0.4635297656,0.2970094979
4.3889341354,-0.0193119887,0.0212544370,-0.0317784362,-0.0482804738,-0.4473478198,0.2736460567
4.3990249634,-0.0189387444,0.0148460139,-0.0509825163,0.0082208840,-0.4415903091,0.2672637999
4.4089851379,-0.0353680514,0.0335454531,-0.0408425145,-0.0773921236,-0.3141868114,0.2301853895
4.4191007614,-0.0908029303,-0.0317916088,-0.1160803288,-0.1760055125,-0.1714656204,0.1187928244
4.4292497635,-0.1189899668,-0.1244575828,-0.1832105964,-0.3067316711,-0.0147684887,0.0785573125
4.4392900467,-0.1163166389,-0.1056105942,-0.1906838864,-0.4124090970,0.0935806185,0.0754528642
4.4493780136,-0.1099567637,-0.0879528373,-0.1874010414,-0.3630959094,0.1742752045,0.0170806386
4.4594631195,-0.0928315148,-0.0813326687,-0.1629432887,-0.2300723493,0.2066472620,-0.0784988850
4.4695672989,-0.0597616099,-0.0759238154,-0.0978221148,-0.0953758135,0.1797158271,-0.1581809968
4.4795742035,-0.0304636601,-0.0753827840,0.0058920565,-0.0282287374,0.1864336580,-0.1942958534
4.4896411896,-0.0195269827,-0.0625615567,0.0657082945,-0.0153590897,0.1790297329,-0.2081074715
4.4996681213,0.0052536475,-0.0436513536,0.1106541306,-0.0104673961,0.1187975556,-0.1762848198
4.5100331306,0.0309023019,0.0124569107,0.1418051273,-0.0292594582,0.0808345973,-0.1147140115
4.5199451447,0.0409086682,0.0697743446,0.1253607422,-0.0609084666,0.0469144471,-0.0669419616
4.5298547745,0.0509297587,0.0816657692,0.0849563628,-0.0774176940,-0.0070832046,-0.0266159084
4.5400009155,0.0521345474,0.0608163662,0.0470179506,-0.0822361484,-0.0567823201,0.0062762615
4.5500578880,0.0356333591,0.0363528319,0.0257198997,-0.0962180123,-0.0451285914,0.0222126171
4.5602102280,0.0092796432,0.0186535884,-0.0017600474,-0.1072450951,-0.0102640847,0.0137384394
4.5702881813,-0.0044266833,-0.0089495312,-0.0227855854,-0.1322682202,0.0360600054,-0.0085295821
4.5804018974,-0.0044505848,-0.0270962846,-0.0432758145,-0.1826890409,0.0609544367,-0.0286785271
4.5904188156,-0.0005557192,-0.0445576422,-0.0504391007,-0.2435567975,0.0634956881,-0.0456509180
4.6005468369,0.0042472826,-0.0449592881,-0.0370020680,-0.3185466230,0.0914487615,-0.0519887097
4.6105709076,0.0110016214,-0.0397907011,-0.0288614444,-0.3836202025,0.0887724161,-0.0498503223
4.6205701828,0.0246191379,-0.0209769439,-0.0050745425,-0.4184769690,0.0535417236,-0.0360556804
4.6307229996,0.0362563469,0.0117835272,0.0258981772,-0.4191867709,0.0198091958,-0.0010333832
4.6408042908,0.0390758850,0.0391299315,0.0525638051,-0.3484867811,-0.0048596654,0.0265431162
4.6507458687,0.0390014984,0.0494878478,0.0566929169,-0.2306686342,-0.0461919233,0.0392346792
4.6609611511,0.0341598727,0.0475636311,0.0490338989,-0.1332206428,-0.0793165937,0.0360079929
4.6710510254,0.0185368415,0.0284090806,0.0427747555,-0.0884064808,-0.0778162330,0.0434305519
4.6811308861,0.0067747580,-0.0023060867,0.0335564204,-0.1003558189,-0.0566709973,0.0476913452
4.6910738945,-0.0030588759,-0.0292888712,0.0122592039,-0.1507629901,-0.0327461585,0.0413439013
4.7010059357,-0.0119470013,-0.0400520377,-0.0105770640,-0.1925477237,-0.0172846429,0.0275588464
4.7111220360,-0.0228013042,-0.0414255075,-0.0203523450,-0.2025423050,0.0207375735,0.0137769887
4.7211251259,-0.0297629479,-0.0313854627,-0.0256839208,-0.1686716825,0.0474155247,-0.0085160667
4.7311840057,-0.0279216412,-0.0184777509,-0.0163637213,-0.1121857688,0.0541716963,-0.0244540218
4.7415647507,-0.0172706489,-0.0006215403,0.0047973576,-0.0718377307,0.0746566653,-0.0287006311
4.7515249252,-0.0046946062,0.0085985828,0.0191976614,-0.0878017843,0.0703011975,-0.0244522225
4.7616171837,0.0156811234,0.0091517437,0.0336951800,-0.1516196430,0.0496798083,-0.0095811319
4.7716231346,0.0350542404,0.0020304194,0.0443554111,-0.2612004280,0.0170625448,0.0169755779
4.7816948891,0.0407500602,-0.0031632015,0.0510386415,-0.3804631829,-0.0082460083,0.0382292010
4.7918119431,0.0357120968,-0.0036578903,0.0458444543,-0.4656448662,-0.0269460585,0.0509834774
4.8018288612,0.0326156355,0.0055234004,0.0443692394,-0.4966038465,-0.0249766521,0.0690429136
4.8118891716,0.0236590859,0.0195260216,0.0223587342,-0.4485520124,-0.0277470052,0.0679673925
4.8219590187,0.0099016177,0.0228544641,-0.0091448240,-0.3300234973,-0.0353042558,0.0520065315
4.8320660591,-0.0018636836,0.0156564284,-0.0226145796,-0.1838508248,-0.0331464969,0.0243639182
4.8421220779,-0.0136016263,0.0086181033,-0.0278744511,-0.0505928993,-0.0205180552,-0.0075175809
4.8521389961,-0.0213679913,-0.0100478362,-0.0298915319,0.0570169464,-0.0049783094,-0.0468241721
4.8621740341,-0.0251422767,-0.0239627194,-0.0278808288,0.1048411950,0.0132773938,-0.0776193738
4.8724169731,-0.0210839156,-0.0311649870,-0.0132710151,0.1013894156,0.0375477113,-0.0935324207
4.8823900223,-0.0120769395,-0.0376075916,-0.0047041592,0.0693185627,0.0425246283,-0.1009543911
4.8923988342,-0.0049436344,-0.0296567511,0.0028353515,0.0288627520,0.0326359123,-0.0988261178
4.9025921822,0.0061025368,-0.0061431956,0.0172295161,-0.0073365308,0.0250027589,-0.0818319544
4.9125809669,0.0102905380,0.0155069102,0.0199870653,0.0012503257,0.0209445674,-0.0648478493
4.9226961136,0.0105779516,0.0354204066,0.0123018213,0.0644516647,-0.0017644730,-0.0521336533
4.9326930046,0.0039368020,0.0528990217,0.0080595203,0.1977923065,0.0058970419,-0.0319883041
4.9427661896,-0.0038168682,0.0748618394,0.0032634321,0.3661509752,0.0329377130,-0.0160905626
4.9528951645,-0.0028772010,0.0798098594,-0.0118112974,0.5260300636,0.0534618311,-0.0118739139
4.9629230499,0.0028699385,0.0569685288,-0.0284049325,0.6421846747,0.0703582540,-0.0172039643
4.9729928970,0.0057254778,0.0069297720,-0.0487255268,0.6624388099,0.0714863092,-0.0341980606
4.9830732346,0.0007737624,-0.0356044583,-0.0498857908,0.5939838886,0.0856191739,-0.0532860011
4.9931879044,-0.0100634946,-0.0640472621,-0.0410960726,0.4653919041,0.1363100410,-0.0808350742
5.0031900406,-0.0285591129,-0.0797052234,-0.0507175140,0.3701149225,0.1627341956,-0.1317640394
5.0132360458,-0.0351968668,-0.1095924824,-0.0539812855,0.3121508956,0.1937975734,-0.1720818877
5.0235819817,-0.0485679768,-0.0778502673,-0.0491315536,0.2647492886,0.2355436832,-0.2155827582
5.0334053040,-0.0550564192,-0.0357490890,-0.0369305424,0.2812567949,0.2906560898,-0.2474122047
5.0434722900,-0.0605555438,-0.0160861444,-0.0432860665,0.3875057399,0.3359356821,-0.2803323269
5.0532889366,-0.0630771741,0.0144940484,-0.0570512228,0.5686069131,0.3658625484,-0.3270823956
5.0636410713,-0.0626732931,0.0551642664,-0.0585436039,0.8327120543,0.4198932648,-0.3685326278
5.0738911629,-0.0651627406,0.0913581997,-0.0837333649,1.1723666191,0.4957858622,-0.4131772816
5.0837640762,-0.0597823523,0.1209516972,-0.1230555028,1.5374702215,0.5889605284,-0.4450774193
5.0937180519,-0.0398392342,0.1269139796,-0.1703913063,1.8547950983,0.6584919095,-0.4589271843
5.1037492752,-0.0161445383,0.0946746618,-0.2102843374,2.0272054672,0.7067414522,-0.4504524767
5.1137838364,0.0032117115,0.0182561446,-0.2144182771,1.9740198851,0.7978014350,-0.4089836478
5.1237568855,0.0172038432,-0.1008716673,-0.1975596398,1.7329950333,0.8892871737,-0.3759609759
5.1340508461,0.0250335690,-0.2100198418,-0.1642953604,1.3256680965,0.9598798752,-0.3949331641
5.1440939903,0.0182401296,-0.2770368755,-0.1335846633,0.8511151075,1.0263854265,-0.4627345800
5.1542220116,-0.0049416078,-0.2827691734,-0.1093119830,0.4608198404,1.0966515541,-0.5549773574
5.1643199921,-0.0424524210,-0.2289713174,-0.0911295861,0.2187251747,1.1808964014,-0.6546828747
5.1743569374,-0.0785340890,-0.1589942425,-0.0916594118,0.2010098696,1.2383750677,-0.7661383748
5.1844778061,-0.0994065627,-0.1073455662,-0.0774585456,0.3588207960,1.2453382015,-0.8861582875
5.1945152283,-0.1088137850,-0.0767421871,-0.0611674599,0.6140898466,1.2181514502,-1.0040974617
5.2045240402,-0.1194268093,-0.0582483821,-0.0412978344,0.9207797647,1.1723613739,-1.1146253347
5.2145638466,-0.1352251470,-0.0488847904,-0.0088799410,1.2145488262,1.1381226778,-1.2262049913
5.2246551514,-0.1493729055,-0.0273453426,0.0297923274,1.4513107538,1.1479598284,-1.3366873264
5.2350111008,-0.1520878971,-0.0102360379,0.0550596304,1.6721485853,1.1503196955,-1.4333654642
5.2448000908,-0.1405505836,-0.0080841612,0.0668898374,1.8714715242,1.1706622839,-1.5098555088
5.2548480034,-0.1108286604,-0.0179408919,0.0593046136,2.0166988373,1.1576391459,-1.5863492489
5.2649378777,-0.0677942857,-0.0563281290,0.0364375301,2.0750019550,1.0877908468,-1.6363034248
5.2750849724,-0.0401068591,-0.0811320394,0.0385835357,1.9422477484,1.0241515636,-1.6171895266
5.2850508690,-0.0329866074,-0.0912380666,0.0625105649,1.6235449314,0.9877724051,-1.5619131327
5.2951250076,-0.0375774764,-0.1171175092,0.0734363943,1.2652831078,0.9572336078,-1.5342297554
5.3051757812,-0.0360905193,-0.1385914534,0.0793599039,0.9416009188,0.8822586536,-1.5331232548
5.3153281212,-0.0392357372,-0.1332509965,0.1017582566,0.6357771158,0.8361587524,-1.5213890076
5.3253531456,-0.0498920940,-0.0875116438,0.1103933007,0.4365665019,0.7992848754,-1.5394073725
5.3354082108,-0.0590846203,-0.0421699099,0.1130196601,0.4527375698,0.7799949646,-1.5903881788
5.3454828262,-0.0560636185,0.0186451841,0.1367691308,0.6210599542,0.8065648079,-1.6466931105
5.3555350304,-0.0505550765,0.0882108361,0.1422491223,0.9142627120,0.8321726322,-1.6924121380
5.3656759262,-0.0414926670,0.1123165041,0.0810759217,1.3754247427,0.8179199100,-1.7296993732
5.3757982254,-0.0329744481,0.1205843836,0.0047295275,1.8686077595,0.8040438890,-1.7521294355
5.3857550621,-0.0379464291,0.1221206933,-0.0449688248,2.3181090355,0.7835026383,-1.7618100643
5.3958001137,-0.0458296798,0.1083622128,-0.0525893979,2.6697039604,0.7367843390,-1.7491801977
5.4059371948,-0.0517846011,0.0792976767,-0.0226622038,2.8432312012,0.6748072505,-1.7227102518
5.4159331322,-0.0490625761,0.0298239160,0.0357517786,2.7916734219,0.6034704447,-1.6908782721
5.4260721207,-0.0355925821,-0.0405381136,0.0999583751,2.5799236298,0.5423585773,-1.6664335728
5.4360532761,-0.0210365895,-0.1031415313,0.1456394941,2.2798817158,0.4517435730,-1.6547235250
5.4461531639,-0.0120260371,-0.1388469785,0.1774753481,1.9735397100,0.3503926992,-1.6536345482
5.4562072754,-0.0114510907,-0.1293045729,0.2001400739,1.6734422445,0.2638128698,-1.6737753153
5.4662542343,-0.0267951135,-0.1088149399,0.2033498436,1.5257920027,0.1898012310,-1.7608422041
5.4780001640,-0.0459146164,-0.0956209153,0.2021827251,1.6342862844,0.1113228649,-1.9000061750
5.4866819382,-0.0517742299,-0.0561331920,0.1976457983,1.9940532446,-0.0149306748,-2.0541214943
5.4964323044,-0.0473345779,0.0009064248,0.1876061112,2.5692033768,-0.1199881136,-2.1753656864
5.5065498352,-0.0543483160,0.0358156152,0.1995405108,3.2809605598,-0.2248862982,-2.2923967838
5.5166740417,-0.0640303716,0.0318609662,0.2087257653,4.0141434669,-0.3357789814,-2.3807656765
5.5266628265,-0.0621202849,-0.0043641757,0.2203588039,4.5349874496,-0.4458003044,-2.3767056465
5.5367388725,-0.0462327264,-0.0653373450,0.2299200445,4.6598725319,-0.5515894890,-2.3321948051
5.5468268394,-0.0260961894,-0.1571686119,0.2397026569,4.5172238350,-0.6928102374,-2.3184258938
5.5568461418,-0.0082399501,-0.2255915850,0.2588450015,4.1532359123,-0.8962042332,-2.2674689293
5.5669150352,0.0004251944,-0.2270662040,0.2653484046,3.5672976971,-1.0989999771,-2.1527471542
5.5771298409,-0.0147978319,-0.1949311346,0.2221170217,2.9669420719,-1.2502397299,-2.0857763290
5.5871129036,-0.0498344563,-0.1808261126,0.1872396618,2.5368804932,-1.3601957560,-2.0995254517
5.5971021652,-0.0693580434,-0.1287682503,0.1685310155,2.2816247940,-1.4484567642,-2.1122467518
5.6072120667,-0.0683582053,-0.0486082844,0.1331954151,2.2195887566,-1.5425411463,-2.1377611160
5.6172490120,-0.0597291850,0.0365095325,0.1270230561,2.2864546776,-1.6120110750,-2.1409976482
5.6273517609,-0.0515068434,0.1067331582,0.1396632940,2.3682887554,-1.6833471060,-2.1251270771
5.6374397278,-0.0565585457,0.1269912869,0.1290238649,2.3999550343,-1.7504465580,-2.0434112549
5.6474690437,-0.0637510940,0.1047006994,0.0973645002,2.2959260941,-1.7969917059,-1.8820145130
5.6575670242,-0.0658651218,0.0960418731,0.0842307359,1.9664220810,-1.8123419285,-1.6791353226
5.6676158905,-0.0671422705,0.1023387462,0.0708753616,1.5169963837,-1.7896180153,-1.4974422455
5.6777620316,-0.0889416263,0.0993932635,0.0327024050,1.0897351503,-1.7447582483,-1.3677701950
5.6877651215,-0.1138945445,0.1109181792,0.0062125507,0.7834035158,-1.6290087700,-1.2688872814
5.6977138519,-0.1244553700,0.1630476266,-0.0222567730,0.6512250900,-1.5353369713,-1.2093473673
5.7079348564,-0.1142136827,0.2125257999,-0.0171940736,0.7328346968,-1.4795162678,-1.2199583054
5.7179331779,-0.0873183236,0.2304135710,0.0021711173,0.9250850677,-1.4960839748,-1.2518686056
5.7280197144,-0.0498462878,0.2031251937,0.0178352185,0.5088364482,-1.3777307272,-1.0945575237
5.7380518913,-0.0200353656,0.1039639264,-0.0120419674,1.0342428684,-1.2051873207,-1.2114036083
5.7481560707,0.0449379869,0.1499738246,-0.0715902895,1.7953257561,-1.9538695812,-1.0229705572
5.7582387924,0.0920519009,0.2930882871,-0.0953507274,1.6937006712,-2.0208821297,-0.7490341663
5.7685012817,0.0063233720,0.1977961808,-0.0882126540,1.0106096268,-1.6934707165,-0.7189668417
5.7783041000,-0.1056585312,0.0020079187,-0.1239445060,1.0381792784,-0.9421448708,-0.9075981379
5.7884221077,-0.1358675063,-0.0798824877,-0.0780637711,1.8797341585,-0.2676181197,-1.1092166901
5.7984709740,-0.1157054082,0.3116852939,-0.7232245803,2.7041630745,-0.3933951557,-0.5106348395
5.8086228371,-0.0556201600,0.6240423918,-1.1062225103,2.5683457851,-0.2479103953,-0.3109094799
5.8186049461,-0.1470565498,0.3494369090,-1.2694907188,0.3729668856,0.2061495781,0.0137247238
5.8286118507,-0.1142115295,0.1143056303,-0.9328970909,-0.1956547499,0.2973250151,0.1126619577
5.8387398720,-0.0188392270,-0.0125614833,-0.5865250826,-0.2178198993,0.2775456607,0.2007862777
5.8488068581,0.0693448111,-0.0068588387,-0.2057588547,-0.2923015952,0.2413346469,-0.0455502532
5.8588790894,0.1059539169,-0.0212617945,-0.0349476151,0.0240986235,0.1766221076,-0.3047419786
5.8690052032,0.1429157704,-0.0264757704,0.0808721930,0.2526058257,-0.0509039871,-0.3548181951
5.8790249825,0.1426280439,-0.0024061033,0.1679855138,0.3166157603,-0.2555399537,-0.2540660203
5.8890919685,0.0993294641,-0.0161172282,0.2133187801,0.2921999097,-0.3697704077,-0.1649257839
5.8991441727,0.0251934920,-0.0433499627,0.2153058797,0.1579876393,-0.3941487670,-0.1436675638
5.9092831612,-0.0421586968,-0.0590831451,0.1903910190,0.0627383515,-0.3649655879,-0.0969096422
5.9192881584,-0.0721954927,-0.0532327406,0.1456495672,-0.0264465753,-0.2981412113,0.0188824013
5.9297170639,-0.0815838575,-0.0386357717,0.0819516331,-0.1433186084,-0.2415999174,0.0592886768
5.9394598007,-0.0828223452,-0.0435443632,0.0371670313,-0.2785665095,-0.1654804349,0.0349397287
5.9498262405,-0.0553477816,-0.0641921312,0.0074551883,-0.4127224684,-0.0914251134,0.0180220008
5.9609398842,-0.0195501130,-0.0693344623,-0.0131330304,-0.5102144480,-0.0540844053,0.0170038734
5.9698700905,0.0062643318,-0.0492995195,-0.0241599493,-0.4123762846,-0.0216321871,-0.0191059280
5.9797677994,0.0064174207,-0.0108749401,-0.0329050235,-0.3595308363,0.0273629185,-0.0615667030
5.9904088974,0.0026072087,0.0417136140,-0.0083444528,-0.2837966681,0.0288087483,-0.1040571705
6.0000457764,0.0019435091,0.0738425404,-0.0143225603,-0.1332036555,0.0173838548,-0.1051627174
6.0106420517,0.0043800743,0.1053047031,-0.0156890564,-0.0004962012,-0.0184569675,-0.0839783326
6.0199947357,0.0089720702,0.1145708114,-0.0154001527,0.1183753237,-0.0575396530,-0.0532358661
6.0300631523,0.0079324739,0.0936776251,-0.0106059127,0.1826778948,-0.0833946839,-0.0362763256
6.0401172638,0.0049837502,0.0498330481,0.0060818973,0.1849363744,-0.0961423740,-0.0415925942
6.0501737595,0.0040332237,0.0047242809,0.0177548714,0.1283844113,-0.0977597162,-0.0511352308
6.0601959229,0.0040017730,-0.0332979970,0.0270854421,0.0407121144,-0.0815204903,-0.0468574651
6.0703001022,0.0057342341,-0.0549835078,0.0211429782,-0.0790523663,-0.0569757298,-0.0277024116
6.0803899765,0.0062919026,-0.0575943403,-0.0030837473,-0.2243436277,-0.0411494970,-0.0096071642
6.0904231071,-0.0002034111,-0.0381616466,-0.0251829438,-0.3460831046,-0.0325453579,0.0084786294
6.1005420685,-0.0078809308,-0.0147815477,-0.0420205407,-0.4443575442,-0.0226676241,0.0276203007
6.1107058525,-0.0117939496,0.0040784944,-0.0494693927,-0.5190384984,-0.0242841635,0.0425036438
6.1206579208,-0.0118789179,0.0079935361,-0.0396370105,-0.5777375698,-0.0237015299,0.0478281640
6.1307330132,-0.0041619716,-0.0001234243,-0.0241494589,-0.6354168653,-0.0189136993,0.0457216054
6.1407747269,0.0034852466,-0.0161771011,-0.0097843818,-0.6493694782,-0.0116628436,0.0372339785
6.1508731842,0.0082773427,-0.0195700359,0.0045308652,-0.6567062736,-0.0255903788,0.0266108941
6.1609201431,0.0054364325,-0.0111107659,0.0247029252,-0.6309391856,-0.0413941741,0.0096093407
6.1720819473,0.0038763834,0.0024449399,0.0303986855,-0.5923808813,-0.0560096018,-0.0052729361
6.1810092926,0.0074405791,0.0065145064,0.0274819918,-0.5687675476,-0.0707750320,-0.0233381558
6.1910800934,0.0153131196,0.0036435297,0.0089306422,-0.6142796278,-0.1094896719,-0.0413965173
6.2012672424,0.0167553592,-0.0037906596,-0.0266415887,-0.7047011256,-0.1389705837,-0.0477590784
6.2110862732,0.0114582023,-0.0159180593,-0.0608500652,-0.8081524372,-0.1462892294,-0.0551690571
6.2211580276,-0.0046332553,-0.0328808241,-0.0841281265,-0.9576403499,-0.1391898543,-0.0678685382
6.2312388420,-0.0160218813,-0.0385458879,-0.0986969918,-1.1395572424,-0.0909626558,-0.0762926489
6.2414689064,-0.0178430006,-0.0408479385,-0.1066341847,-1.3234747648,-0.0589585900,-0.1293213069
6.2523860931,-0.0175136197,-0.0455066971,-0.1050700992,-1.4946862459,-0.0185914561,-0.2184487879
6.2615127563,-0.0112900138,-0.0552865677,-0.0997845381,-1.6374207735,0.0560487583,-0.2969484627
6.2714591026,0.0084992191,-0.0542716198,-0.0799168795,-1.7710676193,0.0803477019,-0.2969023883
6.2815198898,0.0289164800,-0.0414151363,-0.0727495998,-1.8653964996,0.1244005188,-0.2490748018
6.2916011810,0.0384710580,-0.0446133427,-0.0781174749,-1.9561713934,0.2455897927,-0.0929067805
6.3016548157,0.0659357086,-0.0346577577,-0.0746185631,-2.0658180714,0.2265433371,0.0621334687
6.3117122650,0.0717376098,-0.0575527363,-0.0422959141,-2.2516005039,0.1319039017,0.1173469201
6.3217730522,0.0539398491,-0.0608553104,-0.0163635425,-2.3746137619,0.1629586965,0.1630521715
6.3318452835,0.0315435417,-0.0237746667,0.0004603449,-2.4722518921,0.2188006490,0.2331835777
6.3418588638,0.0171394330,0.0210161377,0.0027324143,-2.5005164146,0.2729880512,0.2820605040
6.3521947861,0.0051386664,0.0604206510,-0.0245727710,-2.4655401707,0.3001738787,0.3362169564
6.3623099327,-0.0048614359,0.1210473925,-0.0510186367,-2.4031934738,0.3683149219,0.4509093761
6.3723888397,-0.0183324646,0.1623013169,-0.0665724725,-2.3197553158,0.4621618092,0.5741037130
6.3824062347,-0.0305225980,0.1871729046,-0.0768890828,-2.2153830528,0.5964220762,0.6835107207
6.3925352097,-0.0412501693,0.2161250263,-0.1003580540,-2.0948786736,0.7156991959,0.7514948249
6.4024562836,-0.0460685380,0.2404560596,-0.1124836653,-1.9814014435,0.7879586816,0.7780452967
6.4124212265,-0.0572347902,0.2240246087,-0.1192104071,-1.9026731253,0.8143271804,0.8109542131
6.4225249290,-0.0680594295,0.1596216112,-0.1035925597,-1.9625262022,0.8281585574,0.8969826102
6.4327988625,-0.0732220858,0.1057371646,-0.0690743774,-2.1933209896,0.8654907346,1.0733184814
6.4426031113,-0.0684337839,0.0880433470,-0.0306356363,-2.5244483948,0.9040691853,1.2496801615
6.4527292252,-0.0668791607,0.1055472046,-0.0023981747,-2.8498289585,0.9000459313,1.3941653967
6.4627447128,-0.0568330400,0.1801698357,0.0130823441,-3.0572652817,0.9480195642,1.5439561605
6.4730191231,-0.0618153326,0.2721473277,0.0007519904,-3.0443243980,0.9438927174,1.7074679136
6.4830207825,-0.0838027671,0.3940894306,-0.0483385734,-2.8868596554,0.8978059292,1.9144567251
6.4931659698,-0.1133707389,0.4951671064,-0.0483837537,-2.7090468407,0.8444841504,2.1235594749
6.5031661987,-0.1464589834,0.5372384787,-0.0035672006,-2.6297283173,0.8185574412,2.2721776962
6.5132641792,-0.1892231107,0.5168071389,0.0231706090,-2.5906119347,0.7560221553,2.3931815624
6.5233311653,-0.2095111012,0.4941371977,0.0208462067,-2.5871224403,0.7370700240,2.5736753941
6.5334458351,-0.1960533559,0.5151739120,0.0369183607,-2.5831801891,0.6735607982,2.7552103996
6.5434389114,-0.1631483138,0.5169630647,0.0780124217,-2.5229246616,0.5276600122,2.9186394215
6.5535349846,-0.1321681738,0.5014566183,0.1142656356,-2.4815204144,0.3466617465,3.0947971344
6.5635757446,-0.1119342074,0.4502632916,0.1621989161,-2.4659373760,0.1866375208,3.2677879333
6.5736851692,-0.1149614677,0.3788181245,0.1711442620,-2.4438385963,0.0138002392,3.4195332527
6.5837121010,-0.1283997297,0.2998519242,0.1675418168,-2.4135642052,-0.1240668073,3.5532431602
6.5938401222,-0.1323704720,0.2531666458,0.1419883519,-2.3340570927,-0.2776212096,3.6561408043
6.6038370132,-0.1266682446,0.2466149479,0.1321849376,-2.2031297684,-0.4521135986,3.7335309982
6.6138939857,-0.1216868386,0.2703349292,0.1408506185,-2.0160136223,-0.6974447966,3.7747712135
6.6239910126,-0.1248404607,0.2627938092,0.1381147057,-1.6741787195,-0.9416183233,3.7862422466
6.6340508461,-0.1398175657,0.2111733705,0.1355441362,-1.3037754297,-1.1623227596,3.7786052227
6.6441688538,-0.1653539836,0.1510900408,0.1112613231,-1.0083416700,-1.3572455645,3.7571978569
6.6542339325,-0.1946522892,0.0775220543,0.0930605680,-0.9386217594,-1.4988719225,3.7496769428
6.6640601158,-0.2228210270,-0.0262387823,0.0907203108,-1.0615344048,-1.5893332958,3.7103757858
6.6743259430,-0.2503624856,-0.1492426842,0.0883596689,-1.2775713205,-1.6567221880,3.5914754868
6.6845293045,-0.2542576492,-0.2630918324,0.0806741267,-1.5194224119,-1.7089450359,3.3918917179
6.6944479942,-0.2410152256,-0.3480152190,0.0629871637,-1.6927736998,-1.7831510305,3.1466231346
6.7045030594,-0.2155333459,-0.3867225349,0.0584978648,-1.7390005589,-1.8700685501,2.8970687389
6.7145829201,-0.1966049373,-0.3519705236,0.0660001785,-1.6762164831,-1.9707024097,2.6761484146
6.7247037888,-0.1884356439,-0.2892353833,0.0569362231,-1.4558750391,-2.0292856693,2.5093605518
6.7347097397,-0.1904471815,-0.2398046106,0.0523839183,-1.0845541954,-2.0301597118,2.3659231663
6.7447757721,-0.2065996826,-0.2007375211,0.0210387297,-0.7051170468,-1.9885066748,2.2246296406
6.7548408508,-0.2350734174,-0.1759756655,-0.0321618728,-0.4180949032,-1.8839728832,2.0865750313
6.7649707794,-0.2576631010,-0.1847424954,-0.0517052822,-0.3071986437,-1.7743812799,1.9836061001
6.7749838829,-0.2637350261,-0.2097248882,-0.0641280264,-0.3662776649,-1.6354552507,1.8881286383
6.7850499153,-0.2494514883,-0.2570923269,-0.0828265399,-0.5085701942,-1.5006139278,1.7661265135
6.7951798439,-0.2255572975,-0.2863689363,-0.0945506543,-0.6892129183,-1.3735891581,1.6356345415
6.8051767349,-0.2019917667,-0.2751825452,-0.1071730107,-0.8708872199,-1.2484945059,1.5359337330
6.8152770996,-0.1750189960,-0.2466336638,-0.1282390207,-0.9788192511,-1.1333324909,1.4415185452
6.8253097534,-0.1475089490,-0.2395760864,-0.1530595273,-0.9816249013,-1.0736905336,1.3162562847
6.8354558945,-0.1281984150,-0.2384363264,-0.1449549049,-0.9415416121,-1.0350347757,1.1697371006
6.8454360962,-0.1268606484,-0.2228492945,-0.1166152209,-0.8792912364,-0.9717312455,1.0306568146
6.8555908203,-0.1376696527,-0.2074262947,-0.0944236964,-0.8266735673,-0.9053013325,0.8958281875
6.8655691147,-0.1421087682,-0.1823468059,-0.0734231919,-0.7706383467,-0.8588509560,0.7843490243
6.8757152557,-0.1237122640,-0.1569359750,-0.0416863970,-0.6900425553,-0.8119430542,0.7100260258
6.8857240677,-0.1020612940,-0.1222684830,-0.0391470604,-0.5995637774,-0.7913457155,0.6558624506
6.8958587646,-0.0831896290,-0.0857547373,-0.0178180747,-0.4920873940,-0.7619649172,0.6239958405
6.9058408737,-0.0769881830,-0.0435204916,-0.0035059270,-0.4819908142,-0.7057203054,0.6112784743
6.9159507751,-0.0708092079,-0.0227853488,-0.0130089931,-0.5186934471,-0.6635209322,0.6229886413
6.9259810448,-0.0607501529,-0.0235580038,-0.0316960029,-0.5670675635,-0.6289906502,0.6134630442
6.9361281395,-0.0476467870,-0.0441714637,-0.0428486876,-0.6257314086,-0.6351337433,0.5635703206
6.9461140633,-0.0509920381,-0.0653565675,-0.0318254642,-0.6643916965,-0.6146296263,0.5051909685
6.9562501907,-0.0737948045,-0.0444154255,-0.0265169553,-0.7036978602,-0.5293700695,0.4521535933
6.9662489891,-0.0866977796,-0.0298979115,-0.0519096069,-0.6412224174,-0.4835644066,0.3958856761
6.9763851166,-0.0711346492,-0.0378339104,-0.0526271276,-0.5037465692,-0.4667585194,0.3480782211
6.9863629341,-0.0593973063,-0.0214586090,-0.0462797694,-0.3834150732,-0.4425767064,0.3151428401
6.9965238571,-0.0564869307,-0.0060241949,-0.0321620516,-0.3029412627,-0.3804616630,0.2949792445
7.0065212250,-0.0575086735,0.0015046766,-0.0379154496,-0.2949557006,-0.3264294863,0.2716458738
7.0165958405,-0.0448586605,0.0010105541,-0.0478849821,-0.3261884451,-0.2992314398,0.2536168098
7.0266551971,-0.0312592648,-0.0007189939,-0.0534534268,-0.3990926743,-0.2670491338,0.2419704199
7.0367212296,-0.0264453534,-0.0007982979,-0.0681734532,-0.4471693635,-0.2621981800,0.2366760522
7.0468220711,-0.0177375320,0.0205058325,-0.0624856167,-0.4311833382,-0.2599507570,0.2345500439
7.0568571091,-0.0060410155,0.0350480862,-0.0467518382,-0.3350661099,-0.2689239979,0.1941727996
7.0669107437,-0.0175706390,0.0189677645,-0.0386410169,-0.2491335273,-0.2243333608,0.0826838166
7.0770001411,-0.0502680801,-0.0418215804,-0.0658373684,-0.1697731912,-0.1628300548,-0.0298563093
7.0871310234,-0.0663353428,-0.0805649608,-0.0542900972,-0.0871707499,-0.1007868648,-0.0638234019
7.0971179008,-0.0639937744,-0.0764306039,-0.0236897878,-0.0410437323,-0.0187625643,-0.0765357316
7.1071901321,-0.0665928945,-0.0598122887,-0.0257628374,0.0116768144,0.0430346876,-0.1083729565
7.1172499657,-0.0398184322,-0.0627470762,-0.0287591033,0.0308750086,0.0430709086,-0.1285519898
7.1273431778,-0.0012538685,-0.0492889099,-0.0151659660,-0.0584290624,0.0094379140,-0.1221748590
7.1373758316,0.0177544709,-0.0321200304,0.0147506781,-0.1946891695,-0.0234191008,-0.0966734961
7.1474637985,0.0180788990,-0.0100788902,0.0482866354,-0.2767121792,-0.0366191939,-0.0584348887
7.1575551033,0.0193136688,0.0238979626,0.0642742068,-0.3128933609,-0.0452164114,-0.0265760273
7.1676640511,0.0292812344,0.0435730405,0.0609342642,-0.3148635924,-0.0598809719,0.0052707186
7.1776661873,0.0392379500,0.0420317240,0.0313886590,-0.2923596203,-0.0680555478,0.0233115051
7.1877369881,0.0364654996,0.0338218994,-0.0106717758,-0.2475310713,-0.0675748438,0.0371045470
7.1977939606,0.0267178770,0.0269575287,-0.0360804014,-0.1879487187,-0.0489604138,0.0455931090
7.2078490257,0.0109630572,0.0251690913,-0.0450520329,-0.1135270149,-0.0207786448,0.0370952934
7.2179059982,0.0029425966,0.0128284860,-0.0413529091,-0.0220037568,0.0043637268,0.0275284201
7.2286148071,0.0036998140,-0.0063745808,-0.0387092046,0.0044947220,0.0215192121,0.0190340672
7.2388710976,0.0093900310,-0.0316417925,-0.0294061713,-0.0563337393,0.0209602136,0.0148020387
7.2487568855,0.0140806185,-0.0533716790,-0.0098779015,-0.2292193919,0.0205041468,0.0137840454
7.2588739395,0.0099723088,-0.0726703256,0.0148488469,-0.4437399507,0.0218690187,0.0223335922
7.2683911324,0.0165843721,-0.0777907819,0.0388936587,-0.6604318619,0.0275213122,0.0404422879
7.2781491280,0.0192970987,-0.0599367432,0.0486594625,-0.8150073290,0.0114334207,0.0585240871
7.2888708115,0.0191234704,-0.0247575771,0.0406946130,-0.8414879441,-0.0078215003,0.0702009797
7.2981958389,0.0141310440,0.0144677628,0.0233074613,-0.7388448715,-0.0271342099,0.0627326816
7.3083009720,0.0052566873,0.0414879508,0.0075835171,-0.5339129567,-0.0307598412,0.0456895158
7.3186469078,-0.0035807742,0.0437389798,-0.0042697010,-0.2927130759,-0.0330773219,0.0180203356
7.3285861015,-0.0095002307,0.0367773958,-0.0065980372,-0.0890505910,-0.0165745784,-0.0021972512
7.3385772705,-0.0144294156,0.0194569994,-0.0103469901,0.0708583817,-0.0004677800,-0.0245275907
7.3486452103,-0.0154655827,0.0091172624,-0.0080392174,0.1508087367,0.0075195059,-0.0457795486
7.3587112427,-0.0193587188,-0.0130809378,0.0050330940,0.1538902819,0.0179843977,-0.0723200738
7.3687849045,-0.0241393093,-0.0434282832,0.0198545046,0.0866252482,0.0204962231,-0.0850424618
7.3788881302,-0.0161176566,-0.0644692630,0.0451401658,-0.0381318592,0.0098704780,-0.0828924924
7.3889269829,-0.0001817597,-0.0509343557,0.0641347319,-0.1735589802,-0.0007920198,-0.0722465068
7.3990077972,0.0108315097,-0.0229666661,0.0788734704,-0.2365616411,0.0041084629,-0.0499302819
7.4090409279,0.0179036614,0.0031193665,0.0720123798,-0.2430260628,0.0116101215,-0.0297497176
7.4191932678,0.0180199500,0.0284569133,0.0572879501,-0.2366339415,0.0139265386,-0.0085142031
7.4292621613,0.0190220829,0.0374987908,0.0397252031,-0.2355040312,0.0087697273,0.0127185145
7.4393501282,0.0209393855,0.0331573673,0.0242618509,-0.2511849701,-0.0231170990,0.0254481584
7.4495511055,0.0179508086,0.0280117262,0.0158215351,-0.2274858952,-0.0452068225,0.0233073756
7.4595623016,0.0071440684,0.0297911037,0.0027221027,-0.1432098895,-0.0424246192,0.0116075771
7.4696011543,-0.0026558293,0.0413724966,-0.0102945976,-0.0388958417,-0.0161577277,-0.0053947088
7.4796910286,-0.0065316213,0.0344591029,-0.0298499279,0.0560796745,-0.0165137909,-0.0245313849
7.4897232056,-0.0054447902,0.0061706174,-0.0373564772,0.0754037276,-0.0280307643,-0.0266657770
7.4998311996,-0.0121904863,-0.0163305532,-0.0273889117,0.0113062356,-0.0211006869,-0.0170898475
7.5099191666,-0.0287742261,-0.0195193123,-0.0198665075,-0.0881804079,0.0036274295,0.0031226128
7.5199832916,-0.0425951146,-0.0149671864,-0.0198070817,-0.1782666147,0.0486060865,0.0244039334
7.5300550461,-0.0487787388,-0.0094956588,-0.0224180631,-0.2461329103,0.1117495000,0.0350694917
7.5401029587,-0.0423908494,0.0007417371,-0.0345220976,-0.2820150256,0.1783405095,0.0436062552
7.5501461029,-0.0195247177,0.0080816913,-0.0451686792,-0.2995385528,0.2239039391,0.0574374497
7.5602512360,-0.0007185591,0.0174875427,-0.0453986935,-0.2924196422,0.2589892447,0.0585149638
7.5703048706,0.0042510377,0.0193400253,-0.0439005904,-0.2203847021,0.3126651049,0.0574628860
7.5803780556,-0.0045987023,0.0126887131,-0.0523366742,-0.0737217590,0.3733122051,0.0489615425
7.5904431343,-0.0086033000,-0.0044389199,-0.0674040169,0.0687070265,0.4295955896,0.0277168397
7.6005311012,-0.0242713336,0.0143120158,-0.0991681665,0.2153816819,0.4867965579,-0.0211345907
7.6105651855,-0.0437446497,0.0038205555,-0.1267239898,0.4421580434,0.5371869206,-0.0827517509
7.6206092834,-0.0679664835,-0.0057141017,-0.1352295727,0.7668178678,0.6158058047,-0.1772950292
7.6305651665,-0.1027445421,0.0244560111,-0.1374467462,1.2327998877,0.7537564039,-0.3121928573
7.6407918930,-0.1363607943,0.0681230575,-0.1489637941,1.9075585604,0.9293726683,-0.4832261205
7.6508502960,-0.1743822396,0.1087044030,-0.1706331223,2.8298618793,1.1055569649,-0.7360801697
7.6609330177,-0.2097606361,0.1375199705,-0.1946387738,3.9359803200,1.2544692755,-1.0240341425
7.6709690094,-0.2405389845,0.1355466098,-0.1800858229,5.0493435860,1.3208030462,-1.2929180861
7.6810588837,-0.2687418163,0.0838718563,-0.1237248033,6.0074329376,1.3362696171,-1.5065753460
7.6911139488,-0.2758045495,-0.0299621951,-0.0462158732,6.7271699905,1.2818285227,-1.7074666023
7.7012119293,-0.2516059577,-0.1802903265,0.0374153443,7.1277160645,1.1265134811,-1.9794664383
7.7112288475,-0.2093542516,-0.3529708385,0.1066753417,7.0956521034,1.0063210726,-2.3065531254
7.7213201523,-0.1324863732,-0.4822562635,0.1297174841,6.5465230942,0.9412960410,-2.5931317806
7.7313880920,-0.0453760885,-0.5633513927,0.1504972726,5.6587605476,0.6985082030,-2.8372406960
7.7414617538,-0.0132847680,-0.6260312200,0.1512306482,4.5713276863,0.4704609215,-2.9942247868
7.7514891624,-0.0670849904,-0.6536115408,0.1548193246,3.5610637665,0.4248394668,-3.1044178009
7.7615861893,-0.1737583578,-0.6263092756,0.1424344331,2.8520350456,0.4559116066,-3.2475652695
7.7716541290,-0.2665654123,-0.5199381709,0.1221812516,2.5518171787,0.4775326252,-3.4354181290
7.7817211151,-0.3019615710,-0.3761776388,0.1091038138,2.6249198914,0.4107916653,-3.6796839237
7.7917747498,-0.2870329320,-0.2211285084,0.1427600533,2.9716503620,0.1932746023,-3.9803683758
7.8018341064,-0.2433908880,-0.0656168610,0.1657787710,3.4582052231,-0.1298512667,-4.2291140556
7.8119320869,-0.1908586919,0.0737325102,0.1555978805,3.9619524479,-0.4536897242,-4.2846169472
7.8219652176,-0.1657675207,0.1263446957,0.1258029491,4.2320246696,-0.6695498228,-4.2285180092
7.8320279121,-0.1661100090,0.0498394556,0.1244172603,4.1231880188,-0.7752515078,-4.1828861237
7.8421602249,-0.1463979185,-0.1021041125,0.1661573201,3.6772663593,-0.7893422842,-4.1190719604
7.8521537781,-0.1079147682,-0.2570753396,0.2061870843,2.9963788986,-0.8865532279,-3.9575543404
7.8622908592,-0.0722458586,-0.3533023894,0.2470139414,2.2528138161,-1.1095097065,-3.6315045357
7.8722972870,-0.0524342917,-0.3009965122,0.2799286544,1.5970143080,-1.3523483276,-3.2173564434
7.8824253082,-0.0653084740,-0.0986952037,0.2713659704,1.2334986925,-1.4807238579,-2.8902943134
7.8925719261,-0.0933899507,0.1477848440,0.2063762695,1.3297131062,-1.4860522747,-2.6970734596
7.9025330544,-0.1395688951,0.4092952311,0.0414263792,1.8657070398,-1.3978369236,-2.5793058872
7.9125609398,-0.2167475522,0.6333636045,-0.0912678689,2.4783337116,-1.3983727694,-2.5061995983
7.9226932526,-0.2639330029,0.7018762231,-0.1167308539,2.7660048008,-1.4526610374,-2.4298503399
7.9327020645,-0.2270265818,0.6343962550,-0.1444292516,2.6179590225,-1.4778547287,-2.3523135185
7.9428358078,-0.1236241981,0.5029734969,-0.1711383313,2.1560740471,-1.4987213612,-2.3299088478
7.9527349472,-0.0201029722,0.3757468760,-0.1341540068,1.5756986141,-1.5187362432,-2.3435745239
7.9629631042,0.0425045528,0.2454817444,-0.0755072087,1.0869547129,-1.5217919350,-2.3200924397
7.9729490280,0.0705314353,0.1296225935,-0.0072147069,0.7122297883,-1.5007866621,-2.1766440868
7.9830369949,0.0826912895,0.0495137759,0.0780571252,0.4460428953,-1.4444701672,-1.9705593586
7.9931950569,0.0746841803,-0.0142794084,0.1373416334,0.3694432378,-1.3504277468,-1.7655653954
8.0031700134,0.0612392463,-0.0093216132,0.1743751317,0.3903666139,-1.2981152534,-1.5818532705
8.0132360458,0.0460369028,0.0444112606,0.1568807513,0.5227429271,-1.2962737083,-1.4767680168
8.0232982635,0.0188073572,0.0977344662,0.0970930606,0.6637711525,-1.3072630167,-1.3982361555
8.0333623886,-0.0027432991,0.1725299507,0.0044594589,0.6801136732,-1.3351541758,-1.3037539721
8.0434989929,-0.0237598959,0.2209711224,-0.0866079777,0.0798036158,-1.2784112692,-1.2356179953
8.0534982681,-0.0600737892,0.1404913813,-0.1475087255,-0.1140533909,-0.9026562572,-1.4445556402
8.0635833740,-0.0706101283,0.1601419598,-0.1840937585,0.6738473177,-1.4587112665,-1.3675221205
8.0736255646,-0.0394129865,0.4143342674,-0.1637967080,1.4967764616,-1.6554619074,-0.9112554193
8.0837001801,-0.0750679001,0.4044549167,-0.1071556658,1.4756400585,-1.4503936768,-0.6775518656
8.0938386917,-0.0969598070,0.1212260276,-0.0235351734,1.1800982952,-1.1460394859,-0.7973077893
8.1038322449,-0.0637805089,-0.0672057122,0.0318013020,0.9510539174,-1.2017706633,-1.0637888908
8.1138916016,0.0067562209,-0.0519875102,0.0921791345,1.1288253069,-1.2748101950,-1.2751688957
8.1239643097,0.0123838829,0.0184695888,0.1810595542,1.9112490416,-1.2939265966,-1.3497030735
8.1341018677,-0.0118466085,0.2237103730,-0.0654834360,2.5493094921,-0.5048067570,-0.7909656763
8.1440944672,-0.0243243296,0.3065279722,-0.5015516877,2.9978089333,-0.6257965565,-0.5819656253
8.1541614532,0.0054196874,0.2476872355,-0.7905938029,2.3194403648,-0.6550964117,-0.4235996604
8.1642360687,-0.0562332943,0.2050082535,-0.9139101505,0.0284373928,0.0762752667,-0.0775679722
8.1743755341,-0.0408846736,0.1066187769,-0.8209574223,-0.6093071699,0.2436348349,-0.0815687031
8.1843776703,0.0531306528,0.0266701747,-0.5663587451,-0.7242646813,0.0174658801,0.2114040554
8.1944398880,0.0750073716,0.1598829180,-0.2764054239,-0.5030833483,-0.0164266396,0.0870992094
8.2045364380,-0.0004791943,0.1534182876,-0.0897541493,-0.0175534021,-0.1412378103,-0.3399296403
8.2145481110,-0.0230870079,0.1425832063,0.0254910775,0.1258164346,-0.1758965850,-0.3145003021
8.2247257233,0.0028151022,0.0820968002,0.0879849344,0.2328542024,-0.1959299445,-0.1127956659
8.2347059250,0.0155803086,-0.0196865927,0.1196167022,0.2236393839,-0.2281790376,-0.0013194068
8.2448425293,0.0048838826,-0.0705764741,0.1196110398,0.1339334548,-0.2226375341,-0.0076646539
8.2548389435,-0.0166597497,-0.0727492720,0.0888533145,0.0524179339,-0.1819745302,-0.0086846454
8.2649412155,-0.0318000987,-0.0340156369,0.0497759171,-0.0505084544,-0.1327598393,0.0285290368
8.2748765945,-0.0455676317,0.0068489481,0.0112298913,-0.1298974454,-0.0909044072,0.0444958843
8.2850942612,-0.0577843562,0.0178658832,-0.0159213357,-0.2125031054,-0.0481209867,0.0445382297
8.2951059341,-0.0509328581,0.0000762513,-0.0267683081,-0.2834737897,0.0054450370,0.0552001968
8.3053150177,-0.0329064466,-0.0191299152,-0.0232278518,-0.3170085847,0.0508346222,0.0637257695
8.3153066635,-0.0112522831,-0.0199171435,-0.0081029348,-0.3085741103,0.0603538901,0.0478018671
8.3254394531,0.0067374604,-0.0009853968,0.0022683325,-0.2453977913,0.0373194143,0.0106113553
8.3353767395,0.0133490665,0.0313711949,0.0022943201,-0.1278611422,0.0211331844,-0.0255276728
8.3454446793,0.0076041808,0.0697787255,0.0077722850,0.0067792358,0.0030849434,-0.0446832590
8.3555240631,-0.0047169989,0.0985379666,0.0138227530,0.1168473884,-0.0107395928,-0.0341003239
8.3655509949,-0.0062734960,0.0902493447,0.0165481158,0.1948553771,-0.0194558520,-0.0107649062
8.3757190704,-0.0021064123,0.0493580587,0.0322623439,0.2044104934,-0.0140044279,-0.0012086192
8.3857221603,0.0039115259,0.0005586615,0.0440259166,0.1616379917,-0.0059169400,-0.0054409145
8.3957901001,0.0109458389,-0.0303335618,0.0398898311,0.0987571776,-0.0150383338,-0.0181707572
8.4058437347,0.0132089378,-0.0424182825,0.0343825407,0.0338056050,-0.0305371322,-0.0298417956
8.4159860611,0.0058011720,-0.0366876833,0.0197153278,-0.0205853581,-0.0342170857,-0.0330144204
8.4259796143,-0.0025908323,-0.0149556827,0.0037560645,-0.0516002625,-0.0269772857,-0.0202613398
8.4360647202,-0.0130304312,0.0114017893,-0.0152795129,-0.0644608587,-0.0206053387,-0.0022043751
8.4461603165,-0.0216164272,0.0299463440,-0.0235935859,-0.0719675049,-0.0163504072,0.0094794445
8.4561939240,-0.0264840256,0.0300502051,-0.0221354775,-0.0891908109,-0.0016170004,0.0137375742
8.4663257599,-0.0198288616,0.0174354184,-0.0118940286,-0.1245205626,0.0097810626,0.0190612320
8.4763126373,-0.0103280963,0.0026117733,-0.0008252081,-0.1693474352,0.0104921265,0.0254437644
8.4864501953,0.0001223600,-0.0077594351,0.0129468031,-0.2290405929,0.0036318237,0.0297026914
8.4964590073,0.0058060950,-0.0128353667,0.0166630335,-0.2855112851,-0.0053153322,0.0350212902
8.5065860748,0.0067245150,-0.0175827574,0.0063969675,-0.3600888252,-0.0175834503,0.0435284935
8.5165824890,0.0087384144,-0.0231090020,-0.0082132034,-0.4548605680,-0.0374011658,0.0605323091
8.5266609192,0.0069895433,-0.0169390868,-0.0311668329,-0.5677977800,-0.0552613884,0.0764790550
8.5367536545,-0.0014399113,-0.0109079909,-0.0499557666,-0.7211500406,-0.0872679204,0.0924280584
8.5468044281,-0.0058842683,-0.0210032295,-0.0637813061,-0.9355384707,-0.0985796973,0.1094656289
8.5568532944,-0.0094851768,-0.0524959378,-0.0826899260,-1.1886770725,-0.0785769597,0.0989219099
8.5669078827,-0.0122424262,-0.0960680097,-0.0934349746,-1.4772129059,-0.0432575904,0.0437992699
8.5770416260,-0.0053410707,-0.1431090087,-0.0942622870,-1.8173525333,0.0274250377,-0.0516406335
8.5870532990,0.0095037585,-0.1787422150,-0.1188843697,-2.2385671139,0.0917622149,-0.1980298012
8.5970506668,0.0396873429,-0.2024618834,-0.1679086536,-2.7307140827,0.0992271900,-0.3465523124
8.6071863174,0.0795004070,-0.2143035382,-0.1893177480,-3.2528409958,0.1159462482,-0.5003722310
8.6173171997,0.1121459082,-0.2106466740,-0.2180172652,-3.8725976944,0.1862049699,-0.6116683483
8.6273136139,0.1455488652,-0.1847711056,-0.2412853688,-4.5032925606,0.2900996506,-0.5944675207
8.6373758316,0.1763509065,-0.1443834156,-0.2718957961,-5.0156130791,0.5277451873,-0.2395794392
8.6474428177,0.2309021205,-0.0544332080,-0.2838092744,-5.5811839104,0.4348123074,0.0981698334
8.6575946808,0.1973148882,-0.0324765258,-0.2257765383,-6.0345821381,0.3216314912,0.2723647058
8.6675882339,0.1081965342,0.0334980674,-0.1831892580,-6.3890213966,0.2416543812,0.5240611434
8.6776828766,0.0153124006,0.1748877317,-0.0963924378,-6.7521438599,0.1884860992,0.9934420586
8.6877288818,-0.0746565387,0.3323214352,-0.0099339895,-7.0123066902,0.3035082817,1.5701224804
8.6979312897,-0.1590153873,0.4655064046,0.0260253735,-7.0814089775,0.5232924223,2.1722893715
8.7079048157,-0.2117437869,0.6558284163,0.0473616906,-6.9149398804,0.9886297584,2.8520307541
8.7179298401,-0.1906047463,0.8747578263,0.0568582006,-6.2528929710,1.5100226402,3.3278083801
8.7279930115,-0.1184336469,1.1027553082,0.0037753168,-4.7251939774,1.4776724577,3.6427586079
8.7381095886,-0.0436997078,1.2737988234,-0.0935192555,-2.6559579372,1.2905067205,3.8990957737
8.7481260300,-0.0571964346,1.2528734207,-0.1202093810,-1.3276340961,1.5398017168,3.8999447823
8.7581939697,-0.1107264385,0.8638834953,0.1129884273,-0.7442841530,0.2718891203,3.2949991226
8.7682609558,-0.1763086021,0.5299819112,0.2009648830,-0.7750527263,-0.5106450915,2.9325428009
8.7783966064,-0.2077281773,0.4136125147,0.1937192827,-1.3684558868,-0.3927921653,3.0877749920
8.7884044647,-0.2040448785,0.2850054204,0.1903020293,-1.9312593937,-0.1179110557,3.5255162716
8.7984771729,-0.1637672484,0.1950881630,0.2220599800,-2.4868383408,0.0789409578,4.0290484428
8.8085308075,-0.1271486580,0.1260548979,0.2821258605,-2.8907310963,0.1454475522,4.3551564217
8.8186693192,-0.1194722280,0.0588607378,0.3169662654,-3.0621531010,-0.1075564846,4.3508257866
8.8286628723,-0.1292803586,0.0206681658,0.3330105841,-3.0173494816,-0.5425098538,4.1424846649
8.8387336731,-0.1372013986,0.0145992208,0.3583007157,-2.8126096725,-1.0707192421,3.9011416435
8.8488073349,-0.1473931968,0.0926598459,0.3919914663,-2.2889821529,-1.5769041777,3.6809632778
8.8589353561,-0.1853330433,0.2013889700,0.3262113035,-2.0692481995,-2.0922746658,3.7613472939
8.8689327240,-0.2418733537,0.3168394864,0.3003595769,-1.8334803581,-2.1851811409,3.8429996967
8.8790016174,-0.3411082923,0.2519525588,0.1969677955,-1.5551848412,-2.2617790699,3.9278349876
8.8890657425,-0.4190636575,0.1564386040,0.0952174217,-1.0862700939,-2.0901062489,3.9161217213
8.8992147446,-0.4809768498,-0.0024024674,-0.0226082020,-0.7640558481,-2.0952212811,3.6760702133
8.9092140198,-0.4948137105,-0.1164473742,0.0781991631,-0.8135259151,-1.9609471560,3.5052001476
8.9191722870,-0.4640667140,-0.2411229461,0.0758479387,-0.9722726345,-1.8925348520,3.3067185879
8.9293928146,-0.4289094508,-0.3620828092,0.1034619361,-1.1930221319,-2.0298359394,3.0497508049
8.9394273758,-0.3776625097,-0.4514313638,0.1600282937,-1.3461786509,-2.2013676167,2.8224780560
8.9495410919,-0.3319104016,-0.4723949730,0.2238758951,-1.4250279665,-2.4402792454,2.5771031380
8.9595708847,-0.3158011734,-0.4295027554,0.2042058855,-1.3251955509,-2.6193871498,2.3136620522
8.9696674347,-0.3245410025,-0.3567945659,0.0904527456,-1.0400639772,-2.6513752937,2.0704216957
8.9797039032,-0.3577542603,-0.2692013681,-0.0100167803,-0.6946496964,-2.5202469826,1.8644105196
8.9897537231,-0.3749033511,-0.1933231503,-0.0677693337,-0.2389404774,-2.3167018890,1.7136210203
8.9999065399,-0.3530154526,-0.1749900430,-0.0375233106,0.2088195533,-2.1691668034,1.6084630489
9.0099420547,-0.3222762048,-0.1540674716,-0.0280828886,0.4688449800,-2.0306229591,1.5150278807
9.0199728012,-0.3013455570,-0.1366431266,-0.0659283251,0.5133270025,-1.8949540854,1.4322642088
9.0300302505,-0.2896468341,-0.1731775552,-0.0827871412,0.3452682197,-1.7419102192,1.3697372675
9.0400743484,-0.2763561904,-0.2400143594,-0.1262872666,0.0536660217,-1.6167420149,1.2658166885
9.0502033234,-0.2576099336,-0.3153085411,-0.1264527291,-0.3308366537,-1.4883975983,1.1226354837
9.0602273941,-0.2384031117,-0.3391307294,-0.1122044772,-0.7998313904,-1.3393006325,1.0208975077
9.0702934265,-0.2227933109,-0.3133612275,-0.1186085790,-1.2150075436,-1.2340631485,0.9552240968
9.0803470612,-0.1973315179,-0.2498971671,-0.1037772149,-1.4135370255,-1.1278696060,0.9086080790
9.0904302597,-0.1630135477,-0.1521848291,-0.1029780358,-1.3583886623,-0.9909631610,0.8385837078
9.1005134583,-0.1450862586,-0.0657829791,-0.1249266118,-1.0829979181,-0.8971064091,0.7058349848
9.1105937958,-0.1444969475,0.0019334427,-0.1424350590,-0.6435377002,-0.7729464173,0.6070381403
9.1205511093,-0.1311702430,0.0292994250,-0.1660155505,-0.2317508906,-0.6529132724,0.5634603500
9.1307067871,-0.1080612168,0.0220859814,-0.1870182008,0.0068310602,-0.6087591052,0.5060846806
9.1407766342,-0.0838606581,-0.0163227748,-0.1872772425,0.0329287052,-0.5537001491,0.4530155957
9.1508550644,-0.0733970627,-0.0592461936,-0.1711647958,-0.1495526880,-0.4516387582,0.4021465480
9.1608781815,-0.0698004588,-0.1120196134,-0.1547369808,-0.3788453341,-0.3649387360,0.3364168108
9.1709785461,-0.0613098405,-0.1231931895,-0.1380647868,-0.6092196703,-0.2760288417,0.2855533659
9.1810483932,-0.0518568419,-0.0779679865,-0.1355998963,-0.7336848974,-0.2115349472,0.2537625730
9.1910982132,-0.0306139830,-0.0233474802,-0.1402896494,-0.6398484111,-0.2056381851,0.2187023014
9.2011470795,-0.0160756353,0.0255686212,-0.1277140826,-0.4072169960,-0.2060966939,0.1623691916
9.2112655640,-0.0199906472,0.0570464619,-0.1136156172,-0.1845439821,-0.1728031933,0.0880033448
9.2213430405,-0.0295645837,0.0165190864,-0.1105095595,0.0028755479,-0.1354467720,0.0327590033
9.2313566208,-0.0342914723,-0.0337657742,-0.1006781310,0.0192044526,-0.0622199588,0.0126172481
9.2413492203,-0.0333445333,-0.0599207096,-0.0927370638,-0.0883550271,0.0217760075,0.0201197714
9.2515153885,-0.0198900346,-0.0679280013,-0.0879233330,-0.2394486666,0.0830609351,0.0201887488
9.2615728378,0.0022646533,-0.0676231235,-0.0761605948,-0.3453690410,0.1085452512,0.0021780562
9.2716512680,0.0138180600,-0.0500627570,-0.0711920112,-0.3644910753,0.0987038091,-0.0169343855
9.2816848755,0.0147146927,-0.0278297793,-0.0436370783,-0.3087789118,0.0757087469,-0.0381967984
9.2917852402,0.0098406421,-0.0008434484,-0.0052358923,-0.2831449211,0.0726317242,-0.0562554263
9.3018169403,0.0100105749,-0.0050782990,0.0101545639,-0.2625068128,0.0355066024,-0.0817614570
9.3119173050,0.0210723635,-0.0296169352,0.0339998193,-0.2427179068,-0.0227500498,-0.0924135670
9.3219528198,0.0195159670,-0.0161834788,0.0590826459,-0.2509438992,-0.0535660163,-0.0881796703
9.3320846558,0.0111133205,0.0079811979,0.0754338056,-0.2381212860,-0.0544320755,-0.0754417703
9.3420743942,0.0026426660,0.0245585013,0.0771154314,-0.2009311020,-0.0369701311,-0.0510215163
9.3522310257,0.0107068168,0.0356134363,0.0681957155,-0.1772966236,-0.0503088385,-0.0128094153
9.3622217178,0.0206725951,0.0400648303,0.0525917597,-0.1983933300,-0.0736778080,0.0116053801
9.3723068237,0.0217969771,0.0298968721,0.0358348079,-0.2540374100,-0.0581643656,0.0243688449
9.3823451996,0.0091427313,0.0147023965,0.0039157453,-0.3130038381,-0.0310989935,0.0233366713
9.3924903870,-0.0026656045,0.0043459702,-0.0158539228,-0.3655903339,-0.0018337818,0.0254882388
9.4024868011,-0.0018971814,0.0007250478,-0.0322195701,-0.4074154496,0.0191202350,0.0403739810
9.4126262665,0.0027163969,-0.0067936610,-0.0283098631,-0.4032412171,0.0287273228,0.0435631163
9.4226131439,0.0073075043,-0.0016667673,-0.0206261687,-0.3788408041,0.0427009948,0.0382540338
9.4327573776,0.0099534141,0.0190610457,-0.0060352501,-0.3159052432,0.0453244746,0.0308067724
9.4427471161,0.0077225910,0.0312248636,0.0098834224,-0.2017357498,0.0473339669,0.0233465917
9.4528932571,0.0084984051,0.0300550628,0.0166923590,-0.0745791346,0.0314394198,0.0190591682
9.4628896713,0.0142413126,0.0253111888,0.0252589770,0.0270507112,0.0068263519,0.0137119405
9.4730272293,0.0093432413,0.0167759825,0.0236440487,0.0827485994,-0.0139851868,0.0020076139
9.4830131531,-0.0032693399,-0.0034643540,0.0154881068,0.0870989487,-0.0225272086,-0.0117998775
9.4931039810,-0.0129111661,-0.0316078179,0.0083135553,0.0392123833,-0.0367950946,-0.0202892348
9.5032377243,-0.0215286259,-0.0658385903,-0.0000755605,-0.0654463321,-0.0302937850,-0.0223846100
9.5132246017,-0.0399593376,-0.0781179518,-0.0121902637,-0.1865016520,0.0153232338,-0.0244546868
9.5232925415,-0.0536181591,-0.0674496144,-0.0341941528,-0.2695329189,0.1005110294,-0.0296989176
9.5333576202,-0.0478895567,-0.0394631140,-0.0580698662,-0.2629125714,0.1842916757,-0.0455857366
9.5434942245,-0.0255791787,-0.0134790372,-0.0900774449,-0.1641006619,0.2263298035,-0.0774436668
9.5534934998,-0.0110748662,-0.0010465214,-0.1091908067,-0.0203562714,0.2570400536,-0.1167513952
9.5634994507,-0.0191037301,-0.0001410076,-0.1145428270,0.1548912972,0.3389792144,-0.1528564692
9.5736732483,-0.0369864963,-0.0069207978,-0.1180663556,0.3182266951,0.4365366399,-0.2186807543
9.5838689804,-0.0635467991,-0.0306540262,-0.1384919733,0.4567529559,0.5580054522,-0.3269583583
9.5937538147,-0.0870715603,-0.0490962975,-0.1633651108,0.6632201076,0.7162491083,-0.4193082750
9.6039237976,-0.0996817574,-0.0213814210,-0.2043572515,1.0009564161,0.8734137416,-0.5276193619
9.6139488220,-0.1217972860,0.0332616456,-0.2606625855,1.5552543402,1.0364027023,-0.6837631464
9.6239910126,-0.1397567093,0.0715196878,-0.2961698472,2.3220770359,1.1842079163,-0.8495244980
9.6341094971,-0.1544115245,0.0761088282,-0.2757084072,3.1801126003,1.2806295156,-1.0440033674
9.6440906525,-0.1773824990,0.0509718843,-0.2260932177,4.0256805420,1.3441237211,-1.2268151045
9.6542406082,-0.2135669887,-0.0037640759,-0.1668670624,4.6656670570,1.3711249828,-1.3607507944
9.6642313004,-0.2503843009,-0.0969344229,-0.0977918357,5.0676298141,1.4013882875,-1.4893167019
9.6743507385,-0.2739767730,-0.2097918242,-0.0578480773,5.1975984573,1.4152452946,-1.6539216042
9.6843843460,-0.2566967905,-0.3046074808,-0.0129317455,5.0479431152,1.4249615669,-1.9161423445
9.6944990158,-0.2097361982,-0.3897423446,0.0118299909,4.6619386673,1.3726596832,-2.2600934505
9.7045106888,-0.1590891778,-0.4504479766,0.0161237307,4.1149921417,1.3011219501,-2.5721600056
9.7146034241,-0.1284333169,-0.4709033370,0.0305701084,3.5252718925,1.2424132824,-2.8120062351
9.7246551514,-0.1412640512,-0.4750801623,0.0356265493,2.9984819889,1.1886292696,-3.0316908360
9.7347679138,-0.1808194816,-0.4450201690,0.0376299806,2.7593502998,1.1817103624,-3.2843415737
9.7447681427,-0.2232786119,-0.3751824200,0.0478522368,2.8651545048,1.1487334967,-3.6018636227
9.7548532486,-0.2338055074,-0.2804778516,0.0665081888,3.2436914444,1.0553326607,-3.9502763748
9.7649030685,-0.2249347270,-0.1809275001,0.1054126769,3.8760318756,0.8798291087,-4.2117280960
9.7749786377,-0.2245164812,-0.0983984321,0.1724788100,4.6441717148,0.5837663412,-4.2672843933
9.7850914001,-0.2440291345,-0.0465235524,0.2225454599,5.1826763153,0.2093369216,-4.1539945602
9.7951049805,-0.2792539895,-0.0659000725,0.2945137918,5.3594675064,-0.0675644651,-4.0586161613
9.8053054810,-0.3037277758,-0.1638942808,0.3727886379,5.2384309769,-0.2374887168,-4.0820293427
9.8152389526,-0.2823738754,-0.2337572426,0.3664613664,4.8656835556,-0.4282863438,-4.2030749321
9.8253736496,-0.2100243270,-0.2278905958,0.3453961313,4.3536868095,-0.6731464267,-4.2922592163
9.8353900909,-0.1324668825,-0.1957136840,0.3478597701,3.9698312283,-1.0279021263,-4.3199458122
9.8454427719,-0.0847463831,-0.1398594230,0.3263855278,3.7724401951,-1.4512090683,-4.2075562477
9.8553504944,-0.0744133815,-0.0064101648,0.2861465514,3.6672372818,-1.8030141592,-3.9932222366
9.8654747009,-0.1022864208,0.1128991991,0.2570222914,3.5940778255,-2.0504691601,-3.7661023140
9.8754949570,-0.1456883848,0.1847758442,0.2196383029,3.4373562336,-2.1572234631,-3.4921717644
9.8883647919,-0.1764528751,0.2741977274,0.1458215863,3.0628745556,-2.1486685276,-3.1427400112
9.8960018158,-0.1984769404,0.3484617174,0.0633083731,2.5479054451,-2.0735685825,-2.8144757748
9.9059295654,-0.2235308290,0.3569824994,0.0216587372,2.1105637550,-1.9773432016,-2.6051423550
9.9159078598,-0.2499797642,0.3229727447,0.0109242983,1.8078727722,-1.9050322771,-2.5009729862
9.9259948730,-0.2558821142,0.2936448157,0.0350265093,1.6704463959,-1.8186894655,-2.4191370010
9.9360322952,-0.2400568426,0.2903027833,0.0375410505,1.6700341702,-1.7724708319,-2.3277990818
9.9461841583,-0.2120651603,0.3126068413,0.0093743391,1.7360752821,-1.7542942762,-2.2322442532
9.9561758041,-0.1692119539,0.3335292637,-0.0288354568,1.7718287706,-1.6948813200,-2.1186113358
9.9662437439,-0.1194023117,0.3271130621,-0.1066979617,1.7033457756,-1.6703058481,-2.0007221699
9.9763097763,-0.0640013441,0.2812874019,-0.1690207571,0.5519923568,-1.6673505306,-1.6319839954
9.9864444733,-0.0293359701,0.1495162398,-0.2066848129,0.5197772980,-0.5602499247,-1.2045787573
9.9964447021,0.0502784438,0.2223677784,-0.2976083457,1.5114620924,-1.6166521311,-0.6744586825
10.0065917969,0.1410665214,0.5491557717,-0.2518935502,1.2438451052,-2.3837492466,-0.6301785707
10.0168046951,-0.0740276426,0.3897314370,-0.1007910222,0.1314935237,-2.2782275677,-1.1830406189
10.0267772675,-0.2484662533,0.0892469436,-0.1044804305,-0.7501097918,-1.6226203442,-1.0009223223
10.0367355347,-0.1579318345,0.0055818725,-0.1459885687,-0.5399163365,-0.7593078017,-0.8582634330
10.0467863083,0.0194624159,0.0379404612,-0.1082249135,0.8961977959,-1.4481189251,-0.5287525058
10.0574922562,0.0855828896,0.3127252758,-0.1482274979,2.2558748722,-0.2828791738,-0.5359483361
10.0669307709,-0.1535750777,0.6655572057,-1.8377561569,0.3858669698,1.3744301796,0.1618950069
10.0770750046,0.1673591435,0.6949423552,-1.4638533592,-0.4388911128,0.4093788564,0.3739822507
10.0870265961,0.1918704212,0.2438004762,-1.0131494999,-0.4834821820,-0.0327252522,0.4905692339
10.0971937180,0.0494648032,0.0354323573,-0.5437791944,-0.6969848871,0.0704954043,0.3335287571
10.1073379517,0.0209516045,-0.0604139380,-0.1926918477,-0.6093285680,0.2457782030,-0.0783828348
10.1175308228,0.0669822916,-0.0918758959,-0.0347207598,-0.5002335310,0.1006852016,-0.3449945450
10.1273059845,0.1193033010,-0.0396847539,0.0950517207,-0.5275707841,-0.0459227450,-0.3355045021
10.1372718811,0.1499653161,0.0049428511,0.1821848899,-0.4091732502,-0.2433644533,-0.1806105375
10.1472854614,0.1184335276,0.0025570563,0.2401304990,-0.1722310185,-0.4553242326,-0.1329962760
10.1574325562,0.0450833477,-0.0011555383,0.2484654933,-0.0139215421,-0.4934580326,-0.1723420769
10.1674385071,-0.0303679798,-0.0031974146,0.2202634960,0.0372808427,-0.3847859502,-0.1733625382
10.1774873734,-0.0736241788,0.0019539169,0.1748036295,0.0946770310,-0.2535829246,-0.1446430236
10.1875658035,-0.0828212127,0.0193703938,0.1268423349,0.1696292162,-0.1687204391,-0.0862213150
10.1977891922,-0.0742433742,0.0471588559,0.0734536201,0.2394983172,-0.1106310412,-0.0586032681
10.2078361511,-0.0632633939,0.0597636290,0.0144545622,0.2540518045,-0.0711466074,-0.0437219255
10.2179460526,-0.0507256798,0.0509442277,-0.0299415998,0.2227790952,-0.0384704247,-0.0352032706
10.2279901505,-0.0405542478,0.0243650246,-0.0502074175,0.1668936461,0.0002666533,-0.0404779911
10.2381048203,-0.0345891714,0.0000189116,-0.0583038144,0.0597472191,0.0416777432,-0.0552952886
10.2481260300,-0.0209971685,-0.0088473987,-0.0612304620,-0.0790530890,0.0479282476,-0.0499485284
10.2582645416,-0.0045859506,0.0017283133,-0.0589698963,-0.1717404127,0.0347107127,-0.0000270412
10.2682609558,0.0087669874,0.0253331829,-0.0493508987,-0.2269752026,0.0111465985,0.0403240435
10.2783613205,0.0065177837,0.0389898606,-0.0233808570,-0.2342309952,-0.0101248678,0.0424388610
10.2884025574,-0.0034607453,0.0323869772,0.0056094709,-0.2000334561,-0.0151444599,0.0403030701
10.2985153198,-0.0124821169,0.0144449640,0.0338749476,-0.1628336310,0.0000288996,0.0392394066
