0.0000000000,-0.0014327514,0.0004514325,0.0036897862,0.0090131182,0.0013681705,-0.0033967623
0.0057669878,-0.0004923689,-0.0024048816,0.0018102132,0.0025586812,0.0066380338,-0.0002070942
0.0155479908,0.0033688946,-0.0024337303,-0.0001249112,-0.0049121520,0.0065731192,-0.0002055630
0.0253810883,0.0032723350,-0.0034568440,0.0027712786,-0.0102893403,0.0107843755,0.0019215038
0.0355020761,0.0031916304,-0.0025547873,0.0056413016,-0.0081458949,0.0097354222,0.0008583033
0.0453590155,0.0040950282,-0.0006544721,0.0046370230,-0.0027766954,0.0066197906,0.0040407809
0.0554250479,0.0020571155,-0.0006832611,0.0036689839,0.0004078867,0.0087610390,0.0029810425
0.0654610395,0.0010356408,-0.0016560685,-0.0002045430,0.0015165601,0.0045124982,0.0008550410
0.0757700205,0.0019802256,-0.0016750824,-0.0021532571,-0.0006303741,0.0055484679,-0.0002062286
0.0857290030,0.0009819668,-0.0016803872,-0.0031292238,-0.0016548922,0.0012951331,-0.0002080929
0.0958590508,0.0009840083,-0.0007215869,-0.0031448400,-0.0027146712,0.0002117595,-0.0023327628
0.1060479879,0.0019525391,0.0012204517,-0.0002379812,-0.0006011855,0.0023593325,-0.0012704278
0.1162320375,0.0009725941,0.0002404917,0.0007364951,0.0005159033,-0.0018495275,0.0029762490
0.1261210442,-0.0000303733,-0.0007359516,0.0036559305,-0.0027067885,0.0002445159,0.0029781130
0.1362890005,-0.0010492402,-0.0047047865,0.0074736676,-0.0187226422,0.0012006575,0.0082913190
0.1465350389,-0.0001627850,-0.0136642586,0.0112149920,-0.0358158723,0.0032012239,0.0125438543
0.1565409899,-0.0012258190,-0.0130265485,0.0060945950,-0.0432898700,0.0031374416,0.0125442548
0.1679170132,0.0016215396,-0.0046460163,-0.0019756353,-0.0411465615,0.0020743078,0.0093577821
0.1764050722,0.0045483513,-0.0010860097,-0.0080826078,-0.0367878750,-0.0063568610,0.0125390608
0.1864320040,0.0055402024,0.0034532417,-0.0141821895,-0.0345460251,-0.0169344041,0.0146568064
0.1967290640,0.0046017719,0.0011188854,-0.0145317707,-0.0707728192,-0.0225287080,0.0189104732
0.2068250179,0.0085597737,-0.0111114513,-0.0091786180,-0.0642885566,-0.0310092755,0.0114719989
0.2165600061,0.0037719710,-0.0049500596,-0.0097771082,-0.0878174976,-0.0258670449,0.0178506020
0.2264590263,-0.0010742146,-0.0026995074,-0.0026103654,-0.0889831632,-0.0163619574,0.0125466511
0.2369170189,-0.0009801436,-0.0003716480,-0.0021786487,-0.0643015727,-0.0299616568,0.0093484614
0.2466480732,0.0040877713,0.0070263017,0.0003647410,-0.0396931693,-0.0361063667,0.0104009425
0.2567700148,0.0003376854,0.0087538231,0.0040003262,-0.0151708610,-0.0337769687,0.0093341460
0.2668390274,0.0014723194,0.0096084345,0.0067712269,-0.0194260590,-0.0348406322,0.0146436905
0.2771290541,0.0044430597,0.0132171381,0.0055587492,-0.0463196710,-0.0126746111,0.0327119045
0.2869360447,0.0157930348,0.0127059687,0.0003867351,-0.0853919759,0.2542098165,-0.1561450958
0.2971659899,0.0787070915,0.0264285672,0.0048374138,-0.1167169213,0.4839986861,-0.5117254257
0.3072201014,0.0134409023,0.0018502343,-0.0020868578,-0.1389963925,0.1708380878,-0.1774095148
0.3176530600,-0.0270860102,-0.0208706390,-0.0197377000,-0.1505150795,-0.0493566580,0.0794383362
0.3273940086,0.0183553938,-0.0180820357,-0.0107310805,-0.1237977073,0.0526727699,0.0688645169
0.3374340534,-0.0245624091,-0.0044822227,-0.0212600622,-0.0819378495,0.0297840312,0.0826460421
0.3475000858,0.0121042235,0.0055315364,-0.0129029546,-0.0609433502,-0.0410568528,0.0932233259
0.3579910994,0.0208750758,0.0293304194,-0.0017205275,-0.0584567338,-0.0772724524,0.0687840879
0.3676420450,-0.0103145139,-0.0093370210,-0.0072967806,-0.1191584393,-0.0893778503,0.0836586431
0.3777379990,0.0043567372,-0.0159389507,-0.0165387187,-0.2989336848,-0.1435468793,0.1537565738
0.3877700567,0.0230424199,-0.0089166295,-0.0440845303,-0.6110255718,-0.2011523843,0.1994644105
0.3981090784,0.0125144077,-0.0728441030,-0.0752550140,-1.0687912703,-0.2046860605,0.2707182765
0.4080070257,-0.0214591231,-0.1179592162,-0.0842644945,-1.5686961412,0.1592309028,0.2837685645
0.4179530144,-0.1479458511,-0.1183781177,-0.1020108834,-1.8687185049,0.3882958591,0.3402347267
0.4280540943,-0.0894773379,-0.0485646278,-0.1134845391,-1.8526726961,0.3853426874,0.3540325463
0.4383690357,-0.0103368806,0.0163177717,-0.1273860186,-1.7138158083,0.3714510202,0.3157656491
0.4485059977,-0.0249536540,0.0097099412,-0.1036163345,-1.5473283529,0.3707069457,0.3040432036
0.4582620859,-0.0061978744,0.0337136239,-0.0825046077,-1.3401956558,0.3607116938,0.2838123739
0.4682900906,0.0354419313,0.0339690894,-0.0589829497,-1.1497013569,0.3070878685,0.2667484283
0.4786640406,0.0666911229,0.0236943830,-0.0335147195,-1.0436031818,0.2623325884,0.2582042813
0.4884420633,0.0626522526,0.0269570816,-0.0191229973,-1.1924011707,0.3113403618,0.3251598775
0.4985719919,0.0429902487,0.0034803618,-0.0191567931,-1.4579461813,0.4005457163,0.3666813672
0.5085639954,0.0135190440,0.0369236320,-0.0474365763,-1.6271523237,0.4644450545,0.4665653408
0.5188390017,0.0451658927,0.1087577194,-0.0668706670,-1.7094854116,0.4807651937,0.4761511385
0.5288110971,0.0461305045,0.1474637836,-0.0840137973,-1.6914683580,0.4949036241,0.5048221350
0.5387840271,0.0596855693,0.1997600049,-0.1080946699,-1.4600117207,0.5086517930,0.5132656097
0.5488020182,0.0759959891,0.2462929934,-0.1316897124,-1.0801442862,0.5163733959,0.5375943780
0.5591310263,0.0947538242,0.2357713431,-0.1385745257,-0.7582843900,0.5629940033,0.5842552185
0.5689669847,0.0984232202,0.1923658699,-0.1263251156,-0.7070280910,0.7784544230,0.6873443127
0.5791130066,0.0540572070,0.0926449746,-0.1052866355,-0.7269139886,0.9571687579,0.7829994559
0.5890980959,0.0691402182,0.0960147828,-0.0920885578,-0.6989987493,0.9452260733,0.8668684959
0.5994050503,0.1418192387,0.1423432082,-0.1098683253,-0.6748044491,0.8767984509,0.9177943468
0.6092410088,0.1810669154,0.1663930863,-0.1454058737,-0.6958513856,0.8504678011,0.9761855006
0.6193200350,0.2131356150,0.1817574352,-0.1686181277,-0.7127108574,0.8314756751,1.0154681206
0.6294120550,0.2302352190,0.2040315717,-0.1805137247,-0.7470267415,0.8493875861,1.0420306921
0.6396420002,0.2252610028,0.2063562125,-0.1733823270,-1.0493786335,0.8865475655,1.1249456406
0.6495410204,0.1825300604,0.2307418436,-0.1495640129,-1.7231887579,1.0396511555,1.2611035109
0.6595530510,0.0458795242,0.2500184178,-0.1395104975,-2.4490776062,1.1722071171,1.4078831673
0.6696519852,-0.0013435084,0.2892704010,-0.1395101994,-3.0419204235,1.2325791121,1.5344179869
0.6799110174,0.0209430996,0.3357769847,-0.1422178000,-3.1820991039,1.1706553698,1.6639620066
0.6897610426,0.0807414725,0.4149942398,-0.1710298508,-2.8640465736,1.0691738129,1.7848756313
0.6999540329,0.1110919192,0.4547391534,-0.2437598556,-2.0851571560,0.9839938879,1.8356018066
0.7099061012,0.1060477272,0.4296350479,-0.2883272469,-1.1964682341,0.9114797115,1.8916152716
0.7201700211,0.0948170051,0.3208842278,-0.2696007192,-0.4453598559,0.8292061090,1.9370405674
0.7300090790,0.0621029697,0.2189957947,-0.2173882574,0.1757790595,0.7222591639,1.9527564049
0.7401010990,0.0502277575,0.1632542461,-0.1474242061,0.6398422122,0.6340674758,1.9632114172
0.7501690388,0.0514745526,0.1072199196,-0.0848248377,0.9024554491,0.6244609356,1.9281005859
0.7604550123,0.0112681342,0.0364136547,-0.0609965734,1.0101840496,0.7319692373,1.8357517719
0.7703170776,-0.0556605496,-0.0902580172,-0.0396724753,1.0916093588,0.8009874225,1.7338328362
0.7803570032,-0.0231264886,-0.2971250415,0.0328514166,1.0819103718,0.8044263124,1.6234110594
0.7904640436,0.0706415400,-0.4410662055,0.1173767671,0.9627984166,0.7522895932,1.4354768991
0.8007220030,0.1325646341,-0.5034530759,0.1584819108,0.8013387322,0.6622378230,1.1848869324
0.8106580973,0.1211645827,-0.5392853022,0.1208673343,0.6031002402,0.5144534707,0.9172900915
0.8206540346,0.0642204210,-0.4903165102,-0.0221332703,0.5360646248,0.3719355166,0.6305496097
0.8307460546,-0.0527798571,-0.3615099192,-0.2051719874,0.6186351776,0.3226976693,0.4542454183
0.8409770727,-0.1139276996,-0.2836727500,-0.2066852897,0.6794118881,0.2140970826,0.3161419630
0.8509080410,-0.0922346190,-0.2751032114,-0.1042912975,0.5692129135,0.1237418875,0.1133211926
0.8609570265,-0.1297494471,-0.2094928175,0.0806715712,0.1822887957,0.0709355921,0.0188932959
0.8720890284,-0.1565420032,-0.2430946976,0.3442044556,-0.4472475946,0.1652282774,0.0265328400
0.8813930750,-0.1778765917,-0.3982990384,0.4666043818,-1.0716207027,0.3838114142,0.0490981378
0.8911809921,-0.1907896698,-0.2817991972,0.3752843440,-1.3469151258,0.4878139794,0.0948773399
0.9011670351,-0.1815057099,-0.0342886001,0.1729257256,-1.1336783171,0.6148855686,0.0948869959
0.9113110304,-0.1753907502,0.0981158465,-0.0137460623,-0.6875051260,0.6082617640,0.1085737795
0.9215019941,-0.1422099471,0.1102651209,-0.0616516285,-0.2566089034,0.5294119716,0.1317848265
0.9314450026,-0.1503739655,0.1186381429,-0.0024534264,0.1281584948,0.3709232509,0.2080574930
0.9415630102,-0.1321613789,0.1050338596,0.0386917181,0.3701686859,0.2916175127,0.2514891028
0.9515380859,-0.1541073024,0.0687352270,0.0646783933,0.4653711021,0.2702214122,0.2599486411
0.9618160725,-0.1496582329,0.0620512217,0.1255973727,0.5342094302,0.2179137915,0.2822022140
0.9717030525,-0.1042483523,0.0965360850,0.2161702067,0.5023229122,0.2060946822,0.3023785949
0.9817169905,-0.1115689054,0.0467565507,0.2432356626,0.2748497427,0.2209943980,0.2886413634
0.9917770624,-0.1646216512,0.0034465063,0.1762966663,0.0344960019,0.2432379127,0.2791573107
1.0020639896,-0.2046034038,0.0116302837,0.0792418942,-0.1691970676,0.2251482010,0.2186771184
1.0119130611,-0.1819106340,-0.0275454652,0.0022263133,-0.1553070843,0.1110125780,0.1081894860
1.0219709873,-0.1632366776,-0.0575384647,-0.0127609167,0.0758025572,-0.0559259430,0.0708851218
1.0320260525,-0.1240708604,-0.0982569009,0.0548611470,0.2929045260,-0.2115216702,0.0017353490
1.0423539877,-0.0985955670,-0.1065159589,0.1281374842,0.3900295794,-0.3213741183,-0.0514333285
1.0521780252,-0.1259239018,-0.1381777078,0.1894574910,0.4165610671,-0.4171392620,-0.1279374212
1.0622420311,-0.1336505413,-0.1779101640,0.2133567482,0.4471980333,-0.4957870245,-0.1885072291
1.0723150969,-0.1129169539,-0.1476238519,0.1702017337,0.5990128517,-0.6304612160,-0.2162198126
1.0825960636,-0.0270971712,-0.1373638660,0.1323415786,0.5752378106,-0.7069902420,-0.2045736164
1.0924479961,0.0264630560,-0.2740262747,0.2116142064,0.3485785723,-0.7738353014,-0.2257854193
1.1025010347,-0.0135183381,-0.2095927149,0.2395892292,0.1798519939,-0.7637071013,-0.2363547087
1.1126760244,-0.0754672661,-0.0902979523,0.1890193373,0.2653432190,-0.7769829631,-0.2714224160
1.1228110790,-0.1096514538,-0.0121685993,0.1168155894,0.5087604523,-0.7866122127,-0.2842302322
1.1327180862,-0.1254192293,0.0097077359,0.0718336925,0.6661232114,-0.8315868974,-0.2322645038
1.1427680254,-0.1361252666,-0.0627000481,0.1590559632,0.5485751629,-0.6009975672,-0.1864616424
1.1528060436,-0.1375984251,-0.0441320688,0.0832129344,-0.2895737886,-0.4493433237,-0.0523864068
1.1631230116,-0.1348045170,-0.1332383901,-0.0403020792,-1.0470637083,-0.1498656869,0.0244049095
1.1729900837,-0.1773035824,0.1514525265,-0.0558513217,-1.2868810892,0.0375444181,0.1211831123
1.1830250025,-0.1356628835,0.1559320539,-0.0934752002,-1.3504782915,0.1018674821,0.1445914954
1.1931310892,-0.0678107515,-0.0142686497,-0.0210032258,-1.3567603827,-0.0194983631,0.0914425328
1.2034569979,-0.0568525232,-0.0107395779,0.0391322561,-0.9354538321,0.1091917679,0.0606062524
1.2132670879,-0.0779436901,0.0712243170,-0.0351292901,-0.3292742074,0.1055480316,-0.0085664243
1.2233060598,-0.0441398062,0.0680942386,0.0475050397,0.0711586997,0.0824069008,-0.0256677810
1.2334470749,-0.0147750126,-0.0344552547,0.0663427934,0.1736102402,-0.0238897149,-0.0289322827
1.2436470985,-0.0327951945,0.0013046134,0.0451284237,0.3087051809,-0.0864172727,-0.0353683420
1.2535140514,-0.0254145917,0.0616988391,0.0546328016,0.2567863166,-0.0179548617,-0.0438153557
1.2635689974,0.0278692786,-0.0906334668,0.0697052106,-0.0718401000,-0.0261933506,-0.0532919504
1.2736700773,0.0341613553,-0.1986128837,-0.0017427005,-0.2507168949,0.0403550528,-0.0224211197
1.2839289904,-0.0074276077,-0.1599522978,-0.0739279762,-0.1262287498,-0.0298456773,-0.0522172973
1.2937960625,-0.0105983065,0.0419453233,-0.1005795971,0.1173066795,-0.0499184541,-0.0395475738
1.3038539886,-0.0111375200,0.1437164396,-0.1048012152,0.2682592571,0.0086866701,-0.0416814312
1.3139110804,-0.0549184121,0.0835544914,-0.0702516213,0.3054985106,0.0195744708,-0.0491180457
1.3242130280,-0.0685904697,0.0653673857,-0.0491234474,0.2843557000,0.0039851926,0.0294528641
1.3340359926,-0.0410230197,0.1148154587,0.0150011387,-0.1553875804,0.0134170428,0.1123895571
1.3440830708,-0.0598893501,0.0511208028,0.0370329209,-0.8372436762,0.0055530621,0.1454750001
1.3541750908,-0.1105220690,0.0812032670,-0.0111242924,-1.4078477621,0.0818904489,0.2497143149
1.3645900488,-0.1212829426,0.1471246928,-0.0564033799,-1.6659278870,0.1747612655,0.3549419343
1.3743849993,-0.0820849612,0.1773625463,-0.1139395609,-1.4808344841,0.2335249782,0.3315647244
1.3844640255,-0.1251417398,0.1544980854,-0.1864262670,-1.1206719875,0.1896463931,0.4429419041
1.3945109844,-0.0642624572,0.1012562364,-0.0965543762,-1.0270893574,0.1161455512,0.4365106523
1.4047230482,-0.1028949693,0.0104195345,-0.0109597240,-0.9105096459,0.0905879289,0.4290357232
1.4148010015,-0.0757212713,0.0123661030,-0.0326468162,-0.6174013019,0.1281574070,0.4279182851
1.4246770144,-0.0775547698,0.0334246606,-0.1318721026,-0.3243124187,0.1654492468,0.3843294084
1.4347280264,-0.0950770453,0.0174322594,-0.1668384522,-0.2081147283,0.1781085879,0.3800590336
1.4450629950,-0.0885267332,0.0095534194,-0.0600035004,-0.4155226350,0.2144827098,0.3780061007
1.4548799992,-0.0576622523,0.0113776196,0.0311858263,-0.8077644110,0.2715598345,0.3813196123
1.4648619890,-0.0493277051,-0.0024708640,0.0598151870,-1.0492233038,0.2981502414,0.3888253868
1.4751679897,-0.0436366238,-0.0360076576,0.0654514655,-0.9410368800,0.2563953400,0.3494905233
1.4852920771,-0.0619461872,0.0126886237,0.0264800396,-0.5668644905,0.1928264797,0.3514892161
1.4951190948,-0.1252312064,0.1549917907,-0.0147409234,-0.1231549606,0.1153990701,0.4129222333
1.5051900148,-0.1695197225,0.2629298568,-0.0621815734,0.3579726517,0.0332292952,0.5104435086
1.5152910948,-0.2006433904,0.3241921067,-0.1236031428,0.9953959584,-0.0951595679,0.6333861947
1.5255330801,-0.1513193548,0.3286944628,-0.1318588704,1.5380520821,-0.2457169145,0.7382924557
1.5353590250,-0.0546991564,0.2146096081,-0.0641393438,1.7240052223,-0.2669385970,0.8146841526
1.5454560518,-0.0154667841,0.1633515805,0.0214041080,1.5248538256,-0.1993040740,0.8763514757
1.5555160046,0.0086066378,0.1699576825,0.1446785480,1.1108851433,-0.2091135681,0.9029966593
1.5658270121,0.0232195202,0.1703249067,0.1983045489,0.7427732348,-0.2177318782,0.8882212639
1.5756860971,0.0048027886,0.0954532474,0.1632409245,0.4135670960,-0.1675249040,0.8925771117
1.5857310295,-0.0127451168,0.0068065394,0.1095708832,0.0894810632,-0.0972356349,0.8778280616
1.5957890749,-0.0507808961,0.0063789953,0.0361435004,-0.2217457891,-0.0321823321,0.8567036390
1.6060800552,-0.0978129581,0.0079035629,-0.0283621345,-0.4690918326,0.0494829714,0.8568080068
1.6159480810,-0.1286803186,0.0082616080,-0.0494729094,-0.5300864577,0.0683543980,0.9035520554
1.6260139942,-0.0669492856,0.0264807809,-0.0392094068,-0.5139829516,0.0601444021,0.9247800708
1.6360380650,0.0064349128,0.0652669519,-0.0289599095,-0.5774822831,0.0088785514,0.9587481618
1.6463320255,0.0364658795,0.1499107331,-0.0182531271,-0.5796684623,0.0189552866,1.0426365137
1.6562160254,0.0019869758,0.2103294581,0.0407032557,-0.3631718457,0.0383428335,1.1222262383
1.6662720442,0.0248119179,0.2160156816,0.1224422082,0.0899409354,-0.0199918468,1.1698622704
1.6763499975,0.0349694453,0.2542644143,0.1132406220,0.4604167342,-0.0311821811,1.2355941534
1.6866320372,-0.0165595468,0.2312121838,-0.0030790367,0.6368868351,-0.0676875263,1.2588901520
1.6964800358,-0.0660345629,0.1467594951,-0.1274983734,0.8035964966,-0.0883344859,1.2864443064
1.7065399885,-0.0892829373,0.1564949602,-0.1471387595,0.7526333928,-0.1142116189,1.2917535305
1.7166110277,-0.1085905507,0.0708330125,-0.0897016302,0.5362230539,-0.1384748966,1.2779929638
1.7268890142,-0.1158785895,-0.0105771553,-0.0171913896,0.3569007218,-0.1370311230,1.2514945269
1.7367330790,-0.0964160040,-0.0226417314,0.0568678565,0.1891873628,-0.1227664202,1.2228755951
1.7467540503,-0.0817235187,-0.0973827988,0.1396541744,0.1036422402,-0.1066056341,1.2122876644
1.7568840981,-0.0118935751,-0.1014067680,0.1666938812,0.1246860027,-0.0791170225,1.1687623262
1.7671310902,0.0488005243,-0.0700907260,0.0987892970,0.0433378294,-0.0578492805,1.1220748425
1.7770060301,0.0570824705,-0.0647506267,-0.0187667999,-0.0655050278,-0.0611436106,1.0881232023
1.7870670557,0.0628211424,-0.0355145484,-0.1212660447,-0.1111812592,-0.0851767063,1.0435266495
1.7971310616,0.0609339438,-0.0325523764,-0.1837856621,-0.0971770138,-0.0989385918,1.0297127962
1.8074200153,0.0522134267,-0.0408230573,-0.1737453789,0.0074485638,-0.1034417301,1.0126959085
1.8172730207,0.0534550510,-0.0134333503,-0.1370860785,0.2057131827,-0.1854812205,1.0210989714
1.8273640871,0.0853568241,0.0341882557,-0.1258763522,0.4044071436,-0.2038160712,1.0348423719
1.8373540640,0.0643069074,0.0331327170,-0.1077181473,0.5430630445,-0.1939293444,1.0634806156
1.8477040529,0.0567433797,0.0734677166,-0.0504923277,0.5320056081,-0.1546615660,1.0794299841
1.8575019836,0.0018543553,0.0987312645,0.0541621633,0.5574606061,-0.1360753775,1.1293374300
1.8676149845,0.0013668489,0.1097462624,0.1312568337,0.4798672497,-0.0578581356,1.1867332458
1.8778690100,0.0018656802,0.0619804114,0.1323539168,0.2965251207,-0.0795996487,1.1899542809
1.8879700899,-0.0246061143,0.0019947756,0.0676543936,0.2905058861,-0.1178588197,1.1888750792
1.8977690935,0.0021116091,-0.0102579128,-0.0316265039,0.3153252006,-0.1452512890,1.1856696606
1.9078871012,0.0553703271,-0.0876633674,-0.0432250910,0.1545431763,-0.1840434372,1.1474666595
1.9179060459,0.0933910534,-0.1123951823,-0.0070686736,-0.0233498532,-0.2198568285,1.1007748842
1.9282170534,0.0877215788,-0.0028410684,0.0170275774,-0.2045464963,-0.2414485365,1.1241699457
1.9380570650,0.0507941805,0.0563378781,0.0412457176,-0.0564124137,-0.3236075938,1.1814284325
1.9481520653,0.0736486837,0.1600780934,0.0251798239,0.4326746166,-0.3496712744,1.2481844425
1.9581940174,0.0591466390,0.2126790732,-0.0175538454,0.7934248447,-0.3481303751,1.3266668320
1.9684720039,0.0306934658,0.1795698851,-0.0597067885,0.9941198826,-0.3501924574,1.3924460411
1.9781470299,0.0070205880,0.1380513161,-0.0971427932,1.1444166899,-0.3294754624,1.4391374588
1.9882040024,0.0066814972,0.0965718478,-0.0865725055,1.1518492699,-0.3238974810,1.4709923267
1.9983379841,0.0190053526,0.0640044361,-0.0104309712,0.9594593644,-0.2947784662,1.4753029346
2.0089621544,0.0264341179,0.0096914638,0.1054508314,0.4522410631,-0.2675350010,1.4510236979
2.0186228752,0.0136828376,-0.0248610806,0.2029382735,-0.0739428252,-0.2648971379,1.4214282036
2.0286540985,-0.0162227806,-0.0168909859,0.2203675658,-0.3386989236,-0.2577976286,1.4002624750
2.0387539864,-0.0125217484,-0.0680256039,0.2151608616,-0.3629989326,-0.2836284339,1.3768961430
2.0489320755,-0.0203341302,-0.1072595268,0.2326957136,-0.2444548458,-0.2922270894,1.3641214371
2.0588121414,-0.0483098067,-0.1190162450,0.1775760800,-0.1325357556,-0.2797366083,1.3396779299
2.0690441132,-0.0817548111,-0.0925613195,0.0518220253,0.1009086892,-0.2534445524,1.3162721395
2.0792951584,-0.0994995311,0.0187507141,-0.0702518001,0.3461325467,-0.2289157808,1.3321491480
2.0892939568,-0.0744835213,0.0077853072,-0.0775039569,0.4589084983,-0.1962967664,1.3013429642
2.0991239548,-0.0523832478,-0.0375380963,-0.0103278551,0.5772916079,-0.1901509911,1.2715855837
2.1092171669,-0.0035604285,-0.0538312942,0.0480548330,0.5195058584,-0.1772018969,1.2195799351
2.1192641258,-0.0102030681,-0.0873429924,0.0824810490,0.4361861348,-0.1706196368,1.2015537024
2.1296000481,-0.0253540929,-0.0736117512,0.0863673314,0.4480861127,-0.1864541322,1.1983586550
2.1393880844,-0.0549696721,-0.0436055809,0.1336156279,0.6460375786,-0.2377799004,1.1982827187
2.1494541168,-0.0733310059,-0.0310188364,0.1401789337,0.8757806420,-0.2665099502,1.2035185099
2.1595211029,-0.0893588141,-0.0627628118,0.0681749210,0.8384252787,-0.2657128572,1.2130845785
2.1698341370,-0.0973107889,-0.1046360880,-0.0294559989,0.7603023648,-0.2453121245,1.1918791533
2.1796700954,-0.0787835196,-0.0694259256,-0.1103198305,0.5998703241,-0.2130420655,1.1484022141
2.1897611618,-0.0485472716,-0.1211089641,-0.1159341112,0.2793755233,-0.1844220757,1.0847883224
2.1998019218,-0.0192774590,-0.1856580824,-0.0681739226,-0.1061615124,-0.1617465913,1.0105715990
2.2100849152,0.0033182455,-0.1807001978,-0.0110248122,-0.4477680624,-0.1556037366,0.9458927512
2.2199201584,0.0112768365,-0.2181733102,0.0541694947,-0.5475623012,-0.1048622653,0.8875445127
2.2300050259,-0.0120066451,-0.2315182239,0.1182059273,-0.3637419939,-0.1332430989,0.8450106978
2.2400500774,0.0083790971,-0.1614760607,0.1317148358,-0.0259860642,-0.1880072802,0.7811896205
2.2503540516,-0.0047963904,-0.0761681348,0.0184532013,0.2547596097,-0.1964021623,0.7450137734
2.2602159977,-0.0392863788,-0.0151759218,-0.1283542961,0.4064889550,-0.2141073793,0.7555844188
2.2702720165,0.0093302680,0.0098231900,-0.1681010574,0.5135703683,-0.2515510321,0.7279313803
2.2803969383,0.0843694732,0.0146516729,-0.1256922334,0.5016694665,-0.2381721139,0.6801601648
2.2905941010,0.0850456879,0.0266291369,-0.0810273662,0.3477548361,-0.2139818221,0.6908300519
2.3005199432,0.0983923599,-0.0358900279,-0.0296965633,0.2860451341,-0.2337243706,0.6749088764
2.3105170727,0.1119599268,-0.0550524741,0.0219305959,0.5829242468,-0.2534474730,0.6695133448
2.3206110001,0.0799269602,0.0534668416,-0.0120284352,0.8285433054,-0.2681619823,0.6874942183
2.3308660984,0.0284544770,0.0559393913,-0.0845542923,0.8966549635,-0.2471921742,0.7204036117
2.3407402039,-0.0113177346,0.0596921593,-0.1719094366,0.8612011075,-0.2218141109,0.7544028163
2.3507828712,-0.0228672083,0.0277107526,-0.2018509954,0.8399562836,-0.2315075547,0.7607737780
2.3608710766,-0.0050882148,0.0054736305,-0.1840922683,0.7800969481,-0.2225358933,0.7522990704
2.3711910248,-0.0030994462,-0.0426614732,-0.1297367662,0.6175017357,-0.1859101802,0.7290003300
2.3810081482,-0.0187782105,-0.0190365147,-0.0702882782,0.4155997634,-0.1676720530,0.7046393156
2.3910660744,-0.0109440135,-0.0279882681,-0.0022660294,0.1583425403,-0.1637461483,0.6749761105
2.4011940956,-0.0188674983,-0.1001795679,0.1064913496,0.1328646243,-0.1778321415,0.6643575430
2.4114050865,-0.0312829055,-0.0460759252,0.2370779067,0.4316710830,-0.2835787535,0.6451166272
2.4212489128,-0.0144405412,0.0195545722,0.2293263823,0.6816753149,-0.3135323822,0.5983190536
2.4313249588,-0.0793650821,0.0331498832,0.1046378240,0.7500170469,-0.3147107661,0.6513901353
2.4413981438,-0.0894888714,0.0737748295,-0.0024001396,0.8225322962,-0.3087234497,0.6588073373
2.4517290592,-0.0860885456,0.1176045984,-0.0316140465,0.7766019106,-0.3061575592,0.6259061694
2.4615221024,-0.0740132406,0.0724293143,0.0045368276,0.6484825611,-0.3021095395,0.6047047377
2.4715919495,-0.0364529528,0.0611818582,0.0258401837,0.5147698522,-0.2738356888,0.5633417964
2.4817199707,-0.0165479239,0.0624849647,0.0243162718,0.3960474432,-0.2496070564,0.5325918198
2.4919528961,0.0015448284,0.0647899359,-0.0113692675,0.2970669270,-0.2782113552,0.5092421174
2.5017840862,0.0186768714,-0.0558288544,0.0118565764,0.2576742470,-0.2893670797,0.4784543514
2.5118489265,-0.0280669983,-0.2053748816,0.0775224194,0.4213626683,-0.2232247889,0.4763227701
2.5219869614,-0.0767541006,-0.1362062544,0.0760388598,0.6249855757,-0.2012369335,0.4837146401
2.5321731567,-0.0763645247,-0.0585077852,0.0200838055,0.7605645061,-0.2065506727,0.4635033309
2.5421230793,-0.0828137472,0.0177546311,-0.0272173677,0.7777019739,-0.2115750015,0.4836706519
2.5521211624,-0.0335704125,0.0212872196,0.0146347489,0.6392639279,-0.2414199859,0.4858144820
2.5622169971,0.0159040634,0.0323857218,0.0528040119,0.4666405022,-0.2696489394,0.4561138451
2.5724790096,0.0117470575,0.0131187309,0.0431651063,0.3917512894,-0.2524176538,0.4327828288
2.5823500156,-0.0031870650,-0.0014961790,0.0030883753,0.4450517893,-0.2466811836,0.4274631441
2.5923829079,-0.0034022378,0.0115554202,-0.0057591596,0.5008499026,-0.2781645358,0.4061967432
2.6024961472,-0.0093052434,-0.0098970365,0.0139310565,0.6453165412,-0.3172312677,0.4050787389
2.6127309799,-0.0200452860,-0.0210750829,0.0754873976,0.9399530888,-0.3240487576,0.4294222295
2.6225891113,-0.0208053645,-0.0112576615,0.1086213216,1.1481065750,-0.3286040723,0.4283052981
2.6326489449,-0.0389534272,-0.0000510645,0.0712986812,1.1780104637,-0.3315660357,0.4219238460
2.6427760124,-0.0686973408,0.0449925214,0.0104226675,1.1515208483,-0.3509386778,0.4155501127
2.6530399323,-0.0534033813,0.0784154981,-0.0034773746,1.1356091499,-0.3606771231,0.4081178308
2.6628551483,-0.0304007586,0.0638476163,0.0363331027,1.0021179914,-0.3535481095,0.3784249127
2.6729140282,-0.0299187955,-0.0141329598,0.0605966039,0.8782525659,-0.3485000432,0.3423589766
2.6829791069,-0.0115686702,-0.0288497340,-0.0028955138,0.8664912581,-0.3477008045,0.3179409802
2.6933422089,0.0251594726,-0.0541494042,-0.0363693647,0.9441010356,-0.3196215034,0.2892670035
2.7031390667,0.0224318448,-0.1235138029,-0.0265271459,1.0909380913,-0.2771014869,0.2669531703
2.7131619453,-0.0010469604,-0.1102517694,-0.0633725300,0.9878325462,-0.2121640146,0.2744427621
2.7232630253,-0.0238516983,-0.0668792278,-0.0819223300,0.7579093575,-0.1653688103,0.2734627128
2.7335970402,-0.0128428983,0.0397410840,-0.0723031536,0.3901972771,-0.1082998738,0.2427934408
2.7434039116,0.0046534492,-0.0008366835,-0.0357097201,0.0440923274,-0.0775547400,0.2142281085
2.7534410954,0.0246485416,-0.0030481052,-0.0098410640,-0.3592713177,0.0215863548,0.1740307510
2.7635300159,0.0040628863,-0.0585199147,-0.0112122688,-0.6736495495,0.0812651291,0.1465336084
2.7738120556,-0.0177881774,-0.0472740382,-0.0372575931,-0.7220563293,0.1190213710,0.1433790326
2.7837500572,-0.0212662276,-0.0502284914,-0.0234491024,-0.6474227905,0.1272185743,0.1614147574
2.7937369347,-0.0257545765,-0.0416469723,0.0047028265,-0.4979512393,0.1222678944,0.1783635169
2.8038270473,-0.0252366122,0.0271539558,0.0179441180,-0.3922016621,0.1137455106,0.1942593902
2.8140711784,-0.0108326124,0.0245832372,0.0285763349,-0.3161543012,0.0868766084,0.2027210593
2.8239700794,-0.0109061049,0.0105616618,0.0753181204,-0.0559397563,-0.0010852001,0.1962402612
2.8339929581,0.0121099902,0.0347971767,0.0442111082,0.2026520073,-0.0339262374,0.1834171265
2.8440980911,-0.0046639489,0.0302362014,-0.0387688689,0.4259689748,-0.0594326630,0.2035218626
2.8543729782,-0.0084908651,0.0817002803,-0.0936699882,0.6495239139,-0.1094036847,0.2140573412
2.8642070293,-0.0033114599,0.1269018799,-0.1320854276,0.8525100946,-0.1286104023,0.2511591613
2.8742651939,-0.0049680518,0.1524175853,-0.1103842035,1.0511614084,-0.1415515691,0.2787098885
2.8845570087,0.0050401641,0.1098561138,-0.0684157386,1.1406174898,-0.1227523088,0.2755111754
2.8946661949,-0.0075475024,0.0472003669,-0.0258474741,1.1875740290,-0.1223147586,0.2797469199
2.9045000076,-0.0045351433,-0.0001630616,0.0710736737,1.2601009607,-0.1173745915,0.2892871797
2.9146540165,0.0004118037,-0.0728806108,0.1776860505,1.1460181475,-0.1290223300,0.2829383314
2.9246640205,-0.0188512858,-0.0934330672,0.2005598694,1.0049936771,-0.1155856103,0.2543122768
2.9348978996,-0.0360335745,-0.0092153680,0.1453792006,0.8160066009,-0.1066543013,0.2501187325
2.9447679520,-0.0258693751,0.0031306613,0.1155576929,0.5069664717,-0.1553821564,0.1885885298
2.9548380375,-0.0235022958,-0.0818275958,0.0808788165,0.3233762980,-0.1563464254,0.1238645911
2.9648981094,-0.0103861140,-0.1640905887,0.0163836088,0.2411850095,-0.1561554819,0.1005259752
2.9751801491,-0.0413895883,-0.1103737503,-0.0281877313,0.2986938357,-0.1439672559,0.1026410609
2.9850192070,-0.0498143472,-0.0046903919,-0.1061781421,0.3722468913,-0.1335535049,0.1366051435
2.9950520992,-0.0475462712,0.0651326627,-0.1180323735,0.4641266763,-0.1409060806,0.1875430346
3.0067138672,-0.0190264639,0.1066285223,-0.0647617951,0.4764752090,-0.0939577520,0.2109229267
3.0157361031,-0.0073618935,0.0686414391,-0.0039142170,0.5147516131,-0.0787215382,0.2183552682
3.0256171227,0.0287837926,0.0659842938,0.0401126333,0.6033856273,-0.0855341703,0.1939079911
3.0353660583,0.0503277741,0.0265583564,0.0939659104,0.6412758827,-0.1405461580,0.1683875769
3.0454699993,0.0448362790,-0.0118009280,0.1480647475,0.7103193998,-0.2153985649,0.1502820700
3.0556449890,0.0378227197,0.0198119152,0.1437517554,0.7106109858,-0.2451611757,0.1417718828
3.0656390190,0.0262441579,0.0023850072,0.1136707291,0.6374004483,-0.2883067727,0.1322127283
3.0755991936,0.0235482994,0.0088013876,0.1083389744,0.5671042800,-0.3028060496,0.1184209511
3.0863530636,0.0296984855,-0.0236115884,0.0781212673,0.4241410494,-0.3084375560,0.0972184613
3.0965139866,0.0269235913,-0.0386260897,0.0296175685,0.2572751641,-0.2717772126,0.0845361575
3.1063890457,0.0092037274,-0.0148889851,-0.0227545295,0.0881873518,-0.2255324870,0.0803549960
3.1158771515,0.0018562031,-0.0618688017,-0.0427351408,-0.0125038652,-0.1882489622,0.0750919878
3.1259751320,0.0125444485,-0.1100218445,-0.0308983717,-0.0338797271,-0.0791842639,0.0687810928
3.1360790730,-0.0037979530,-0.1496911794,-0.0296257529,-0.0453665257,0.0012968641,0.0592676178
3.1459600925,-0.0244238432,-0.0921088010,-0.0183317456,-0.0192028340,0.0524165072,0.0529157147
3.1560301781,-0.0471953191,-0.0294610392,0.0043764315,-0.0085137039,0.0515172891,0.0635312051
3.1660881042,-0.0386512317,-0.0083617698,0.0516636558,0.0173253510,0.0295153204,0.0720080510
3.1763749123,-0.0209539589,0.0363232940,0.0835411772,0.0582661778,-0.0082577588,0.0825971738
3.1862270832,-0.0145695256,0.1034254283,0.0462778397,0.0637078136,-0.0164291374,0.1240018681
3.1962940693,-0.0148669528,0.1194744557,0.0189230647,0.1022827476,-0.0307588074,0.1526516378
3.2063670158,-0.0071786093,0.0878661126,0.0011887156,0.3073978126,-0.0512156114,0.1578983217
3.2167510986,-0.0159114059,0.0773107857,-0.0485980324,0.6361736655,-0.0566602461,0.1843576878
3.2266480923,-0.0207090434,0.0821403116,-0.1071938053,0.7744939923,-0.0127521763,0.2236310691
3.2367160320,-0.0277893003,0.0368562788,-0.0939212814,0.7349234223,-0.0046369252,0.2193981707
3.2467620373,-0.0222037490,0.0206007231,-0.0660577789,0.7360779047,-0.0130879339,0.2236408442
3.2570109367,-0.0097821997,0.0129842628,-0.0215678010,0.6464095116,-0.0106318332,0.2321585566
3.2668850422,0.0025434447,-0.1084632427,0.0422849841,0.4630354345,-0.0315893143,0.1929080933
3.2769551277,-0.0057432102,-0.1871130913,0.0848069414,0.4518978596,0.0126515841,0.1578931957
3.2870481014,-0.0512311496,-0.1388120800,0.0369470306,0.4302745759,0.0400027819,0.1504797488
3.2973160744,-0.0605548657,-0.1491024345,-0.0281430278,0.4154375196,0.0291853547,0.1387990564
3.3071842194,-0.0443888940,-0.0663476139,-0.0736282840,0.3355642557,0.0113925077,0.1207598746
3.3172290325,-0.0136750983,-0.0347144157,-0.0648404732,0.2440744489,-0.0193323810,0.0878525227
3.3273169994,0.0208486263,0.0012371410,-0.0313905291,0.1895161420,-0.0083652176,0.0528324880
3.3375549316,0.0366259776,-0.0160202514,-0.0152359400,0.1147153676,-0.0007371916,0.0210011210
3.3474330902,0.0267158095,-0.0240346920,-0.0070551434,0.1249679998,0.0394941159,-0.0065881610
3.3575420380,0.0078015281,-0.0106006693,-0.0169048104,0.1856237203,0.0546025634,-0.0490680449
3.3675520420,-0.0074103521,-0.0397625715,-0.0162169728,0.2763157785,0.0552148223,-0.0766975433
3.3778948784,-0.0206639227,0.0003719795,-0.0031668940,0.2956243455,0.0446609817,-0.0936957002
3.3876872063,-0.0124857472,0.0053326059,0.0492398329,0.2521756589,0.0134404786,-0.1043182462
3.3977851868,0.0105136586,0.0052093733,0.1147794947,0.2451215237,-0.0291323476,-0.1149575114
3.4078311920,0.0201613251,0.0329608768,0.1171631441,0.2123398781,-0.0579160601,-0.0916039869
3.4181079865,0.0136321140,0.0576659292,0.0731266961,0.2011170387,-0.1077416763,-0.0693269074
3.4279530048,0.0151931001,0.0767320246,0.0244553294,0.2162390053,-0.1244349033,-0.0459795110
3.4380578995,0.0041807247,0.0690310746,-0.0125379357,0.2836005986,-0.1353320777,-0.0173331518
3.4480981827,0.0021031452,0.0824899226,-0.0430158190,0.3807077110,-0.1333051473,0.0006937866
3.4584200382,-0.0028011249,0.0801289827,-0.0777233616,0.5422660708,-0.1731723994,0.0165593028
3.4682221413,0.0083360625,0.0951922387,-0.1269158572,0.9909479618,-0.2168919146,0.0334123187
3.4782810211,0.0283908192,0.1012437791,-0.1777727455,1.3482772112,-0.1954414248,0.0779277831
3.4884319305,0.0268401448,0.0215808321,-0.1603624672,1.4323720932,-0.1710237116,0.1299467832
3.4986259937,0.0261896793,0.0425210744,-0.1115239635,1.4084769487,-0.1274923384,0.1660759002
3.5085201263,0.0246174876,0.0631764084,-0.0998223796,1.3347518444,-0.1185518429,0.1714080721
3.5185551643,0.0033490015,0.0964872092,-0.0584378056,1.0637420416,-0.1263907254,0.1459899396
3.5286521912,0.0062688543,0.0283251870,-0.0055725970,0.6526211500,-0.1059847847,0.0834583715
3.5389730930,-0.0097253965,-0.0548359305,0.0055082045,0.4375138283,-0.0498913564,0.0240807366
3.5488500595,-0.0233726557,-0.0846921653,0.0303132739,0.3098879755,0.0114809256,0.0060932129
3.5588121414,-0.0196468886,-0.0957295150,0.0444849916,0.2968425155,0.0334994085,-0.0172536541
3.5689291954,-0.0052387165,-0.0252775680,0.0163608994,0.3071830571,0.0664767995,-0.0183016080
3.5791640282,0.0098965717,0.0156134237,0.0275142994,0.0775700510,0.0825095549,-0.0182350297
3.5890350342,0.0160214845,0.0152974892,0.0915292725,-0.1956734657,0.0853591412,-0.0287822131
3.5990891457,0.0319367610,0.0224192608,0.1497684866,-0.3683041930,0.0582397766,-0.0510498360
3.6091890335,0.0450620018,0.0080428291,0.1914774328,-0.5236788988,0.0132392775,-0.0722688362
3.6194281578,0.0370457135,-0.0285371672,0.2235174328,-0.5415864587,-0.1175779253,-0.0946268141
3.6293101311,0.0189272705,-0.0035329890,0.1657427698,-0.2640568316,-0.1225606948,-0.0915143713
3.6393539906,-0.0420535840,0.0475298017,0.0252489056,0.0716722682,-0.0734827071,-0.0119395843
3.6494510174,-0.0569027700,0.0587159246,-0.0709613934,0.5072008371,-0.0786540285,0.0760765597
3.6597042084,-0.0401231088,0.1235924512,-0.1477161497,0.9543369412,-0.0710252747,0.1587870121
3.6695442200,-0.0377827920,0.1542882174,-0.2019383758,1.2776029110,-0.0571685731,0.2234815955
3.6796479225,-0.0237640198,0.1699206084,-0.1918517798,1.3106077909,-0.0482525788,0.2447131127
3.6896870136,-0.0030621337,0.1095763296,-0.1278773397,1.1813642979,-0.0377578586,0.2373185754
3.7000231743,0.0106389476,0.0695688576,-0.0457993560,0.9721326232,-0.0333857499,0.2118915170
3.7098112106,0.0154508902,0.0155301560,0.0235265102,0.7907143831,-0.0362529084,0.1779585779
3.7199110985,0.0084540797,-0.0358311683,0.0535249300,0.6379171014,-0.0197348520,0.1493361890
3.7299251556,-0.0114095854,-0.0718163103,0.0479588695,0.5032181740,0.0011501906,0.1154032573
3.7402629852,-0.0178101119,-0.0784627646,0.0358636566,0.4025711119,0.0330750346,0.1016414464
3.7500801086,-0.0137265371,-0.0623935312,0.0494331308,0.3245007992,0.0469786003,0.0602580458
3.7601439953,-0.0000134158,-0.0322066396,0.0465291925,0.3148369193,0.0520882048,0.0432750024
3.7702231407,0.0242785159,-0.0410230905,0.0720499977,0.2946131229,0.0453858301,0.0188554116
3.7805449963,0.0319267474,-0.0490962416,0.1143805012,0.2630169988,0.0026121328,0.0103462143
3.7903490067,0.0313589536,-0.0472197384,0.1170456633,0.5316905379,-0.1839785129,0.0006286057
3.8004970551,0.0650236532,0.0049497653,0.0399396010,0.9249738455,-0.2366162986,0.0259865597
3.8105010986,0.0266452972,0.0053666104,-0.0356216244,1.1057292223,-0.2728840113,0.0800742954
3.8208022118,0.0256940667,0.0213711727,-0.0765524283,1.1912485361,-0.2846075892,0.1203954220
3.8306250572,0.0359721147,0.0357718915,-0.1368790716,1.1223353148,-0.3273420036,0.1681725234
3.8406701088,0.0501162969,0.0083746780,-0.0882977024,0.9912534356,-0.3453879058,0.1798761338
3.8507609367,0.0594802462,0.0091138352,-0.0298669729,0.7087008357,-0.3723718524,0.1629456133
3.8610382080,0.0532149635,-0.0238009822,0.0126571860,0.4612915814,-0.3915865719,0.1513190567
3.8709130287,0.0460659824,-0.0031976234,0.0580660887,0.3376410007,-0.4064885676,0.1470958143
3.8809580803,0.0320780240,-0.0199732911,0.1148327217,0.2608532608,-0.4113833904,0.1502987295
3.8912181854,0.0006481362,0.0016768444,0.1073791012,0.2210653871,-0.3808968663,0.1598802507
3.9013130665,-0.0267825183,0.0590690821,0.0363695212,0.2271900922,-0.3532117307,0.1662617773
3.9111928940,-0.0133543657,0.1086194366,-0.0003889598,0.1244746298,-0.3276438117,0.1567444354
3.9212160110,-0.0020135688,0.0916912407,0.0025110447,0.1045392156,-0.3617940545,0.1535473168
3.9312911034,0.0083552552,0.1021432132,0.0149074402,0.1511424035,-0.3263569474,0.1556767821
3.9415650368,-0.0148519920,0.0197163094,0.0235995259,0.2912501395,-0.2497751117,0.1588653773
3.9514498711,-0.0529475249,0.0568635911,0.0157353487,0.5403872728,-0.1902444065,0.1673262417
3.9615039825,-0.0783793405,0.0542966574,-0.0364849381,0.7481043339,-0.1501063854,0.1864062548
3.9716019630,-0.0826506689,0.0254682768,-0.0499861054,0.8168210983,-0.0847377554,0.1927922517
3.9818449020,-0.0540665425,-0.0433834344,0.0040200553,0.6458279490,-0.0619371682,0.1758586168
3.9917268753,-0.0121051120,-0.0960264951,0.0590152927,0.4298839271,-0.0280297995,0.1323966235
4.0017642975,0.0256064478,-0.1103550345,0.1054278836,0.1179269776,0.0018426124,0.0868325979
4.0118618011,0.0393546186,-0.1461020857,0.1505424529,-0.2154603004,0.0399535112,0.0317227431
4.0220990181,0.0341962539,-0.1441235691,0.1455468088,-0.5723720789,0.0832050443,-0.0170069132
4.0319929123,0.0219960157,-0.1380509287,0.1167648062,-0.7395938039,0.0474848673,-0.0637014508
4.0420398712,0.0176253263,-0.0511385947,0.0553043075,-0.7480545044,0.0376548059,-0.0955594480
4.0520973206,-0.0034376429,-0.0399418622,-0.0062835612,-0.6316363215,0.0279915258,-0.1062118262
4.0623850822,-0.0089221047,-0.0141030680,-0.0770260468,-0.3786602914,0.1323002875,-0.0701214001
4.0722432137,-0.0205397066,-0.0262294542,-0.1403773874,-0.0408785120,0.1887553185,-0.0011620373
4.0822830200,0.0215765778,0.0173558462,-0.1258348078,0.2299757302,0.2125788778,0.0348817185
4.0923471451,0.0100980951,0.0474397987,-0.1359505504,0.3645883799,0.2001680136,0.0666953027
4.1026349068,-0.0119752334,0.0820479244,-0.1437147707,0.4488855004,0.2020277679,0.0762309507
4.1125288010,-0.0144950198,0.0456128567,-0.1276268810,0.3339775801,0.1658833474,0.0571296997
4.1225738525,-0.0063385414,-0.0071469080,-0.0831771269,0.1709875464,0.1345277429,0.0231776573
4.1328501701,-0.0011048961,-0.0008012783,-0.0581912808,-0.0006273389,0.1115438789,-0.0171386059
4.1429700851,0.0079801036,0.0122373570,-0.0447646789,-0.1702220589,0.1014694050,-0.0330270268
4.1526908875,0.0258086864,0.0208729375,-0.0062418380,-0.2353983968,0.1094373167,-0.0255739018
4.1628313065,0.0484764539,0.0061855186,0.0479952283,-0.2323052585,0.1212825179,-0.0032717935
4.1729559898,0.0410805903,0.0479903072,0.0629261360,-0.1960388720,0.1249901727,0.0285748206
4.1831641197,0.0232823435,0.1152529567,0.0476142354,-0.1816428155,0.0742998347,0.0465974957
4.1930580139,0.0254043881,0.1147513837,0.0514067002,-0.1519754678,-0.0102941450,0.0518567078
4.2030992508,0.0151042296,0.0998969525,0.0621753521,-0.1281002313,-0.0492908135,0.0603255592
4.2132329941,-0.0026745843,0.0667272657,0.0369664021,-0.0614961721,-0.0921448022,0.0709052309
4.2234349251,-0.0132918404,0.0785807222,-0.0432087593,0.0486182384,-0.1101933122,0.0846721753
4.2333593369,-0.0218185242,0.0893598050,-0.1173394695,0.2588729262,-0.1103613600,0.1026692837
4.2433748245,-0.0129580544,0.1113321632,-0.1414348334,0.4362321198,-0.0214689020,0.1536338031
4.2534942627,-0.0171356257,0.0440539569,-0.0798172727,0.5693691373,0.0063805720,0.1780352741
4.2637000084,-0.0270665940,0.1049782485,-0.0233778153,0.6951870322,0.0205167644,0.2247299403
4.2735643387,-0.0328379311,0.0825497359,-0.0168189202,0.6736719012,0.0384781882,0.2417331636
4.2836418152,-0.0347356834,0.0181755293,0.0134841409,0.5959022045,0.0239363313,0.2311268002
4.2937402725,-0.0170730408,-0.0672410280,0.0240054335,0.4815554321,0.0375991464,0.2014322877
4.3040928841,-0.0182147082,-0.0904393345,0.0508253761,0.2980203032,0.0325358100,0.1590045244
4.3139281273,0.0009860945,-0.1197013408,0.0701236352,0.1338721216,0.0095756333,0.1123155877
4.3239002228,0.0111334873,-0.1352647692,0.0842604861,0.0265358649,0.0688703805,0.0741487667
4.3339958191,-0.0124964761,-0.1612255722,0.0826545581,-0.0724383891,0.1463955343,0.0540384352
4.3441238403,-0.0257648882,-0.1243156940,0.1043282971,-0.0930408165,0.1779373437,0.0370710343
4.3541321754,-0.0378348269,-0.0359037071,0.0800635442,0.0230186805,0.0983077660,0.0370017923
4.3641662598,-0.0427157320,0.0483661741,0.0465406962,0.2017435282,0.0489707105,0.0422408991
4.3742637634,-0.0543819107,0.0536903590,0.0417817421,0.3225480020,0.0276806001,0.0326433964
4.3845052719,-0.0552101173,-0.0043966305,0.0294839349,0.5405562520,-0.0022531296,0.0315094888
4.3943748474,-0.0412486233,-0.0015379917,-0.0043061771,0.6635082364,-0.0257504657,0.0059833569
4.4044818878,-0.0380830802,-0.0276887547,-0.0471990518,0.7224896550,-0.0562489182,-0.0312101506
4.4145231247,-0.0097233700,-0.0442081839,-0.0294144545,0.6320516467,-0.0859444961,-0.0704885870
4.4248142242,0.0115761114,-0.1073771268,0.0149627533,0.4081950486,-0.1147734821,-0.1235358194
4.4348058701,0.0062794639,-0.1302716285,0.0324664302,0.1702802479,-0.1245352998,-0.1627668440
4.4447159767,0.0007940484,-0.1662289649,0.0290206876,-0.0305803623,-0.1042638496,-0.2019912004
4.4547901154,-0.0257126745,-0.1864926368,0.0691282377,-0.1955509484,-0.0431554914,-0.2104131877
4.4650650024,-0.0426327623,-0.1550246626,0.1108217463,-0.3762407005,-0.0108127287,-0.2156606764
4.4749088287,-0.0505051650,-0.0786762387,0.0840888843,-0.4185428917,-0.0493886173,-0.2167310119
4.4849581718,-0.0464018025,0.0336104482,0.0340897031,-0.3991466165,-0.0672034323,-0.2082495093
4.4950532913,-0.0324898995,0.0547330230,0.0115881767,-0.3551067412,-0.0954683572,-0.2082748115
4.5053181648,-0.0155077623,0.0900245160,0.0101202931,-0.2375082523,-0.1144498363,-0.1849545091
4.5152029991,0.0066868616,0.1374569386,-0.0406491570,-0.1534479856,-0.0868837237,-0.1382429302
4.5252652168,0.0328277908,0.1731642336,-0.0590998344,-0.0439196862,-0.0441210866,-0.0734807029
4.5352959633,0.0747052953,0.1876402944,-0.0306502972,0.0859488323,-0.0075761224,-0.0129728895
4.5455608368,0.0592337213,0.2009177655,-0.0666568652,0.1667411178,0.0285999235,0.0571058653
4.5553112030,0.0458772145,0.1546274275,-0.0874392167,0.2113890052,0.0483525880,0.0974527523
4.5654058456,0.0364314876,0.1213205904,-0.0763262883,0.1792563796,0.0609227084,0.1155177727
4.5754599571,0.0357802473,0.0664028376,-0.0422116332,0.0533474535,0.0587825924,0.1187340692
4.5861330032,0.0360837542,0.0730026215,0.0023908818,-0.1152588278,0.0561459288,0.1028476506
4.5957322121,0.0402885638,0.0621235222,0.0315879174,-0.2986179888,0.0353823304,0.0933276489
4.6058378220,0.0475525819,0.0406353325,-0.0036101737,-0.3737405837,0.0772473514,0.1050462201
4.6159152985,0.0301279370,0.0333306044,-0.0331808738,-0.0586007610,0.1544774324,0.1357969493
4.6260547638,0.0155008389,0.0418987721,-0.0030810037,0.3639261425,0.1670659333,0.1983412802
4.6357111931,-0.0161432084,0.0633308738,-0.0320530944,0.7684739232,0.1635801196,0.2608829439
4.6460270882,-0.0492472090,0.1019197553,-0.0881211534,0.9692724347,0.1507739127,0.3064852059
4.6561369896,-0.0735755041,0.0871125907,-0.0670703426,1.0676188469,0.1346553862,0.3064521849
4.6663923264,-0.0645920113,0.0120192040,-0.0478038006,1.0240604877,0.1128251925,0.2714124322
4.6762681007,-0.0627280548,-0.0275817048,0.0097038355,0.9408015013,0.1118004024,0.2257757038
4.6863360405,-0.0424631871,-0.0557108074,0.0409904309,0.7212255001,0.0808259770,0.1631685197
4.6963829994,-0.0214484390,-0.0940737277,0.0553975888,0.4876281619,0.0645415485,0.0942027643
4.7066831589,-0.0114861177,-0.1105578095,0.0576292463,0.2454733402,0.0515322015,0.0507235304
4.7165350914,-0.0017733026,-0.1019623429,0.0631357655,0.0337627009,0.0898178071,0.0221278388
4.7266030312,-0.0060221003,-0.0593353659,0.0606848784,-0.1427877098,0.1348307431,0.0020226375
4.7366700172,-0.0087142633,-0.0623321682,0.0512918420,-0.3377704918,0.2083478421,-0.0159417167
4.7469391823,-0.0097996043,-0.1050103456,0.0672217831,-0.4376036227,0.1573212892,-0.0594762787
4.7568340302,0.0196568910,-0.1293231994,0.0453785248,-0.1976453662,0.0646336898,-0.1126734540
4.7669057846,0.0139600588,-0.0792503506,0.0087722745,-0.0711133033,0.0040698145,-0.1318472773
4.7768812180,0.0218791310,-0.0841910988,0.0345217772,0.0170549061,-0.0633054972,-0.1680044830
4.7872180939,0.0249964539,-0.0228151809,0.0530008264,0.1369243711,-0.0984455124,-0.1850421876
4.7970371246,0.0212904755,-0.0211885702,0.0512277074,0.3082079589,-0.0437838621,-0.1680695862
4.8071351051,0.0067262603,-0.0001313221,0.0467207618,0.4773764610,0.0111226635,-0.1107483804
4.8171701431,0.0413129292,-0.0273822080,0.1097835526,0.6358169317,-0.0349036828,-0.0587834567
4.8275279999,0.0161516014,0.0315466970,0.0627338514,0.7164412737,-0.0889271051,0.0101864245
4.8373413086,-0.0122565674,0.0664709657,-0.0309057031,0.7471869588,-0.1733663529,0.0377432145
4.8473439217,-0.0130284475,0.0210351814,-0.0928863063,0.8009135723,-0.2100842893,0.0302790422
4.8574810028,-0.0335994996,-0.0439964086,-0.0989990011,0.6312379837,-0.2127935290,0.0048375987
4.8677129745,-0.0213347133,-0.0653210431,-0.0491233282,0.3814887106,-0.2142584622,-0.0481910668
4.8776059151,-0.0024941014,-0.0209053885,-0.0104858670,0.1660197973,-0.2281516343,-0.1001714393
4.8876500130,0.0093425466,0.0018641818,-0.0094171558,-0.0068254992,-0.2352925688,-0.1500352025
4.8978948593,-0.0047607468,-0.0041998159,-0.0170442257,-0.0167772006,-0.0954254791,-0.1669515967
4.9079871178,-0.0294370111,-0.0350970179,0.0687209591,0.0632610694,0.0114110839,-0.1626715064
4.9178962708,-0.0386254825,-0.0667269975,0.1292654425,0.1556826085,0.0547590889,-0.1478081346
4.9278960228,-0.0699021891,-0.0192323457,0.1128141508,0.3407610059,0.0107957600,-0.1404432952
4.9380397797,-0.0764773563,0.0238643158,0.0764382109,0.3604082167,-0.0337093920,-0.1574593037
4.9482631683,-0.0822747424,-0.0450767428,0.0876801834,0.2636975646,-0.0773149952,-0.2063005418
4.9580969810,-0.0902316049,-0.0410530120,0.0782138929,0.1327395588,-0.1117611155,-0.2689306140
4.9682021141,-0.0631393269,-0.0373097211,0.0460455008,-0.1380670965,-0.1409659386,-0.3166567981
4.9782319069,-0.0215501245,0.0099328030,0.0214040484,-0.3419328630,-0.1397225112,-0.3410257995
4.9885530472,0.0209005419,0.0283607114,0.0025039518,-0.5078041553,-0.0944697484,-0.3388370275
4.9983639717,0.0171261970,-0.0109849107,0.0083423462,-0.6044769287,-0.0315445736,-0.3228540719
5.0084309578,-0.0022193240,0.0254405607,-0.0194060002,-0.5397493839,0.0074277935,-0.2909969687
5.0185289383,-0.0127588557,0.0479353517,-0.0166702662,-0.4503353238,0.0328769609,-0.2506586015
5.0287861824,-0.0202237424,0.0410438627,0.0372854061,-0.3280487359,-0.0285690892,-0.2369174957
5.0386638641,-0.0078410553,-0.0002642405,0.0861339793,-0.2562017143,-0.0617858991,-0.2199635506
5.0486698151,0.0019438219,-0.0211711060,0.1196692213,-0.2541952729,-0.1563023478,-0.2348769307
5.0587968826,0.0238988940,0.0061462987,0.0944366679,-0.2702578604,-0.2584532201,-0.2572216392
5.0690579414,0.0255245510,0.0156374443,0.0306145754,-0.2319135070,-0.2518553734,-0.2731551826
5.0789480209,-0.0141627239,0.0587135404,-0.0188886318,-0.1079414934,-0.1602748632,-0.2264217883
5.0889630318,-0.0051422166,0.0155307520,0.0321349092,0.0432778560,-0.1246605292,-0.1744135767
5.0991091728,-0.0240320619,0.0716118068,0.0200051870,0.3110009134,-0.1059696749,-0.1075788960
5.1093130112,-0.0581361093,0.1316667050,-0.0735671893,0.4698211253,-0.0841658413,-0.0683215037
5.1192059517,-0.0808412507,0.0340687484,-0.0799149051,0.5603134632,-0.0645593852,-0.1118684411
5.1292428970,-0.1109972671,-0.1346472055,-0.0446224622,0.4964712560,-0.0890835673,-0.2074267268
5.1393308640,-0.1075943783,-0.2936609387,0.0102037992,0.0795904025,-0.1383427233,-0.3687389195
5.1495900154,-0.0962102488,-0.2847905755,0.0943747386,-0.4650645256,-0.2186857015,-0.5693197250
5.1594638824,-0.0375927128,-0.2751331925,0.1488793045,-1.1561702490,-0.2747851908,-0.7613579035
5.1694440842,-0.0110460566,-0.2664198875,0.1666767150,-1.5921294689,-0.2284000516,-0.8748373985
5.1796212196,0.0090803457,-0.1824702770,0.2083487660,-1.6550594568,-0.1272643805,-0.9023776650
5.1900558472,0.0105240298,-0.0922935754,0.1869508177,-1.6392197609,-0.1089145988,-0.8758273125
5.2074999809,0.0088021709,0.0365457386,0.0462068506,-1.1995712519,-0.1015866399,-0.8292161226
5.2099061012,-0.0258331355,0.2163320631,-0.0866588727,-0.8034989834,-0.1115264222,-0.7687996030
5.2198810577,-0.0224036630,0.1766573042,-0.0753673688,-0.5450083017,-0.1324673891,-0.7465779185
5.2299990654,-0.0246462878,0.1764281839,-0.0078765545,-0.2990610301,-0.1789297014,-0.7158706784
5.2398147583,-0.0067414688,0.1703445166,0.0535549708,-0.2375316322,-0.2460256517,-0.6734478474
5.2499260902,-0.0091500329,0.0167895425,0.0976143703,-0.2617515326,-0.1695126295,-0.6234993339
5.2599549294,-0.0439057387,-0.0848985165,0.1212111339,-0.1728190035,-0.0963460058,-0.5873842239
5.2705202103,-0.0610666908,-0.0518920273,0.1094811782,-0.0687927529,-0.0401826687,-0.5757042766
5.2802891731,-0.1154039577,-0.0216466319,0.0395059176,-0.0615886375,-0.0135854129,-0.5746310353
5.2902002335,-0.1141716316,-0.0646815747,0.0200026240,-0.2095832676,-0.0501874983,-0.6192047596
5.3002128601,-0.0906741694,-0.0435702056,0.0951236710,-0.4386920929,-0.0875646994,-0.6743788123
5.3106551170,-0.0642748550,-0.0241093468,0.1766091734,-0.7007389069,-0.1400826871,-0.7295542359
5.3205242157,-0.0445715226,-0.0072811376,0.2370990664,-0.9384806752,-0.1667859405,-0.7634847760
5.3305811882,-0.0532835163,0.0077140797,0.2419223338,-1.2284705639,-0.0909649581,-0.7888553739
5.3406858444,-0.0973994210,0.0518507808,0.2673508227,-1.3139815331,-0.0767458081,-0.7718377709
5.3509612083,-0.0874639228,0.0754178017,0.2794173062,-1.2891093493,-0.1082578599,-0.7559326291
5.3607797623,-0.1083511189,0.0806583911,0.2475043684,-1.2534584999,-0.1502657533,-0.7368502617
5.3708553314,-0.0899269059,0.0594664067,0.2403615862,-1.3418043852,-0.1745064557,-0.7559520006
5.3809852600,-0.0653431490,-0.0099672209,0.2416678816,-1.3623517752,-0.2555160820,-0.7846558690
5.3912091255,-0.0235024747,-0.0264730584,0.1437928826,-1.3117454052,-0.3019622564,-0.8154847026
5.4010591507,0.0049268557,-0.0547175258,0.0165231433,-1.2388466597,-0.3353706002,-0.8293232918
5.4111161232,0.0314941369,-0.0607640296,-0.0224381480,-1.0410608053,-0.3708432615,-0.8389477730
5.4211759567,0.0260252301,-0.0285417568,-0.0546072535,-0.7848523259,-0.3769349754,-0.8145945072
5.4315209389,0.0099087311,-0.0136422347,-0.0601092987,-0.6864938140,-0.3941079974,-0.8135658503
5.4413189888,-0.0071488069,0.0064968038,0.0005695425,-0.6776473522,-0.4259950817,-0.8337581754
5.4513788223,-0.0044922875,0.0172722209,0.0841616616,-0.8480696082,-0.4616723657,-0.8698354959
5.4615049362,0.0130995465,-0.0455334634,0.1708558947,-1.0909142494,-0.5129845738,-0.9281984568
5.4717388153,0.0162367765,-0.0737096816,0.1840109974,-1.3772211075,-0.4872592390,-0.9928812385
5.4816131592,0.0174094383,-0.1407389790,0.1490902454,-1.7743623257,-0.4797342122,-1.0968329906
5.4916501045,0.0354289375,-0.1719280034,0.1306314021,-2.0510849953,-0.5613912940,-1.2072312832
5.5017571449,0.0468988381,-0.1849852800,0.0625546202,-2.1797993183,-0.5015048385,-1.2889271975
5.5119891167,0.0164843146,-0.3163350821,0.0721460208,-2.1333961487,-0.3410484195,-1.3154023886
5.5218839645,-0.0134915756,-0.2520823777,0.1712076813,-1.8683586121,-0.2707678676,-1.3069401979
5.5318989754,-0.0382837690,-0.0059532654,0.2191954404,-1.7754819393,-0.2718638480,-1.2740490437
5.5420169830,-0.0789822415,0.1545488089,0.1980521828,-1.8857239485,-0.3435880840,-1.2230905294
5.5522751808,-0.0503608026,0.2399048358,0.2158068568,-1.9806317091,-0.4544391036,-1.1721552610
5.5621500015,0.0076770736,0.1771514565,0.1485211998,-1.9950915575,-0.5011083484,-1.1498771906
5.5721740723,0.0359662734,0.0199886132,-0.0418897681,-1.9036582708,-0.4651413262,-1.1265227795
5.5822649002,0.0447318517,0.0125440825,-0.1895080656,-1.7671749592,-0.4533728361,-1.1318604946
5.5925540924,0.0536135398,0.0000612307,-0.2839420736,-1.6612534523,-0.4800641835,-1.1361477375
5.6025352478,0.0626404211,-0.0024759900,-0.2596734464,-1.5394117832,-0.4969347715,-1.1202601194
5.6125202179,0.0568985306,-0.0332813412,-0.1236550584,-1.5479887724,-0.4926737547,-1.1064537764
5.6225328445,0.0456192456,-0.0545693189,0.0296897497,-1.5847278833,-0.5546351671,-1.1213406324
5.6327881813,0.0433803760,-0.0061167311,0.0986436829,-1.4616434574,-0.6969266534,-1.1394926310
5.6427140236,0.0421898328,-0.0290200543,0.1421799809,-1.0864672661,-0.7564411163,-1.1682862043
5.6527190208,0.0384188853,-0.0673695654,0.1683366448,-0.8232135177,-0.7224056721,-1.1832013130
5.6628279686,0.0140198423,-0.0921657532,0.1276014000,-0.7121514082,-0.6238977313,-1.1959218979
5.6730690002,-0.0215112623,-0.0103094410,0.0722828135,-0.6146701574,-0.5529031754,-1.1789224148
5.6828918457,-0.0182170924,-0.0001167190,0.0713691935,-0.7493307590,-0.5351180434,-1.2001153231
5.6929850578,-0.0294311102,-0.1070133895,0.1161384210,-0.8974303007,-0.5645810366,-1.2892837524
5.7030749321,-0.0545243062,-0.0843430907,0.0610321946,-0.9966940284,-0.5681169033,-1.3731423616
5.7132868767,-0.0761962011,-0.0993097574,-0.0519518070,-1.1728948355,-0.5616864562,-1.4527292252
5.7232680321,-0.0616106428,-0.1545404345,-0.0767413750,-1.3247584105,-0.5337312222,-1.5185083151
5.7332539558,-0.0238666590,-0.2479044050,0.0098444428,-1.2513049841,-0.4125542939,-1.5842971802
5.7434062958,-0.0366315283,-0.2404785454,0.0683772787,-1.3714430332,-0.2471983731,-1.6128526926
5.7536001205,-0.0626472905,-0.2409516722,0.1005541906,-1.7038754225,-0.0935908332,-1.6944519281
5.7634530067,-0.0956465080,-0.1003126651,0.0893650278,-2.0217938423,-0.0023591900,-1.7601571083
5.7735190392,-0.0717729405,-0.0507120043,0.0678116307,-2.3458988667,0.0663745999,-1.8502917290
5.7835860252,-0.0669277981,-0.0643755943,0.0524305291,-2.5326788425,0.0643210337,-1.9150151014
5.7938771248,-0.0466352738,-0.0268167388,0.0365379043,-2.7045321465,0.0634313375,-1.9839890003
5.8037581444,-0.0468173660,-0.0066768657,-0.0253810678,-2.7779557705,0.0403063148,-2.0147738457
5.8137912750,-0.0442081727,0.0594827980,-0.0774401799,-2.7605526447,0.0087785497,-1.9914354086
5.8238611221,-0.0179566201,-0.0106028449,-0.0115369353,-2.5259654522,0.0300657284,-1.9702484608
5.8341250420,-0.0088159489,-0.0232597720,0.0338483043,-2.0132830143,-0.0086355284,-1.9204937220
5.8440279961,0.0048775626,0.0427229255,-0.0442477278,-1.4268399477,0.0466559567,-1.8749576807
5.8540720940,-0.0235419925,0.0908582658,-0.1817744225,-1.0096404552,0.0580879077,-1.8198447227
5.8641529083,-0.0041476535,0.0933457464,-0.2587904632,-0.6395561695,0.0837903470,-1.7912572622
5.8744759560,-0.0103524374,0.1200723499,-0.2911597192,-0.2501873970,0.1022045016,-1.7669241428
5.8842558861,-0.0058005499,0.0732030123,-0.2641472518,-0.0078884736,0.0967133269,-1.7945951223
5.8943481445,-0.0293152388,0.0489040464,-0.2128475755,0.0794989243,0.1079918817,-1.8094781637
5.9046158791,-0.0534933843,0.1233019084,-0.1233532205,-0.2652669847,0.0074080201,-1.8020081520
5.9147329330,-0.0340834893,0.0169888008,0.0739705190,-0.6370840669,-0.0586869083,-1.8391094208
5.9245281219,-0.0512043275,-0.0879336745,0.2209669501,-0.7716807723,-0.0460683182,-1.8390688896
5.9346418381,-0.0590754785,-0.0721503049,0.2566616237,-0.9096831083,-0.0133322133,-1.8411413431
5.9446659088,-0.0821691230,-0.0132345688,0.1735317856,-0.8518834710,-0.0297495350,-1.8326698542
5.9549479485,-0.0920695439,0.1336636394,0.0119087901,-0.5019033551,-0.0200508349,-1.7902803421
5.9648079872,-0.0945950523,0.1867975444,-0.1193095818,-0.2713998556,-0.0131910658,-1.6979589462
5.9748959541,-0.0890213624,0.1289133877,-0.1587009877,-0.1892928481,-0.0024455427,-1.6247112751
5.9849171638,-0.0859178379,0.1631067842,-0.1661867946,-0.2535203099,0.0207873415,-1.5556664467
5.9952039719,-0.0776493922,0.2292304486,-0.0941158310,-0.5215387940,0.0402355418,-1.4685211182
6.0050969124,-0.0964301005,0.2484810799,0.0252242889,-0.8810998797,0.0354916528,-1.3887972832
6.0151400566,-0.0999124125,0.1801381558,0.1154620871,-1.0625969172,0.0460219905,-1.3207914829
6.0252227783,-0.0897357538,0.1600992531,0.1221276745,-1.0322847366,0.0063249124,-1.2656054497
6.0354928970,-0.0883457735,0.1188164800,0.0647334084,-0.7616116405,0.0493281074,-1.2168090343
6.0452938080,-0.0982796624,0.1141714305,-0.0136468206,-0.5773989558,0.0949126333,-1.1446306705
6.0553240776,-0.1001408175,0.0816208571,-0.0482206754,-0.4558090270,0.1059819981,-1.0745780468
6.0654702187,-0.0965652242,0.1494737118,-0.0836819783,-0.2636981606,0.1092193350,-0.9981756210
6.0757141113,-0.0916278735,0.1845744699,-0.0896457806,-0.1662747115,0.0829802081,-0.9217641950
6.0856070518,-0.0734066740,0.1553268284,-0.0208701883,-0.1550622582,0.0313335247,-0.8835680485
6.0956869125,-0.0569251813,0.1505186409,0.0471298881,-0.1755328625,-0.0546907037,-0.8676784039
6.1057090759,-0.0449830033,0.1027424783,0.0712974295,-0.1957214922,-0.0633350611,-0.8644922376
6.1161479950,-0.0750130489,0.0667129606,0.0487554856,-0.1303716749,-0.0870450437,-0.8454081416
6.1259331703,-0.0708240047,0.0631057471,-0.0355003886,-0.0519761965,-0.0278200768,-0.8177917004
6.1359748840,-0.0790085569,0.0192528237,-0.0979826227,0.0052472223,0.0154205393,-0.7721266747
6.1460871696,-0.0447356738,0.0422307104,-0.0976638570,0.0904401466,0.0354512371,-0.7434697151
6.1563429832,-0.0029589282,0.0598661155,-0.0822865739,0.0714011043,0.0207210295,-0.6988774538
6.1661453247,0.0452904664,0.0508058518,-0.0095846448,-0.2123357952,0.0077977735,-0.6733286977
6.1762480736,0.0643697605,0.0499136895,0.0616078563,-0.5191303492,-0.0491099842,-0.6902666688
6.1863150597,0.0578113757,0.0811895579,0.0514176078,-0.8271928430,-0.0881963968,-0.7390507460
6.1965827942,0.0245767180,0.0357964486,0.0085029211,-1.1459339857,-0.1274302900,-0.7963277102
6.2064509392,0.0136161996,0.0057871807,-0.0439225249,-1.2586469650,-0.1711631119,-0.8430400491
6.2165160179,0.0100330366,0.0380049199,-0.1033826247,-1.1739361286,-0.2118671536,-0.8526391387
6.2265911102,0.0035467101,0.0273969043,-0.1198923960,-1.0235333443,-0.2041660845,-0.8494881392
6.2368040085,0.0133918179,0.0148107279,-0.0498856716,-1.0115228891,-0.2293342799,-0.8197728395
6.2466821671,0.0648013875,-0.1047377139,0.0933329090,-0.7281830907,-0.0699070767,-0.8335685134
6.2567439079,0.0125744594,-0.0191889536,0.1542544514,-0.1538425535,0.1297734827,-0.7592875957
6.2668099403,-0.0249846037,0.1008628458,0.1105028614,0.3703095913,0.2261389047,-0.6776140332
6.2770643234,-0.0459034033,0.1951424330,0.0688999519,0.7750115395,0.2090963423,-0.5789788365
6.2868990898,-0.0419620313,0.2301668972,0.0404964276,1.1004183292,0.1169727966,-0.4973489642
6.2970132828,-0.0167486127,0.1891550869,0.0189964976,1.3625239134,0.0570163205,-0.4422309101
6.3070869446,-0.0025526332,0.1400248855,-0.0124924574,1.2381875515,0.0074796588,-0.3870105445
6.3173232079,-0.0002225387,0.0216957796,-0.0122717414,0.7923105955,-0.0156038897,-0.4007129669
6.3272132874,-0.0041452693,-0.0601602346,-0.0335886292,0.3497211635,-0.0507605448,-0.4802530706
6.3372759819,-0.0061441259,-0.0906083137,-0.0813860670,0.0703171939,-0.0760457218,-0.5661993623
6.3473601341,-0.0190785285,-0.1039418131,-0.1283048838,-0.1441415697,-0.0858725235,-0.6468465328
6.3576049805,-0.0392173864,-0.1272288710,-0.1353734583,-0.4130046070,-0.0982604176,-0.7221738100
6.3674511909,-0.0636199340,-0.1235964447,-0.1241414919,-0.6186925173,-0.1301621497,-0.7826600671
6.3774881363,-0.0540031083,-0.1215620190,-0.1409233660,-0.6036307216,-0.1452459693,-0.8378847241
6.3876729012,-0.0694392845,-0.0703349262,-0.1550032943,-0.4200744629,-0.1459101588,-0.8602294922
6.3978929520,-0.0828698948,-0.0297567379,-0.1247366443,-0.2760151327,-0.1446863115,-0.8655745983
6.4077148438,-0.0822257474,-0.0296670925,-0.0379197411,-0.4248813093,-0.0905674100,-0.8283467889
6.4178562164,-0.0603603311,-0.0418751389,0.0330519266,-0.5223867297,-0.0486160368,-0.7730869651
6.4278841019,-0.0229310449,0.0548012704,0.1052398309,-0.5716810226,0.0831451938,-0.6785085201
6.4381299019,-0.0074189948,0.0366307944,0.1728899032,-0.6005972028,0.2032397836,-0.6104863882
6.4480261803,-0.0278003570,0.0885704011,0.1354794055,-0.4432730675,0.2686464787,-0.5542183518
6.4580521584,-0.0387769826,0.1918018907,0.0439785309,-0.2883189023,0.2512738705,-0.4969292283
6.4681000710,-0.0444902219,0.1392997354,-0.0023389854,-0.2027472854,0.2354451120,-0.4353745580
6.4784369469,-0.0389342643,0.1478409618,0.0078176465,-0.0781701207,0.1616383344,-0.3674879670
6.4882631302,-0.0287331399,0.1530994028,0.0432779975,-0.0355427638,0.0647703782,-0.3091482222
6.4983429909,-0.0370815136,0.1078154296,0.0439154692,-0.0444279499,-0.0039609484,-0.2603368163
6.5083980560,-0.0503639020,0.0674006194,-0.0203776751,0.0476710834,-0.0337068588,-0.2263974845
6.5187001228,-0.0499882735,0.0266761649,-0.0756211653,0.2007312626,-0.0779269189,-0.2158413827
6.5285320282,-0.0476986505,-0.0006086957,-0.0760730878,0.3396966159,-0.1000018641,-0.2073933035
6.5386319160,-0.0571683832,0.0164083708,-0.0755856410,0.4249918163,-0.0906935111,-0.1957289875
6.5486650467,-0.0745611712,0.0472929329,-0.0863975063,0.4412677288,-0.1158446670,-0.1692007035
6.5589771271,-0.0725088343,0.0733409375,-0.1000441089,0.4243227243,-0.1274983287,-0.1437193751
6.5688071251,-0.0726679564,0.0779661387,-0.0867067948,0.3711457849,-0.1448227316,-0.1256639510
6.5788950920,-0.0542894192,0.0815610141,-0.0124689732,0.2504356205,-0.2391700745,-0.1129392982
6.5889310837,-0.0286069717,0.0853301138,0.0885532722,0.0276787095,-0.3748416305,-0.1171976924
6.5992307663,-0.0226316731,0.0859394521,0.1254314333,-0.1599794179,-0.4985276759,-0.1203971580
6.6090660095,-0.0051311748,0.1004203409,0.1030303463,-0.1845902205,-0.5984995961,-0.1225644350
6.6192169189,0.0037715463,0.0738910288,0.0222100820,-0.1966174245,-0.5687408447,-0.0991877392
6.6291961670,-0.0035626115,0.0432062000,-0.0738009587,-0.2754232883,-0.4768370092,-0.0566498600
6.6394977570,-0.0089965286,0.0484137386,-0.1160345450,-0.3233771026,-0.3750858307,-0.0098680435
6.6493377686,-0.0026345896,0.0459046215,-0.0691811815,-0.4038245380,-0.3331716657,0.0167182926
6.6594381332,0.0102327345,0.0371809453,-0.0347829871,-0.4830756783,-0.3039949238,0.0411752313
6.6694641113,0.0022449298,0.0183837879,-0.0166860018,-0.5378496647,-0.2682438493,0.0645665750
6.6797752380,0.0016671520,0.0237151254,-0.0048975148,-0.5597481132,-0.2120863944,0.0815890357
6.6896080971,-0.0158527400,0.0299730171,-0.0117654596,-0.5392093062,-0.1323870420,0.0720674396
6.6996998787,-0.0728656873,0.0372769088,-0.0303939972,-0.5534580350,-0.0929658562,0.1156231686
6.7097339630,-0.0795033500,0.0640623420,-0.0257531796,-0.5958161354,-0.1238723770,0.1517196596
6.7200388908,-0.0655688420,0.0792609304,-0.0190179143,-0.5148891211,-0.2111897022,0.1590896845
6.7298378944,-0.0852992013,0.1080911011,-0.0460737757,-0.1187766716,-0.2302203923,0.1271256208
6.7399630547,-0.1092493013,0.1394957155,-0.0273066554,0.1305925995,-0.1916390955,0.1769855320
6.7500281334,-0.1618073881,0.0179586876,-0.0631524697,0.2915292978,-0.1712374240,0.1610278636
6.7603001595,-0.2352440804,-0.0127670299,0.0438668914,0.5432891846,-0.2630055845,0.2331205755
6.7701349258,-0.1954601854,0.0623414963,0.0683628544,0.6916099191,-0.2558440566,0.3190922141
6.7802329063,-0.2307593971,-0.0116731059,-0.0078378711,0.4674496949,-0.1417055577,0.3860984445
6.7902669907,-0.3159754276,-0.1658986360,-0.0785225406,0.0465045944,-0.0918570459,0.4584325850
6.8005499840,-0.3115113080,-0.2802374363,-0.0282228980,-0.1693089455,0.0401686952,0.4914709032
6.8104710579,-0.3168300092,-0.3404922485,0.0887893662,-0.2331704944,0.2359483242,0.4968938828
6.8204641342,-0.3866180182,-0.3388779163,0.1812583953,-0.2984444499,0.3607401252,0.5203320384
6.8305997849,-0.3871001899,-0.3802016377,0.2425329834,-0.2878008485,0.3616727591,0.4863522351
6.8407759666,-0.3703707755,-0.3560620546,0.2802465260,-0.0963766873,0.3195301890,0.4384999573
6.8506970406,-0.3930057585,-0.2735776901,0.3063071668,0.1895527989,0.2199479043,0.4054618478
6.8607430458,-0.3805104494,-0.2675443888,0.3297217190,0.5055348873,0.1024075001,0.3448024392
6.8708353043,-0.3198577166,-0.3351476192,0.3531914651,0.7390904427,0.0072650081,0.2491336912
6.8811020851,-0.2392395735,-0.3486173749,0.3762822449,0.8438170552,-0.1187331378,0.1502957940
6.8909683228,-0.1804033518,-0.3377707005,0.3570428193,0.8657543063,-0.2900699973,0.0440247469
6.9010019302,-0.1783212274,-0.2931649089,0.2958333194,0.8343355060,-0.4618730545,-0.0622328445
6.9112558365,-0.2196750343,-0.2479093820,0.2593812048,0.7207809687,-0.6363564730,-0.1440496892
6.9213581085,-0.2448226511,-0.2538565993,0.2405682355,0.5707167387,-0.7889099717,-0.2311556190
6.9312419891,-0.2822179794,-0.2586238980,0.2283700258,0.4451143742,-0.9327337146,-0.3140158653
6.9412679672,-0.3187147379,-0.2476557642,0.2409685403,0.7182882428,-1.2547572851,-0.4331672490
6.9513669014,-0.3009123206,-0.1901023537,0.2715473473,1.5414230824,-1.5123939514,-0.6904602647
6.9616203308,-0.2089688182,-0.0311297905,0.2642585337,2.2868332863,-1.5670504570,-0.7957949638
6.9715023041,-0.0778685138,0.0252254475,0.1906261593,2.6658120155,-1.5798089504,-0.8192571402
6.9815459251,-0.0128969150,-0.0897997171,0.1131096110,2.6463255882,-1.5548176765,-0.8659585714
6.9916329384,0.0201879684,-0.1693335325,0.1213814244,2.1616747379,-1.6470111609,-0.8488927484
7.0018620491,0.1174120829,-0.3709752560,0.2553928792,1.5204722881,-1.7772516012,-0.9241825342
7.0118241310,0.0796298012,-0.4562379718,0.2963691056,1.1624877453,-1.7412470579,-1.1067031622
7.0218029022,-0.0189260896,-0.3566398621,0.2795867026,1.2146439552,-1.6268577576,-1.2085914612
7.0318989754,-0.0940655097,-0.2128034383,0.2782790959,1.4500039816,-1.4769127369,-1.3105090857
7.0421380997,-0.1604894698,-0.0047158133,0.2910056412,1.7133429050,-1.4525221586,-1.3402951956
7.0520129204,-0.0217793938,0.1388860792,0.2073398978,1.8284263611,-1.5417724848,-1.3499251604
7.0620598793,0.1751044244,0.1513218135,0.0229863133,1.6721811295,-1.7143485546,-1.4073076248
7.0721702576,0.1922232360,0.0681792349,-0.1848097295,1.3462309837,-1.7778857946,-1.4391106367
7.0824198723,0.1261095107,0.0533428043,-0.2987630069,0.9864299893,-1.7629339695,-1.4305180311
7.0922422409,0.1077411845,0.0865228623,-0.3413603008,0.7211549282,-1.8087145090,-1.4241026640
7.1023368835,0.1170874164,0.0180193651,-0.3755612075,-0.5140695572,-1.6498403549,-1.2782442570
7.1124162674,0.0635119900,0.2275580019,-0.4362568557,0.9714342356,-2.5063502789,-1.5105215311
7.1226768494,0.1294619888,0.7807233334,-0.0660001412,1.9686318636,-1.6880608797,-1.3532193899
7.1323571205,-0.0601751544,-0.3151054978,-0.3395293653,2.9684376717,-2.1024882793,-1.4832197428
7.1424531937,-0.0878558233,0.3064212799,-0.7620178461,3.8965053558,-1.0695869923,-0.8660343289
7.1525368690,-0.3641628027,1.0217229128,-1.1778298616,5.6475110054,-0.3028745353,-1.0041297674
7.1631860733,0.0164363626,1.7187734842,-1.5606176853,4.4861855507,0.6326008439,0.1646126062
7.1728477478,-0.0506899692,0.9631082416,-1.6175172329,1.0336022377,1.1741669178,0.1339058280
7.1828289032,0.1317305267,0.2326276749,-1.3819880486,-1.0483485460,0.9380702972,0.0748549700
7.1929798126,0.4765573740,0.1787995547,-0.6815905571,-1.6357818842,0.8801681399,0.1185089722
7.2031569481,0.2952211499,0.0231079925,-0.2984465063,-1.7768062353,0.8972174525,0.1557159275
7.2129979134,0.3182992637,-0.1313675791,-0.0858260170,-2.0419573784,0.6192886233,0.0345993564
7.2231512070,0.2908842564,-0.2277370840,-0.0016189016,-2.2818121910,0.5904519558,0.0017298228
7.2332057953,0.1745188385,-0.2047103792,-0.0058513083,-2.3240320683,0.6518343687,0.0336251743
7.2434811592,0.1495693177,-0.1342676431,0.0057755909,-2.1191046238,0.6516807675,0.0611810982
7.2533397675,0.1393119842,-0.0768669397,0.0408518501,-1.1702866554,0.4292330146,-0.0124350656
7.2634162903,0.1937531829,0.0868006200,0.1023766026,0.1015480831,0.2450252324,-0.0245307423
7.2734727859,0.1953174919,0.0883307904,0.2251172811,0.9099959135,0.0810357630,-0.0577337034
7.2837657928,0.1586177796,-0.0652018338,0.2783506215,1.3106994629,-0.0782554224,-0.1258695424
7.2936067581,0.1380119324,-0.1019604951,0.2878921330,1.4773401022,-0.2010865360,-0.1472091824
7.3036742210,0.1008047685,-0.1448543817,0.2565558255,1.4910954237,-0.2953405380,-0.1377047002
7.3137412071,0.0777441189,-0.1635996252,0.2072179466,1.4532859325,-0.3537543118,-0.0952523202
7.3240799904,0.0607617758,-0.1300289184,0.1359687001,1.4600106478,-0.3831730485,-0.0591655523
7.3338832855,0.0426370166,-0.0709883720,0.0451812334,1.5044007301,-0.3391835093,-0.0442896672
7.3439598083,0.0189057831,-0.0263382923,-0.0600805096,1.4977900982,-0.2093980610,0.0152357118
7.3540163040,-0.0160639342,0.0029133428,-0.2062394470,1.3171881437,0.2412106544,0.0399280079
7.3642868996,-0.1224280372,-0.0009421837,-0.3102255166,0.9784713387,0.6035656333,0.0858534873
7.3741412163,-0.0808987394,0.0229322780,-0.2926399410,0.6299421191,0.5580220819,0.0774248466
7.3842172623,0.0048597706,-0.0209940802,-0.2293463796,0.2418393195,0.4108861089,0.0010001833
7.3942632675,0.0025380207,-0.0748685747,-0.1580096334,-0.1575839818,0.3331758678,0.0095571857
7.4046878815,-0.0086502181,-0.0987623483,-0.1074881926,-0.4788899124,0.2313759327,-0.0381929576
7.4144701958,-0.0052454071,-0.1138022691,-0.0584316067,-0.6307793260,0.1589073241,-0.0456231758
7.4247131348,-0.0062051164,-0.0819676071,-0.0159988198,-0.6568007469,0.0940288603,-0.0339687876
7.4345340729,-0.0005528229,-0.0652201325,-0.0016115702,-0.5012388229,0.0113880476,-0.0605945364
7.4448337555,0.0177254025,-0.0165526401,0.0030220947,-0.2313012183,-0.0880832821,-0.0554052331
7.4546818733,0.0336741470,0.0225627888,0.0089252200,0.0171312317,-0.1707179844,-0.0427680016
7.4647631645,0.0294160489,0.0332522839,0.0100730862,0.1945585907,-0.1954957545,-0.0120324614
7.4748392105,0.0352171622,0.0285518635,0.0081032719,0.3199799061,-0.2506037652,-0.0067828381
7.4851222038,0.0335032903,0.0295997728,0.0065956316,0.3979809284,-0.2606023848,-0.0174258295
7.4949641228,0.0218730513,0.0152935255,0.0101008620,0.3752793372,-0.2310069501,-0.0046636946
7.5050292015,0.0108567877,-0.0070945751,0.0154327359,0.3202894330,-0.1764764637,-0.0301055368
7.5150980949,0.0034633679,-0.0163779389,0.0166018214,0.2353423238,-0.1136149392,-0.0396087617
7.5253748894,0.0210098419,-0.0158465039,0.0212893691,0.1068180501,-0.0680706277,-0.0427382439
7.5353031158,0.0323402248,-0.0290430915,0.0214485135,-0.0195883531,-0.0215015244,-0.0543626770
7.5452051163,0.0412909351,-0.0336141139,0.0151732173,-0.1439043581,0.0305657350,-0.0394413173
7.5553512573,0.0557656400,-0.0274176728,-0.0013131298,-0.2317487299,0.0637673661,-0.0372788273
7.5656471252,0.0709727630,-0.0100716483,-0.0258950386,-0.2705284357,0.1005990133,-0.0319390595
7.5754680634,0.0720141754,0.0042795409,-0.0513866954,-0.2456561476,0.1739834845,-0.0393413156
7.5855350494,0.0561444126,0.0327936262,-0.0435076766,-0.1802988797,0.1480283737,-0.0393722728
7.5956268311,0.0613686256,0.0551470369,-0.0187500510,-0.1111371219,0.0615187921,-0.0553600267
7.6059141159,0.0399161093,0.0352009386,-0.0142921600,-0.0593144596,0.0013918057,-0.0702681392
7.6157512665,0.0022997512,0.0195698012,-0.0184773002,-0.0002362262,-0.0362570360,-0.0649929494
7.6258382797,-0.0107616829,0.0295873750,-0.0263045821,0.0394411460,-0.0538113937,-0.0437751450
7.6358833313,-0.0062921392,0.0253705848,-0.0133719239,0.0811491758,-0.0618735850,-0.0342335701
7.6461191177,0.0020862473,0.0311913956,0.0046048961,0.1122173145,-0.0732117891,-0.0246911310
7.6560411453,0.0074152602,0.0235380996,0.0139984097,0.1344523132,-0.0548959039,-0.0119460421
7.6660561562,0.0048371209,0.0149444807,0.0204820242,0.1388447285,-0.0664324537,0.0029120003
7.6761660576,0.0072517348,0.0023101438,0.0191042628,0.1284024715,-0.0887374878,0.0135215009
7.6864347458,0.0039847745,-0.0133807790,0.0126846042,0.1051124036,-0.1069033742,0.0251980647
7.6963081360,-0.0060690688,-0.0205371510,0.0070471368,0.0763467997,-0.1113436669,0.0336975418
7.7063641548,-0.0142241763,-0.0201501381,0.0022163594,0.0494893566,-0.0934904963,0.0411452055
7.7164421082,-0.0176702198,-0.0190457236,-0.0007529653,0.0173050556,-0.0767940730,0.0411617160
7.7267031670,-0.0144527005,-0.0211522114,0.0029567680,-0.0213453993,-0.0537806377,0.0422448255
7.7365679741,-0.0114498632,-0.0215931665,0.0123626199,-0.0557529107,-0.0286632981,0.0348335132
7.7466540337,-0.0026257979,-0.0212481152,0.0177957024,-0.0739767551,-0.0214700997,0.0231611449
7.7567062378,0.0062354757,-0.0180484783,0.0192904677,-0.0803949758,-0.0205273405,0.0136070559
7.7669868469,0.0034109307,-0.0119586717,0.0158349480,-0.0858387202,-0.0100416103,0.0019354189
7.7768149376,-0.0024539279,-0.0068020355,0.0095213857,-0.0850826502,0.0207091123,-0.0022966103
7.7869200706,-0.0124991285,-0.0036221873,0.0003421508,-0.0950737596,0.0588012338,-0.0054611117
7.7969899178,-0.0178569760,-0.0063200127,0.0057948432,-0.1005287170,0.0703979731,-0.0097011300
7.8072519302,-0.0133924829,0.0017174948,-0.0042892494,-0.0866079479,0.0651519448,-0.0192636102
7.8170809746,-0.0137518989,0.0098338593,-0.0191959534,-0.0791827887,0.0694335103,-0.0235105529
7.8271689415,-0.0092628049,0.0073479284,-0.0194207225,-0.0738063678,0.0652296394,-0.0245762821
7.8372149467,-0.0047147917,0.0058913697,-0.0176748428,-0.0619262755,0.0515806712,-0.0182153229
7.8475279808,-0.0001116144,0.0006086099,-0.0120249782,-0.0607411712,0.0399044454,-0.0203443877
7.8573489189,0.0036589159,-0.0027174484,-0.0073921480,-0.0584034473,0.0197778698,-0.0182314347
7.8674478531,0.0085729910,-0.0031127464,-0.0066883960,-0.0550004840,-0.0003315920,-0.0150578124
7.8774819374,0.0087681068,-0.0064103138,-0.0021379984,-0.0558194071,-0.0247024447,-0.0086989831
7.8877940178,0.0052157296,-0.0048766863,-0.0005942978,-0.0470628031,-0.0458004735,-0.0012781508
7.8976159096,0.0027155532,-0.0033359658,-0.0019721782,-0.0544240475,-0.0564480573,0.0029655963
7.9077148438,0.0001973462,-0.0028118026,-0.0004794396,-0.0554760769,-0.0574630536,0.0114598153
7.9180278778,0.0025756611,-0.0013218652,-0.0009062089,-0.0543338433,-0.0648738369,0.0125176227
7.9280538559,0.0069686724,0.0021112431,-0.0013589658,-0.0521265641,-0.0722674355,0.0146360341
7.9378829002,0.0074787987,0.0065281857,-0.0028004444,-0.0499821827,-0.0733167231,0.0135731660
7.9479808807,0.0089612259,0.0120008457,-0.0041717687,-0.0339599401,-0.0742395669,0.0135703031
7.9580168724,0.0075290157,0.0146141518,-0.0065022507,-0.0382396393,-0.0732227713,0.0125100985
7.9683270454,0.0070805801,0.0113943685,-0.0029638209,-0.0329300202,-0.0710880533,0.0072000888
7.9781513214,0.0036581261,0.0131281484,-0.0013416804,-0.0201995745,-0.0635561049,0.0061388193
7.9882569313,0.0001568151,0.0091155637,0.0033008063,-0.0117934402,-0.0507768579,0.0018955381
7.9982829094,-0.0014673668,0.0032518376,0.0090221372,-0.0012936620,-0.0337214433,-0.0002222076
8.0085611343,-0.0051522600,-0.0016138684,0.0108794775,-0.0046406416,-0.0199965052,-0.0065866970
8.0184507370,-0.0089470344,-0.0035594832,0.0127737727,0.0027003614,-0.0072130673,-0.0087057743
8.0284709930,-0.0128126787,0.0022894610,0.0059545836,0.0046648160,0.0097600576,-0.0118823927
8.0385828018,-0.0108996825,0.0033017267,0.0001727544,0.0110159218,0.0151417730,-0.0086959200
8.0488319397,-0.0031585740,0.0034648646,-0.0054871836,0.0313157886,0.0132099818,-0.0065777083
8.0598096848,0.0006835115,0.0076941717,-0.0071834722,0.0504676439,0.0186412334,-0.0129506532
8.0722122192,-0.0073007392,0.0120074023,-0.0029855168,0.0524143353,0.0377849005,-0.0086936560
8.0794210434,-0.0056481557,0.0085759033,0.0042307577,0.0512955412,0.0431013703,-0.0055053197
8.0897636414,0.0028687669,-0.0036621224,0.0075645647,0.0428869836,0.0303229894,-0.0012629044
8.0996789932,0.0075986786,-0.0159945618,0.0059249601,0.0343994871,0.0248949341,-0.0086960532
8.1096706390,0.0015868944,-0.0196407568,0.0061184368,0.0237382688,0.0237480439,-0.0076325200
8.1189193726,-0.0004896271,-0.0175681245,0.0033178532,0.0077643618,0.0204390660,-0.0055065183
8.1294221878,-0.0025647627,-0.0136965644,-0.0005654491,-0.0103869718,0.0213556606,-0.0033780537
8.1390609741,-0.0036899494,-0.0119360220,-0.0045381584,-0.0306293927,0.0180093981,-0.0012509867
8.1491632462,-0.0058114873,-0.0063862335,-0.0027515092,-0.0328252241,0.0243772827,0.0019384150
8.1591968536,-0.0050497996,0.0040712822,0.0019862258,-0.0220862925,0.0181529429,0.0093651731
8.1697196960,0.0016211522,0.0039194692,0.0039043031,-0.0059910780,0.0098320954,0.0136044584
8.1796312332,0.0073603941,0.0048373807,0.0039197407,0.0005427208,-0.0028024730,0.0199672822
8.1894531250,0.0072657717,0.0038741101,0.0058950982,0.0081017045,-0.0111626014,0.0295170471
8.1994619370,0.0052564098,0.0009547937,0.0059085093,0.0070798495,-0.0153813139,0.0348241925
8.2097625732,0.0022967113,-0.0058947336,0.0039597950,-0.0014246088,-0.0186533425,0.0327017196
8.2195835114,0.0003448528,-0.0108706485,0.0009554230,-0.0120756552,-0.0208824072,0.0305797122
8.2296667099,-0.0035132812,-0.0100870859,-0.0040637054,-0.0184624195,-0.0230869055,0.0263319053
8.2397289276,0.0004876209,-0.0074696671,-0.0110711250,-0.0312919319,-0.0211113729,0.0210271552
8.2500705719,-0.0014419305,-0.0058483612,-0.0093728099,-0.0356022865,-0.0169120319,0.0199690145
8.2598619461,-0.0004272061,-0.0013111364,-0.0096220765,-0.0324126184,-0.0158369169,0.0178451426
8.2699651718,0.0015536797,0.0032690633,-0.0039990940,-0.0313380323,-0.0169301443,0.0114735300
8.2799873352,0.0006175143,0.0039594043,0.0006547176,-0.0324717425,-0.0106080649,0.0061679808
8.2904205322,-0.0022981213,0.0027545560,0.0053351126,-0.0293521658,-0.0021075211,0.0040494362
8.3003263474,-0.0023293840,0.0054608453,0.0081107225,-0.0208364427,0.0000890542,0.0040483708
8.3103837967,-0.0013597357,0.0043603051,0.0070553026,-0.0112894373,0.0054722345,0.0029856365
8.3204317093,-0.0043354081,0.0033558477,0.0079959836,-0.0059772292,0.0076131499,-0.0012618392
8.3307199478,-0.0053763883,0.0023350585,0.0031321847,-0.0060433559,0.0139728449,-0.0023210449
8.3405351639,-0.0054858970,-0.0006448757,0.0011818014,-0.0135665201,0.0192126147,-0.0023165175
8.3506212234,-0.0036758231,-0.0017432105,0.0011404358,-0.0167884380,0.0212992691,-0.0033759894
8.3607282639,-0.0028432356,-0.0028590690,0.0011023484,-0.0168017559,0.0223256499,-0.0086844685
8.3709650040,-0.0009844947,0.0038310159,-0.0038122928,-0.0114637408,0.0223856363,-0.0065617291
8.3808507919,0.0008536977,0.0047225822,-0.0018836654,-0.0092863403,0.0181671903,-0.0055025900
8.3908977509,0.0046502305,0.0027251113,0.0010376774,-0.0092341965,0.0128625724,-0.0055056526
8.4009962082,0.0065265549,0.0065858234,0.0039540729,0.0014610589,0.0108683985,-0.0002003697
8.4112339020,0.0045287563,0.0056874622,0.0059639416,0.0143224755,0.0056743016,-0.0002052966
8.4211006165,0.0074861897,0.0019418467,0.0050948462,0.0219212733,-0.0069786427,0.0019100523
8.4311761856,0.0066015525,-0.0008123052,0.0032508576,0.0241830684,-0.0196634792,0.0061494717
8.4412555695,0.0008632196,-0.0026043784,-0.0025335348,0.0241532419,-0.0164527707,0.0103982789
8.4515047073,-0.0000139820,-0.0044050943,-0.0044063726,0.0167130902,-0.0197073538,0.0093361437
8.4613895416,-0.0008800375,-0.0101933014,-0.0044052401,0.0039176662,-0.0208871346,0.0082770046
8.4714250565,0.0012088668,-0.0121718179,-0.0034820237,-0.0078106569,-0.0220504701,0.0082792016
8.4815301895,0.0013282549,-0.0113002788,-0.0006861485,-0.0142134288,-0.0221063960,0.0082807997
8.4917821884,-0.0024882304,-0.0085514914,0.0001293622,-0.0174542814,-0.0178843550,0.0093464637
8.5016994476,-0.0034000026,-0.0058300626,0.0038571560,-0.0228437204,-0.0126328664,0.0082886554
8.5121135712,-0.0033777105,-0.0041238796,0.0046516857,-0.0293242838,-0.0052463892,0.0104160560
8.5219488144,-0.0043827044,-0.0033937227,0.0064230761,-0.0250770729,-0.0030870982,0.0104160560
8.5319137573,-0.0053858506,-0.0026530158,0.0043145618,-0.0272184685,-0.0020388784,0.0114799887
8.5417251587,-0.0064203339,0.0010347236,0.0003000699,-0.0240937807,0.0053884117,0.0072357086
8.5517921448,-0.0025867866,0.0028069485,-0.0007497467,-0.0198271330,0.0054263622,0.0072339773
8.5619201660,-0.0056347596,0.0016815532,-0.0017987288,-0.0167003144,0.0128813479,0.0072369068
8.5721349716,-0.0047846930,-0.0003917348,0.0010748707,-0.0167006869,0.0128814820,0.0072367736
8.5820541382,-0.0000264394,0.0004353989,0.0010282003,-0.0210022237,0.0160133597,0.0051158322
8.5920352936,-0.0001906502,-0.0017090570,0.0038590035,-0.0252784118,0.0170360133,0.0051184958
8.6021013260,0.0006332946,-0.0028923284,0.0066648922,-0.0263348855,0.0159656890,0.0051182294
8.6126108170,0.0034228517,0.0008023250,0.0046324334,-0.0209911726,0.0149450982,0.0040538306
8.6224260330,0.0033227308,0.0015775431,0.0016077958,-0.0220039710,0.0096446089,0.0061750379
8.6325006485,0.0032159341,0.0023737419,0.0005482637,-0.0177196115,0.0086261500,0.0072369073
8.6426362991,0.0040971590,0.0032049287,-0.0004964866,-0.0177409165,0.0107481554,0.0072379727
8.6528415680,0.0039632870,0.0001342166,0.0023597681,-0.0177342333,0.0097027998,0.0093592471
8.6627273560,0.0038672639,-0.0009941589,0.0032485926,-0.0177044049,0.0064920923,0.0051104394
8.6727590561,0.0018799257,-0.0001530778,-0.0007311500,-0.0112485047,0.0012288204,0.0029829068
8.6828517914,0.0009190244,0.0026752222,-0.0046869316,-0.0080268774,-0.0008790717,0.0008574378
8.6931171417,-0.0010089773,0.0026104916,-0.0047395029,-0.0079724705,-0.0061916122,-0.0002064284
8.7030420303,-0.0019415218,0.0025288332,-0.0067519345,-0.0079612853,-0.0072456915,0.0008548413
8.7130250931,-0.0028979229,0.0015007723,-0.0009754695,-0.0101170056,-0.0051493840,-0.0002052300
8.7231321335,-0.0019090521,0.0004455317,0.0018805467,-0.0111830700,-0.0051448564,0.0019186409
8.7333621979,-0.0008987534,-0.0034977328,0.0057296953,-0.0036845403,-0.0082685445,0.0008523779
8.7432546616,0.0001362664,-0.0015660059,0.0027783120,0.0016399175,-0.0071678604,-0.0002102234
8.7532997131,-0.0017373014,-0.0015556347,0.0017959081,0.0027416144,-0.0103424806,-0.0002111555
8.7634000778,-0.0016443479,-0.0034840833,-0.0021010435,0.0016553104,-0.0082020983,0.0040373853
8.7736148834,-0.0026154267,-0.0054330956,-0.0011384286,-0.0015958510,-0.0029120622,0.0061653173
8.7835235596,0.0013059330,-0.0064481031,0.0007925235,-0.0090444451,-0.0050993166,0.0061661163
8.7935600281,0.0013253641,-0.0065397155,-0.0002536572,-0.0111641083,-0.0072375685,0.0061631869
8.8036308289,-0.0006162273,-0.0056850445,0.0006252729,-0.0133303236,-0.0040732003,0.0061653173
8.8139619827,0.0003751469,-0.0038396847,0.0015222036,-0.0111855743,-0.0051226187,0.0051025832
8.8237380981,-0.0005922961,-0.0029637348,0.0014492475,-0.0101280333,-0.0040384461,0.0072264541
8.8338251114,0.0003982735,0.0008148420,0.0003899537,-0.0112061584,-0.0029937546,0.0061655170
8.8439054489,-0.0005849051,0.0007083285,0.0003175341,-0.0165758915,0.0001149534,0.0019212376
8.8542337418,0.0013358843,0.0015397537,0.0021743975,-0.0176485330,0.0011861431,0.0051087085
8.8640203476,0.0003277612,0.0004500616,0.0030706129,-0.0144482115,0.0012002579,0.0029843049
8.8740911484,-0.0006941455,0.0013211239,0.0039717159,-0.0134115759,0.0043991804,0.0040477715
8.8841781616,0.0011759949,0.0021760929,0.0049032173,-0.0156092178,0.0107534826,0.0051133027
8.8945102692,-0.0009002584,0.0010580290,0.0058022938,-0.0156107889,0.0107753873,0.0082975775
8.9043369293,0.0018551600,-0.0000360143,0.0086865034,-0.0135404477,0.0171600506,0.0083002411
8.9143867493,0.0007239235,-0.0021214020,0.0057301125,-0.0134970900,0.0129157696,0.0082983766
8.9246273041,0.0005715889,-0.0012905132,0.0027544699,-0.0134859048,0.0118616903,0.0093596466
8.9347095490,-0.0005317079,0.0005144346,-0.0002261199,-0.0134848664,0.0118328612,0.0051135691
8.9445247650,-0.0035919296,-0.0005974305,-0.0041776099,-0.0124182710,0.0118352585,0.0040515000
8.9546747208,-0.0017176169,0.0041584838,-0.0090847407,-0.0081194490,0.0086830081,0.0029866351
8.9647169113,0.0002084774,0.0011677612,-0.0071770349,-0.0059228744,0.0023148574,-0.0002025003
8.9749794006,-0.0017273921,0.0030962098,-0.0062228837,-0.0026910231,-0.0008396569,-0.0002054297
8.9848508835,0.0012193870,0.0001800525,-0.0013615884,-0.0015812833,-0.0050743492,-0.0002078265
8.9949073792,0.0002941889,-0.0017562043,0.0005774103,0.0005617896,-0.0061231684,-0.0012711603
9.0049743652,0.0003303838,-0.0027224552,0.0034730635,-0.0005165245,-0.0050784103,-0.0023321637
9.0152454376,-0.0016045320,-0.0056578051,0.0063781939,-0.0037387107,-0.0029703188,-0.0002068945
9.0251359940,-0.0015998232,-0.0057057869,0.0053665242,-0.0059161112,0.0012481284,-0.0012660336
9.0351934433,-0.0035618441,-0.0047948491,0.0053078732,-0.0123362718,0.0033128103,-0.0012619722
9.0452432632,-0.0026348280,-0.0048861038,0.0042973361,-0.0123884687,0.0086316755,0.0008642955
9.0555372238,0.0002314252,-0.0020695459,0.0052286587,-0.0113411285,0.0107553471,-0.0001959755
9.0653495789,-0.0008490431,-0.0012267362,0.0012701951,-0.0167300347,0.0160137601,-0.0001919807
9.0753374100,-0.0019590901,0.0025171507,0.0002254449,-0.0188816320,0.0170513932,-0.0012549149
9.0855045319,0.0028127534,-0.0005289447,0.0021434030,-0.0156573411,0.0149781220,0.0019286278
9.0957717896,0.0046828343,0.0022826660,0.0011193358,-0.0102606844,0.0086384006,-0.0012617726
9.1056632996,0.0036441637,0.0041761864,0.0020679438,-0.0027998388,0.0097854240,0.0019223029
9.1157388687,0.0016438168,0.0041808356,-0.0008444585,0.0004227450,0.0076700752,-0.0012644357
9.1257839203,0.0016096336,-0.0016897451,-0.0018142856,-0.0027019419,0.0002427851,0.0029798439
9.1360521317,-0.0003520745,0.0002188552,-0.0028087893,-0.0026925933,-0.0008177522,0.0029788455
9.1459398270,0.0006143702,-0.0007532370,-0.0018368162,-0.0005908264,0.0023769760,0.0019181084
9.1559963226,0.0015960586,-0.0056302082,-0.0008638896,-0.0016123885,-0.0018703002,0.0029789119
9.1660642624,-0.0013698387,-0.0017793905,0.0000601612,-0.0059229806,0.0023433533,0.0040439097
9.1763448715,-0.0004281896,-0.0028249752,0.0009985171,-0.0091116102,0.0012394063,0.0019217036
9.1862077713,-0.0014501858,-0.0029483568,0.0028784475,-0.0155559266,0.0054413415,0.0040490367
9.1962347031,-0.0025118338,-0.0040506255,0.0057144365,-0.0155686568,0.0065102018,0.0051104394
9.2063398361,-0.0025970833,-0.0022105109,0.0066368184,-0.0113336984,0.0097097233,0.0019255652
9.2165985107,-0.0026996182,-0.0003608000,0.0066051683,-0.0102770627,0.0107871052,0.0029875007
9.2264490128,-0.0047518956,-0.0014165174,0.0017005407,-0.0081854165,0.0150497612,0.0029890984
9.2365388870,-0.0048819529,-0.0015034806,0.0007120572,-0.0103325360,0.0160857979,0.0019277623
9.2466211319,-0.0040211426,0.0003697145,-0.0022091663,-0.0114545263,0.0213607214,-0.0012547151
9.2568826675,-0.0022074031,-0.0016544592,-0.0012520946,-0.0124887377,0.0181609318,-0.0023173164
9.2667112350,-0.0003710139,-0.0036914479,-0.0012720622,-0.0124791507,0.0170860812,-0.0044414536
9.2767715454,-0.0004917132,-0.0018487703,-0.0013034738,-0.0135647357,0.0192333199,0.0008689560
9.2868747711,-0.0006200718,-0.0009815227,-0.0023191369,-0.0135572776,0.0181307718,-0.0055023907
9.2971343994,0.0032024039,-0.0020474922,0.0015380584,-0.0135099534,0.0139206462,-0.0001947770
9.3069677353,0.0001788539,0.0007727015,0.0014841162,-0.0113756973,0.0139392894,-0.0001953098
9.3170452118,0.0010694367,0.0016776193,0.0014590226,-0.0081768930,0.0139610609,-0.0012586433
9.3271207809,0.0009683621,0.0016075838,0.0024159753,-0.0092317723,0.0129115088,0.0019264973
9.3374023438,0.0008340282,-0.0004151594,0.0033678017,-0.0103004174,0.0129098445,0.0029878337
9.3472356796,-0.0012779433,-0.0005336535,0.0023651922,-0.0103526162,0.0182287097,0.0051141013
9.3573331833,0.0005084080,0.0003391374,0.0023456416,-0.0146750864,0.0234824605,0.0029943585
9.3673772812,0.0032428307,-0.0026767980,0.0023466551,-0.0124982186,0.0192570891,0.0029916950
9.3776569366,0.0010755163,-0.0008404982,0.0032885275,-0.0125696184,0.0266829804,0.0029965555
9.3875122070,0.0008597327,-0.0029156934,0.0023044550,-0.0178850219,0.0245005209,0.0008732171
9.3976011276,-0.0003074902,0.0008149612,0.0002895795,-0.0178875513,0.0244800821,-0.0023125228
9.4076366425,-0.0034003751,0.0016702879,-0.0007247723,-0.0146771111,0.0234262682,-0.0054992614
9.4179372787,-0.0035532461,0.0035104621,-0.0036678710,-0.0071835350,0.0213828906,-0.0033781198
9.4277782440,-0.0017350364,0.0044633020,-0.0017027654,-0.0039613768,0.0192819238,-0.0044417866
9.4378328323,0.0020853532,0.0015226472,-0.0026422539,0.0003523314,0.0150813852,-0.0033824479
9.4481649399,-0.0009488213,-0.0003903043,-0.0006453790,0.0014189277,0.0150837824,-0.0044445163
9.4581956863,-0.0010510731,-0.0023216736,-0.0025640524,-0.0017838161,0.0150705334,-0.0023209783
9.4680690765,-0.0001584339,-0.0052467119,-0.0005786218,-0.0028078025,0.0108241234,-0.0012610401
9.4781074524,0.0007618917,-0.0072249901,-0.0005907811,-0.0081114871,0.0075945077,-0.0012613065
9.4882001877,-0.0002764213,-0.0063303243,0.0003567539,-0.0059980014,0.0097420812,-0.0001989715
9.4984388351,-0.0013326454,-0.0063994061,0.0003159248,-0.0102579417,0.0086516496,0.0008624312
9.5083379745,-0.0004336583,-0.0055118334,0.0012522541,-0.0124145700,0.0107411658,-0.0012595756
9.5183715820,-0.0005362379,-0.0007403028,0.0021756494,-0.0113776419,0.0139613273,0.0029888321
9.5284767151,0.0003178370,0.0001351106,0.0021398268,-0.0113994796,0.0160764083,0.0019280952
9.5387067795,-0.0017560023,-0.0019045603,0.0021138394,-0.0071311230,0.0161066353,0.0008653607
9.5486059189,-0.0009216415,-0.0010047685,0.0040496192,-0.0124886045,0.0181751139,-0.0001940447
9.5586395264,-0.0020324932,0.0018268693,0.0020815337,-0.0114192665,0.0181907602,0.0008680905
9.5687370300,0.0007779253,0.0007848609,0.0030356848,-0.0114107449,0.0171020590,-0.0033796513
9.5789928436,0.0016505521,0.0016860832,0.0020621023,-0.0049768668,0.0140037388,0.0008632968
9.5888566971,-0.0003942746,0.0035931338,-0.0008779563,-0.0049779322,0.0139898900,-0.0012603080
9.5989370346,0.0004650605,0.0016331542,-0.0008398689,-0.0007147435,0.0151076186,0.0019258980
9.6089763641,0.0022815717,-0.0003109109,0.0011440717,0.0014296342,0.0140583329,0.0008630305
9.6192378998,0.0012067509,-0.0032235514,0.0011847221,-0.0007053418,0.0140328323,-0.0001983058
9.6291370392,0.0020971848,-0.0022433531,0.0021888220,-0.0006851023,0.0118969772,-0.0023229755
9.6391716003,0.0030138893,-0.0032115113,0.0002787315,-0.0017540148,0.0118669495,-0.0055081830
9.6492776871,0.0009987903,-0.0012843739,-0.0006874598,-0.0028435150,0.0139657874,-0.0076304558
9.6595277786,0.0009362352,-0.0003201496,-0.0016546048,-0.0039228136,0.0150251267,-0.0065685869
9.6694412231,-0.0001224774,0.0035562385,0.0002770625,-0.0049910070,0.0150019573,-0.0086919256
9.6794366837,-0.0001800406,0.0025739539,0.0003049575,-0.0017558262,0.0118533690,-0.0076320539
9.6895437241,-0.0012119013,0.0006692875,0.0032481158,0.0003683111,0.0129399374,-0.0065702517
9.6997737885,-0.0003008294,0.0007049310,0.0032922230,0.0035820007,0.0119134225,-0.0055093812
9.7095079422,0.0016062212,-0.0011904370,0.0033617220,0.0090055279,0.0035066220,-0.0002059624
9.7195205688,0.0015679550,-0.0030785333,0.0005043946,0.0047274260,0.0045441897,0.0019192402
9.7296676636,0.0015596104,-0.0050030481,-0.0014216698,0.0037034405,0.0002977792,0.0029791784
9.7403354645,-0.0004210520,-0.0088939797,-0.0023749867,-0.0005455250,-0.0018395404,0.0061633866
9.7500019073,-0.0014431077,-0.0099265110,-0.0014552869,-0.0090825548,-0.0019141091,0.0061655170
9.7599773407,-0.0004904317,-0.0100404751,-0.0015136994,-0.0144023253,-0.0030235820,0.0061681806
9.7700510025,0.0004889322,-0.0053250920,-0.0006609358,-0.0165696070,0.0001269374,0.0040467065
9.7802801132,0.0014745545,-0.0005921256,-0.0007436074,-0.0122590661,-0.0040724683,0.0051049134
9.7901601791,0.0014864457,0.0032224525,-0.0008164443,-0.0058349892,-0.0061385487,0.0051022503
9.8002462387,0.0014990520,0.0041591395,0.0011004411,-0.0015774472,-0.0050543756,0.0029783791
9.8103094101,0.0005640340,0.0070783962,0.0020531619,0.0016431138,-0.0071761156,-0.0012706942
9.8206434250,0.0006167245,0.0061657894,0.0020723543,0.0080387201,-0.0060462034,0.0008527107
9.8304290771,0.0006673140,0.0023638476,0.0011594497,0.0112395734,-0.0060251639,-0.0002098905
9.8405179977,0.0007306588,0.0015061963,0.0031631791,0.0133691449,-0.0059977341,0.0008495150
9.8506431580,0.0007889075,-0.0013030898,0.0012828313,0.0101762805,-0.0071143974,-0.0033974280
9.8608646393,-0.0001416552,-0.0031892788,0.0013168656,0.0058336770,0.0002965145,-0.0002076269
9.8707141876,-0.0030765878,-0.0051203500,0.0013232433,-0.0027022874,0.0002357943,0.0019181082
9.8807859421,-0.0021289485,-0.0061358344,0.0022698247,-0.0091267107,0.0022948838,0.0008590358
9.8908843994,0.0007693422,-0.0072067510,0.0041805706,-0.0134287803,0.0054198373,-0.0023237080
9.9011135101,-0.0002650368,-0.0044247638,0.0031117401,-0.0177445114,0.0107138678,0.0019286277
9.9110097885,0.0015956414,-0.0026298296,0.0030265651,-0.0198798329,0.0106813777,-0.0001944441
9.9210414886,0.0014724386,-0.0008632672,0.0029409132,-0.0199307799,0.0160140246,0.0040554949
9.9312772751,0.0023139371,0.0028899182,0.0028823817,-0.0145647777,0.0128568467,0.0008671584
9.9413967133,0.0031827642,0.0037863720,0.0028567517,-0.0103186602,0.0150094135,-0.0001948436
9.9513130188,0.0021121008,0.0037319530,0.0028453076,-0.0049723657,0.0139950160,-0.0001967079
9.9613170624,0.0010393214,0.0007727611,0.0018756591,-0.0028283345,0.0129387397,-0.0023213113
9.9713916779,-0.0000096607,0.0007578600,0.0018860303,-0.0006610537,0.0097882198,-0.0001998371
9.9816875458,-0.0019947933,0.0027093161,-0.0029735363,-0.0006451271,0.0076610204,-0.0012644358
9.9914779663,-0.0030403184,0.0007620323,-0.0019772446,-0.0017122561,0.0076516992,-0.0012641695
10.0015754700,-0.0021366822,0.0007619131,-0.0009905495,-0.0017284229,0.0097932136,0.0019235678
10.0117273331,-0.0022076415,-0.0031611454,-0.0019693768,-0.0048983833,0.0065753157,0.0008609666
10.0219106674,-0.0002796995,-0.0041918885,-0.0010043181,-0.0059436196,0.0044366643,-0.0002012352
10.0318450928,-0.0003326285,-0.0052274596,0.0018683873,-0.0102329077,0.0065283109,0.0008626976
10.0418510437,-0.0023337649,-0.0043493044,0.0027889812,-0.0123469783,0.0043880618,0.0008617655
10.0519113541,-0.0014082241,-0.0025177728,0.0037048659,-0.0113006225,0.0065263137,0.0019243667
10.0621938705,0.0004850281,0.0022699703,0.0017123424,-0.0070044361,0.0033821194,0.0019201722
10.0721530914,0.0014528286,0.0002667177,0.0007071696,-0.0037710927,0.0002270725,0.0019177755
10.0820798874,-0.0015220988,0.0002481211,-0.0002740420,-0.0005767122,0.0013360793,0.0051036482
10.0922012329,0.0013685477,-0.0017091166,-0.0002460278,-0.0006203875,0.0055662440,0.0029821743
10.1027917862,0.0032843007,-0.0056059491,0.0017029248,-0.0048673311,0.0033855147,-0.0002025668
10.1125068665,0.0022623790,-0.0036962163,0.0016916000,-0.0048891688,0.0055005969,-0.0012633039
10.1222620010,0.0012893927,-0.0008055103,0.0006863080,-0.0038062735,0.0033756613,-0.0033898379
10.1322832108,-0.0006409037,0.0020996798,-0.0012799896,-0.0026981318,-0.0008798037,-0.0065776422
10.1425533295,-0.0025734352,0.0040581096,-0.0022631681,0.0015434036,0.0023529406,-0.0044521065
10.1523590088,-0.0005995678,0.0031074155,-0.0022355116,0.0047660954,0.0002588972,-0.0044539706
10.1625823975,0.0004053515,0.0012247432,0.0007099115,0.0015830593,-0.0018971316,-0.0055169049
10.1726703644,0.0014541697,0.0002874005,-0.0012165703,0.0047956305,-0.0029232474,-0.0044564339
10.1829671860,0.0015011680,0.0022941101,0.0017179452,0.0058997502,-0.0060987347,-0.0044565005
10.1928443909,0.0005955798,0.0004041064,0.0007657014,0.0058789775,-0.0039698035,-0.0033936331
10.2029199600,-0.0012938726,-0.0014993083,-0.0021427071,0.0037204586,-0.0018724971,-0.0044547031
10.2130079269,-0.0012804019,-0.0024334919,0.0007980071,0.0005212035,-0.0018727635,-0.0002066948
10.2234086990,0.0006731254,-0.0014620554,0.0017707549,-0.0027240720,0.0023366287,-0.0012658339
10.2331256866,-0.0003086972,-0.0024586450,0.0037003956,-0.0048471428,0.0012639075,-0.0002040316
10.2446088791,0.0016175163,-0.0034830701,0.0056272945,-0.0059509976,0.0055178413,0.0029853035
10.2536087036,-0.0014145124,-0.0006049406,0.0065771542,-0.0081278654,0.0097432127,0.0029879666
10.2636480331,-0.0005281913,-0.0016289484,0.0075460277,-0.0017371308,0.0108819809,0.0061712433
10.2731733322,-0.0016291636,0.0012618769,0.0104687419,-0.0060919328,0.0193188749,0.0040529650
10.2832965851,-0.0097018527,-0.0037198197,0.0055709681,-0.0125713497,0.0266978275,0.0051191612
10.2934141159,0.0008689416,0.0010130275,0.0007115804,-0.0146512780,0.0213880166,0.0072406353
