0.0000000000,-0.0012284042,0.0518787205,-0.0599445738,0.2314606607,0.0834997520,-0.0624907427
0.0098539591,0.0201539882,0.0698822588,-0.0857717395,0.3016903400,0.1042947769,-0.0593127906
0.0198719501,0.0503947027,0.0646288544,-0.1302806735,0.3379162550,0.1110746562,-0.0444534160
0.0301569700,0.0718744844,0.0527440459,-0.1738142967,0.3915406168,0.0851288810,-0.0274936724
0.0401639938,0.0796469301,0.0674825460,-0.1861979365,0.4589207768,0.0721035525,0.0000890187
0.0503209829,0.0748054832,0.1018556952,-0.2153853774,0.5239186287,0.0834068060,0.0191905424
0.0603280067,0.0748630613,0.1064194739,-0.2330429554,0.6221504807,0.0801863223,0.0446473621
0.0749850273,0.1082317680,0.0792702585,-0.2467552423,0.7429863214,0.0581052490,0.0764596239
0.0806039572,0.1642596573,0.0699743927,-0.2669189572,0.8518044353,-0.0426088460,0.1071738601
0.0906490088,0.1968870014,0.0621163994,-0.2678412795,0.9201430082,-0.1499462128,0.1527602524
0.1005870104,0.2022886127,0.0390612036,-0.2718242407,0.9649208784,-0.2502005994,0.1771206409
0.1107130051,0.1775508374,-0.0071633174,-0.3033116460,0.9989100099,-0.3388628066,0.2036127150
0.1207089424,0.1470763534,-0.0363860577,-0.3282556534,1.0907102823,-0.4437970817,0.2608742714
0.1309419870,0.1364649385,-0.0220337231,-0.3484047055,1.2246448994,-0.5980271101,0.3499543369
0.1408839226,0.1232235879,0.0432546735,-0.3195006251,1.3634647131,-0.8114085197,0.4740439355
0.1509230137,0.0976132601,0.1186927706,-0.2374988198,1.5360919237,-0.9929029346,0.5609769821
0.1609879732,0.0753928274,0.1122059226,-0.1980797648,1.6978031397,-1.1524580717,0.6096982956
0.1710729599,0.0800455064,0.0498553514,-0.1865602732,1.7592433691,-1.3172034025,0.6478251815
0.1811499596,0.1046384424,-0.0256580133,-0.1735301018,1.7288651466,-1.4796977043,0.6658011675
0.1912059784,0.1266750544,-0.1214848459,-0.1688404679,1.6629329920,-1.6097619534,0.6604439616
0.2013100386,0.1324838847,-0.1920615435,-0.1806828380,1.5924783945,-1.7143644094,0.6604092717
0.2113339901,0.1328027099,-0.2177364826,-0.1890102625,1.5845969915,-1.7790840864,0.6720587015
0.2214119434,0.1512006372,-0.2215853035,-0.1989695430,1.6214619875,-1.8336008787,0.7240511775
0.2314889431,0.1642222255,-0.1893947124,-0.1729009151,1.6934612989,-1.8780317307,0.8110782504
0.2415930033,0.1573248953,-0.1559560597,-0.1325764656,1.7714778185,-1.8830530643,0.9129890203
0.2517479658,0.1403547376,-0.1494370103,-0.1035287380,1.8419951200,-1.8837082386,1.0435720682
0.2616739273,0.1368394345,-0.1648491025,-0.0691940784,1.9152305126,-1.9343311787,1.3185341358
0.2718060017,0.0179227479,-0.1963807940,-0.0725920796,1.9461369514,-2.0238761902,1.5393357277
0.2817969322,-0.0582398288,-0.2286368012,-0.0650684237,1.9001833200,-1.9142767191,1.4852505922
0.2919329405,0.0778302997,-0.2320265770,0.0031875942,1.8332744837,-1.8358002901,1.5681271553
0.3019620180,0.1824396700,-0.2511869073,0.0512176119,1.7836202383,-1.7728551626,1.6870934963
0.3120629787,0.1520771831,-0.2872104943,0.0259106737,1.6870205402,-1.7113803625,1.8060702085
0.3220900297,0.3000312448,-0.1451852918,0.0990946889,1.5626506805,-1.6480461359,1.9218689203
0.3321859837,0.3272196651,-0.1523991227,0.1142632961,1.4073078632,-1.5817512274,2.0451102257
0.3422199488,0.3505795002,-0.1567607522,0.0961838961,1.2593315840,-1.5058891773,2.1609206200
0.3523700237,0.3533286452,-0.1668541431,0.1031655073,1.1358038187,-1.4191071987,2.2915966511
0.3623490334,0.4531636238,-0.1066169739,0.1615289450,1.0611706972,-1.3104629517,2.4551880360
0.3724830151,0.4836902618,-0.1013053060,0.1667852402,0.9714788795,-1.1890566349,2.6432099342
0.3824919462,0.5019538403,-0.1173267961,0.1548155546,0.9188027978,-1.0344886780,2.8227446079
0.3926169872,0.5137112141,-0.1607563496,0.1148565412,0.8288420439,-0.8877913356,2.9842343330
0.4026110172,0.5932224989,-0.1492716074,0.1247758865,0.7284544110,-0.7644261718,3.1616425514
0.4126800299,0.6222032309,-0.1464343667,0.1549350619,0.6321579218,-0.6253087521,3.3082647324
0.4228079319,0.6366511583,-0.1698572636,0.1509482265,0.5466254950,-0.4980521202,3.4113435745
0.4328399897,0.6441333294,-0.2012423277,0.1383593082,0.4277297556,-0.3424036801,3.5197548866
0.4428730011,0.7101190686,-0.2108481526,0.1121259332,0.2720620036,-0.2455332577,3.6132810116
0.4531990290,0.7269858122,-0.2419764996,0.0555867516,0.0755995288,-0.2294967622,3.7322602272
0.4630470276,0.7617433667,-0.2423511744,0.1038313508,-0.0681762323,-0.2510339022,3.8766908646
0.4731179476,0.7836279869,-0.2044058442,0.1380272508,-0.0954320878,-0.2916929126,4.0242676735
0.4832159281,0.8037269115,-0.1677465439,0.1352609992,-0.0448942892,-0.3210542500,4.1728916168
0.4932090044,0.7850164175,-0.1523449421,0.1302318573,0.0469938219,-0.3247544467,4.2960352898
0.5033110380,0.7703878284,-0.1432637572,0.1183828115,0.1483910680,-0.3200001717,4.4011301994
0.5133420229,0.7555176020,-0.1542436481,0.0869547129,0.2485094070,-0.2964274883,4.4648241997
0.5233960152,0.7683257461,-0.2353979945,0.1018564105,0.2391049713,-0.3107503057,4.5593209267
0.5334860086,0.7663673759,-0.2648464441,0.1353193521,0.1786594689,-0.3435148895,4.6601905823
0.5435470343,0.7699931860,-0.2286888957,0.1552068591,0.1830217391,-0.3482137024,4.7472538948
0.5536289215,0.7598201632,-0.2092314363,0.1668077111,0.2463645041,-0.2785922885,4.7621378899
0.5636830330,0.7513016462,-0.2317726612,0.1308664680,0.2763769031,-0.1861400306,4.7430639267
0.5737469196,0.7449041605,-0.2646995783,0.1378083825,0.2146051675,-0.0922074243,4.7484354973
0.5838209391,0.7608178258,-0.2656860352,0.1747471094,0.2005771697,0.0297449809,4.7559323311
0.5938799381,0.7598998547,-0.2532175779,0.1957103014,0.2043575346,0.1858975589,4.7772455215
0.6040639877,0.7597046494,-0.2236654758,0.1974900961,0.2335917056,0.3582093418,4.8017458916
0.6140990257,0.7430687547,-0.2146323323,0.2143285871,0.1892415583,0.5245109200,4.8167052269
0.6241729259,0.7236470580,-0.2541676760,0.2612278461,0.0587410517,0.6590117216,4.7891988754
0.6342569590,0.7070050836,-0.3315494657,0.2996344566,-0.0793758109,0.8059297800,4.7234754562
0.6442869902,0.7084822059,-0.4057303071,0.3073492050,-0.1928672194,0.9445257783,4.6503100395
0.6544759274,0.7094931006,-0.4321661592,0.3148648143,-0.3831844330,1.0837470293,4.6132640839
0.6644819975,0.7169456482,-0.4212896824,0.3528164029,-0.5434126258,1.2019820213,4.5719532967
0.6748830080,0.7172052860,-0.4498429298,0.3819516301,-0.6672424078,1.3100272417,4.5465555191
0.6848369837,0.7035664916,-0.4395740032,0.4272810817,-0.7270416617,1.4186236858,4.5200815201
0.6949449778,0.6812754869,-0.3782067299,0.4575815797,-0.7218080163,1.5342251062,4.5042104721
0.7048599720,0.6594319344,-0.3166981936,0.4742125273,-0.7327634096,1.6676459312,4.4766755104
0.7148309946,0.6327682734,-0.2962416708,0.4938324094,-0.6892798543,1.7958095074,4.3832898140
0.7247409821,0.6208981276,-0.3711359799,0.4986698031,-0.7555317283,1.9050335884,4.2984151840
0.7387379408,0.6225672960,-0.3948023915,0.4902485609,-0.8706268668,1.9893335104,4.1997389793
0.7484539747,0.6165394783,-0.4048014283,0.4806270003,-0.9302501678,2.0750255585,4.0776910782
0.7712899446,0.5969315171,-0.4308798313,0.4609168768,-0.9888386726,2.1627533436,3.9407780170
0.7713739872,0.5785048604,-0.4194012880,0.4513329268,-1.0026051998,2.2521424294,3.8357069492
0.7752469778,0.5672487617,-0.3848024011,0.4439738989,-0.9577327967,2.3485128880,3.7465527058
0.7853159904,0.5533893108,-0.3686586320,0.4174526930,-0.9203786850,2.4477577209,3.6202392578
0.7953850031,0.5408587456,-0.3772210181,0.4319860935,-0.8847503662,2.5055437088,3.4843487740
0.8052070141,0.5389006138,-0.4019880891,0.4512301683,-0.8733781576,2.5356531143,3.3675637245
0.8152959347,0.5252429247,-0.4004132748,0.4680827856,-0.9163733125,2.5588386059,3.2380466461
0.8299649954,0.4990164042,-0.3957514763,0.4766943455,-0.9264173508,2.5938677788,3.0904750824
0.8356679678,0.4818391800,-0.4171263278,0.4519295096,-0.9567779303,2.6329348087,2.9386651516
0.8456779718,0.4728286862,-0.4091773629,0.4091803432,-0.9850628972,2.6795980930,2.8102195263
0.8558390141,0.4651373029,-0.4029608667,0.3863922358,-0.9767990708,2.7001101971,2.6902444363
0.8659359217,0.4592097998,-0.4225474000,0.3658100367,-0.9650577307,2.6930291653,2.5649461746
0.8756179810,0.4364937544,-0.4440342486,0.3599486351,-1.0046949387,2.7026851177,2.4715228081
0.8856689930,0.4009575248,-0.4181867242,0.3550889492,-1.0358697176,2.7199208736,2.3897788525
0.8957679272,0.3781448007,-0.4109734893,0.3154659867,-1.0254067183,2.7352988720,2.2931602001
0.9058629274,0.3554042578,-0.4172733426,0.2974215746,-1.0200014114,2.7242007256,2.2113962173
0.9159169197,0.3301074505,-0.3951671422,0.3055555820,-0.9672801495,2.6774954796,2.1380953789
0.9263620377,0.3232404590,-0.3735451698,0.3233376145,-0.8618900776,2.5942306519,2.0828125477
0.9361699820,0.3116941452,-0.3317915797,0.3360596895,-0.7306367159,2.4868476391,2.0370681286
0.9461669922,0.3063898683,-0.3143595457,0.3264821768,-0.5578631759,2.3893568516,1.9881327152
0.9562489986,0.2847315073,-0.3173266649,0.2966921329,-0.4154104292,2.3350434303,1.9296704531
0.9666039944,0.1991444081,-0.3091311157,0.2843979597,-0.2915538549,2.3238158226,1.8319483995
0.9764980078,0.1651812345,-0.3319018185,0.2604241967,-0.2049326748,2.3017704487,1.7522804737
0.9865980148,0.1586840004,-0.3326089084,0.2467775345,-0.1076572761,2.2808034420,1.6609303951
0.9967169762,0.1504919678,-0.3074082434,0.2199930549,0.0025994591,2.2430343628,1.5791250467
1.0071449280,0.0919726938,-0.2816556692,0.2045251727,0.0604934655,2.2098786831,1.4612333775
1.0168149471,0.0685126334,-0.3078789711,0.1805308461,0.0047492431,2.2264893055,1.3168511391
1.0268930197,0.0381763466,-0.3390162885,0.1461070776,-0.0619139150,2.2661685944,1.1448765993
1.0369729996,0.0235640444,-0.3868309259,0.0964500904,-0.1603267640,2.2790224552,0.9697112441
1.0472879410,0.0269510187,-0.3931269348,0.0722526908,-0.2240268886,2.2383337021,0.8359205723
1.0571099520,0.0409204625,-0.3882882893,0.0912501216,-0.1783121377,2.1436104774,0.7307435870
1.0671739578,0.0395195894,-0.3508017063,0.0881763697,-0.1632974148,2.0265622139,0.6606044769
1.0772140026,0.0362804569,-0.3424709737,0.0699625611,-0.1988415569,1.9506785870,0.6244744062
1.0875489712,0.0260447077,-0.3683757484,0.0337116681,-0.2257529497,1.8641566038,0.5724089146
1.0973930359,0.0091472967,-0.3837900460,-0.0138329295,-0.2639695704,1.7363460064,0.5500570536
1.1074550152,0.0062651513,-0.3884151280,-0.0179455299,-0.2506794930,1.5814651251,0.5382972956
1.1174719334,0.0010536490,-0.3799075484,-0.0232516546,-0.1806229055,1.4070307016,0.5435013771
1.1278269291,-0.0072857263,-0.3636321127,-0.0314776935,-0.0697700530,1.2085970640,0.5561144948
1.1377599239,-0.0019087838,-0.3450763226,-0.0267822761,0.0593562424,0.9976025820,0.5708415508
1.1476889849,0.0042974083,-0.3342561722,-0.0296492595,0.1196907908,0.8347412944,0.5739303827
1.1578289270,-0.0088053318,-0.3601624370,-0.0471217670,0.1055994779,0.7484825850,0.5452222824
1.1681549549,-0.0288997106,-0.3991811275,-0.0744866133,0.0314284191,0.6922901869,0.4889385104
1.1778420210,-0.0395691358,-0.4469631314,-0.1031252146,-0.1017544046,0.6662442088,0.4156951904
1.1879429817,-0.0410340913,-0.4998468459,-0.1418360472,-0.1880644411,0.6491801739,0.3551853299
1.1980079412,-0.0550063439,-0.5051573515,-0.1379134059,-0.1494704485,0.6290312409,0.3052609265
1.2083560228,-0.0635825098,-0.4554657638,-0.1427248120,-0.0635567904,0.5756443739,0.3020276427
1.2181609869,-0.0609391890,-0.4318495393,-0.1256772876,0.0597504936,0.5183818936,0.3051531315
1.2282040119,-0.0841043368,-0.3975021839,-0.1142535210,0.1353169233,0.4343692362,0.3380072713
1.2383229733,-0.0956567749,-0.3683675528,-0.0830941200,0.1728531122,0.3118451834,0.3740377128
1.2486209869,-0.1001337171,-0.3632980585,-0.0555765070,0.1667313278,0.1781625450,0.3845906854
1.2583899498,-0.1219912469,-0.3779494762,-0.0319458283,0.1229633391,0.0726901889,0.3781783283
1.2684890032,-0.1488911957,-0.3903014064,-0.0201171655,0.0551933460,0.0177608877,0.3441905379
1.2785439491,-0.1732660085,-0.4061536491,-0.0220154542,0.0256929807,-0.0219511036,0.3144478202
1.2889189720,-0.1811449379,-0.3623514175,-0.0221810360,0.0248987190,-0.0495948493,0.3070014715
1.2986799479,-0.1835961938,-0.3109038472,-0.0173128266,0.0528102443,-0.0663839504,0.2984915972
1.3087589741,-0.1890669763,-0.2701697946,-0.0023993279,0.1521443129,-0.0751355588,0.2878442407
1.3189419508,-0.1960877031,-0.2304597199,0.0144573422,0.2143413872,-0.1054332778,0.2771953344
1.3291980028,-0.1920528263,-0.2249607146,0.0426379405,0.2122385949,-0.1098555923,0.2527726591
1.3390729427,-0.2022861540,-0.2443852574,0.0590000711,0.1565167457,-0.0905551314,0.1954593211
1.3489599228,-0.2087672502,-0.2679771781,0.0567208491,0.0589229986,-0.0473328941,0.1201180220
1.3590860367,-0.2035761029,-0.2944332957,0.0700897574,0.0018309513,0.0016040229,0.0532636233
1.3693959713,-0.1903439313,-0.2766216099,0.0678551793,-0.0155884670,0.0329598151,0.0033788881
1.3792139292,-0.1647677869,-0.2752407491,0.0697883368,0.0148288282,0.0851223543,-0.0114679690
1.3892270327,-0.1576988697,-0.2311669886,0.0624467693,0.0677476823,0.1291111708,-0.0082749045
1.3993809223,-0.1476470083,-0.2189167440,0.0657312870,0.0973135531,0.1612784266,0.0034134428
1.4097160101,-0.1405896842,-0.2230099440,0.0718973875,0.1099301502,0.1805371642,0.0108521171
1.4195109606,-0.1315764189,-0.2395857126,0.0654312372,0.1149621904,0.2102226168,0.0002476765
1.4295740128,-0.1255294383,-0.2402815521,0.0569329225,0.1520522386,0.2371283919,0.0087470217
1.4396179914,-0.1228494272,-0.2172156423,0.0551302992,0.1830730140,0.2311642468,0.0289103463
1.4499839544,-0.1108564287,-0.1871594191,0.0483699404,0.1584598422,0.2383892089,0.0310453363
1.4597409964,-0.1215323806,-0.1877410114,0.0424913131,0.1401860267,0.2509004772,0.0215000343
1.4698050022,-0.1333604902,-0.1723265201,0.0394437872,0.1381175220,0.2433725893,0.0087543456
1.4798959494,-0.1266971380,-0.1537110806,0.0383748971,0.0849166214,0.2269360870,0.0002652534
1.4902859926,-0.1270212680,-0.1643721312,0.0480134450,0.0686963722,0.2468382716,-0.0177719370
1.5000259876,-0.1343864799,-0.1481126845,0.0312132221,0.0869446248,0.2375931144,0.0045165909
1.5100970268,-0.1133085489,-0.0965697393,0.0241230112,0.1095131040,0.2230452001,0.0214927793
1.5201939344,-0.1030412987,-0.1044984609,0.0239202362,0.1606324762,0.2329516262,0.0076813577
1.5305190086,-0.1036755368,-0.1078152135,0.0060738893,0.2066680342,0.2184770852,0.0044775754
1.5402859449,-0.0813132674,-0.1202889904,0.0096934410,0.2215082347,0.2281081378,-0.0029539757
1.5503610373,-0.0859606639,-0.1078893915,0.0189717393,0.2181524634,0.2416939139,-0.0305538476
1.5604479313,-0.0861125961,-0.1136322320,0.0312465411,0.1966485083,0.2562022805,-0.0549625158
1.5707629919,-0.0734126940,-0.1086532995,0.0239886623,0.1325445920,0.2618569136,-0.0783031955
1.5805529356,-0.0685991719,-0.1242691129,0.0372807346,0.0896394700,0.2814146280,-0.1133219004
1.5905309916,-0.0725021660,-0.1206247285,0.0340951644,0.0705351010,0.2705808282,-0.1218162477
1.6006829739,-0.0551861636,-0.1020050794,0.0406742655,0.0953352600,0.2453380525,-0.1207733527
1.6110639572,-0.0535251386,-0.0732384995,0.0519829355,0.1425875574,0.2172394395,-0.0995632708
1.6208119392,-0.0523461625,-0.0487440079,0.0496223532,0.1547174603,0.1804492027,-0.0624217652
1.6308900118,-0.0449185111,-0.0480651557,0.0492970310,0.1303751022,0.1600902677,-0.0603028201
1.6409620047,-0.0540837608,-0.0748169646,0.0441090427,0.0887847841,0.1564883441,-0.0687884539
1.6512739658,-0.0576627813,-0.0894753560,0.0253123622,0.0451242812,0.1464590132,-0.0836463571
1.6610870361,-0.0486145802,-0.1185628474,0.0163251739,0.0130315945,0.1523515135,-0.1133656353
1.6711579561,-0.0542618483,-0.1313878894,0.0092178555,0.0117986836,0.1682167053,-0.1197291911
1.6812939644,-0.0563745461,-0.1123241335,-0.0027955796,0.0503383502,0.1569573879,-0.1080648154
1.6916040182,-0.0466237105,-0.0839177668,-0.0079218177,0.0728788972,0.1456622034,-0.0804694742
1.7013779879,-0.0456203260,-0.0799459368,0.0054916115,0.1498820633,0.1305498183,-0.0603223927
1.7114210129,-0.0513915010,-0.0782912523,0.0051501365,0.1853625029,0.1066819057,-0.0253030229
1.7215080261,-0.0459734462,-0.0788179487,-0.0069293408,0.1705121845,0.0981187820,-0.0168091375
1.7318810225,-0.0552816577,-0.1172981709,-0.0082703261,0.1299007684,0.1029725894,-0.0316615216
1.7416199446,-0.0629817918,-0.1381359994,-0.0174617190,0.0850669816,0.1035936400,-0.0390824191
1.7516980171,-0.0558879711,-0.1377021670,-0.0208053011,0.0649069101,0.0917319134,-0.0412070863
1.7617419958,-0.0525469780,-0.1253189445,-0.0163039584,0.0597576872,0.0737174973,-0.0305967890
1.7720639706,-0.0541720055,-0.1105739772,-0.0049381284,0.0898321494,0.0560930297,-0.0072529172
1.7818679810,-0.0566354170,-0.0811341256,0.0024629806,0.1125060394,0.0309354812,0.0097175445
1.7919449806,-0.0501007140,-0.0751099288,0.0050723525,0.1082688197,0.0289433692,0.0351997986
1.8020780087,-0.0436914898,-0.0811002851,-0.0117309121,0.0731180236,0.0222766772,0.0362671949
1.8123940229,-0.0421133116,-0.0976364762,-0.0139209060,0.0335602239,0.0293159448,0.0299112946
1.8221490383,-0.0444686748,-0.1104857177,-0.0151556162,0.0058473707,0.0258975122,0.0309784263
1.8322019577,-0.0400817767,-0.1022960544,-0.0153766302,-0.0229298957,0.0213902444,0.0288576167
1.8422919512,-0.0386592746,-0.1050815433,-0.0058023958,-0.0260945298,0.0182415880,0.0384130366
1.8527089357,-0.0379714034,-0.0885175467,-0.0089384941,-0.0076322202,-0.0122453459,0.0575064383
1.8651109934,-0.0252463296,-0.0828533024,-0.0071104793,-0.0021224059,-0.0291263256,0.0649292022
1.8731689453,-0.0272445157,-0.0849855542,-0.0014179971,0.0021585999,-0.0301435869,0.0659898669
1.8831549883,-0.0302485712,-0.0910757184,-0.0015610482,-0.0169852674,-0.0366704613,0.0670532733
1.8935810328,-0.0264325142,-0.0970932841,0.0080531808,-0.0372192487,-0.0410840511,0.0681174025
1.9032900333,-0.0244688094,-0.0933905095,0.0020474170,-0.0372682512,-0.0369231291,0.0553779081
1.9125999212,-0.0256107748,-0.0887193382,-0.0039680628,-0.0309390351,-0.0294618830,0.0521955639
1.9227869511,-0.0258345641,-0.0761222243,0.0026463245,-0.0331196301,-0.0252849814,0.0447656102
1.9329680204,-0.0270885676,-0.0705005825,0.0073528262,-0.0257246457,-0.0177997015,0.0437057391
1.9427279234,-0.0255536996,-0.0531436950,0.0130138965,-0.0095872181,-0.0303573050,0.0490043648
1.9528729916,-0.0199793577,-0.0434555709,0.0177065711,-0.0202405564,-0.0314216390,0.0628100559
1.9629290104,-0.0172546729,-0.0435291678,0.0224131327,-0.0426294841,-0.0337463133,0.0617527813
1.9731040001,-0.0234099813,-0.0514217764,0.0163819175,-0.0502177924,-0.0221614279,0.0585752316
1.9828799963,-0.0316299386,-0.0533066541,0.0171504598,-0.0182577241,-0.0165837035,0.0575081035
1.9929720163,-0.0319277532,-0.0267962534,0.0119714709,0.0149942376,-0.0332638770,0.0585531257
2.0034170151,-0.0222877227,-0.0195801873,0.0253852587,0.0322738364,-0.0543677025,0.0532274693
2.0137979984,-0.0251448750,-0.0193361063,0.0368091427,0.0047087632,-0.0726752654,0.0489786007
2.0234661102,-0.0260138027,-0.0284032840,0.0376421176,-0.0156513695,-0.0655569062,0.0288131423
2.0335531235,-0.0319942161,-0.0328644216,0.0336069427,-0.0147000086,-0.0551049933,0.0033362110
2.0436501503,-0.0302884579,-0.0342778265,0.0334975086,-0.0008763382,-0.0508228987,-0.0094067492
2.0539820194,-0.0256489478,-0.0247848500,0.0333346091,0.0064970488,-0.0423865393,-0.0274557900
2.0637431145,-0.0279922225,-0.0366652608,0.0351291262,0.0104811378,-0.0148601048,-0.0423082374
2.0738048553,-0.0315233395,-0.0391348451,0.0369736515,0.0178583600,-0.0052540828,-0.0433657803
2.0839149952,-0.0313564800,-0.0299709458,0.0388311706,0.0230975971,0.0043346286,-0.0444241203
2.0942978859,-0.0351988524,-0.0293533523,0.0416386686,0.0506838448,0.0205558110,-0.0348683000
2.1040401459,-0.0390177071,-0.0089139650,0.0335998498,0.0870860592,0.0092363097,-0.0295742005
2.1141080856,-0.0310300849,-0.0232487042,0.0305265766,0.0837732255,0.0197916832,-0.0338162817
2.1241679192,-0.0456868894,-0.0328630209,0.0351787768,0.0581408292,0.0204904955,-0.0550454073
2.1345391273,-0.0485902876,-0.0429028273,0.0370148979,0.0231067855,0.0020675461,-0.0667233691
2.1443049908,-0.0376567468,-0.0511836857,0.0311394911,-0.0057110153,0.0017466352,-0.0773342028
2.1543719769,-0.0404387303,-0.0509654135,0.0193833094,-0.0143783512,0.0144192204,-0.0752033368
2.1644499302,-0.0413221382,-0.0429508835,0.0046977969,0.0069775367,0.0135792596,-0.0699001849
2.1747860909,-0.0401529670,-0.0336612314,-0.0022459652,0.0411614478,0.0119139850,-0.0454875194
2.1845510006,-0.0388430282,-0.0164658446,-0.0014365342,0.0700713918,0.0038368839,-0.0210775193
2.1946439743,-0.0405161381,-0.0232466478,-0.0006389644,0.0742951334,0.0081474092,-0.0168307759
2.2047119141,-0.0469171740,-0.0387804806,-0.0057105450,0.0465252921,0.0099855233,-0.0231936015
2.2151949406,-0.0435390994,-0.0593579561,-0.0116642145,0.0037164958,0.0211721975,-0.0401651934
2.2248229980,-0.0433837771,-0.0811932534,-0.0146380095,-0.0262840129,0.0325337760,-0.0475844927
2.2349071503,-0.0412897989,-0.0711111724,-0.0137654571,-0.0187390111,0.0263286103,-0.0327229872
2.2449829578,-0.0311799422,-0.0473947376,-0.0109366206,0.0049950806,0.0022898535,-0.0083196461
2.2553830147,-0.0277655497,-0.0359738171,0.0064278813,0.0702400208,-0.0107537769,0.0192632452
2.2651648521,-0.0328899100,-0.0115169296,0.0119649144,0.1292330325,-0.0387151018,0.0457792729
2.2752528191,-0.0270011500,-0.0157858897,0.0155432792,0.1421446055,-0.0492273308,0.0436473489
2.2852458954,-0.0308266021,-0.0355495065,0.0142307850,0.1229479983,-0.0504422672,0.0457752161
2.2955980301,-0.0326895416,-0.0445652306,0.0148447128,0.1091608629,-0.0590871535,0.0404664688
2.3054170609,-0.0325721391,-0.0428504199,0.0183425527,0.0921512544,-0.0655953884,0.0415293388
2.3154869080,-0.0314279310,-0.0286930073,0.0208817702,0.0922510251,-0.0762385726,0.0362135358
2.3255479336,-0.0284125693,-0.0333655179,0.0108522745,0.0782249495,-0.0615610965,0.0277300347
2.3359241486,-0.0344537757,-0.0354072452,0.0047665210,0.0534817353,-0.0428099148,0.0075724348
2.3456988335,-0.0357170962,-0.0449045002,-0.0021300938,-0.0117713045,-0.0286421627,-0.0104545029
2.3556809425,-0.0333944224,-0.0684966147,-0.0020424153,-0.0568637624,-0.0037483317,-0.0380386598
2.3658261299,-0.0370906852,-0.0717479289,-0.0059000282,-0.0750491545,0.0003164511,-0.0412174091
2.3761811256,-0.0328539275,-0.0495444089,-0.0030047919,-0.0470809042,-0.0205580704,-0.0253072847
2.3859200478,-0.0265175812,-0.0318033248,0.0085948678,0.0020304490,-0.0210241228,0.0001631877
2.3958830833,-0.0336927138,-0.0224751402,0.0113241049,0.0534761697,-0.0405156650,0.0341194235
2.4061229229,-0.0337988995,-0.0128291557,0.0139896842,0.0611202419,-0.0561785139,0.0627782345
2.4164528847,-0.0357121490,-0.0323706865,0.0176713448,0.0526016913,-0.0583669692,0.0638399050
2.4262039661,-0.0445464216,-0.0520541966,0.0155217024,0.0247349087,-0.0469936728,0.0553582646
2.4362730980,-0.0428026430,-0.0679355860,0.0114927264,-0.0053609945,-0.0260618925,0.0511287674
2.4463469982,-0.0432131179,-0.0712929219,0.0152391763,-0.0086859521,-0.0145019107,0.0383937955
2.4567708969,-0.0349905454,-0.0651962161,0.0141960951,-0.0152976215,0.0066963201,0.0437155925
2.4664831161,-0.0221524052,-0.0592082590,0.0210276823,-0.0069773737,0.0279424861,0.0362914987
2.4765248299,-0.0182020552,-0.0502779484,0.0258426052,0.0121436166,0.0365634710,0.0309821516
2.4866070747,-0.0103647830,-0.0343883187,0.0316229425,0.0271015279,0.0345304161,0.0246065445
2.4969940186,-0.0064598294,-0.0377159119,0.0295888763,0.0237617102,0.0470817611,0.0012544846
2.5067439079,-0.0164116584,-0.0508078933,0.0187652092,-0.0063613048,0.0700451359,-0.0167769808
2.5168170929,-0.0255752914,-0.0405532420,0.0137652131,-0.0010957569,0.0752177909,-0.0443835743
2.5269088745,-0.0260478593,-0.0467332602,0.0146525474,-0.0129188597,0.0824107230,-0.0645511597
2.5372638702,-0.0315974914,-0.0414168537,0.0106815072,-0.0141381882,0.0971782804,-0.0762222633
2.5470240116,-0.0344687365,-0.0439798683,0.0058041783,-0.0248622056,0.1023970172,-0.0751551390
2.5570840836,-0.0314830504,-0.0320312381,0.0038416360,-0.0163158551,0.1026176512,-0.0528600849
2.5671248436,-0.0255628265,-0.0142109403,0.0077347131,0.0071945307,0.1008599699,-0.0284455530
2.5775008202,-0.0254085474,-0.0069440170,0.0096340748,0.0052033393,0.0871177912,-0.0178341884
2.5872850418,-0.0163064264,-0.0376365483,0.0165252667,-0.0160385668,0.0774446577,-0.0082774349
2.5973191261,-0.0167237185,-0.0462520719,0.0175185781,-0.0254809894,0.0614734814,-0.0040358850
2.6073880196,-0.0052287327,-0.0471092314,0.0126739116,-0.0232029222,0.0477683246,0.0065746815
2.6177849770,0.0034839837,-0.0371828675,0.0106976004,0.0056729605,0.0428394116,0.0256774686
2.6275329590,0.0016362397,-0.0113623897,0.0076029273,0.0411609150,0.0167050119,0.0383969955
2.6376438141,0.0058264015,-0.0038734688,0.0162072759,0.0434346162,0.0029231533,0.0373282693
2.6476869583,-0.0018382492,-0.0181061495,0.0229634624,-0.0047555519,0.0182941202,0.0182357971
2.6579949856,-0.0156157957,-0.0457256436,0.0123314830,-0.0691646561,0.0547165088,-0.0050880997
2.6678080559,-0.0239840262,-0.0590210408,0.0017862890,-0.1196057349,0.0817468017,-0.0231123734
2.6778488159,-0.0257147066,-0.0491827130,-0.0058205752,-0.1144126952,0.0955950320,-0.0220466442
2.6879968643,-0.0119278515,-0.0283953268,-0.0075794486,-0.0855496302,0.0917065516,-0.0061289300
2.6982960701,-0.0039740624,-0.0132224867,-0.0035557772,-0.0523145497,0.0784103200,0.0257098265
2.7080898285,-0.0035891840,-0.0055869683,0.0179471355,-0.0157706514,0.0545388125,0.0586043932
2.7181410789,-0.0057479860,0.0158087295,0.0237415414,0.0059720599,0.0167081412,0.0861877501
2.7282629013,0.0012211902,0.0062705264,0.0208285432,0.0017402973,0.0135501651,0.0957434401
2.7385268211,-0.0092464807,0.0006592112,0.0070837112,-0.0109901726,0.0060253367,0.0978663117
2.7483410835,-0.0088213766,-0.0078908214,-0.0027065303,-0.0183381010,-0.0068481183,0.0861819610
2.7584691048,-0.0093619386,-0.0154953310,-0.0076257614,-0.0044469982,-0.0100758690,0.0606933758
2.7685229778,-0.0158333220,-0.0152319381,-0.0155327944,0.0298087094,-0.0215732679,0.0415665545
2.7788009644,-0.0164693408,-0.0030470504,-0.0098468093,0.0587426201,-0.0341367312,0.0288113449
2.7886359692,-0.0150680216,0.0044760094,-0.0031957652,0.0694405437,-0.0372957699,0.0181890596
2.7986888885,-0.0146953138,0.0079187145,0.0044553252,0.0575908348,-0.0268577132,0.0075794919
2.8087170124,-0.0154993804,-0.0032890155,0.0121678682,0.0372237749,-0.0186298769,-0.0051528146
2.8190939426,-0.0153972926,-0.0155597487,0.0257611256,0.0359900929,-0.0028071038,-0.0178863183
2.8289041519,-0.0115031051,-0.0180263538,0.0266649704,0.0454355255,0.0132056847,-0.0157571211
2.8389129639,-0.0077229114,-0.0039631291,0.0255840998,0.0325961858,0.0162703842,-0.0168145970
2.8490171432,-0.0039532455,-0.0112612108,0.0352815948,0.0496132523,0.0228755567,-0.0030122325
2.8595738411,-0.0049972506,0.0020168261,0.0360822044,0.0827967748,0.0136771305,0.0065316050
2.8692440987,-0.0040025013,0.0057631121,0.0368830524,0.0977349728,0.0137868524,0.0033424695
2.8791639805,-0.0069949003,-0.0060000285,0.0308715086,0.0870195031,0.0167102721,-0.0221363250
2.8892598152,-0.0130014392,-0.0306317527,0.0161665063,0.0431766883,0.0235474035,-0.0539757460
2.8998219967,-0.0152273150,-0.0400249064,0.0141737433,-0.0027460102,0.0250604805,-0.0858168975
2.9093899727,-0.0126447054,-0.0515708774,0.0142029496,-0.0059335474,0.0228135716,-0.1006824002
2.9195189476,-0.0080501782,-0.0359057635,0.0112647386,0.0166044366,0.0103055686,-0.0964477733
2.9296870232,-0.0053579481,-0.0169960577,0.0160284024,0.0358505696,0.0073665045,-0.0847743377
2.9401309490,-0.0064975405,-0.0126483450,0.0188558679,0.0412148684,0.0053667370,-0.0730963796
2.9497120380,-0.0067323493,-0.0209962148,0.0207536798,0.0325052664,0.0234400127,-0.0560963564
2.9598360062,-0.0041062022,-0.0254695732,0.0099907489,0.0398706645,0.0341714881,-0.0475992747
2.9698669910,-0.0034604119,-0.0335966647,0.0050213309,0.0537300184,0.0365185328,-0.0316746347
2.9801721573,0.0001683263,-0.0386705995,-0.0058249859,0.0526444614,0.0386586450,-0.0274258293
2.9900279045,-0.0051554004,-0.0476622283,-0.0176370163,0.0375326201,0.0554834306,-0.0305989850
2.9999899864,-0.0114761377,-0.0510160625,-0.0206700582,0.0227627568,0.0383628383,-0.0327271856
3.0100829601,-0.0058280835,-0.0478245616,-0.0177690405,0.0038447268,0.0095825875,-0.0274277609
3.0204579830,-0.0038675973,-0.0449132472,-0.0167912859,-0.0194880255,-0.0043677161,-0.0199955441
3.0302150249,-0.0106034214,-0.0391672999,-0.0168260951,-0.0268450081,-0.0161593948,-0.0284939576
3.0403270721,-0.0114378566,-0.0353588760,-0.0197498817,-0.0161881559,-0.0138399145,-0.0125689190
3.0503611565,-0.0121756168,-0.0099959085,-0.0256917495,-0.0043272367,-0.0253391787,-0.0019596843
3.0607128143,-0.0070095034,-0.0126608470,-0.0159922261,0.0085169496,-0.0283060055,0.0139620900
3.0704479218,-0.0086073810,-0.0141873816,-0.0083205728,0.0225568675,-0.0440029427,0.0288158711
3.0806210041,-0.0069964277,-0.0068737431,0.0002928350,0.0184585303,-0.0609948412,0.0319931544
3.0906310081,-0.0073423395,-0.0201333929,0.0138549181,-0.0028968258,-0.0601479560,0.0277518053
3.1009950638,-0.0155093940,-0.0258892495,0.0088966461,-0.0210196376,-0.0624416061,0.0256309975
3.1107709408,-0.0098768817,-0.0259437431,0.0088915201,-0.0177351609,-0.0709293708,0.0213787276
3.1208591461,-0.0091050761,-0.0181194711,0.0088010402,-0.0070718639,-0.0697903261,0.0192543250
3.1308388710,-0.0122218402,-0.0113454470,0.0097015472,0.0025360230,-0.0696579665,0.0266845450
3.1413130760,-0.0124347182,-0.0073318644,0.0144898864,0.0164215304,-0.0705843568,0.0288045518
3.1510210037,-0.0145781906,-0.0031592115,0.0192291718,0.0303384140,-0.0746864229,0.0319843665
3.1610670090,-0.0107978927,-0.0076871826,0.0181379896,0.0335719958,-0.0778557807,0.0298588313
3.1711168289,-0.0099840434,-0.0131087610,0.0111804577,0.0302592888,-0.0673360229,0.0203087348
3.1814849377,-0.0131524177,-0.0185569692,0.0129964324,0.0259883776,-0.0673795715,0.0192473326
3.1912951469,-0.0094881179,-0.0113041708,0.0167394858,0.0292270482,-0.0716648623,0.0086263809
3.2013399601,-0.0107562291,-0.0148703316,0.0175947528,0.0141592836,-0.0590775013,0.0065132291
3.2114210129,-0.0120424749,-0.0176128615,0.0214013439,0.0088769030,-0.0644291267,0.0065118978
3.2217929363,-0.0123166265,-0.0165536571,0.0183982830,0.0067452551,-0.0643988922,0.0139446463
3.2315268517,-0.0115451710,-0.0017701102,0.0202200394,0.0313360840,-0.0683731288,0.0224308092
3.2416219711,-0.0088313492,-0.0023015901,0.0210404973,0.0526492819,-0.0649477094,0.0309209023
3.2517089844,-0.0120391147,-0.0006980015,0.0266787987,0.0589987934,-0.0595867634,0.0309219658
3.2620210648,-0.0182792954,-0.0001274956,0.0274645668,0.0385729596,-0.0449733995,0.0213795267
3.2718119621,-0.0198374353,-0.0222513992,0.0215666872,0.0062895883,-0.0199689791,-0.0062065609
3.2818708420,-0.0246330909,-0.0387871414,0.0147687169,-0.0259625427,0.0018455718,-0.0348561145
3.2920179367,-0.0257950388,-0.0487605631,0.0138751240,-0.0486172549,0.0248534195,-0.0560748503
3.3023800850,-0.0271910392,-0.0324175209,0.0100092264,-0.0029575992,0.0475364290,-0.0560762510
3.3120751381,-0.0218017958,-0.0019910350,0.0001806591,0.0536066145,0.0481135361,-0.0433487371
3.3221368790,-0.0135144712,0.0221853983,0.0078176232,0.0973368064,0.0517747812,-0.0284919590
3.3322138786,-0.0140143754,0.0194132756,0.0144259306,0.1144236475,0.0508906096,-0.0242495444
3.3425688744,-0.0164160319,0.0067736791,0.0123167606,0.0738118514,0.0568942428,-0.0252967644
3.3523659706,-0.0160156600,-0.0275879819,0.0142453285,0.0246525630,0.0627345517,-0.0401465520
3.3624148369,-0.0175465085,-0.0449090451,0.0064912410,-0.0297847912,0.0621147044,-0.0624317490
3.3725838661,-0.0103278281,-0.0577048063,0.0027239893,-0.0564566143,0.0607652813,-0.0709200427
3.3828558922,-0.0068335952,-0.0483309627,-0.0049657254,-0.0497754924,0.0332630835,-0.0666885450
3.3926110268,-0.0011266069,-0.0292817820,-0.0019656445,-0.0324026272,0.0049105370,-0.0444093421
3.4026980400,0.0038725017,-0.0100510726,-0.0019525315,0.0041335206,-0.0178796649,-0.0083283680
3.4127349854,0.0052846326,0.0084220758,-0.0098189143,0.0182293653,-0.0388469994,0.0118317613
3.4230999947,0.0009320257,-0.0031390353,-0.0137751726,0.0140165379,-0.0441403650,0.0192623138
3.4328651428,-0.0053709270,-0.0290527958,-0.0128838448,0.0225546323,-0.0440519452,0.0213837884
3.4429659843,-0.0046920599,-0.0227168519,-0.0208493490,0.0408929214,-0.0629294291,0.0309260935
3.4530529976,-0.0000311108,-0.0210254956,-0.0181396026,0.0515945666,-0.0660400018,0.0277364254
3.4633560181,-0.0080908807,-0.0242095608,-0.0086336164,0.0452994369,-0.0767063573,0.0277330969
3.4731669426,-0.0121138366,-0.0198473055,-0.0029919769,0.0251725987,-0.0917444304,0.0266688969
3.4832389355,-0.0092291804,-0.0332842767,0.0027914022,-0.0003845328,-0.0973089710,0.0213648137
3.4932861328,-0.0141653838,-0.0412581414,0.0017851565,-0.0228198022,-0.0954381004,0.0128770526
3.5036909580,-0.0132696303,-0.0395951569,-0.0050612120,-0.0272310320,-0.0816950575,0.0107603045
3.5134370327,-0.0145012261,-0.0446498394,-0.0070140986,-0.0306268316,-0.0626595840,0.0054616798
3.5234780312,-0.0168693922,-0.0361277759,-0.0041109351,-0.0306903198,-0.0562581457,0.0107730879
3.5335710049,-0.0164289586,-0.0373046696,0.0007736061,-0.0244878158,-0.0360154584,0.0150288194
3.5439219475,-0.0180089884,-0.0344518125,0.0056116553,-0.0159562491,-0.0348248221,0.0235219728
3.5536780357,-0.0175532065,-0.0258306731,0.0065633031,-0.0233782120,-0.0390648432,0.0341397300
3.5637631416,-0.0131578567,-0.0317450762,0.0114425989,-0.0265346151,-0.0433234349,0.0362624675
3.5739159584,-0.0116031589,-0.0424909294,0.0094830366,-0.0200588759,-0.0507153049,0.0330717340
3.5841908455,-0.0050958740,-0.0415690243,0.0065408917,-0.0189795494,-0.0517319702,0.0383795500
3.5939469337,-0.0034441547,-0.0308900494,0.0074336501,-0.0189028494,-0.0591312945,0.0426230319
3.6040468216,-0.0046260552,-0.0241565425,0.0141952010,-0.0252520368,-0.0644781291,0.0447453000
3.6141290665,-0.0058417441,-0.0242617149,0.0141389938,-0.0221385360,-0.0559967570,0.0394397527
3.6244468689,-0.0100701870,-0.0224379320,0.0121396752,-0.0265135504,-0.0454311296,0.0383845419
3.6342689991,-0.0125129493,-0.0255554635,0.0140798660,-0.0299226642,-0.0253692716,0.0277774390
3.6443099976,-0.0161159150,-0.0149629274,0.0179359894,-0.0172114763,-0.0157160461,0.0267179664
3.6545109749,-0.0159415118,-0.0052020266,0.0217903834,-0.0184517112,0.0012160670,0.0214177426
3.6647310257,-0.0179695003,-0.0043358817,0.0140193673,-0.0389373824,0.0211012252,0.0065675573
3.6745181084,-0.0202575587,-0.0231576581,0.0131832333,-0.0669394583,0.0451096222,-0.0167729184
3.6845569611,-0.0178773068,-0.0373691171,0.0095206471,-0.0809643045,0.0586583205,-0.0358764380
3.6946511269,-0.0136304023,-0.0283114333,0.0106887789,-0.0884592384,0.0606666096,-0.0433061235
3.7050118446,-0.0054404335,-0.0212672967,0.0157935005,-0.0979759097,0.0520867705,-0.0443687923
3.7147769928,-0.0020704316,-0.0190766621,0.0257583242,-0.0904479474,0.0469093211,-0.0348170996
3.7248129845,0.0024727685,-0.0109374830,0.0200813394,-0.0572585464,0.0377799384,-0.0146550406
3.7349128723,0.0051900921,0.0042777346,0.0104041668,-0.0198035836,0.0286817793,0.0044432869
3.7452650070,0.0060628979,-0.0025953664,-0.0002759125,0.0037284270,0.0236167125,0.0097435098
3.7550230026,0.0030617593,-0.0160111059,-0.0041892556,0.0123144574,0.0195303597,0.0224808771
3.7651610374,0.0021367399,-0.0128422836,-0.0052271513,0.0039587896,0.0014470964,0.0267204978
3.7752618790,0.0023229150,-0.0215355773,-0.0042623309,-0.0129767843,-0.0124950837,0.0267178342
3.7855191231,-0.0022806870,-0.0186637361,-0.0004174139,-0.0160314813,-0.0274189059,0.0203406289
3.7953748703,-0.0009679096,-0.0120157460,0.0015304062,-0.0363170467,-0.0265280791,0.0214080233
3.8054039478,-0.0055603357,-0.0007425559,0.0034975980,-0.0534338728,-0.0224402603,0.0203527454
3.8154950142,-0.0101844789,0.0015016185,0.0026331518,-0.0769431964,-0.0194692388,0.0192983989
3.8258471489,-0.0070341500,-0.0041362955,0.0008475754,-0.0780081153,-0.0194224343,0.0277923513
3.8356239796,-0.0067077549,0.0127593717,-0.0039464263,-0.0522468276,-0.0340389274,0.0299021080
3.8456330299,-0.0081983702,0.0201260429,-0.0000190165,-0.0329010896,-0.0464785509,0.0490033627
3.8557379246,-0.0104490565,0.0347025692,0.0135256620,0.0058697406,-0.0811214820,0.0542852096
3.8661088943,-0.0045406343,0.0338736773,0.0182884913,0.0113930041,-0.0990644619,0.0617084429
3.8758659363,-0.0083150761,0.0329824388,0.0210868102,0.0029502511,-0.1087088361,0.0585203730
3.8859529495,-0.0119654434,0.0271476936,0.0238892417,0.0009100577,-0.1194397733,0.0425869450
3.8961868286,-0.0126905562,0.0135187348,0.0218561869,0.0029276684,-0.1089426577,0.0224174932
3.9064178467,-0.0136214467,0.0048126862,0.0198113900,0.0027539758,-0.0920935050,0.0033158381
3.9161300659,-0.0167628936,0.0096247038,0.0197210889,-0.0039406782,-0.0635577366,-0.0051626018
3.9261231422,-0.0172385760,0.0104882559,0.0177420955,0.0011453470,-0.0391206369,-0.0072765518
3.9362969398,-0.0207791589,0.0260167848,0.0147362920,0.0149194822,-0.0294850543,-0.0125842318
3.9466149807,-0.0245897733,0.0175012331,0.0205346923,0.0509399623,-0.0026304030,-0.0104551679
3.9564218521,-0.0353025235,0.0297075193,0.0125486227,0.0819399580,-0.0076651089,-0.0104655540
3.9664278030,-0.0332702212,0.0198207330,0.0182409268,0.0861916393,-0.0066073015,-0.0168379657
3.9766168594,-0.0371604152,0.0021681325,0.0151524516,0.0861085504,0.0007089346,-0.0338230766
3.9868688583,-0.0421011411,-0.0088310549,0.0062450739,0.0508399084,0.0056921747,-0.0359348953
3.9966859818,-0.0402399264,-0.0181340594,0.0120367976,0.0284712166,0.0012316465,-0.0391168408
4.0067310333,-0.0441510119,-0.0277107824,0.0159133058,-0.0013513668,-0.0054427013,-0.0465463288
4.0167918205,-0.0392451845,-0.0365451276,0.0169386845,0.0007610526,-0.0033089765,-0.0476075970
4.0270929337,-0.0343631320,-0.0433713198,0.0072348686,-0.0015005032,0.0094113462,-0.0465388708
4.0369529724,-0.0266167931,-0.0355922431,-0.0024957682,0.0239667743,0.0245583393,-0.0359197818
4.0469942093,-0.0228984617,-0.0333586186,-0.0035042192,0.0409675390,0.0321411602,-0.0348582491
4.0571031570,-0.0221897624,-0.0319049060,-0.0006684687,0.0526223332,0.0407524891,-0.0316715091
4.0674481392,-0.0137096317,-0.0370176435,-0.0007538822,0.0781804025,0.0462668985,-0.0337983742
4.0771169662,-0.0081842663,-0.0361714065,-0.0086851744,0.0781585649,0.0483819805,-0.0348591097
4.0873308182,-0.0027575614,-0.0470470190,-0.0097569255,0.0577102229,0.0651391223,-0.0412160754
4.0973610878,-0.0092651220,-0.0550971925,-0.0049850969,0.0458711386,0.0745233074,-0.0507645756
4.1077108383,-0.0070335986,-0.0428848565,-0.0060392646,0.0255810209,0.0765369833,-0.0401399620
4.1174731255,-0.0048173266,-0.0269774217,0.0046496959,0.0149390306,0.0744256303,-0.0242113285
4.1275219917,-0.0093677985,-0.0159333665,0.0211603027,0.0214639343,0.0629296973,-0.0061696093
4.1376628876,-0.0136798443,0.0018183278,0.0230317693,0.0077595739,0.0470042638,0.0108147003
4.1479988098,-0.0091809453,-0.0020046397,0.0191882830,-0.0072902422,0.0586205050,0.0225045793
4.1577258110,-0.0106052952,-0.0030232980,0.0016843650,-0.0126754213,0.0639273822,0.0299411900
4.1677770615,-0.0091694864,0.0048197494,-0.0080380468,0.0118653700,0.0652925819,0.0437392294
4.1779990196,-0.0125480266,0.0120497039,-0.0022650387,0.0408168584,0.0517581366,0.0447869152
4.1882481575,-0.0158102028,0.0125900796,0.0044456692,0.0441457294,0.0390470698,0.0437179916
4.1979990005,-0.0150356712,0.0013486283,0.0121969553,0.0197168216,0.0271339510,0.0394710489
4.2080321312,-0.0131440433,-0.0132241258,0.0141848298,-0.0260619055,0.0161297694,0.0405392386
4.2181649208,-0.0013162168,-0.0243682880,0.0065433355,-0.0515819117,0.0062947152,0.0309846159
4.2284970284,0.0085630445,-0.0326414108,0.0047562094,-0.0429589152,-0.0021190098,0.0309784915
4.2383117676,0.0146237193,-0.0222216118,0.0028518413,-0.0087815057,-0.0038388791,0.0468959399
4.2483119965,0.0236669965,-0.0115586678,0.0018734905,0.0147624351,-0.0099084899,0.0606889836
4.2584700584,0.0258996822,-0.0203267355,-0.0010470178,0.0050964914,-0.0035986616,0.0649417862
4.2687702179,0.0202466436,-0.0290912110,0.0057644220,0.0061852196,-0.0057399096,0.0606941059
4.2785000801,0.0215009488,-0.0320109427,0.0076925131,0.0008996436,-0.0111330776,0.0543219633
4.2886657715,0.0207709409,-0.0339815021,0.0086544724,-0.0077052433,-0.0048829047,0.0479562096
4.2986850739,0.0121058254,-0.0291674603,0.0086049410,-0.0120019875,-0.0028881971,0.0341549106
4.3090791702,0.0102424799,-0.0223607440,0.0066246362,-0.0066605387,-0.0039506652,0.0267200302
4.3187980652,0.0063324971,-0.0126763294,0.0036729549,-0.0142193874,0.0044236449,0.0192935392
4.3288598061,0.0003008572,-0.0050952449,0.0056560608,-0.0335470960,0.0158707760,0.0108105056
4.3389692307,-0.0038937600,-0.0093140611,-0.0010840918,-0.0390356034,0.0306297485,0.0033866779
4.3492727280,-0.0042466717,-0.0075896098,-0.0068496494,-0.0198457427,0.0329540893,0.0086920280
4.3591170311,-0.0035129013,0.0138942590,-0.0088499812,0.0155687071,0.0142605631,0.0235388838
4.3690810204,-0.0006728740,0.0200984608,-0.0040385751,0.0316726565,0.0048936261,0.0299001765
4.3792047501,-0.0075176032,0.0205173176,0.0026565765,0.0307211094,-0.0068075047,0.0267091766
4.3895511627,-0.0122535871,0.0091491928,0.0025752757,0.0169775728,-0.0196611844,0.0267067142
4.3993978500,-0.0149075584,0.0064221607,0.0044590207,0.0149716809,-0.0336044319,0.0065260790
4.4093618393,-0.0165031962,-0.0022695973,-0.0033726718,-0.0042601256,-0.0328631401,-0.0168286450
4.4195261002,-0.0212233849,-0.0120177576,-0.0063153533,-0.0044417521,-0.0160324946,-0.0391179733
4.4298300743,-0.0191648714,-0.0071285977,-0.0121782450,0.0062174168,-0.0149346739,-0.0476135202
4.4396138191,-0.0122857811,0.0008344488,-0.0024680521,0.0307746921,-0.0157466717,-0.0423111655
4.4496359825,-0.0092362808,0.0138846328,0.0061889859,0.0522411838,-0.0271412060,-0.0285189915
4.4597806931,-0.0041839303,0.0105635216,0.0187305193,0.0638459027,-0.0131833116,-0.0189587753
4.4700641632,-0.0070130946,0.0043310509,0.0156734567,0.0541813448,-0.0068455208,-0.0104590300
4.4798588753,-0.0060262950,-0.0039824559,0.0224089008,0.0359133929,0.0057419096,-0.0083245058
4.4900031090,-0.0060668560,-0.0192392040,0.0253044944,0.0241220370,0.0109585095,-0.0061955750
4.4999647141,-0.0041629421,-0.0141902128,0.0242899042,0.0049344925,0.0086617991,-0.0072536487
4.5104308128,-0.0003007622,-0.0180275906,0.0262497645,0.0123757906,0.0120084612,0.0076098521
4.5201439857,-0.0012725117,-0.0012195123,0.0242007356,0.0476687998,0.0049305772,0.0139681492
4.5302028656,0.0017403616,0.0109171709,0.0152872177,0.0690234080,0.0052336454,0.0320145264
4.5402622223,0.0027664481,0.0135120591,0.0112383934,0.0721928403,0.0084446184,0.0320153274
4.5503759384,0.0007747887,-0.0014881802,0.0121180387,0.0486498028,0.0145708211,0.0267155021
4.5602579117,-0.0032210769,-0.0137408832,0.0169194918,0.0273109581,0.0132333813,0.0129168667
4.5702691078,-0.0003744783,-0.0213243682,0.0169119220,0.0048527867,0.0172054861,0.0012447641
4.5805082321,-0.0015621083,-0.0270190854,0.0159226041,0.0154308621,0.0256828610,-0.0146806734
4.5909280777,-0.0018146606,-0.0267277528,0.0100299092,0.0304094404,0.0214995667,-0.0253040232
4.6006379128,-0.0001076506,-0.0216103215,0.0090124579,0.0197450761,0.0202968828,-0.0327345096
4.6107840538,0.0025203628,-0.0291377474,0.0099896165,0.0282636769,0.0213214010,-0.0497246757
4.6208009720,0.0061058877,-0.0365843773,0.0011905406,0.0474501550,0.0236042626,-0.0507902056
4.6311450005,0.0135924174,-0.0282606799,-0.0076715974,0.0558805503,0.0342675596,-0.0539718829
4.6409358978,0.0101046143,-0.0286709089,-0.0087356595,0.0385987684,0.0542082451,-0.0645755306
4.6510257721,0.0103661073,-0.0408686548,-0.0058136610,0.0203660466,0.0624831542,-0.0730618909
4.6611661911,0.0105815185,-0.0483309180,-0.0009390738,0.0129179843,0.0603028238,-0.0719992891
4.6714720726,0.0088427691,-0.0383819789,0.0019732092,0.0054161260,0.0634703860,-0.0645645484
4.6812129021,0.0002639322,-0.0295232553,0.0029404734,-0.0105780205,0.0622972623,-0.0603138693
4.6912798882,0.0025221808,-0.0383176953,-0.0037851955,-0.0200902745,0.0537798777,-0.0518204495
4.7015018463,0.0039268835,-0.0325299501,-0.0066575436,-0.0209715143,0.0357958153,-0.0422730185
4.7117209435,0.0065024449,-0.0268676747,-0.0056112437,-0.0378449559,0.0166663956,-0.0242277719
4.7215161324,0.0053450419,-0.0232949276,-0.0045583276,-0.0398966558,0.0093245935,-0.0083039338
4.7315130234,0.0043274341,-0.0137394676,-0.0113690523,-0.0173675902,-0.0009377645,0.0150451977
4.7415909767,0.0073947934,0.0008552360,-0.0162698645,-0.0044427374,-0.0112697650,0.0405199304
4.7519640923,0.0085905222,-0.0030437722,-0.0123776225,-0.0214280859,-0.0198441446,0.0500756875
4.7616639137,0.0020431755,-0.0159391630,-0.0045384197,-0.0469864421,-0.0253797900,0.0490176119
4.7718582153,-0.0004617171,-0.0193661917,-0.0025135304,-0.0713663250,-0.0414609537,0.0564485639
4.7818980217,-0.0017958554,0.0013968187,-0.0005234506,-0.0637121350,-0.0593912192,0.0628084615
4.7922530174,-0.0050114589,0.0145115843,-0.0005113509,-0.0444218703,-0.0677316412,0.0596133992
4.8020291328,-0.0129463943,0.0180887561,-0.0044543175,-0.0208172090,-0.0802586153,0.0596011467
4.8120870590,-0.0169235431,0.0227646064,-0.0045195250,-0.0196885616,-0.0866713822,0.0511039346
4.8222279549,-0.0267204531,0.0253040474,-0.0084541468,-0.0431376956,-0.0901148468,0.0426137783
4.8324890137,-0.0287127681,0.0229341220,-0.0055221943,-0.0367178544,-0.0922434404,0.0330550894
4.8422851562,-0.0306924470,0.0208421927,-0.0007014897,-0.0014866283,-0.0941270962,0.0224272143
4.8523511887,-0.0277057998,0.0278444719,-0.0047506718,0.0380938575,-0.1033102125,0.0255977083
4.8624038696,-0.0237694941,0.0244914722,0.0028474305,0.0615062378,-0.0967460498,0.0245332420
4.8727650642,-0.0257346295,0.0182036739,0.0026330922,0.0582639202,-0.0925306007,0.0245367698
4.8825521469,-0.0199699812,0.0001779931,0.0083532305,0.0463667810,-0.0767042339,0.0266712941
4.8925857544,-0.0211530589,0.0015467244,0.0130562158,0.0473172069,-0.0650026947,0.0298618954
4.9027547836,-0.0204520561,-0.0010360045,0.0197325926,0.0429091454,-0.0512607917,0.0277462788
4.9130959511,-0.0228230096,-0.0046059056,0.0283799749,0.0374235138,-0.0364743844,0.0245699268
4.9228119850,-0.0243446343,-0.0082527110,0.0302196126,0.0309131499,-0.0259341262,0.0224532466
4.9328718185,-0.0191126354,-0.0071143522,0.0340682231,0.0255065598,-0.0196762308,0.0129007548
4.9429268837,-0.0169266649,-0.0098438272,0.0379109941,0.0264746174,-0.0101594254,0.0065344679
4.9533419609,-0.0207384415,-0.0028711273,0.0427007638,0.0124482019,0.0045110630,-0.0030107675
4.9630608559,-0.0247460566,-0.0018654180,0.0436634980,-0.0026625730,0.0213496983,-0.0040603192
4.9731521606,-0.0260661207,0.0000191914,0.0378636084,-0.0051867720,0.0606080219,-0.0008537401
4.9832210541,-0.0266581662,0.0087293079,0.0174431186,0.0148553802,0.0841410458,0.0012765223
4.9935579300,-0.0254653953,0.0139571121,0.0164495688,0.0564162210,0.0898109823,0.0012674009
5.0033502579,-0.0252853669,0.0117488792,0.0134389373,0.0895051956,0.0890043080,-0.0040503992
5.0134158134,-0.0289870463,0.0138354888,0.0122516127,0.1248547733,0.0754349679,-0.0168069415
5.0234580040,-0.0228590630,0.0014964329,0.0101181241,0.1237876490,0.0754256546,-0.0168066751
5.0338568687,-0.0235530771,0.0026072697,-0.0008103278,0.0992433652,0.0739976615,-0.0401604660
5.0436940193,-0.0243618377,-0.0219221730,-0.0096358685,0.0499860682,0.0893593132,-0.0592526682
5.0536589622,-0.0204337053,-0.0332008451,-0.0125279455,0.0210791342,0.0974780247,-0.0772919208
5.0637550354,-0.0107406201,-0.0369643867,-0.0153301386,-0.0066901790,0.0993230641,-0.0825929493
5.0741090775,-0.0030143531,-0.0380429924,-0.0122597245,-0.0205538236,0.0981272310,-0.0847138241
5.0838880539,0.0027442304,-0.0391702056,-0.0052699475,-0.0248084888,0.0970704854,-0.0783424750
5.0939288139,0.0095182834,-0.0383628160,-0.0031679298,-0.0088873664,0.1069051474,-0.0560442284
5.1040220261,0.0163764097,-0.0208400358,-0.0079594282,0.0147710908,0.0914790481,-0.0125241783
5.1143960953,0.0284488983,-0.0011149956,-0.0060322909,0.0427875444,0.0664581209,0.0182483811
5.1241250038,0.0339062698,-0.0112940827,-0.0002334144,0.0504587814,0.0475499406,0.0373493694
5.1342191696,0.0297966339,-0.0264208633,-0.0002899196,0.0228953566,0.0292987023,0.0415939838
5.1442880630,0.0316585787,-0.0467480719,-0.0022116329,-0.0143582728,0.0194234345,0.0415985100
5.1546440125,0.0277356990,-0.0498360991,-0.0060620336,-0.0270128660,0.0044213147,0.0362868346
5.1644258499,0.0259164236,-0.0335307717,-0.0089969067,-0.0258029923,-0.0093070138,0.0447740629
5.1744990349,0.0232122429,-0.0171233434,-0.0051239161,-0.0160759054,-0.0219889861,0.0394554660
5.1845331192,0.0176280700,-0.0123946825,-0.0061251549,-0.0096193366,-0.0272311531,0.0405130088
5.1949229240,0.0131141646,-0.0066125407,-0.0100855855,0.0065546269,-0.0441017486,0.0351912118
5.2046899796,0.0096098138,-0.0055964901,-0.0111215739,-0.0009738635,-0.0389312208,0.0245777182
5.2147760391,-0.0008074092,0.0002717661,-0.0043832092,-0.0073143439,-0.0454166122,0.0150210299
5.2248048782,-0.0053158896,0.0061307386,-0.0025131728,-0.0126063107,-0.0496933833,0.0171438344
5.2351899147,-0.0039203959,0.0110372445,-0.0006060626,0.0001947582,-0.0496297367,0.0097077573
5.2449650764,-0.0074359449,0.0083361706,0.0002671454,0.0290061664,-0.0493919179,0.0075769620
5.2549958229,-0.0060210945,0.0146248331,-0.0008616474,0.0546070784,-0.0480860360,0.0107561108
5.2650980949,-0.0114731314,0.0200798493,0.0028158401,0.0620535426,-0.0459264778,0.0065081026
5.2754859924,-0.0169399045,0.0167882573,0.0104188891,0.0524817482,-0.0492006354,0.0054474324
5.2852320671,-0.0184923224,0.0123868873,0.0161135774,0.0353139415,-0.0409725308,-0.0115328832
5.2954511642,-0.0221690424,-0.0068013086,0.0180149656,0.0116664311,-0.0253867153,-0.0306319427
5.3054199219,-0.0250149556,-0.0116611728,0.0170289855,-0.0119872326,-0.0086988155,-0.0433591865
5.3157367706,-0.0192196108,-0.0117733339,0.0161027890,-0.0089168744,0.0040196432,-0.0497244075
5.3255167007,-0.0125663998,-0.0060112639,0.0151758762,-0.0111869527,0.0178286657,-0.0444079414
5.3355617523,-0.0050567957,-0.0012213452,0.0230385642,-0.0027397266,0.0275212415,-0.0337869897
5.3457212448,0.0004671616,0.0026748464,0.0308858138,0.0014978964,0.0307553839,-0.0316628516
5.3560070992,0.0049955575,-0.0031277551,0.0348359905,-0.0007051500,0.0370618142,-0.0380305387
5.3659639359,0.0123953475,-0.0080656121,0.0349370204,-0.0157024749,0.0421809442,-0.0465185642
5.3758368492,0.0167012922,-0.0218767542,0.0243666153,-0.0341311768,0.0706410781,-0.0507460646
5.3858809471,0.0178652294,-0.0202373732,0.0167110544,-0.0374753103,0.0843507648,-0.0592327602
5.3962640762,0.0218212642,-0.0166357327,0.0188157540,-0.0332269035,0.0865380913,-0.0549858846
5.4060659409,0.0278230943,-0.0041161939,0.0198968034,-0.0074203378,0.0677122027,-0.0475692488
5.4160881042,0.0349712856,0.0007000404,0.0190029126,-0.0148030994,0.0591440126,-0.0496941842
5.4261360168,0.0284129269,-0.0112737576,0.0103735300,-0.0521845594,0.0620007850,-0.0496832654
5.4365739822,0.0180084296,-0.0137562612,0.0115060778,-0.0711586028,0.0373626202,-0.0603106767
5.4462161064,0.0136903478,-0.0143632898,0.0106930109,-0.0645816550,0.0204909611,-0.0528881811
5.4563989639,0.0095703779,-0.0001041306,-0.0009514120,-0.0110313445,0.0018368498,-0.0560951568
5.4664330482,0.0094621656,-0.0008994950,-0.0146335987,0.0402020141,0.0024296695,-0.0338100903
5.4768209457,0.0055387272,0.0154256364,-0.0236486215,0.1118723154,-0.0126733836,-0.0051677949
5.4865827560,0.0019290326,0.0390291810,-0.0250204820,0.1304081827,-0.0505656376,0.0171063505
5.4966449738,0.0033876626,0.0169870090,-0.0058248667,0.1241897494,-0.0686811283,0.0139152193
5.5067548752,-0.0047302889,-0.0149776796,-0.0031912948,0.0817272440,-0.0925483778,-0.0094454978
5.5171070099,-0.0068482952,-0.0349228680,-0.0082186488,0.0101917852,-0.0912085995,-0.0338495746
5.5269050598,-0.0120418193,-0.0476401746,-0.0141057996,-0.0294427089,-0.0779196993,-0.0582542494
5.5369071960,-0.0192661323,-0.0304349083,-0.0190135855,-0.0315357149,-0.0821676403,-0.0561331064
5.5469427109,-0.0165843777,0.0004853593,-0.0112876920,-0.0175101757,-0.0968520418,-0.0487114117
5.5573587418,-0.0168152265,0.0052813725,0.0022802923,0.0005744183,-0.0902448073,-0.0359707810
5.5671558380,-0.0189293437,0.0041870461,0.0002855036,-0.0089674219,-0.0955160037,-0.0179204084
5.5771889687,-0.0151294218,0.0069949762,0.0090154978,-0.0078670559,-0.0986830294,-0.0168602038
5.5872840881,-0.0211539976,-0.0182544608,0.0089675160,0.0025933078,-0.0773420632,-0.0126050049
5.5975837708,-0.0214373730,-0.0152433673,-0.0096544651,0.0141451946,-0.0580935292,-0.0051651979
5.6075592041,-0.0150710093,-0.0188922901,-0.0087541966,0.0140125696,-0.0442243181,0.0065215519
5.6174478531,-0.0204417072,-0.0205018837,0.0076665254,0.0386616960,-0.0534057654,0.0298694186
5.6275377274,-0.0138603421,-0.0132079879,0.0191907864,0.0634005964,-0.0722479001,0.0362245180
5.6379098892,-0.0111333327,-0.0174018759,0.0189679842,0.0814457536,-0.0625474676,0.0351631157
5.6476120949,-0.0172502287,-0.0244959015,0.0079931589,0.0696727186,-0.0595016070,0.0298586320
5.6577720642,-0.0156865753,-0.0298858006,0.0010145876,0.0374488384,-0.0397261716,0.0139498394
5.6678037643,-0.0202589817,-0.0344578326,-0.0000679519,0.0137211392,-0.0168038122,-0.0189484544
5.6781568527,-0.0280527584,-0.0373644531,-0.0000884559,-0.0217627920,0.0082008056,-0.0422869995
5.6878957748,-0.0293325745,-0.0308148284,-0.0029419686,-0.0391724072,0.0408735313,-0.0528842509
5.6979627609,-0.0289476924,-0.0194277037,-0.0047858981,-0.0318889283,0.0600562841,-0.0496897884
5.7080402374,-0.0217728429,0.0018884974,-0.0008296397,-0.0020157183,0.0614336692,-0.0412022956
5.7184028625,-0.0156883039,0.0030838237,0.0079798074,0.0191775840,0.0765097514,-0.0358921513
5.7282199860,-0.0155323194,-0.0025561615,0.0080224248,-0.0032662060,0.0794693232,-0.0401321724
5.7383317947,-0.0085725309,-0.0152138183,0.0188850742,-0.0236020498,0.0856641009,-0.0390610471
5.7483820915,-0.0054900246,-0.0104592601,0.0121623846,-0.0128860222,0.0815409943,-0.0348186307
5.7587881088,0.0025910242,0.0051602558,0.0014961336,0.0074467058,0.0764827952,-0.0242087971
5.7685537338,0.0097818179,0.0053969757,-0.0004328515,0.0236080997,0.0618378036,-0.0136022251
5.7785272598,0.0054557351,0.0085542342,0.0073293420,0.0068388926,0.0320635960,-0.0008711840
5.7884669304,0.0121445758,-0.0011733336,0.0122614475,-0.0057770349,0.0128259845,-0.0051247850
5.7987861633,0.0091670183,-0.0061018481,0.0044813724,-0.0046611419,0.0074892095,-0.0114989942
5.8087420464,0.0071737422,-0.0052231266,-0.0081639914,-0.0100377994,0.0117073907,-0.0083101252
5.8187742233,0.0070843054,0.0024475590,-0.0149701862,-0.0196457393,0.0115394779,-0.0210484229
5.8287949562,-0.0009339871,-0.0085322568,-0.0070943264,-0.0570074916,0.0122534717,-0.0242239777
5.8391780853,-0.0079218494,0.0017729985,0.0056424113,-0.0216442011,-0.0022499040,-0.0178709403
5.8489580154,-0.0019783946,0.0153793087,0.0036691998,0.0169157088,-0.0156450700,-0.0083312299
5.8590841293,-0.0008216919,0.0331572890,-0.0052146940,0.0478828400,-0.0163538717,0.0044033397
5.8691029549,0.0023434265,0.0268039685,-0.0150753288,0.0469238311,-0.0269524548,0.0075836871
5.8795180321,0.0026228381,0.0049540238,-0.0044619469,0.0470364057,-0.0386360735,0.0054529579
5.8892488480,0.0020374162,-0.0023644133,0.0041793557,0.0386357307,-0.0525313839,0.0012009551
5.8993148804,0.0005927263,0.0008772003,0.0098819705,0.0312094539,-0.0568623468,-0.0019837862
5.9094309807,-0.0017831894,-0.0027004494,0.0146209570,0.0291364491,-0.0632816330,-0.0072954604
5.9197988510,0.0017989306,-0.0053577735,0.0154921385,0.0195582304,-0.0665819496,-0.0126048718
5.9295458794,0.0033017350,-0.0100826779,0.0173762422,0.0161592383,-0.0475880243,-0.0242743120
5.9396886826,-0.0022440748,-0.0168336648,0.0192741733,0.0053433143,-0.0328359082,-0.0253241956
5.9496560097,-0.0001256512,-0.0051328107,0.0231276732,0.0115516754,-0.0125170555,-0.0093886387
5.9600467682,0.0008997498,0.0028748200,0.0269587021,0.0349826179,-0.0068886643,0.0086582052
5.9697670937,0.0029718531,0.0130240610,0.0316935144,0.0478382297,-0.0109238857,0.0235181116
5.9799861908,0.0031282632,0.0028478638,0.0325368010,0.0648761243,-0.0064618932,0.0341344029
5.9899258614,0.0043298332,0.0044925497,0.0216265898,0.0841510221,-0.0126255127,0.0394354239
6.0002670288,0.0094591258,-0.0122632096,0.0166013222,0.0734832734,-0.0138696749,0.0256340597
6.0100889206,0.0027725725,-0.0184680838,0.0115430327,0.0532088950,-0.0152324159,0.0065261452
6.0201268196,-0.0000279145,-0.0258691628,0.0065616937,0.0200341903,-0.0071512526,-0.0115117775
6.0302901268,-0.0019753398,-0.0209533889,-0.0002939727,-0.0099093271,-0.0022457095,-0.0327377059
6.0405292511,-0.0060175927,-0.0269354004,-0.0012193944,-0.0259881355,0.0038695077,-0.0497191511
6.0503396988,-0.0091322185,-0.0261558313,-0.0050597815,-0.0164510887,0.0102778720,-0.0560891666
6.0604100227,-0.0083979191,-0.0223313291,-0.0079537658,-0.0068651475,0.0114041222,-0.0592785664
6.0704350471,-0.0125830891,-0.0174320359,0.0017845605,0.0027869465,0.0073132413,-0.0486650728
6.0808162689,-0.0137678357,-0.0104114423,0.0066023441,0.0220021047,0.0075426060,-0.0391129144
6.0905499458,-0.0119968252,-0.0100710699,0.0006848547,0.0358039364,0.0151392734,-0.0316800326
6.1006350517,-0.0132399620,-0.0116097936,-0.0013523725,0.0303776935,0.0246753860,-0.0263639614
6.1107807159,-0.0184835531,-0.0122759948,0.0034678553,0.0142930001,0.0319210514,-0.0327270515
6.1211118698,-0.0140551673,-0.0277347583,0.0015794012,-0.0157508664,0.0475269035,-0.0401444882
6.1308250427,-0.0117016556,-0.0337239206,-0.0031665589,-0.0328994952,0.0548047945,-0.0401364975
6.1410059929,-0.0083875554,-0.0292026717,-0.0040022759,-0.0457121730,0.0558096021,-0.0316386148
6.1509647369,-0.0059639560,-0.0178320128,-0.0029171135,-0.0231559984,0.0423161648,-0.0157241002
6.1614179611,-0.0003848644,-0.0042701676,-0.0048340587,0.0079612806,0.0268312152,0.0086811082
6.1712098122,0.0082871569,-0.0002211047,-0.0087420968,0.0229873694,0.0196870193,0.0320333019
6.1811699867,0.0112310527,-0.0077706291,-0.0097461967,0.0167616457,0.0026811387,0.0362751856
6.1912860870,0.0084365485,-0.0203921515,-0.0097515015,-0.0056224912,0.0004187834,0.0447741337
6.2015972137,0.0106542436,-0.0223654527,-0.0058552651,-0.0085896784,-0.0229583103,0.0437015407
6.2114639282,0.0101211993,-0.0214598197,-0.0078331260,-0.0084304223,-0.0388802886,0.0426317491
6.2214651108,0.0067410646,-0.0127445469,-0.0059626130,-0.0051543331,-0.0462651625,0.0447504967
6.2315049171,-0.0003948407,-0.0011855675,-0.0089769391,-0.0113674877,-0.0654468536,0.0404952988
6.2418680191,-0.0006456198,-0.0051978244,-0.0060771732,-0.0113797113,-0.0644137412,0.0362488218
6.2516679764,-0.0086823003,-0.0023488416,-0.0071371226,0.0036879210,-0.0770152882,0.0362387002
6.2617197037,-0.0088965120,0.0015422093,-0.0091795949,0.0067574526,-0.0642751902,0.0330580212
6.2718720436,-0.0141246142,-0.0051936223,-0.0073006181,0.0045859115,-0.0611800663,0.0224421285
6.2821531296,-0.0155014666,-0.0118370065,-0.0005749490,0.0195277091,-0.0610360578,0.0245623365
6.2919998169,-0.0109302523,0.0049537704,0.0002405021,0.0291558355,-0.0630395487,0.0298678856
6.3019981384,-0.0103810402,-0.0035943701,0.0089315744,0.0022632349,-0.0420947224,0.0235150494
6.3121347427,-0.0227742381,-0.0143923173,0.0118296714,-0.0214314424,-0.0211420357,0.0139753399
6.3224349022,-0.0235711820,-0.0087926397,0.0069872113,-0.0225879177,-0.0127045419,0.0076087201
6.3321781158,-0.0146746011,-0.0080932090,0.0051242681,-0.0301781930,-0.0011402979,0.0012456296
6.3422737122,-0.0196391307,-0.0035327389,0.0100671025,-0.0292971674,0.0168509521,-0.0072402675
6.3523397446,-0.0256580450,0.0050116167,0.0120401355,-0.0132758562,0.0159782358,0.0001878220
6.3626890182,-0.0208932124,0.0205268245,0.0071649523,0.0016352367,0.0193190370,0.0044333003
6.3724789619,-0.0240109973,0.0263776463,0.0061838003,0.0069032353,0.0256831944,-0.0029974519
6.3825321198,-0.0262596868,0.0168285947,0.0110526653,0.0228123479,0.0353442766,-0.0072437958
6.3926711082,-0.0304823704,0.0220338386,0.0070649358,0.0366535932,0.0386553854,-0.0061838576
6.4029650688,-0.0210524984,0.0233770590,0.0002108190,0.0333287977,0.0502224267,-0.0178571586
6.4127731323,-0.0216474496,0.0003130423,0.0051278444,0.0129004866,0.0648509040,-0.0252772570
6.4227819443,-0.0203855224,-0.0092772851,0.0120106312,0.0032511884,0.0689905882,-0.0284584705
6.4328517914,-0.0044300975,-0.0140605876,0.0101795765,0.0085410252,0.0732396618,-0.0348284841
6.4431982040,0.0016879020,-0.0149596343,0.0112183066,0.0117559396,0.0722340494,-0.0305823423
6.4530029297,0.0019418923,-0.0129118869,0.0180810075,0.0075305686,0.0679596737,-0.0295216050
6.4630432129,0.0032468764,-0.0128980288,0.0181524735,0.0021274677,0.0754300430,-0.0157130472
6.4732108116,0.0074428646,-0.0108703980,0.0172344428,0.0224034451,0.0756140649,-0.0146563053
6.4834938049,0.0097005246,-0.0097432146,0.0211594086,0.0150430799,0.0649803951,-0.0082890196
6.4932579994,0.0120230941,-0.0154892216,0.0260779839,-0.0031423150,0.0690451786,-0.0114677688
6.5033431053,0.0073946891,-0.0320906937,0.0183863621,-0.0118113309,0.0816685632,-0.0167687908
6.5134749413,0.0085277436,-0.0253784675,0.0028793190,-0.0065491907,0.0891560465,-0.0146427900
6.5237469673,0.0164853819,-0.0195979793,-0.0067607192,-0.0086639021,0.0870373696,-0.0114591140
6.5335397720,0.0165791102,-0.0244846363,-0.0037472274,-0.0022621956,0.0870794430,-0.0135843158
6.5436077118,0.0128630204,-0.0137176523,-0.0037302996,0.0043065194,0.0712679178,-0.0061604213
6.5536479950,0.0161636360,-0.0010398341,-0.0095534949,0.0022835825,0.0607015640,0.0033910056
6.5640468597,0.0136932237,0.0009410965,-0.0095374016,-0.0007993197,0.0490020998,0.0033864116
6.5738277435,0.0074285744,0.0008781540,-0.0153510002,-0.0198430512,0.0317820981,-0.0082971426
6.5838880539,0.0081001921,-0.0119590471,-0.0171982069,-0.0390086770,0.0261992477,-0.0252845827
6.5939188004,-0.0000086622,-0.0181632061,-0.0209872741,-0.0516853221,0.0121697150,-0.0444007516
6.6043090820,-0.0012296261,-0.0206146259,-0.0227901954,-0.0644572303,0.0088244518,-0.0518298373
6.6140747070,-0.0062972652,-0.0084058056,-0.0197775383,-0.0397630706,-0.0058013620,-0.0497198179
6.6241140366,-0.0082525583,0.0031155036,-0.0178304929,-0.0075969053,-0.0202773064,-0.0348715633
6.6342287064,-0.0100973668,0.0109481206,-0.0159145612,0.0073471568,-0.0200914182,-0.0263808705
6.6445879936,-0.0159247927,0.0062101171,-0.0081634549,0.0072824685,-0.0137180071,-0.0253163390
6.6543140411,-0.0159606449,-0.0092874775,-0.0081446199,-0.0056423843,-0.0021865205,-0.0295544937
6.6644949913,-0.0160858072,-0.0200911481,-0.0041822819,-0.0291914120,0.0049990211,-0.0348521210
6.6744842529,-0.0133819031,-0.0340018570,0.0076575251,-0.0559777543,0.0153552555,-0.0380255431
6.6848087311,-0.0126766236,-0.0355692506,0.0127044888,-0.0720492378,0.0216528326,-0.0274024606
6.6946268082,-0.0089786695,-0.0205814559,0.0167463403,-0.0495239533,0.0113562522,-0.0093627395
6.7046780586,-0.0021941336,-0.0093122879,0.0188092571,-0.0313693732,0.0116664451,0.0139929829
6.7148461342,0.0016580326,-0.0144887576,0.0140423151,-0.0218222067,0.0182063691,0.0277972128
6.7251148224,-0.0003256919,-0.0089243660,0.0082509490,-0.0260951184,0.0192989968,0.0384171642
6.7348747253,0.0005460111,-0.0141106108,0.0112738581,-0.0368297882,0.0255787317,0.0394848250
6.7449541092,-0.0005486356,-0.0164727289,0.0104272338,-0.0485768542,0.0265507177,0.0416122302
6.7549848557,0.0012831865,-0.0188728590,0.0125087472,-0.0549668446,0.0254614856,0.0458605029
6.7653708458,0.0022077588,-0.0067340001,0.0174960475,-0.0548650548,0.0159743726,0.0554123297
6.7752189636,0.0052058576,0.0045268820,0.0166041832,-0.0334452540,0.0087683927,0.0607122853
6.7852468491,0.0043593822,0.0130020669,0.0107850404,-0.0173517708,0.0004623923,0.0670741796
6.7953600883,-0.0013037594,0.0157634597,0.0127298804,-0.0129777957,-0.0101242047,0.0649441779
6.8056979179,0.0029238937,0.0156709086,0.0127442451,0.0020569731,-0.0195495319,0.0638737231
6.8154277802,0.0042901887,0.0255292635,0.0087534161,0.0256328732,-0.0300514419,0.0489973053
6.8255109787,0.0057155741,0.0247825366,0.0047687264,0.0256217942,-0.0290258564,0.0436896272
6.8355541229,0.0041284291,0.0260418784,0.0056420537,0.0256074145,-0.0280133244,0.0362575427
6.8458228111,0.0025245650,0.0193762910,0.0045973631,0.0053257374,-0.0282664578,0.0245826431
6.8557810783,-0.0001451420,0.0155045083,0.0094452472,-0.0022261878,-0.0210016202,0.0097230040
6.8662199974,-0.0008793371,0.0087210229,0.0065166326,0.0159603246,-0.0262164883,-0.0009031418
6.8764867783,0.0003543450,0.0079869917,0.0103269788,0.0341632962,-0.0324517488,-0.0051580742
6.8868370056,0.0016694395,0.0180941205,0.0189647656,0.0406724624,-0.0430200398,-0.0072882697
6.8965258598,-0.0028421180,0.0213422310,0.0275967699,0.0310773589,-0.0441857055,-0.0104718124
6.9061708450,-0.0083523141,0.0157361310,0.0284703355,0.0213948786,-0.0368839130,-0.0168367010
6.9160108566,-0.0061834054,0.0090845814,0.0167343598,0.0243081115,-0.0082157850,-0.0178849213
6.9262061119,-0.0062338086,0.0082495799,0.0011110279,0.0165952779,0.0161141902,-0.0189316757
6.9360251427,-0.0094271870,0.0026189373,0.0049909325,0.0261238012,0.0236112550,-0.0210539494
6.9459910393,-0.0068110572,-0.0086348066,0.0166369062,0.0549169406,0.0260055680,-0.0178745352
6.9562249184,-0.0041646706,0.0047141002,0.0223123413,0.0794822052,0.0240979455,-0.0178817268
6.9665861130,-0.0045228647,-0.0063052787,0.0173314791,0.0515568815,0.0407425687,-0.0316706412
6.9763770103,-0.0099832015,-0.0263588745,0.0134090157,0.0225553252,0.0584240928,-0.0475814342
6.9863820076,-0.0086902576,-0.0311879832,0.0027511094,-0.0137594594,0.0612618960,-0.0518173911
6.9965066910,0.0002970127,-0.0333463252,0.0019379233,-0.0256763063,0.0780315474,-0.0677329674
7.0069580078,-0.0045411559,-0.0364352763,-0.0057613282,-0.0086315703,0.0814054459,-0.0613650158
7.0167241096,-0.0033664452,-0.0091892490,-0.0077037839,0.0065079681,0.0625417456,-0.0454512984
7.0268750191,0.0057116700,-0.0168235023,-0.0086026220,0.0182333589,0.0648415834,-0.0337724760
7.0369539261,-0.0027289139,-0.0058509125,-0.0096520213,0.0354277939,0.0545607135,-0.0061752023
7.0472850800,0.0027961237,0.0042643235,-0.0097240238,0.0367974564,0.0249671377,0.0097353216
7.0570869446,0.0065656928,-0.0050766780,-0.0019817974,0.0251890048,0.0121602612,0.0139790680
7.0670957565,-0.0002269791,-0.0174699146,-0.0108298687,0.0221999511,-0.0090946276,0.0129073448
7.0771250725,0.0018947972,-0.0279991347,-0.0157264490,-0.0001932373,-0.0114746951,0.0033556521
7.0875468254,-0.0018675746,-0.0348449051,-0.0167047400,-0.0150871249,-0.0158361532,0.0054816538
7.0973167419,-0.0006337510,-0.0253306646,-0.0157043952,-0.0330983475,-0.0286989547,0.0097269984
7.1073627472,0.0054949252,-0.0304930229,-0.0078137545,-0.0384416655,-0.0276358221,0.0171612129
7.1174049377,-0.0019664364,-0.0153801152,-0.0048753051,-0.0490346476,-0.0351075865,0.0245927628
7.1275439262,0.0023036255,-0.0256615300,0.0011389230,-0.0672633052,-0.0267772190,0.0246007536
7.1374187469,-0.0023054900,-0.0292668361,0.0022567485,-0.0736889690,-0.0247319099,0.0214180090
7.1475210190,-0.0019945474,-0.0280981828,0.0024158929,-0.0853932947,-0.0279897563,0.0256665498
7.1579470634,0.0002573757,-0.0181210805,0.0113428803,-0.0737356022,-0.0193581171,0.0320391618
7.1680331230,-0.0062427642,0.0027370737,0.0162436944,-0.0426585935,-0.0306283478,0.0522008874
7.1778450012,-0.0048675882,0.0141080311,0.0201650839,-0.0192600600,-0.0218452439,0.0660027191
7.1878890991,-0.0045428770,0.0198734086,0.0152724357,0.0020410744,-0.0173796546,0.0713080093
7.1980209351,-0.0042071464,0.0130675724,0.0152606936,0.0019989973,-0.0131287174,0.0723719373
7.2083020210,-0.0010863589,-0.0034734174,0.0211418252,-0.0056640627,0.0047335704,0.0553927571
7.2180900574,-0.0010062354,-0.0094069848,0.0163072329,-0.0195548460,0.0055764606,0.0405315161
7.2282080650,0.0000009192,-0.0057373657,0.0173380356,-0.0281155501,0.0075607155,0.0309793577
7.2382240295,0.0029290719,0.0007675277,0.0183763485,-0.0377426073,0.0095780604,0.0277974121
7.2486219406,0.0038614003,0.0062193857,0.0106776329,-0.0389132835,0.0190280192,0.0139987757
7.2583680153,0.0056245131,-0.0029595657,-0.0008779790,-0.0358722210,0.0349641107,0.0129441638
7.2684340477,0.0044271601,0.0045228139,0.0001774404,-0.0090076094,0.0171866436,0.0171767939
7.2784862518,0.0122069819,0.0113441488,0.0070158811,0.0135229994,0.0057598194,0.0245979577
7.2889070511,0.0142100332,0.0125257513,0.0079361768,0.0253026932,0.0016259274,0.0256540328
7.2986278534,0.0123451753,-0.0018384916,0.0020406221,0.0157193094,-0.0005868932,0.0245935619
7.3087458611,0.0134520037,0.0001503812,-0.0048062233,0.0019133491,-0.0070750862,0.0245948266
7.3187899590,0.0204135142,-0.0135304639,-0.0076659350,-0.0173354466,-0.0041706422,0.0076123821
7.3291678429,0.0126051409,-0.0226020683,-0.0124579100,-0.0408979245,0.0029272148,-0.0114910044
7.3388719559,0.0105357273,-0.0269231815,-0.0094219474,-0.0537359565,0.0047919601,-0.0337845907
7.3491287231,0.0103545962,-0.0282912720,-0.0044185547,-0.0388651863,0.0112618431,-0.0380333997
7.3590421677,0.0130651994,-0.0091594020,-0.0121558933,-0.0196835026,0.0134823872,-0.0486551486
7.3693761826,0.0128668575,-0.0033251955,-0.0063098101,0.0114363339,-0.0031887349,-0.0433623828
7.3791837692,0.0069994358,0.0018647449,0.0091657015,0.0362849571,-0.0325993523,-0.0306417961
7.3892459869,0.0033393754,0.0080210855,0.0148969265,0.0214024149,-0.0380576365,-0.0338241383
7.3993721008,-0.0034187036,-0.0092851976,0.0041188570,0.0200220998,-0.0073532537,-0.0423028469
7.4096450806,-0.0073463442,-0.0012877000,-0.0164234061,0.0200037230,-0.0051682619,-0.0327462256
7.4194459915,0.0004130853,-0.0049349978,-0.0057324795,0.0093494803,-0.0074388739,-0.0412390456
7.4295501709,-0.0046722190,-0.0232256968,0.0118133398,0.0017311890,0.0073994608,-0.0337981768
7.4395618439,-0.0017670738,0.0001512008,0.0078653069,-0.0023317290,-0.0127553418,-0.0274364166
7.4499258995,0.0139175309,-0.0077493652,0.0099100443,-0.0258666687,-0.0065537719,-0.0210556146
7.4596929550,0.0041581793,-0.0099787274,0.0070350142,-0.0375768542,-0.0098877838,-0.0284868982
7.4697580338,0.0051915227,-0.0201792438,0.0003560159,-0.0599477515,-0.0143546369,-0.0327312425
7.4799218178,0.0013352511,-0.0140085528,-0.0014705684,-0.0749381557,-0.0091454946,-0.0274158418
7.4901952744,-0.0064268010,-0.0010902149,-0.0023420479,-0.0620633140,-0.0153446663,-0.0189274158
7.4999542236,-0.0111616747,0.0209894758,0.0025244926,-0.0022087712,-0.0231791530,0.0012276532
7.5100288391,-0.0147137986,0.0464780033,-0.0015295770,0.0416741855,-0.0342949890,0.0277559999
7.5201168060,-0.0210643820,0.0507935435,0.0002449725,0.0461158045,-0.0511991382,0.0330554247
7.5305147171,-0.0264757164,0.0142518571,0.0079540582,0.0300027728,-0.0418929905,0.0171363782
7.5402078629,-0.0309362821,0.0027283714,0.0010721061,0.0011375705,-0.0380322039,-0.0030285444
7.5503120422,-0.0306995399,-0.0021860166,-0.0057436256,-0.0161805674,-0.0149780829,-0.0242482796
7.5603408813,-0.0326948427,-0.0022859587,-0.0057300357,-0.0142332632,0.0030014501,-0.0359195806
7.5706968307,-0.0327983536,0.0199903827,-0.0057475595,-0.0078203175,0.0019752013,-0.0391067192
7.5805439949,-0.0280931331,0.0199438911,0.0050314041,-0.0100770798,0.0135583542,-0.0497183502
7.5905761719,-0.0333242454,0.0178908985,0.0138338776,-0.0102102654,0.0262282752,-0.0592683814
7.6005721092,-0.0287987180,0.0148086241,0.0071141096,-0.0124313412,0.0346768908,-0.0624489971
7.6110029221,-0.0176013373,0.0030118213,0.0053122612,-0.0211733002,0.0547409430,-0.0656224862
7.6207919121,-0.0153128030,0.0009660559,0.0044312449,-0.0083784107,0.0559138022,-0.0656251460
7.6308569908,-0.0012796940,-0.0019048018,0.0132968398,0.0001787255,0.0550876223,-0.0412073545
7.6409082413,0.0060104458,0.0069884346,0.0211206656,0.0141339563,0.0478856340,-0.0252875108
7.6512551308,0.0104753328,0.0003414141,0.0269908886,0.0174440797,0.0384595767,-0.0104259402
7.6610498428,0.0140541298,-0.0083377371,0.0231372695,0.0024659289,0.0426284894,-0.0019256625
7.6710901260,0.0176550411,-0.0171949584,0.0163984280,-0.0135639040,0.0446397066,0.0023252750
7.6812310219,0.0212535672,-0.0261005629,0.0155135365,-0.0102272304,0.0308330804,-0.0040532616
7.6915369034,0.0268776529,-0.0291300733,0.0155926319,-0.0069919964,0.0277200453,0.0023146891
7.7012820244,0.0267339386,-0.0184376854,0.0126571627,0.0102242753,0.0141246086,0.0097361198
7.7114162445,0.0306037925,-0.0144437263,0.0106972428,0.0113561992,0.0089315111,0.0256614909
7.7214570045,0.0315732099,-0.0114103267,0.0096911164,0.0188106541,0.0111949323,0.0373405181
7.7318229675,0.0266623311,-0.0102529386,0.0037651632,0.0294626318,0.0134236645,0.0394628532
7.7415480614,0.0257110633,-0.0089545557,0.0027024124,0.0359815173,0.0017947054,0.0373317935
7.7516469955,0.0228787176,-0.0125310132,0.0065075727,0.0233432464,-0.0152920708,0.0373253375
7.7617292404,0.0231428631,-0.0161969382,0.0122958394,0.0128349466,-0.0324582718,0.0224542450
7.7720632553,0.0215524919,-0.0210409630,0.0044769617,-0.0137793813,-0.0402496830,0.0022827312
7.7819228172,0.0140730841,-0.0203108508,-0.0062543778,-0.0298070833,-0.0394600555,-0.0178869851
7.7919278145,0.0113869561,-0.0235059876,-0.0149825839,-0.0309870765,-0.0289566834,-0.0327462256
7.8019638062,0.0085744439,-0.0101739625,-0.0256878156,-0.0246338397,-0.0247467570,-0.0465491228
7.8123531342,0.0066230251,-0.0082916925,-0.0237320680,-0.0023285346,-0.0151127726,-0.0635387599
7.8227810860,0.0007110266,-0.0071911230,-0.0237758178,0.0126842372,-0.0224300735,-0.0667316243
7.8321542740,-0.0012269961,0.0018384593,-0.0219282527,0.0287237391,-0.0254877154,-0.0688602179
7.8422989845,-0.0119993882,-0.0045838072,-0.0191225428,0.0276182592,-0.0223971177,-0.0815999806
7.8526129723,-0.0247616880,-0.0120331207,-0.0114310412,0.0126873003,-0.0236021969,-0.0837206617
7.8623991013,-0.0257410891,-0.0167354066,-0.0066026477,-0.0001486037,-0.0205102675,-0.0805304572
7.8724570274,-0.0258005299,-0.0186671484,-0.0085412888,-0.0141081214,-0.0121570630,-0.0826465413
7.8825249672,-0.0258886702,-0.0207934696,-0.0104382662,-0.0397447720,-0.0091146678,-0.0698969215
7.8929181099,-0.0162394010,-0.0270653833,-0.0034308459,-0.0632785708,-0.0028708200,-0.0571460389
7.9026598930,-0.0104655148,-0.0315708369,-0.0022726085,-0.0717788488,-0.0048665931,-0.0263527092
7.9126849174,-0.0035704719,-0.0147790173,-0.0011389877,-0.0696091130,-0.0067758127,0.0033758921
7.9229431152,0.0024260385,-0.0084983567,0.0087433429,-0.0449692830,-0.0149109717,0.0246015526
7.9332070351,0.0047601564,-0.0039615347,0.0146407457,-0.0212624110,-0.0357399546,0.0532546341
7.9428911209,0.0112467436,-0.0022086664,0.0214799624,-0.0263722166,-0.0580399334,0.0574919917
7.9529972076,0.0090595288,-0.0151799927,0.0244528633,-0.0392141938,-0.0550169796,0.0500639044
7.9630279541,0.0009246049,-0.0136011252,0.0195729714,-0.0307671800,-0.0465167016,0.0405098125
7.9736061096,0.0044881431,-0.0002811862,0.0108000012,-0.0222007781,-0.0496313348,0.0394435488
7.9832038879,0.0050484268,0.0093259802,0.0156384688,-0.0105220145,-0.0443068743,0.0267016534
7.9932899475,0.0006381227,0.0160276573,0.0165702086,-0.0073433444,-0.0421777442,0.0235165805
8.0033273697,0.0030044345,0.0276597720,0.0116417380,0.0042358125,-0.0261532404,0.0245834421
8.0136928558,-0.0016286122,0.0335789174,0.0057211490,0.0211759135,-0.0133267883,0.0160904881
8.0234251022,-0.0044866772,0.0358417034,0.0065976353,0.0381546319,-0.0048211860,-0.0040837550
8.0336179733,-0.0104189264,0.0314190537,0.0074521871,0.0423016250,0.0068033123,-0.0168198571
8.0435981750,-0.0154617550,0.0376400203,0.0014897559,0.0251279660,0.0149552487,-0.0454799980
8.0539264679,-0.0187606476,0.0242502373,0.0073293420,0.0068842466,0.0242343675,-0.0624588467
8.0637931824,-0.0211562179,0.0262647551,0.0131933661,-0.0059740283,0.0282349680,-0.0826277658
8.0737915039,-0.0148763554,0.0280739646,0.0045267912,-0.0264499038,0.0470878854,-0.0932323411
8.0839385986,-0.0136162834,0.0239628535,-0.0002315071,-0.0232453197,0.0459579080,-0.1080989093
8.0942201614,-0.0103404345,0.0228695255,0.0057158442,-0.0113754254,0.0333484374,-0.1049220860
8.1039924622,-0.0021101804,0.0257668477,0.0067732306,-0.0039337538,0.0354456753,-0.1187263131
8.1140689850,-0.0027666809,0.0131225428,-0.0038597013,-0.0040506665,0.0471450761,-0.1144739166
8.1240882874,-0.0014601694,0.0141165843,-0.0047923354,0.0099269338,0.0378349312,-0.0964315310
8.1344919205,0.0068768365,0.0232374053,0.0029721831,0.0517421328,0.0191909410,-0.0826486051
8.1442728043,0.0114514409,0.0160835665,0.0096917721,0.0667815357,0.0098208738,-0.0752245113
8.1542968750,0.0093026711,0.0099743744,0.0124634476,0.0679723173,-0.0017791237,-0.0656738207
8.1643829346,0.0131470812,-0.0088749090,0.0104277702,0.0477522612,-0.0072335443,-0.0614242069
8.1747474670,0.0120853959,-0.0182565767,0.0113391252,0.0178254172,-0.0033057807,-0.0699091777
8.1845159531,0.0020845635,-0.0336429030,0.0191136580,0.0177343376,0.0051060799,-0.0815847442
8.1945886612,0.0028608544,-0.0246111024,0.0170885306,0.0316636823,-0.0000434085,-0.0762815848
8.2046566010,0.0114438264,-0.0155828604,0.0160716753,0.0209172945,0.0072834804,-0.0773369968
8.2151060104,0.0043187840,-0.0143593410,0.0198940616,0.0198370107,0.0083075985,-0.0815835446
8.2247714996,0.0010660170,-0.0219156165,0.0218322258,0.0197720286,0.0146597708,-0.0837039500
8.2348670959,0.0006483821,-0.0168539155,0.0149718495,0.0163750872,0.0348524563,-0.0741360709
8.2450170517,-0.0058230655,-0.0040264293,0.0022486423,0.0183000192,0.0561396331,-0.0666933358
8.2552642822,-0.0115041854,-0.0124860564,0.0032110189,0.0245942939,0.0667849556,-0.0698751509
8.2651262283,-0.0132387625,-0.0100995759,0.0099641653,0.0386624411,0.0478565395,-0.0624555871
8.2751379013,0.0008986695,-0.0076927557,0.0138382884,0.0334902629,0.0319078006,-0.0603377074
8.2852392197,0.0054003997,-0.0141871730,0.0157735925,0.0112696458,0.0125793759,-0.0656507090
8.2955722809,0.0022512032,-0.0248057861,0.0089459391,-0.0067809392,0.0028381983,-0.0709609240
8.3053894043,0.0059661819,-0.0297602434,-0.0085321097,-0.0143381916,0.0112332813,-0.0752020031
8.3154439926,0.0037431521,-0.0230991412,-0.0221417565,-0.0218259878,0.0133243958,-0.0698897988
8.3255071640,-0.0014187219,-0.0232567508,-0.0123556880,-0.0250081979,0.0123462165,-0.0529006943
8.3359069824,0.0003153188,-0.0194430370,-0.0035548832,-0.0004961193,0.0169715285,-0.0274221674
8.3456058502,0.0070374189,-0.0027345582,-0.0065253405,0.0348160639,0.0089434292,-0.0040755658
8.3557014465,0.0139195872,0.0035889135,-0.0066356687,0.0606225505,-0.0087113986,0.0203311741
8.3657445908,0.0122122644,0.0110657057,0.0009420488,0.0651840121,-0.0372519605,0.0309337508
8.3761148453,0.0136361970,-0.0127400765,0.0096247168,0.0193650704,-0.0451555587,0.0192612484
8.3858623505,0.0042716293,-0.0302165467,0.0056778761,-0.0170600489,-0.0317348242,0.0107828090
8.3959503174,-0.0041991519,-0.0276001114,-0.0108832149,-0.0331396312,-0.0256122183,-0.0051373020
8.4060220718,-0.0069083618,-0.0201680083,-0.0225219149,-0.0321470685,-0.0181758739,-0.0051338393
8.4163742065,-0.0066579031,-0.0037626340,-0.0137744574,-0.0020210985,-0.0422828719,0.0001549986
8.4261531830,0.0006958423,0.0079917302,-0.0040916232,0.0099340975,-0.0633519441,0.0075740330
8.4362192154,0.0022790907,0.0080807647,-0.0002493885,0.0098994765,-0.0590040609,0.0235031974
8.4462642670,-0.0038985135,0.0178000312,-0.0110818176,0.0067215269,-0.0611263365,0.0277501401
8.4566020966,-0.0092380242,0.0179054122,-0.0082321195,0.0140342209,-0.0451398455,0.0288188010
8.4664077759,-0.0136252465,0.0104219755,-0.0073856739,0.0342947543,-0.0439571366,0.0203198548
8.4764928818,-0.0151327299,-0.0058526113,-0.0054982333,0.0054433160,-0.0410944372,0.0097100213
8.4865522385,-0.0188172050,-0.0272353310,0.0081611844,-0.0129428823,-0.0180493072,-0.0115097798
8.4969425201,-0.0284352936,-0.0274318773,0.0071924897,-0.0267521441,-0.0245505497,-0.0136329187
8.5066757202,-0.0135787027,-0.0141407559,0.0063014003,-0.0332838148,-0.0118882824,-0.0157485344
8.5167541504,-0.0116798403,-0.0182341356,0.0093055936,-0.0132173467,0.0095145432,-0.0146798743
8.5268421173,-0.0136606442,-0.0056989654,0.0073469253,0.0029062293,-0.0008241141,0.0054850490
8.5372142792,-0.0047630863,0.0070522563,0.0238927584,0.0137330173,-0.0154449362,0.0267094430
8.5469417572,-0.0084511312,0.0003765510,0.0365154706,0.0105161853,-0.0132747255,0.0383911319
8.5570449829,-0.0111916633,-0.0103571573,0.0248166304,-0.0067368103,0.0046337685,0.0415900573
8.5671100616,-0.0081805857,-0.0135643044,-0.0014074472,-0.0400372446,0.0266812798,0.0501039177
8.5774459839,-0.0063886316,-0.0324260890,-0.0002709057,-0.0358603671,0.0362803116,0.0522323810
8.5872478485,-0.0104049118,-0.0288334209,0.0036889885,-0.0249712355,0.0152157722,0.0617752895
8.5973167419,0.0014842330,-0.0222837646,0.0037592028,-0.0258393176,-0.0049514147,0.0617642328
8.6073589325,0.0075611128,-0.0401647240,-0.0058358936,-0.0472793654,0.0043904223,0.0585889481
8.6176891327,0.0028026728,-0.0428026766,-0.0242074747,-0.0665085837,0.0063373921,0.0575333349
8.6275043488,0.0058972491,-0.0416058451,-0.0269441027,-0.0824116468,-0.0044470783,0.0522229932
8.6375694275,0.0061107157,-0.0355706811,-0.0209329743,-0.0791296735,-0.0129624028,0.0437233783
8.6476259232,0.0074061407,-0.0344202071,-0.0178397316,-0.0832495838,-0.0278606601,0.0426551849
8.6579837799,0.0098197265,-0.0216229130,-0.0108582405,-0.0905646756,-0.0427037217,0.0543293543
8.6677198410,0.0123419194,-0.0137271741,-0.0107037453,-0.0788571537,-0.0394043289,0.0564516298
8.6778488159,0.0059916256,-0.0133686224,-0.0125606684,-0.0404954664,-0.0326134674,0.0702494010
8.6878881454,0.0055603785,0.0137361130,-0.0097217588,0.0130495178,-0.0500875339,0.0850922614
8.6983242035,0.0121265529,0.0207594167,0.0009034250,0.0163037665,-0.0542076454,0.0999555662
8.7079887390,0.0060719056,0.0198152047,0.0115176411,-0.0081357965,-0.0650597587,0.0957091525
8.7182397842,0.0020108921,0.0079749515,0.0183327179,-0.0251996554,-0.0673980862,0.0850922614
8.7280740738,0.0037956936,0.0126169166,0.0134363743,-0.0135619063,-0.0578088388,0.0755379051
8.7385301590,0.0005783616,0.0231422316,0.0094767781,-0.0135800969,-0.0568732023,0.0564267263
8.7482671738,-0.0057187947,0.0150731793,0.0182689410,-0.0553200841,-0.0468274914,0.0256501734
8.7584095001,-0.0121844755,0.0026838467,0.0164784174,-0.0960494876,-0.0314876176,-0.0083099920
8.7684450150,-0.0139770554,-0.0031581982,0.0098826857,-0.0972854644,-0.0156995989,-0.0263523757
8.7787704468,-0.0129843773,0.0144890686,0.0042077871,-0.0632808879,-0.0016491616,-0.0327254534
8.7885494232,-0.0150117623,0.0354510397,0.0023040746,-0.0259809215,0.0040305620,-0.0252994932
8.7986822128,-0.0170786940,0.0490306914,0.0042428346,0.0145480772,0.0076139783,-0.0178731363
8.8086662292,-0.0192175917,0.0434162170,0.0080953809,0.0218912102,0.0204251148,-0.0157450046
8.8190326691,-0.0195430331,0.0299136918,0.0061889859,0.0035457602,0.0392767005,-0.0295363180
8.8288316727,-0.0191553943,-0.0012337727,0.0121589275,-0.0191126801,0.0634355694,-0.0369510911
8.8388881683,-0.0179080553,0.0015832620,0.0151745649,-0.0084114866,0.0602966957,-0.0443873666
8.8489551544,-0.0039164769,0.0015916514,0.0221025329,-0.0084327916,0.0624187030,-0.0443863012
8.8593177795,-0.0046645747,0.0006383347,0.0260674339,0.0053249383,0.0742101148,-0.0443831086
8.8690652847,-0.0074258046,-0.0003342493,0.0163771491,0.0041656643,0.0837982893,-0.0369454324
8.8792047501,-0.0033982368,0.0103051653,0.0076816054,-0.0033345157,0.0869652629,-0.0295100864
8.8892335892,-0.0033370452,0.0014738428,0.0097449990,-0.0087196948,0.0922721401,-0.0220734738
8.8996553421,-0.0051677870,-0.0015542222,0.0088793011,-0.0128460759,0.0784618482,-0.0188931953
8.9093227386,0.0019413112,-0.0075422837,0.0090053650,-0.0212845653,0.0688728690,-0.0135868462
8.9194135666,0.0032625822,-0.0106527517,0.0052244039,-0.0190861560,0.0625609830,-0.0082824286
8.9294862747,0.0086796908,-0.0060518696,-0.0053964881,-0.0273803063,0.0392551273,0.0086968215
8.9398193359,0.0152516691,-0.0111463824,0.0034913991,-0.0208421089,0.0266403332,0.0182460528
8.9496479034,0.0082907556,-0.0064963563,0.0044992538,-0.0238496177,0.0075420067,0.0224844739
8.9596576691,0.0132214604,-0.0087293247,-0.0002868202,-0.0259572957,0.0054848478,0.0352251679
8.9697237015,0.0181872211,-0.0070548221,-0.0128858713,-0.0174245294,0.0067035104,0.0479651988
8.9801082611,0.0193407722,-0.0033547892,-0.0206524152,-0.0086797737,-0.0133117437,0.0585709736
8.9900627136,0.0245962478,-0.0120974639,-0.0079795746,0.0086211860,-0.0354021303,0.0649263412
9.0000276566,0.0212810673,-0.0090283761,-0.0022329118,0.0248848181,-0.0607054234,0.0680947676
9.0100202560,0.0270427950,-0.0069307103,-0.0013439085,0.0112582222,-0.0852158293,0.0702095851
9.0204029083,0.0299881883,-0.0185894091,0.0015216444,-0.0046488913,-0.0960628837,0.0553432852
9.0301637650,0.0222418867,-0.0196794290,0.0043675872,-0.0174086280,-0.1015766934,0.0404785834
9.0402002335,0.0232573859,-0.0120821903,0.0043151351,-0.0206918810,-0.0942675099,0.0266795494
9.0502929688,0.0231291838,-0.0094631324,-0.0005674984,-0.0305000376,-0.0742131099,0.0235066600
9.0606870651,0.0150568811,0.0077898190,0.0061794491,-0.0155193303,-0.0783189088,0.0245618038
9.0703964233,0.0138131185,0.0136051616,0.0207333546,0.0047039157,-0.0728229433,0.0266830120
9.0805597305,0.0106091006,0.0136981597,0.0138092013,0.0216660425,-0.0609619543,0.0330561586
9.0905551910,0.0072971908,0.0197069775,0.0068596574,0.0183762386,-0.0525434352,0.0266904030
9.1009693146,-0.0011107894,-0.0005516125,0.0165423732,0.0032916153,-0.0389782228,0.0118362224
9.1106939316,-0.0125077711,-0.0025193556,0.0106398435,-0.0085208351,-0.0328462943,-0.0083318967
9.1207656860,-0.0103496211,-0.0104012648,0.0009243462,-0.0129214702,-0.0213494971,-0.0295625497
9.1308555603,-0.0141698690,-0.0134758661,-0.0107559590,-0.0183434002,-0.0129219228,-0.0316805616
9.1411819458,-0.0219871439,-0.0000006719,-0.0166350026,-0.0023993747,-0.0064377915,-0.0348658375
9.1509952545,-0.0239835568,0.0030442462,-0.0156981368,0.0200081971,-0.0062697455,-0.0391186401
9.1610269547,-0.0288941152,0.0111455908,-0.0119147329,0.0382255502,-0.0135175381,-0.0359414890
9.1710710526,-0.0249588601,0.0056706057,-0.0080648093,0.0275516007,-0.0136453696,-0.0412478372
9.1814918518,-0.0210802816,-0.0136287520,-0.0060979752,-0.0099120969,-0.0034513227,-0.0550368838
9.1912364960,-0.0222182386,-0.0274433810,-0.0069800643,-0.0367719419,0.0143457837,-0.0560829714
9.2012691498,-0.0196138583,-0.0257904846,-0.0000553753,-0.0347218923,0.0228805505,-0.0518324375
9.2113895416,-0.0160506926,-0.0094331214,0.0087659331,-0.0166291781,0.0296058320,-0.0210414995
9.2217302322,-0.0123275118,0.0148617020,0.0184953790,0.0038576443,0.0097629502,0.0001787673
9.2314739227,0.0012438623,0.0022596107,0.0185736995,0.0026488351,0.0247046147,0.0150517225
9.2415256500,0.0000698222,-0.0123600671,0.0098679634,0.0004365724,0.0331856497,0.0171823185
9.2516613007,0.0037764488,-0.0251211692,0.0089827152,-0.0187009014,0.0255423803,0.0097507676
9.2619733810,0.0123550249,-0.0243687946,0.0139571400,-0.0315043405,0.0254653469,0.0150627745
9.2717599869,0.0122143952,-0.0227612127,0.0150146456,-0.0431346335,0.0147735542,0.0182457864
9.2818307877,0.0112284673,-0.0114445100,0.0218948703,-0.0387478210,0.0031892031,0.0256705452
9.2919044495,0.0103336973,0.0017908054,0.0160985570,-0.0195480287,0.0056451703,0.0511500724
9.3023681641,0.0163727738,0.0230482053,-0.0004797008,0.0188849028,0.0050030821,0.0638813153
9.3120288849,0.0164951049,0.0222553294,-0.0073578386,0.0284336656,0.0103642922,0.0596343689
9.3220968246,0.0086595966,0.0215233546,-0.0054903654,0.0294770934,0.0124395601,0.0511414185
9.3321428299,0.0116270659,0.0169017892,0.0012885901,0.0061185076,-0.0006221798,0.0320284441
9.3425016403,0.0136353699,0.0110421171,0.0081450315,-0.0152421491,0.0001981405,0.0235387515
9.3523597717,0.0019627092,0.0245260280,0.0090709897,-0.0130269313,-0.0083266385,0.0150395390
9.3623352051,-0.0008559497,0.0254137497,0.0032163833,-0.0076622870,-0.0115189031,0.0065426570
9.3724308014,-0.0056361007,0.0224751364,0.0041735144,0.0008997768,-0.0147173591,-0.0072645019
9.3829813004,-0.0094597982,0.0167179387,0.0109721394,0.0137221515,-0.0167757161,-0.0147016458
9.3925628662,-0.0034112530,0.0148868700,0.0090086432,0.0095377928,-0.0253148768,-0.0168284457
9.4027004242,0.0016848696,0.0110503724,0.0109455558,0.0074223103,-0.0274759643,-0.0200147182
9.4127511978,0.0028486354,0.0033667223,0.0128762694,0.0053269351,-0.0317870900,-0.0274489336
9.4230451584,0.0050022928,0.0004499542,0.0060530873,-0.0033428259,-0.0180137530,-0.0189449266
9.4328012466,0.0100334091,-0.0054092421,0.0050992342,0.0084110368,-0.0189099070,-0.0093921674
9.4428710938,0.0112129031,0.0035055713,0.0128266783,0.0234861262,-0.0314145163,0.0054629450
9.4531002045,0.0174427815,-0.0020444407,0.0205616932,0.0374141932,-0.0365706608,0.0097040292
9.4632921219,0.0178696252,-0.0104218135,0.0165556055,0.0460304245,-0.0438678525,0.0181927215
9.4730958939,0.0154107539,-0.0149830589,0.0086359950,0.0299478602,-0.0365944952,0.0160768405
9.4831647873,0.0069165928,-0.0303583611,0.0076048942,0.0105838832,-0.0220054984,0.0012241912
9.4932098389,-0.0007269355,-0.0381619334,0.0027087305,-0.0065476997,-0.0169050116,-0.0072633037
9.5036029816,-0.0006547766,-0.0343114883,0.0046488019,-0.0023820363,-0.0061949776,0.0022967793
9.5133762360,0.0014077155,-0.0177486110,-0.0002691772,0.0126248756,-0.0123889577,0.0086606685
9.5234184265,0.0034565656,-0.0069514080,-0.0052028326,0.0125140361,-0.0006703830,0.0161000770
9.5335588455,0.0054112924,-0.0146204988,-0.0100701479,0.0167505927,0.0025499114,0.0161006097
9.5438747406,0.0014846278,-0.0066542788,-0.0082075624,0.0189017076,0.0004410208,0.0150358109
9.5535879135,0.0034579141,-0.0113614211,-0.0111466078,0.0135431606,0.0024956495,0.0118528008
9.5636529922,-0.0014565708,-0.0131206820,-0.0102278022,0.0157018919,-0.0007585338,-0.0019529599
9.5737495422,-0.0053388001,-0.0138981352,-0.0151655106,0.0147066684,-0.0082294997,-0.0072654341
9.5841178894,-0.0032623308,-0.0049659773,-0.0152369170,0.0126720676,-0.0178127512,-0.0093915686
9.5938863754,-0.0001090439,-0.0107683102,-0.0152328042,-0.0106918449,-0.0297442470,-0.0178859867
9.6039667130,-0.0077055292,-0.0148600945,-0.0152344136,-0.0310055576,-0.0267929956,-0.0263744798
9.6140499115,-0.0084525021,-0.0210183281,-0.0200285334,-0.0394909233,-0.0321933553,-0.0295604188
9.6243801117,-0.0042828368,-0.0154737243,-0.0170640368,-0.0288040563,-0.0330846459,-0.0178841222
9.6341705322,-0.0049658390,-0.0068980171,-0.0102376966,-0.0170283578,-0.0360958837,-0.0072706272
9.6442584991,-0.0017144578,-0.0051140203,-0.0063355593,-0.0212660339,-0.0382158943,-0.0008975493
9.6542825699,0.0016073836,-0.0130714485,0.0005292270,-0.0244232100,-0.0424670987,0.0022865261
9.6646518707,0.0000693752,-0.0163170118,0.0044811936,-0.0510983355,-0.0437797680,-0.0008948861
9.6744441986,-0.0015666010,-0.0256675202,0.0094820233,-0.0704978704,-0.0248425640,0.0001812973
9.6844940186,-0.0071951943,-0.0214715023,0.0095773907,-0.0694566220,-0.0215812568,0.0108009176
9.6946153641,-0.0059519978,-0.0006225718,0.0106135579,-0.0417315215,-0.0180035662,0.0341552421
9.7046976089,-0.0047397362,0.0097533157,0.0096777650,-0.0247059576,-0.0124799712,0.0447714701
9.7145242691,-0.0113221454,0.0124548366,0.0096754404,-0.0161529481,-0.0133971646,0.0553868301
9.7245626450,-0.0130253555,0.0005565273,0.0116775008,-0.0246393792,-0.0188113693,0.0500772856
9.7350788116,-0.0157345571,-0.0105298171,0.0088331671,-0.0514604449,-0.0053280522,0.0384115763
9.7452201843,-0.0215119608,-0.0091309557,0.0021159623,-0.0440869257,0.0042721778,0.0362910964
9.7549514771,-0.0135582210,-0.0017193122,-0.0016998675,-0.0322489068,-0.0051258514,0.0437159911
9.7650566101,-0.0085222023,0.0135894855,0.0071079703,-0.0194756426,-0.0017953021,0.0490223393
9.7751321793,-0.0142468261,0.0085950186,0.0139358016,-0.0076887570,-0.0058606178,0.0606971048
9.7855033875,-0.0051462846,0.0113925776,0.0081217261,0.0009679804,-0.0174366459,0.0638748556
9.7953538895,0.0020331172,-0.0022762730,0.0081491442,0.0009456100,-0.0153284874,0.0617523156
9.8053817749,-0.0005578371,-0.0033356114,0.0071604820,-0.0075390087,-0.0207291134,0.0585666411
9.8154382706,0.0027187718,-0.0073098703,0.0130128236,-0.0075411396,-0.0207568090,0.0543194339
9.8257703781,0.0030843196,-0.0045266463,0.0159276109,-0.0139281973,-0.0229327455,0.0543179698
9.8355255127,0.0024153544,0.0031135962,0.0188299399,-0.0033479910,-0.0132281864,0.0638763234
9.8455991745,0.0017191572,0.0098160794,0.0110108824,0.0040454762,-0.0046353638,0.0702515244
9.8556623459,-0.0000341805,0.0175940972,0.0080440613,0.0103901904,0.0006632614,0.0606963709
9.8660488129,-0.0009069489,-0.0036966368,0.0139053436,0.0178255253,0.0038626499,0.0532638878
9.8758039474,-0.0027537839,0.0042069540,0.0167636853,0.0136182625,-0.0025752755,0.0479527451
9.8858394623,0.0042385636,0.0061589167,0.0158007126,-0.0087996954,-0.0028534429,0.0352160484
9.8959903717,-0.0006191107,-0.0018127573,0.0158458930,-0.0259520523,0.0043759742,0.0277914200
9.9064464569,-0.0025449069,0.0017485010,0.0110182138,-0.0312667340,0.0021505703,0.0192986652
9.9165229797,0.0023239208,0.0052867667,0.0033211682,-0.0356939733,0.0180421844,0.0214313250
9.9263238907,0.0031621931,0.0098486831,-0.0053743748,-0.0101403845,0.0235581901,0.0193028599
9.9364309311,0.0050108610,0.0107831499,-0.0063155917,0.0049512172,0.0088692596,0.0246006865
9.9465627670,0.0088917790,0.0137084415,0.0014873121,-0.0014179992,0.0056510959,0.0277860928
9.9562759399,0.0059863655,0.0098311594,0.0043946477,0.0061088931,-0.0007396918,0.0139776040
9.9663372040,-0.0007882910,0.0127670756,0.0024152372,-0.0034508156,-0.0050611366,0.0150401378
9.9764919281,0.0002756966,0.0156391393,0.0004638407,-0.0045658806,-0.0008956864,0.0044245119
9.9868726730,-0.0076178955,0.0097916564,0.0004556749,0.0080778478,0.0150750242,-0.0040643141
9.9966707230,-0.0067935484,0.0128676584,-0.0102994470,0.0346953422,0.0217156168,0.0023030378
10.0068960190,-0.0030813711,0.0269270819,-0.0104017286,0.0602660030,0.0250968989,-0.0019512288
10.0167818069,-0.0063118385,0.0188626330,-0.0027375247,0.0794833750,0.0241829008,-0.0051419623
10.0270652771,-0.0074503915,0.0225298684,-0.0009460475,0.0722200871,0.0039286297,-0.0093951635
10.0369701385,-0.0045743259,0.0143547347,0.0038225029,0.0466340296,0.0004318992,-0.0231937990
10.0469369888,-0.0173695125,0.0021500723,0.0095565291,0.0370770358,-0.0061685452,-0.0465560481
10.0570049286,-0.0271985196,0.0092371246,0.0045585008,0.0242890678,-0.0084508751,-0.0539865345
10.0673837662,-0.0263230987,0.0114235869,0.0006183956,0.0145501029,0.0040717078,-0.0730892494
10.0770950317,-0.0315137394,-0.0021258309,-0.0052149920,-0.0080843689,0.0261431895,-0.0751960799
10.0872936249,-0.0290431865,-0.0090082148,-0.0031693007,-0.0081669288,0.0347156376,-0.0624515265
10.0973014832,-0.0148515003,-0.0070183887,0.0008067462,0.0078261532,0.0370743982,-0.0475892201
10.1075973511,-0.0064916359,-0.0077666952,0.0076502534,0.0345178172,0.0374947116,-0.0189275499
10.1175870895,-0.0000158222,-0.0044081970,0.0163711291,0.0442050658,0.0302623659,-0.0019448374
10.1274938583,0.0074858097,-0.0196359176,0.0232074242,0.0152853467,0.0417635590,0.0108111054
10.1375570297,0.0090159131,-0.0332555473,0.0262112599,-0.0147295436,0.0553371608,0.0171962995
10.1478919983,0.0154400868,-0.0364798009,0.0224631410,-0.0392818898,0.0562256575,0.0235734396
10.1576642990,0.0237740688,-0.0311318357,0.0187485199,-0.0500352047,0.0646620169,0.0299511775
10.1677837372,0.0311764590,-0.0267383773,0.0091739269,-0.0371309370,0.0552593954,0.0352522656
10.1778440475,0.0337150805,-0.0085722515,0.0024290655,-0.0125923036,0.0578035116,0.0671012700
10.1881523132,0.0403697677,0.0167012941,-0.0014897611,0.0250886027,0.0264732875,0.0936205015
10.1979885101,0.0365992822,0.0315220058,0.0061939927,0.0350725278,-0.0104879262,0.1074028909
10.2079839706,0.0311559923,0.0202438813,0.0138626071,0.0501798689,-0.0274035931,0.0967734829
10.2181272507,0.0258502476,0.0246682446,-0.0029155638,0.0801798478,-0.0387720950,0.1031309813
10.2284317017,0.0265618302,0.0311230998,-0.0206876416,0.0589600950,-0.0517456867,0.0946352258
10.2382087708,0.0194010548,0.0151453009,-0.0062580137,0.0536931641,-0.0604949705,0.0617164299
10.2482700348,0.0083591444,0.0001026826,-0.0045098690,0.0505953766,-0.0723456368,0.0383510552
10.2583341599,0.0081656305,0.0073596076,-0.0056896834,0.0485143811,-0.0788687840,0.0171123445
10.2687616348,0.0078308312,0.0048410879,-0.0029143121,0.0366104767,-0.0631751716,-0.0009261782
10.2784366608,-0.0043696286,0.0090279719,-0.0001699951,0.0259482451,-0.0655496493,-0.0253460333
10.2885265350,-0.0028822543,0.0150864413,0.0094503732,0.0216646306,-0.0645812526,-0.0338389203
10.2986888885,0.0063890992,0.0154042533,0.0083961459,0.0322405770,-0.0561315790,-0.0540115647
