0.0000000000,-0.0001966725,0.0025017210,-0.0012871572,0.0052191382,0.0065415483,0.0035384451
0.0100739002,-0.0002268920,0.0015764482,0.0016182713,0.0062899953,0.0065407492,0.0024753110
0.0195769072,-0.0021825801,0.0016033001,-0.0003809281,0.0084178606,0.0065753702,0.0045983833
0.0296369791,0.0007344116,0.0026199468,-0.0004005976,0.0073655127,0.0044325911,0.0035447036
0.0395659208,0.0017084708,0.0016458578,-0.0013740011,0.0063459207,0.0011624959,-0.0028070689
0.0496709347,0.0017235507,0.0006468840,0.0006154231,0.0010598125,-0.0042405254,-0.0048931232
0.0594949722,0.0017616381,-0.0013608985,0.0006532125,-0.0021369131,-0.0042783422,-0.0059510637
0.0707459450,0.0027628173,-0.0023867241,0.0016722134,-0.0042647794,-0.0043129632,-0.0080741355
0.0796740055,0.0027916660,-0.0024685017,0.0016884855,-0.0064360537,-0.0000497750,-0.0070357695
0.0895549059,0.0027959575,0.0003991373,-0.0002481290,-0.0010532718,-0.0064027458,-0.0048735486
0.0995839834,0.0008583893,0.0003597684,-0.0002072998,0.0010414366,-0.0031462326,-0.0017122434
0.1097139120,-0.0001137624,-0.0006006710,0.0027568392,0.0010169353,-0.0009906699,0.0003985781
0.1200309992,-0.0010765563,-0.0006182246,0.0008090786,0.0020911219,-0.0020450153,0.0014685029
0.1298089027,-0.0010827552,-0.0025272421,0.0037776879,0.0074123838,-0.0009169003,0.0035822541
0.1397409439,-0.0001156698,-0.0024894527,0.0018450670,0.0063334042,0.0011960517,0.0014436024
0.1497389078,-0.0011112462,-0.0014987044,0.0038039736,0.0063456544,0.0001182705,0.0003881918
0.1598249674,0.0008524288,-0.0024360470,0.0018886976,0.0052750637,0.0001185366,0.0014515922
0.1697859764,0.0020704498,-0.0033816448,0.0066438369,0.0053224680,-0.0052341507,0.0004238782
0.1796979904,0.0021910896,-0.0035737208,0.0060909442,0.0031671720,-0.0031052199,0.0014744950
0.1920899153,0.0001466503,-0.0054699532,0.0064622215,-0.0000280887,-0.0031480966,-0.0006477779
0.2000119686,-0.0008309851,-0.0035148016,0.0055633239,-0.0000852132,0.0022304233,0.0035676067
0.2113409042,-0.0029590498,-0.0031855754,0.0050870231,0.0009962963,0.0001102809,0.0046429913
0.2202929258,-0.0011085044,-0.0019083373,0.0050660423,0.0009696651,0.0033169931,0.0046219523
0.2300539017,-0.0001907120,-0.0018486731,0.0028233579,0.0031009922,0.0033425598,0.0056826896
0.2414889336,-0.0002721916,-0.0006361059,0.0027874163,0.0052285921,0.0054693604,0.0024802382
0.2502659559,-0.0004318724,0.0007285126,0.0015604548,0.0021430533,-0.0272784662,0.0505023561
0.2595039606,0.0043440093,-0.0000134461,0.0013058238,-0.0073845377,-0.1352699250,0.3051219881
0.2695369720,-0.1007253304,-0.0144706722,-0.0347619019,-0.0044705076,-0.2481400073,0.3525970876
0.2795479298,-0.1795137227,-0.0307116564,-0.0549469553,0.0003819047,-0.0805592611,0.0710345283
0.2895399332,-0.0775246397,-0.0148774441,-0.0200208966,-0.0042306893,-0.0096304966,-0.0048519773
0.2995079756,0.0216446742,0.0045164176,0.0070024780,-0.0001849486,0.0139946705,0.0045541748
0.3094699383,-0.0056428681,0.0062885233,-0.0019919225,0.0052891788,-0.0030546198,0.0057233023
0.3195109367,0.0089931125,0.0044597932,0.0011782101,0.0031847497,-0.0052405419,0.0025541405
0.3294159174,0.0002871980,0.0004151411,0.0002841405,-0.0010866951,-0.0042229481,0.0004257425
0.3395079374,-0.0026197205,-0.0015443020,0.0022991947,-0.0042677075,-0.0053497320,-0.0038157410
0.3494468927,-0.0030497680,-0.0022563390,0.0066229752,-0.0085687134,-0.0032090829,0.0004229462
0.3593889475,-0.0031202803,-0.0023850850,0.0085195955,-0.0075243535,-0.0000034359,-0.0006610937
0.3694978952,0.0010113944,-0.0006722264,0.0116417464,-0.0085600568,-0.0042775432,0.0004297371
0.3794229031,0.0038038124,0.0004599042,0.0111230668,-0.0032193549,-0.0052927407,0.0014934037
0.3893979788,0.0038636555,0.0012395330,0.0101175364,0.0053355177,-0.0063135298,-0.0006307336
0.3996999264,0.0028567542,0.0012555368,0.0099263843,0.0095983073,-0.0052157752,-0.0006388561
0.4093919992,-0.0000728736,0.0002947994,0.0069081238,0.0116998069,-0.0019749743,0.0014634433
0.4197258949,-0.0001094113,-0.0015641801,0.0067741326,0.0052692052,0.0011814043,0.0014475973
0.4295469522,-0.0011374722,-0.0024693361,0.0055121831,0.0041842335,0.0033106015,0.0014345481
0.4395599365,-0.0002380381,-0.0004493348,0.0062784008,0.0052907770,-0.0009661688,0.0003996433
0.4495899677,0.0026557078,0.0014855213,0.0050947717,0.0043232506,-0.0106472922,-0.0059112497
0.4596139193,0.0026581516,0.0014059491,0.0049299053,0.0000635246,-0.0117533030,-0.0069658612
0.4695479870,0.0017417301,-0.0016341858,0.0018830947,-0.0031210836,-0.0139155230,-0.0069496157
0.4795249701,-0.0011681090,-0.0017572098,0.0027370504,-0.0010089306,-0.0107024200,-0.0080340551
0.4895329475,-0.0021440755,0.0001013823,0.0056542209,0.0010925699,-0.0074616186,-0.0059317555
0.4995529652,-0.0011834870,0.0010883756,0.0075916699,0.0021419888,-0.0063598687,-0.0027512757
0.5095249414,0.0007898440,-0.0027612201,0.0066666654,-0.0000085142,-0.0052895444,-0.0006319319
0.5195879936,0.0017418494,-0.0027403883,0.0085826572,0.0010230616,-0.0010050508,-0.0006610937
0.5295389891,0.0017294516,0.0001457281,0.0065685562,0.0106575787,-0.0030953661,-0.0038414407
0.5395789146,0.0036651124,0.0001761265,0.0085216817,0.0063549760,-0.0019962795,0.0035911754
0.5495469570,0.0036175479,0.0022582361,0.0105086621,0.0052473671,0.0012378634,0.0078205410
0.5595779419,0.0016650190,-0.0015887372,0.0085505303,-0.0043717036,0.0032887636,0.0067531466
0.5694599152,-0.0002816091,-0.0044890693,0.0094248708,-0.0096945642,0.0011190863,0.0078333244
0.5813329220,0.0006940593,-0.0064633838,0.0092771705,-0.0139497621,0.0010487789,0.0035877135
0.5896039009,0.0006469120,-0.0044606081,0.0091495570,-0.0128280399,-0.0043137623,0.0004345309
0.5995229483,-0.0004091034,0.0004755803,0.0099796113,-0.0085829599,-0.0021251764,0.0025421567
0.6095129251,-0.0013684402,-0.0014992707,0.0079159196,-0.0075384686,0.0010802043,0.0014582500
0.6195439100,-0.0023818384,-0.0015215926,0.0087230261,-0.0075403331,0.0021308211,-0.0006733441
0.6294169426,-0.0023938785,-0.0015697532,0.0085254367,-0.0032566385,0.0000354461,0.0003996433
0.6395779848,-0.0014452706,-0.0015329473,0.0083761867,-0.0043779630,0.0064419461,0.0003576986
0.6494879723,-0.0034320126,-0.0034200600,0.0101328548,-0.0065268669,0.0085538337,-0.0007168867
0.6594259739,-0.0005685459,-0.0052265278,0.0109368619,-0.0044016652,0.0085959109,0.0024693189
0.6695089340,0.0022866358,-0.0031635812,0.0107477959,-0.0022932403,0.0118186027,0.0024469486
0.6794840097,0.0003005495,-0.0012439542,0.0085210260,-0.0002007941,0.0161286630,0.0045420574
0.6895099878,0.0002622237,-0.0002391986,0.0063579134,0.0051606814,0.0140143782,0.0024272408
0.6994649172,0.0002395739,-0.0002223901,0.0042067817,0.0062318048,0.0140151782,0.0024301708
0.7094659805,0.0011687507,-0.0001812331,0.0050122789,0.0083894981,0.0108345645,0.0035116803
0.7194519043,0.0021254648,-0.0001365595,0.0039022020,0.0052140779,0.0065537994,0.0045991819
0.7294479609,0.0021008481,-0.0039854399,0.0037642769,0.0041589332,0.0054677622,0.0035445702
0.7394399643,0.0011030664,-0.0048836521,0.0006806902,-0.0043721031,0.0053812093,0.0014274903
0.7494469881,0.0010497798,-0.0048338822,0.0024746708,-0.0075444616,0.0021412075,0.0003883250
0.7594449520,-0.0009078155,-0.0038623861,0.0003724746,-0.0075543150,0.0021673066,0.0035758624
0.7694939375,0.0010154475,-0.0009210162,-0.0016591497,-0.0075351391,0.0010714158,0.0003957818
0.7794280052,0.0009951820,0.0010313339,-0.0016975350,-0.0032921918,0.0032642628,0.0025012770
0.7894279957,0.0019595255,0.0010546095,-0.0017312117,-0.0000617774,-0.0009677666,0.0046512466
0.7994478941,0.0019489755,0.0010844417,-0.0017373509,0.0010145390,-0.0009816152,0.0025277752
0.8094079494,0.0028947224,0.0011931009,-0.0017253705,0.0031458670,-0.0009560488,0.0035885125
0.8194389343,0.0038165678,0.0052203783,-0.0016311355,0.0053044916,-0.0041385260,0.0046709543
0.8294179440,0.0047790040,0.0043387660,-0.0054758736,0.0031731641,-0.0041640922,0.0036102172
0.8404709101,0.0038377871,0.0014655240,-0.0073365518,0.0010797866,-0.0084722880,0.0015141764
0.8495649099,0.0048297276,0.0024619349,-0.0091316048,0.0042907600,-0.0095162475,0.0015187035
0.8594219685,0.0068322052,0.0034225830,-0.0177345220,0.0085765850,-0.0116180135,0.0015280249
0.8693989515,0.0059507121,0.0033877441,-0.0302475039,0.0181762148,-0.0115256021,0.0036455041
0.8794409037,0.0089466209,0.0044246563,-0.0417164527,0.0235716458,-0.0220935587,0.0132734980
0.8893769979,0.0128666395,0.0036210069,-0.0451850258,0.0332575627,-0.0337299742,0.0186541472
0.8994439840,0.0149074430,-0.0010832899,-0.0514582954,0.0312354229,-0.0507731363,0.0272649471
0.9094859362,0.0168542489,0.0031046518,-0.0556282960,0.0420324132,-0.0656527504,0.0273538958
0.9193769693,0.0198790058,0.0004740305,-0.0604962669,0.0464806929,-0.0880470052,0.0296218432
0.9293459654,0.0199786052,-0.0040710918,-0.0633160397,0.0475395657,-0.0890622064,0.0349396430
0.9393579960,0.0220916495,-0.0086327847,-0.0767391846,0.0454656258,-0.0965584666,0.0349890441
0.9493349791,0.0300623402,-0.0121504422,-0.0869358703,0.0424096510,-0.1168347076,0.0414970107
0.9593179226,0.0409406051,-0.0077658049,-0.1008484289,0.0510293692,-0.1316203177,0.0543346480
0.9694879055,0.0480241999,-0.0062634698,-0.1360893250,0.0703572631,-0.1495495141,0.0650613308
0.9792959690,0.0550832972,-0.0064806989,-0.1681815386,0.0928219557,-0.1651910543,0.0906451195
0.9893130064,0.0678109154,0.0053611943,-0.1911679506,0.1379050016,-0.2041970491,0.1131767929
0.9992749691,0.0824372992,0.0195249561,-0.2028100491,0.1948858649,-0.2612989545,0.1336928606
1.0093328953,0.0921982154,0.0281195585,-0.2079254389,0.2571668327,-0.3151259720,0.1573710144
1.0192819834,0.0893673524,0.0291751567,-0.2075538039,0.2970295548,-0.3680735826,0.1789332926
1.0293159485,0.0826782808,0.0225501005,-0.2019795775,0.3198318183,-0.4170163572,0.1845467091
1.0392929316,0.0790221319,0.0131233577,-0.1919658184,0.3180995584,-0.4693272412,0.1933858842
1.0492719412,0.0802410468,0.0096861068,-0.1746214628,0.3067766130,-0.5207079053,0.1947893649
1.0592999458,0.0796911940,0.0013691135,-0.1607870460,0.2996360064,-0.5613695383,0.1961210668
1.0692899227,0.0792127475,0.0017460234,-0.1515811682,0.3020741045,-0.5924729109,0.1814475805
1.0793459415,0.0797722563,0.0137080196,-0.1411447525,0.2938449681,-0.6268127561,0.1731779426
1.0892539024,0.0853075013,0.0199097935,-0.1284785271,0.2885838747,-0.6385557055,0.1796321124
1.0992739201,0.0890500769,0.0231056157,-0.1195901558,0.3026682734,-0.6599091887,0.1691347361
1.1092609167,0.0850415453,0.0350239240,-0.1135015413,0.3274164796,-0.6801065803,0.1596869081
1.1192839146,0.0821301565,0.0507814251,-0.1110616252,0.3500425816,-0.7003521919,0.1470559388
1.1292519569,0.0744974241,0.0519691072,-0.0976590440,0.3800193667,-0.7118589282,0.1492343992
1.1392399073,0.0650301799,0.0512489937,-0.0860298201,0.4164510071,-0.7255384922,0.1418626308
1.1492469311,0.0547507033,0.0553803705,-0.0859514400,0.4422757030,-0.7488885522,0.1377464533
1.1592679024,0.0514294729,0.0557452105,-0.0855285451,0.4456055760,-0.7680228949,0.1463645697
1.1692209244,0.0452033505,0.0514469407,-0.0743236467,0.4668663740,-0.7634470463,0.1622559130
1.1792209148,0.0321997032,0.0512074493,-0.0719439909,0.4924886823,-0.7663969994,0.1696965247
1.1892609596,0.0299360976,0.0647097751,-0.0635080263,0.5451492071,-0.7930728197,0.1273370832
1.1992619038,0.0357901677,0.0819244012,-0.0653399155,0.5785865784,-0.8271924257,0.1062847972
1.2091929913,0.0447570905,0.0962409601,-0.0767313763,0.5903888941,-0.8303983212,0.0956734344
1.2192379236,0.0490763411,0.0967650488,-0.0842080042,0.5637530088,-0.8338689804,0.0893420279
1.2292129993,0.0563945398,0.0952776447,-0.0819312260,0.5425710082,-0.8459712267,0.0681874752
1.2391639948,0.0648772940,0.1032614335,-0.0893766806,0.5225830674,-0.8699002266,0.0375460796
1.2491899729,0.0706404671,0.1147855148,-0.0986908004,0.4887497425,-0.8950620294,0.0005491797
1.2592149973,0.0767352208,0.1122780219,-0.0970296785,0.4528488517,-0.9287819266,-0.0353279933
1.2692049742,0.0801849589,0.1044831052,-0.0903206989,0.4147723019,-0.9571829438,-0.0723009259
1.2792109251,0.0759539828,0.1080901846,-0.0797404572,0.3946546614,-0.9755435586,-0.0764177740
1.2891619205,0.0719512925,0.1164468750,-0.0807498023,0.4045203328,-0.9991533160,-0.0964569971
1.2991989851,0.0721827373,0.1189869419,-0.0971011445,0.4580858052,-1.0243510008,-0.0920827538
1.3090949059,0.0764060244,0.1307629794,-0.1111707613,0.5670519471,-1.0383896828,-0.0825062916
1.3191449642,0.0777433738,0.1499219984,-0.1142159030,0.6568548679,-1.0485229492,-0.0984373242
1.3291909695,0.0753464922,0.1771395355,-0.1022542045,0.7373995185,-1.1046096087,-0.1055666059
1.3391489983,0.0802262649,0.1785377562,-0.0946022198,0.8070064187,-1.1370812654,-0.0905289277
1.3490250111,0.0805879459,0.1704600006,-0.0885396525,0.8295415640,-1.1539531946,-0.0840609074
1.3591428995,0.0769605264,0.1675897539,-0.0838237330,0.8061304688,-1.0553164482,-0.0283811390
1.3691380024,0.0414415821,0.1611590385,-0.1030974910,0.7430809140,-1.1441626549,-0.1116898805
1.3792229891,0.0678013787,0.1315762550,-0.0743897483,0.6839597225,-1.2268543243,-0.1036752239
1.3892179728,0.1373776495,0.1368903667,-0.0637945458,0.6023154259,-1.2686539888,-0.1681530178
1.3991959095,0.1002816185,0.1394073963,-0.0667287037,0.5014893413,-1.3148652315,-0.2304610014
1.4091039896,0.0987549052,0.1258461475,-0.0586121045,0.3895732164,-1.3245172501,-0.2579424381
1.4191759825,0.1119882688,0.1282834709,-0.0447579585,0.3033419251,-1.3393765688,-0.2928455770
1.4294309616,0.0981019959,0.1357923895,-0.0383129083,0.2755662203,-1.3186150789,-0.3397060037
1.4392709732,0.0981505141,0.1430463046,-0.0367399417,0.2875390947,-1.3369103670,-0.3661598563
1.4491969347,0.1101674065,0.1495115310,-0.0291404668,0.3239580989,-1.3463749886,-0.3809973896
1.4591909647,0.1242658123,0.1698560417,-0.0195329729,0.3903174102,-1.3599301577,-0.4011404514
1.4694099426,0.1248740181,0.1925418377,-0.0060529062,0.5055902600,-1.3537944555,-0.4129470587
1.4791809320,0.1208306178,0.1996479332,0.0017253213,0.7261723876,-1.3207947016,-0.3782556355
1.4891749620,0.1207851991,0.2122554332,-0.0087628309,0.9376111031,-1.3277732134,-0.3857947886
1.4991959333,0.1205608472,0.2389607280,0.0121442135,1.1156319380,-1.3059095144,-0.3637452722
1.5093759298,0.1245488748,0.2348416150,0.0255515631,1.2447865009,-1.3164130449,-0.3340204060
1.5191719532,0.1377922595,0.1984223276,0.0373597182,1.3153382540,-1.3224165440,-0.3510333598
1.5291599035,0.1318393052,0.1552929133,0.0509426631,1.3038035631,-1.3418712616,-0.3657726347
1.5392220020,0.1309866607,0.1207063422,0.0624116696,1.2217959166,-1.3513480425,-0.3996496201
1.5494118929,0.1254875958,0.0852740481,0.0753926709,1.0970736742,-1.3548316956,-0.4441603720
1.5591479540,0.1231315956,0.0654354915,0.0801644400,0.9701441526,-1.3518671989,-0.4823361039
1.5691260099,0.1316333711,0.0582430027,0.0786546543,0.8049980998,-1.3727551699,-0.5256434083
1.5791919231,0.1238266453,0.0535303168,0.0834711269,0.6600067019,-1.3753799200,-0.5765205622
1.5892800093,0.1338542998,0.0360089503,0.0860945061,0.5255876184,-1.3630156517,-0.6338759661
1.5991159678,0.1312899292,0.0359751545,0.0842352584,0.4466824234,-1.3648865223,-0.6561184525
1.6090929508,0.1356073320,0.0473571680,0.0889881328,0.4126879573,-1.3749866486,-0.6815266013
1.6191219091,0.1392357647,0.0682196096,0.0897020176,0.3915610015,-1.3987357616,-0.6898570657
1.6292409897,0.1432395279,0.0744686499,0.0913895443,0.3862884641,-1.4020828009,-0.7015179992
1.6390680075,0.1337602437,0.0573079996,0.1133954003,0.3872425258,-1.3881829977,-0.7016078830
1.6491049528,0.1241624579,0.0598854832,0.1350743771,0.4020563662,-1.3751794100,-0.6942658424
1.6590669155,0.1194824800,0.0667464063,0.1477909088,0.4350112677,-1.3641155958,-0.6805509329
1.6691669226,0.1178354844,0.0652542040,0.1555190086,0.4690379202,-1.3488711119,-0.6785487533
1.6790479422,0.1132831797,0.0562899522,0.1630591154,0.4998286068,-1.3262428045,-0.6850913763
1.6891618967,0.1066884622,0.0455739163,0.1751960516,0.5018009543,-1.3007036448,-0.7001318336
1.6990479231,0.1040335521,0.0347544216,0.1772969365,0.4728992581,-1.2818886042,-0.7236062288
1.7091169357,0.1023771390,0.0226234142,0.1761519313,0.4194773138,-1.2664787769,-0.7481038570
1.7190309763,0.1027205214,0.0148245636,0.1668583751,0.3543261588,-1.2543288469,-0.7683230042
1.7291510105,0.1000257954,0.0065415748,0.1688930392,0.2879990637,-1.2293542624,-0.7875616550
1.7390199900,0.0971792564,0.0037239888,0.1744242311,0.2579223514,-1.2018997669,-0.7994042039
1.7490689754,0.0953596458,-0.0030810586,0.1640825868,0.2599114776,-1.1858160496,-0.7952603102
1.7590229511,0.0963915512,-0.0036108247,0.1487089396,0.3120515049,-1.1734837294,-0.7751911283
1.7690809965,0.0963899717,0.0022445866,0.1283357143,0.3418533504,-1.1698924303,-0.7571746111
1.7790158987,0.0963017866,0.0037970194,0.1186026409,0.3864268064,-1.1500490904,-0.7265236378
1.7890349627,0.0960496590,-0.0057091317,0.1097471192,0.4201847613,-1.1173698902,-0.6853258610
1.7990369797,0.0945164785,-0.0050471625,0.0996416882,0.4284558892,-1.0988279581,-0.6503973007
1.8090449572,0.0987022743,-0.0059911362,0.0923689678,0.4229343534,-1.0900205374,-0.6153916121
1.8190479279,0.1066724285,-0.0136094000,0.1005839780,0.3960607946,-1.0782294273,-0.5867633224
1.8290050030,0.1036692485,-0.0193813648,0.1211547330,0.3702486455,-1.0580493212,-0.5783770680
1.8390629292,0.0957473740,-0.0224213805,0.1248584464,0.3487823904,-1.0505855083,-0.5614135861
1.8488079309,0.0975240394,-0.0244178828,0.1313796639,0.3337333798,-1.0378763676,-0.5614855289
1.8588249683,0.0982665047,-0.0246294793,0.1367170215,0.3134310544,-1.0296102762,-0.5763984323
1.8689079285,0.0951577947,-0.0260899570,0.1320669055,0.2941100895,-1.0116990805,-0.5892497897
1.8792020082,0.0889082178,-0.0296321865,0.1281366944,0.2746833563,-0.9778221250,-0.6085736752
1.8890129328,0.0804476365,-0.0234949943,0.1190223768,0.2808778584,-0.9468972683,-0.6225896478
1.8989839554,0.0786803588,-0.0221127030,0.1088583544,0.2892917395,-0.9276812077,-0.6333457232
1.9090219736,0.0778176412,-0.0235579517,0.0966358259,0.2870900929,-0.9191569686,-0.6344618797
1.9190258980,0.0797281489,-0.0247998443,0.0989630297,0.2944674790,-0.9125779271,-0.6217610836
1.9290369749,0.0796590969,-0.0336304791,0.1051358059,0.3103119433,-0.8963326216,-0.6112536192
1.9390159845,0.0744013712,-0.0372182466,0.1209053472,0.3527018726,-0.8648753762,-0.5955504179
1.9490519762,0.0687870309,-0.0275971647,0.1306704283,0.3994259536,-0.8450577259,-0.5702142119
1.9590089321,0.0698363408,-0.0154118743,0.1326210499,0.4440498948,-0.8305752277,-0.5416536331
1.9690389633,0.0728214309,-0.0203058179,0.1365733743,0.4738118052,-0.8258337379,-0.5140830278
1.9791280031,0.0737558231,-0.0287815388,0.1375210881,0.4863922894,-0.8031784296,-0.5014921427
1.9893189669,0.0745905265,-0.0421399511,0.1295717955,0.4691280723,-0.7840009928,-0.4931052625
1.9990789890,0.0713967755,-0.0567476638,0.1155604795,0.4284589589,-0.7693909407,-0.4974201322
2.0089650154,0.0679873601,-0.0698017254,0.1062109545,0.3749059737,-0.7442266941,-0.5060450435
2.0250329971,0.0602755323,-0.0647479072,0.1014349535,0.3362943828,-0.7189427018,-0.5146832466
2.0373449326,0.0522671714,-0.0530104376,0.1042727306,0.3275669515,-0.6944642663,-0.5190854669
2.0630021095,0.0517686978,-0.0343538262,0.1089994982,0.3370266259,-0.6741371155,-0.5255989432
2.0630950928,0.0501066819,-0.0184261706,0.1097239926,0.3613391519,-0.6429994106,-0.5311297774
2.0631248951,0.0550848916,-0.0109760817,0.1046252921,0.3835804164,-0.6245935559,-0.5238282681
2.0693869591,0.0638348982,-0.0051635108,0.1093142107,0.4048862457,-0.6201354265,-0.5217472911
2.0789618492,0.0707074478,-0.0040242425,0.1090841368,0.4263432026,-0.6328043342,-0.5227423906
2.0890169144,0.0767319128,-0.0017472707,0.1049323156,0.4348767698,-0.6295863986,-0.5291435719
2.0986900330,0.0788351968,-0.0081526693,0.0997475460,0.4508438706,-0.6178442836,-0.5451657772
2.1092410088,0.0641741231,-0.0125617292,0.0953345373,0.4603095353,-0.5985782146,-0.5506092906
2.1189949512,0.0581211224,-0.0119107720,0.0879562572,0.4687790871,-0.5899636745,-0.5506704450
2.1295228004,0.0529769138,-0.0131253209,0.0815246776,0.4676357806,-0.5782702565,-0.5571197867
2.1390328407,0.0486732200,-0.0114990529,0.0730527714,0.4409451783,-0.5721859932,-0.5709497333
2.1490530968,0.0502573028,-0.0053025014,0.0615743436,0.3962477446,-0.5854299068,-0.5793318152
2.1585907936,0.0519633517,-0.0104232933,0.0549035706,0.3151907027,-0.5862277746,-0.5994561911
2.1685948372,0.0459597781,-0.0250971224,0.0549382009,0.2405814528,-0.5954551101,-0.6110305786
2.1788148880,0.0457620472,-0.0315993838,0.0548468269,0.1786208898,-0.5853425860,-0.6227409840
2.1886270046,0.0432857946,-0.0160226580,0.0613501705,0.1571952254,-0.5727553964,-0.6313068271
2.1985619068,0.0426903591,0.0024343603,0.0560962595,0.1666953862,-0.5588076115,-0.6335277557
2.2085499763,0.0428639576,0.0202153567,0.0527674593,0.2091717422,-0.5338513851,-0.6284072995
2.2186241150,0.0388619527,0.0346563421,0.0494257249,0.2782843709,-0.5001951456,-0.6297352910
2.2286610603,0.0350832418,0.0460098945,0.0451420583,0.3773060143,-0.4695030153,-0.6300034523
2.2387189865,0.0320423990,0.0584025420,0.0272319969,0.4859673977,-0.4419606030,-0.6323828697
2.2486290932,0.0258178785,0.0699262917,0.0044794134,0.5775769353,-0.4177567065,-0.6347285509
2.2585568428,0.0212512836,0.0735305324,-0.0045259544,0.6371223927,-0.3915989101,-0.6296282411
2.2686858177,0.0244174935,0.0678011402,-0.0026804158,0.6542204618,-0.3967470825,-0.6221700311
2.2790319920,0.0356744826,0.0463448502,-0.0085814539,0.6267307401,-0.4248380959,-0.6325931549
2.2887930870,0.0424291641,0.0184891988,-0.0106524173,0.5609011650,-0.4607718587,-0.6503747702
2.2987658978,0.0416339114,-0.0043808795,-0.0109553877,0.4842375219,-0.4796368778,-0.6618839502
2.3088068962,0.0369154885,-0.0084759723,-0.0056256601,0.4160542190,-0.4951455295,-0.6638604999
2.3187770844,0.0302165598,0.0024733790,0.0034603528,0.3712975383,-0.5030066371,-0.6680292487
2.3287599087,0.0324599221,0.0200173799,0.0135046896,0.3523845673,-0.5363582373,-0.6762989163
2.3389799595,0.0380226783,0.0384820662,0.0196281131,0.3515862823,-0.5684413314,-0.6771507859
2.3487730026,0.0370065458,0.0471187681,0.0130047854,0.3377120197,-0.5695992708,-0.6750087738
2.3587839603,0.0282117985,0.0410267077,0.0004776768,0.3236809969,-0.5504804254,-0.6772512794
2.3687939644,0.0189790539,0.0360136554,0.0006194763,0.3127258122,-0.5163637400,-0.6774648428
2.3790409565,0.0161835104,0.0419927239,-0.0002437778,0.3381943107,-0.4917209744,-0.6925113201
2.3887670040,0.0230256729,0.0503247343,-0.0059475848,0.3691429198,-0.4862375259,-0.7042548060
2.3987350464,0.0268186796,0.0619228818,-0.0048677274,0.4085719287,-0.4784448445,-0.7043358684
2.4087738991,0.0287044477,0.0631560907,-0.0018283076,0.4470772445,-0.4877661765,-0.7043023109
2.4187619686,0.0345802382,0.0597530156,-0.0007145949,0.4673983455,-0.4908525348,-0.7085456848
2.4289240837,0.0346135497,0.0554240085,0.0081394371,0.4557869732,-0.5059235692,-0.7105646729
2.4387850761,0.0368762836,0.0381705426,0.0170151051,0.4025659859,-0.5203201175,-0.7210581899
2.4489159584,0.0394419879,0.0142650809,0.0209572967,0.2876535058,-0.5566789508,-0.7441147566
2.4587697983,0.0452949479,-0.0099677052,0.0287582334,0.1333111972,-0.5976924300,-0.7756118178
2.4693169594,0.0435519181,-0.0339021347,0.0413053669,-0.0415218696,-0.6121698618,-0.8104547262
2.4787209034,0.0349815004,-0.0420145467,0.0379933156,-0.1899110675,-0.5986226797,-0.8423128128
2.4886088371,0.0250451900,-0.0298100915,0.0384294428,-0.2882165909,-0.5750550032,-0.8721439242
2.4985389709,0.0245865434,-0.0121459011,0.0447316207,-0.3095465302,-0.5627189875,-0.9104562998
2.5085489750,0.0318100080,0.0116796289,0.0461712517,-0.2647662759,-0.5476002693,-0.9328958392
2.5189919472,0.0358204320,0.0480482914,0.0406733193,-0.1636412442,-0.5084407926,-0.9438400865
2.5288739204,0.0367426947,0.0759713203,0.0215687212,-0.0165162515,-0.4880191684,-0.9387632608
2.5385007858,0.0453210026,0.0930091292,0.0094771441,0.1476666927,-0.4674119055,-0.9273248911
2.5485799313,0.0478322133,0.1021343395,0.0032898239,0.3363415599,-0.4412341118,-0.9116905332
2.5585098267,0.0463828444,0.0973518491,0.0059504560,0.4708014727,-0.4442943335,-0.8915803432
2.5687208176,0.0498647317,0.0828416571,0.0194097813,0.5273736715,-0.4459489584,-0.8862971663
2.5785670280,0.0446113348,0.0538020767,0.0377188958,0.5166718960,-0.4417755008,-0.8884411454
2.5886278152,0.0414515510,0.0253170300,0.0491394438,0.4388008118,-0.4445971251,-0.8979299664
2.5986809731,0.0460274592,0.0038120919,0.0615013279,0.3289556503,-0.4509282708,-0.9137474298
2.6086509228,0.0477464125,-0.0210428629,0.0679543093,0.1561734974,-0.4588953853,-0.9390724897
2.6186559200,0.0486251041,-0.0534716994,0.0724446848,-0.0260973722,-0.4724751115,-0.9877293706
2.6286129951,0.0467244908,-0.0787780657,0.0651130155,-0.1784616113,-0.4858734608,-1.0417180061
2.6386790276,0.0416374728,-0.0682493299,0.0409625806,-0.2735737264,-0.4601675868,-1.0747539997
2.6499037743,0.0310884193,-0.0377961025,0.0235412177,-0.3113496006,-0.4060329795,-1.0846401453
2.6591501236,0.0269266143,-0.0141688343,0.0072336844,-0.2914482355,-0.3630548716,-1.0764335394
2.6687049866,0.0310973749,0.0061148391,0.0037639788,-0.2245203257,-0.3251021802,-1.0735392570
2.6784729958,0.0360368565,0.0234777536,0.0042316965,-0.1199136153,-0.3253418505,-1.0704200268
2.6886229515,0.0508296713,0.0401412174,0.0164872464,-0.0108635584,-0.3458742797,-1.0703630447
2.6986010075,0.0582213178,0.0370380394,0.0130940136,0.0501534566,-0.3688693643,-1.0649451017
2.7086229324,0.0639417991,0.0256140362,0.0204296764,0.0717381090,-0.3933754861,-1.0754251480
2.7185609341,0.0697349235,0.0223922636,0.0384241380,0.1199571714,-0.4164975882,-1.0731842518
2.7285709381,0.0708664581,0.0236588437,0.0416367091,0.2065133750,-0.4317692220,-1.0625218153
2.7385878563,0.0681899861,0.0268190224,0.0330330171,0.3100513518,-0.4351530373,-1.0519480705
2.7486028671,0.0693175718,0.0299386140,0.0302906688,0.3761262298,-0.4228670597,-1.0499491692
2.7585511208,0.0644660369,0.0187779870,0.0285424050,0.3706668913,-0.4048110843,-1.0585621595
2.7685818672,0.0535720661,0.0004387446,0.0336146392,0.3043930829,-0.3904332221,-1.0671081543
2.7785201073,0.0473556593,-0.0165742170,0.0348323025,0.2402496338,-0.3791643381,-1.0660737753
2.7886281013,0.0448416248,-0.0321730077,0.0302360710,0.1802587360,-0.3487331867,-1.0779155493
2.7986168861,0.0330237523,-0.0386429168,0.0236482080,0.1253780425,-0.2967522740,-1.0739637613
2.8085489273,0.0196518078,-0.0397082195,0.0220132526,0.0811804831,-0.2562165856,-1.0433863401
2.8185410500,0.0145941759,-0.0411248319,0.0254126843,0.0507541299,-0.2079800665,-1.0001217127
2.8285369873,0.0100442702,-0.0378286317,0.0376782455,0.0536612421,-0.1873144656,-0.9609493017
2.8384990692,0.0140932286,-0.0253403727,0.0577877797,0.1155006364,-0.1835154742,-0.9472041726
2.8485269547,0.0202805325,-0.0122496244,0.0524335541,0.2020784020,-0.2051179707,-0.9269391298
2.8585219383,0.0355447456,0.0008503743,0.0255376752,0.3312991261,-0.2252056599,-0.8929016590
2.8685188293,0.0461002514,0.0053662458,0.0083086547,0.4455242455,-0.2379531562,-0.8620893955
2.8784828186,0.0469197407,0.0020438679,0.0036156825,0.5307925344,-0.2338351011,-0.8334945440
2.8884999752,0.0389192328,-0.0037770546,-0.0002202936,0.5574028492,-0.2323879451,-0.8133370280
2.8984739780,0.0328018442,-0.0115038361,0.0037397197,0.5371295214,-0.2398831397,-0.7962750196
2.9085299969,0.0296046510,-0.0215878915,0.0087018069,0.4730509222,-0.2381957620,-0.7909292579
2.9184780121,0.0262995437,-0.0304672029,0.0166242775,0.3780010939,-0.2346119434,-0.7855733633
2.9286108017,0.0239541754,-0.0600367971,0.0228444990,0.2541209757,-0.2218119949,-0.8015056849
2.9387049675,0.0202127919,-0.0830355436,0.0350521840,0.1216044724,-0.1952293962,-0.8228336573
2.9484829903,0.0159109011,-0.0797538087,0.0600072779,0.0297637619,-0.1843192279,-0.8387761712
2.9585700035,0.0152348662,-0.0594377480,0.0771866515,-0.0098807197,-0.1601784527,-0.8548415303
2.9684410095,0.0035990109,-0.0433850624,0.0709492043,-0.0155838784,-0.1111579165,-0.8668417335
2.9787130356,-0.0055170874,-0.0163669791,0.0598408617,0.0291182138,-0.0958338305,-0.8648460507
2.9885377884,0.0086485380,0.0241144318,0.0536649860,0.0878411755,-0.1006509513,-0.8563566804
2.9984540939,0.0181955025,0.0427081250,0.0503938235,0.1349182725,-0.1162655950,-0.8499132991
3.0084691048,0.0242388472,0.0353899412,0.0334390439,0.1776478887,-0.1233440116,-0.8413981199
3.0184299946,0.0245304182,0.0207449440,0.0153991636,0.2289048284,-0.1303263009,-0.8297038078
3.0284528732,0.0327266380,0.0143493656,0.0031439117,0.2546863556,-0.1546092629,-0.8178780675
3.0384359360,0.0341609493,0.0080041680,0.0074039749,0.2504354119,-0.1609651595,-0.8072094321
3.0484681129,0.0329158083,-0.0231142398,0.0078554805,0.2108368874,-0.1526302546,-0.7966119051
3.0585129261,0.0305352286,-0.0423943289,0.0083689746,0.1041043028,-0.1534739584,-0.7986567020
3.0684590340,0.0279343203,-0.0570348389,0.0334814824,-0.0185955130,-0.1576929241,-0.8059803843
3.0784678459,0.0204549357,-0.0837919340,0.0627361611,-0.1701968908,-0.1493700147,-0.8197367787
3.0884070396,0.0059148301,-0.0984910354,0.0813827589,-0.3378002644,-0.1380587667,-0.8451904655
3.0984120369,0.0017994274,-0.0772727057,0.0893917158,-0.4497330785,-0.1466243118,-0.8716208935
3.1084771156,0.0045155366,-0.0402788706,0.0779252127,-0.5147759318,-0.1525349319,-0.8789739013
3.1184329987,0.0122641409,-0.0113397744,0.0548170842,-0.5073315501,-0.1482200623,-0.8800651431
3.1284039021,0.0161484107,0.0036526569,0.0277696308,-0.3954323828,-0.1270202398,-0.8770935535
3.1384189129,0.0157794282,0.0298590604,0.0102412160,-0.2399131060,-0.0915139169,-0.8657471538
3.1483969688,0.0092442269,0.0606220178,0.0032306961,-0.0662491843,-0.0663212091,-0.8267233372
3.1584239006,0.0028074016,0.0449746065,-0.0007676430,0.0303700306,-0.0182151962,-0.7888590693
3.1684141159,-0.0068019400,0.0045559355,0.0011916808,0.0524247326,0.0278681424,-0.7944852114
3.1785669327,-0.0120865321,-0.0118322577,0.0120096263,-0.0449047498,0.0527290143,-0.7988275290
3.1883888245,-0.0148203438,-0.0264355596,0.0406357087,-0.1411689669,0.0765576512,-0.7999771833
3.1983838081,-0.0147794252,-0.0322427489,0.0440211333,-0.1914027184,0.0847069249,-0.8021225333
3.2084407806,-0.0080875969,-0.0099865403,0.0229152497,-0.1498653889,0.0936330408,-0.7958350778
3.2183609009,0.0024089892,0.0273624752,0.0026834062,-0.0836758465,0.0857498199,-0.7777699232
3.2283568382,0.0071363081,0.0435810648,0.0107915457,-0.0687794536,0.0891259089,-0.7714278698
3.2383329868,0.0023097922,0.0264040921,0.0150989350,-0.1222964674,0.1047876924,-0.7651124001
3.2483830452,-0.0012908946,-0.0217199232,0.0186937507,-0.2289832383,0.0975497514,-0.7649909854
3.2584190369,-0.0000175754,-0.0522260852,0.0194067415,-0.3334563971,0.0838467255,-0.7733298540
3.2683629990,0.0022806902,-0.0591174550,0.0161766466,-0.4016120136,0.0682656318,-0.7838051319
3.2783799171,0.0014720936,-0.0389644988,0.0293977316,-0.4058201909,0.0565684959,-0.7731031179
3.2883470058,-0.0021817009,-0.0157302525,0.0435245074,-0.3407376111,0.0498264395,-0.7454826236
3.2983140945,-0.0018003951,-0.0027995161,0.0351757444,-0.2703611553,0.0620623305,-0.7530471087
3.3082439899,-0.0112963682,0.0038357028,0.0355405845,-0.2074852735,0.0764066502,-0.7574335933
3.3183250427,-0.0140089756,0.0052031823,0.0329742469,-0.1681123078,0.0895757154,-0.7532982230
3.3282938004,-0.0051779221,0.0286019836,0.0088641699,-0.1319604218,0.0985873193,-0.7321341038
3.3383331299,0.0074094911,0.0566311888,-0.0055619427,-0.0467264876,0.1101193428,-0.7099552751
3.3482959270,0.0170998797,0.0620170198,-0.0131357256,0.0129842488,0.1191133633,-0.7121800780
3.3583970070,0.0120746577,0.0488647036,0.0066283396,-0.0319692418,0.1284983456,-0.6994631290
3.3683879375,0.0062074293,0.0162158255,0.0305013712,-0.1343917549,0.1223531067,-0.7004141212
3.3783469200,0.0075155576,-0.0281435307,0.0272383150,-0.2003812939,0.1046151146,-0.7151266336
3.3883080482,0.0147740925,-0.0410584547,0.0043746284,-0.2801544070,0.0812991410,-0.7446666360
3.3982758522,0.0100301737,-0.0215158369,0.0086830910,-0.3580714464,0.0838272795,-0.7531263828
3.4083650112,0.0090833688,-0.0056258342,0.0190228876,-0.4093468785,0.0887655765,-0.7541849613
3.4182620049,0.0061446656,0.0011906869,0.0421289243,-0.4049883783,0.0770623237,-0.7519881129
3.4282870293,0.0024747630,0.0100488756,0.0466022529,-0.3674694896,0.0570635758,-0.7497598529
3.4382419586,0.0009427746,0.0222659130,0.0441264547,-0.3258202970,0.0500115305,-0.7369937301
3.4482479095,0.0016045650,0.0261857454,0.0298915561,-0.2927576900,0.0555658191,-0.7423647642
3.4583678246,-0.0055793296,0.0099101011,0.0010367683,-0.2834803164,0.0931014791,-0.7362411022
3.4682650566,-0.0101094460,-0.0151460301,-0.0247758571,-0.3039490879,0.1174891070,-0.7406345010
3.4782447815,-0.0103563285,-0.0092657115,-0.0193687025,-0.3649328053,0.1341213435,-0.7407013774
3.4882640839,-0.0126310652,-0.0118143912,-0.0128567759,-0.3949796557,0.1520857066,-0.7376096845
3.4982659817,-0.0100229001,-0.0045628822,-0.0103049818,-0.3532046378,0.1311106384,-0.7279393673
3.5083289146,0.0006261994,0.0092343260,-0.0078298990,-0.2580288649,0.1094202548,-0.7257403731
3.5182049274,0.0055225124,0.0335729010,-0.0163226072,-0.1631431133,0.1177676693,-0.7109897137
3.5282099247,-0.0012705396,0.0350949354,-0.0150806252,-0.1099581867,0.1291212589,-0.6813535094
3.5382399559,-0.0051626782,0.0254938472,0.0047558597,-0.0630693734,0.1296845227,-0.6580176353
3.5482311249,0.0009049703,0.0154949594,-0.0017951078,0.0117034018,0.1186150908,-0.6452493668
3.5582900047,0.0090809101,0.0020472654,-0.0210791174,0.0351761058,0.1240511313,-0.6559255719
3.5681958199,0.0022878428,0.0030618110,-0.0199924055,-0.0226403214,0.1418461055,-0.6475014687
3.5782339573,-0.0036754827,-0.0065964437,-0.0118966643,-0.1380333602,0.1569419801,-0.6517648101
3.5882048607,0.0011558016,-0.0301910248,-0.0152193848,-0.2627880871,0.1504060477,-0.6781951189
3.5980999470,0.0147303725,-0.0423322208,-0.0193777625,-0.3704100251,0.1365373582,-0.7035309076
3.6081700325,0.0203892663,-0.0279474985,-0.0178344790,-0.4290610850,0.1338462383,-0.7151588202
3.6182169914,0.0182507113,-0.0090243500,-0.0251629297,-0.4259847403,0.1477961540,-0.7109996080
3.6281781197,0.0140474224,0.0121568237,-0.0462113582,-0.3631959260,0.1665512025,-0.6994788051
3.6381487846,0.0144887576,0.0361501090,-0.0634062216,-0.2747898698,0.1844601482,-0.6847819090
3.6481459141,0.0138266692,0.0550777428,-0.0738008544,-0.2132290453,0.2140843570,-0.6510204673
3.6582319736,0.0013782163,0.0381772928,-0.0694627091,-0.2040105164,0.2496823072,-0.6215118766
3.6681818962,-0.0061678584,-0.0070198304,-0.0678572580,-0.2264431119,0.2495541871,-0.6161834002
3.6783170700,0.0047184085,-0.0296444874,-0.0476710163,-0.2228506356,0.2014987916,-0.6148136258
3.6881680489,0.0209528431,-0.0157034975,-0.0296991412,-0.1130724847,0.0891283005,-0.6056624651
3.6981320381,0.0320195630,0.0077244588,-0.0578892790,-0.0116922017,0.0910167471,-0.6014955044
3.7081809044,0.0383094177,0.0625121072,-0.0649186894,0.1093013361,0.0323997773,-0.5661410093
3.7183609009,0.0316970497,0.0373224579,0.0063987426,0.1662048399,-0.0150870476,-0.5456855297
3.7281050682,0.0319338888,-0.0154165085,0.0231125411,0.1358098984,-0.0743056312,-0.5686528683
3.7382068634,0.0373253524,-0.0245415550,0.0112935361,0.1168114468,-0.0990685001,-0.5727298856
3.7481360435,0.0378472954,-0.0230258163,-0.0133323018,0.1017358229,-0.0810610056,-0.5781481266
3.7583549023,0.0232411623,-0.0050311810,-0.0293324534,0.0864185244,-0.0435983166,-0.5581953526
3.7681469917,0.0149989212,0.0097941551,-0.0334607325,0.0497662313,-0.0094715059,-0.5339560509
3.7781159878,0.0124929333,-0.0041916049,-0.0294932071,-0.0165263712,0.0039098128,-0.5339964032
3.7881441116,0.0089912349,-0.0396904238,-0.0116310064,-0.1125900596,0.0021161740,-0.5317928791
3.7983160019,0.0074773957,-0.0524943732,0.0091069397,-0.1774396151,-0.0325344801,-0.5251474977
3.8081178665,0.0169383362,-0.0496542118,0.0122356471,-0.1677569002,-0.0462540239,-0.5133789778
3.8180749416,0.0167569518,-0.0457423590,-0.0023353049,-0.1346833706,-0.0490945503,-0.5006355047
3.8280987740,0.0075517972,-0.0228379574,0.0053641251,-0.0899989903,-0.0420909710,-0.4720275700
3.8382959366,0.0041551744,-0.0054218224,0.0179976281,-0.0443100631,-0.0286401398,-0.4402746856
3.8480830193,0.0037558456,-0.0003593020,0.0385059156,-0.0081368815,-0.0238672234,-0.4148335159
3.8580789566,0.0024557267,-0.0076194531,0.0570892133,0.0120303053,-0.0171406120,-0.3968322575
3.8680438995,-0.0017573531,-0.0087650772,0.0667896345,0.0130210007,-0.0127487918,-0.3841127455
3.8782348633,-0.0030917148,-0.0099297967,0.0599113740,0.0052891788,0.0161094889,-0.3768562973
3.8880679607,-0.0074934955,-0.0299405064,0.0375111736,-0.0237414092,0.0415360183,-0.3770009279
3.8980808258,-0.0094422093,-0.0345394425,0.0366178192,-0.0464130305,0.0713138878,-0.3739908636
3.9080429077,-0.0057968642,-0.0297266226,0.0377339758,-0.0710861534,0.0860861763,-0.3740694225
3.9180929661,-0.0002941931,-0.0233436208,0.0447674431,-0.1160506979,0.0975934267,-0.3624255359
3.9279460907,-0.0007405574,-0.0304861646,0.0323660411,-0.2082892805,0.1482366323,-0.3563151956
3.9380488396,0.0006157537,-0.0532546751,-0.0032833763,-0.2906866670,0.1753340364,-0.3628079891
3.9480128288,0.0093775848,-0.0579557754,-0.0164232794,-0.3463491499,0.1920496225,-0.3575655520
3.9580278397,0.0091222906,-0.0561818443,-0.0198753420,-0.3550166488,0.2006857246,-0.3395540714
3.9680027962,0.0176202953,-0.0393224098,-0.0087177698,-0.3046831787,0.1755420268,-0.3256150782
3.9780550003,0.0272770450,-0.0217589270,0.0023539714,-0.2246062011,0.1656454504,-0.3054211438
3.9882109165,0.0264163762,-0.0170168635,0.0309091862,-0.1251073182,0.1312991977,-0.2872072458
3.9980111122,0.0289557874,-0.0121239629,0.0837937668,-0.0101563558,0.0382211804,-0.2771249115
4.0080080032,0.0326286554,-0.0178400483,0.1199339703,0.1047862098,-0.0506503694,-0.2745040953
4.0180168152,0.0332831666,-0.0238256063,0.0894917920,0.1966641992,-0.0616585463,-0.2702480853
4.0279760361,0.0189835355,-0.0049731783,0.0401781835,0.2335242182,-0.0171896145,-0.2280665636
4.0379719734,0.0040350785,0.0042762854,0.0173438843,0.2274287641,0.0590007603,-0.1871225834
4.0480022430,-0.0025655623,-0.0265416708,-0.0061303326,0.2194877565,0.1155945361,-0.1864216328
4.0579791069,0.0060675745,-0.0604660176,-0.0274646226,0.1873580515,0.1281784922,-0.1854173541
4.0679678917,0.0150785977,-0.0430182107,-0.0235916320,0.1243322119,0.1361868829,-0.1917996258
4.0779361725,0.0112423683,-0.0264164936,-0.0197443310,0.0270392150,0.1536316574,-0.1886578947
4.0879588127,0.0083944732,-0.0324619450,-0.0234818403,-0.1001320556,0.1718681902,-0.1908121258
4.0979480743,0.0105486447,-0.0590537451,-0.0142674390,-0.2214191854,0.1322470009,-0.2138398141
4.1079511642,0.0209250450,-0.0671894401,0.0106058773,-0.3018402755,0.0628588870,-0.2558293343
4.1179037094,0.0240536854,-0.0533963926,0.0411565937,-0.3193484247,-0.0111093502,-0.2670305967
4.1279258728,0.0220449120,-0.0257893708,0.0480660237,-0.2772829831,-0.0589887276,-0.2794981897
4.1382408142,0.0087240348,-0.0074284277,0.0343095101,-0.2100055665,-0.0648237094,-0.2720675766
4.1481227875,0.0031767492,0.0136112887,0.0058900765,-0.1119330525,-0.0522266924,-0.2626562417
4.1579170227,-0.0016689892,0.0329176746,-0.0040102550,0.0190906115,-0.0296010077,-0.2352724075
4.1679286957,-0.0057127695,0.0459075980,0.0036026291,0.1512169540,-0.0112422416,-0.2078615427
4.1781349182,-0.0060968767,0.0599885471,0.0014008931,0.2148312181,0.0269789137,-0.1699049771
4.1879711151,-0.0113555780,0.0256152842,-0.0045102783,0.2327649444,0.0475427806,-0.1562397629
4.1978840828,-0.0057990844,-0.0194162633,-0.0005255886,0.2201306522,0.0271165967,-0.1592885554
4.2078828812,0.0025784378,-0.0338057540,0.0062930635,0.1465786695,0.0158325173,-0.1623511910
4.2179040909,0.0014257361,-0.0502582453,0.0043283752,0.0528110228,0.0052682916,-0.1877136678
4.2278909683,0.0053581302,-0.0668344125,0.0034806780,-0.0493576899,-0.0235013049,-0.2097659707
4.2379140854,0.0093921283,-0.0679927245,0.0085005816,-0.1729014665,-0.0481834821,-0.2350194007
4.2481398582,0.0067240824,-0.0558166243,0.0125256237,-0.2806167305,-0.0618058145,-0.2306062728
4.2578930855,-0.0036378945,-0.0504784100,0.0058335117,-0.3330260217,-0.0472889282,-0.2349111438
4.2678809166,0.0014725779,-0.0312015470,0.0001559905,-0.3073677719,-0.0545175448,-0.2285078317
4.2778830528,0.0015310724,-0.0131897610,0.0090539511,-0.2585133016,-0.0283975266,-0.2180875540
4.2878561020,-0.0063858624,-0.0024833656,0.0159156378,-0.2159245610,-0.0162841380,-0.2150086761
4.2978677750,-0.0046197544,0.0079171229,0.0238130149,-0.1605882049,-0.0018194455,-0.1981414109
4.3079109192,-0.0018921639,0.0041965269,0.0219712909,-0.1136995330,0.0029273729,-0.1854562461
4.3178272247,-0.0041994522,0.0049560540,0.0268778261,-0.0499142893,0.0291949287,-0.1718625426
4.3278260231,-0.0066069360,0.0071386644,0.0161147173,0.0088028200,0.0296218339,-0.1750934869
4.3378438950,-0.0012502219,0.0217339117,0.0189818796,0.0771260858,0.0259426776,-0.1666157097
4.3478698730,-0.0017846893,0.0288327355,0.0179057177,0.1057686508,0.0444063693,-0.1582563072
4.3578338623,-0.0100712767,0.0202205572,0.0148956235,0.1014809534,0.0454649776,-0.1561377645
4.3678150177,-0.0037842984,0.0183155034,0.0119803008,0.0704929456,0.0505420305,-0.1593362242
4.3778190613,-0.0051880698,0.0032955133,0.0130163487,0.0428426787,0.0406481177,-0.1666908115
4.3878440857,-0.0066051851,-0.0051890737,0.0189276394,-0.0061629470,0.0316551588,-0.1740350127
4.3978157043,-0.0069964039,-0.0083256420,0.0238692816,-0.0498668849,0.0259338878,-0.1782155037
4.4077091217,-0.0072425636,-0.0177941974,0.0220400151,-0.1021220982,0.0222688448,-0.1845296025
4.4176149368,-0.0037989388,-0.0094955470,0.0133695658,-0.1845064461,0.0441035740,-0.1814264804
4.4276318550,-0.0064193192,-0.0077933124,0.0047533563,-0.2541204393,0.0682291463,-0.1719727963
4.4380407333,-0.0120332008,-0.0253155660,0.0060547045,-0.3053725660,0.0783339813,-0.1943147182
4.4478387833,-0.0001530046,-0.0203358661,0.0141983684,-0.3050287366,0.0418795645,-0.2078896463
4.4577627182,0.0165932700,0.0072814175,0.0046566180,-0.2732612193,0.0699828416,-0.1995930970
4.4678330421,0.0000926447,0.0165731180,-0.0089868251,-0.2073309422,0.0899671987,-0.1721465588
4.4777822495,-0.0066846046,0.0082861278,-0.0049404451,-0.1294651777,0.0928037316,-0.1605314612
4.4877848625,-0.0037954072,0.0096158031,0.0039791516,-0.0589846149,0.0828062221,-0.1435175836
4.4977860451,0.0002873657,0.0066840821,0.0050499490,0.0018426487,0.0791305304,-0.1286636591
4.5076189041,-0.0111983111,-0.0027382947,0.0060119680,0.0498357415,0.0785600767,-0.1138200015
4.5177869797,-0.0169063248,0.0068949261,0.0000419669,0.0838159472,0.0907887816,-0.0894881636
4.5277600288,-0.0197994150,0.0011500217,-0.0019217677,0.1029225290,0.0985361859,-0.0757406652
4.5377388000,-0.0167703964,-0.0134249981,-0.0037889429,0.0986988917,0.0900169984,-0.0682458654
4.5477490425,-0.0098803332,-0.0155527871,-0.0056707212,0.0559418388,0.0950756744,-0.0629368499
4.5577278137,-0.0068863886,-0.0242534857,-0.0075042793,-0.0305965152,0.1061155424,-0.0693257749
4.5677108765,-0.0048735957,-0.0346732624,-0.0083064977,-0.0997598767,0.0840957239,-0.0818833783
4.5777268410,0.0032160361,-0.0465234183,-0.0051344582,-0.1315142214,0.0611898787,-0.1061443761
4.5879340172,0.0082802186,-0.0235085171,-0.0119182412,-0.1656799018,0.0640866011,-0.1114512607
4.5977258682,0.0035434705,0.0039682859,-0.0119348709,-0.1967906803,0.0747139454,-0.0902498364
4.6077599525,-0.0001865211,0.0079349820,-0.0079306308,-0.1871865243,0.0800232217,-0.1030396670
4.6177210808,0.0043010679,-0.0063373647,-0.0086731259,-0.1601196229,0.0342639908,-0.1038235649
4.6279249191,0.0125888335,0.0189420823,-0.0115793291,-0.0875274390,0.0295723006,-0.0932199210
4.6377677917,0.0054603373,0.0372409783,-0.0224550907,0.0192657150,0.0156149380,-0.0730221123
4.6477022171,0.0041708839,0.0595526360,-0.0265306775,0.1077396497,0.0197508279,-0.0444261506
4.6577110291,0.0010301215,0.0561256744,-0.0363798700,0.1384508312,0.0425892994,-0.0254691038
4.6677427292,-0.0031583714,0.0263242964,-0.0304716770,0.1224225983,0.0425107367,-0.0201454461
4.6776719093,-0.0003012339,-0.0155541059,-0.0107477251,0.0694696307,0.0023143131,-0.0485342108
4.6877560616,0.0106684053,-0.0336428024,-0.0017890878,0.0089471638,-0.0303629395,-0.0652783066
4.6976790428,0.0195029005,-0.0083276313,-0.0253072325,-0.0190039109,-0.0049587800,-0.0686089844
4.7076888084,0.0066615199,0.0059147351,-0.0371872745,-0.0127569325,0.0080512939,-0.0527618453
4.7176332474,0.0005088826,0.0166096184,-0.0177364890,0.0224631056,0.0041505625,-0.0410758927
4.7276558876,0.0023032022,0.0177975465,-0.0079621617,0.0459391400,0.0022581206,-0.0336432792
4.7377271652,0.0002355655,0.0180183444,-0.0050577470,0.0361324437,0.0194387045,-0.0156878475
4.7476587296,-0.0019280980,0.0104570780,0.0027799658,0.0254515707,0.0193742551,-0.0135551868
4.7576389313,-0.0019678804,-0.0039208732,0.0175097641,0.0021738131,-0.0053958045,-0.0144413542
4.7676286697,0.0078565115,-0.0146365520,0.0176363643,-0.0404892303,-0.0047659669,-0.0271643400
4.7776417732,0.0080847265,-0.0338026918,0.0050693802,-0.0787335485,-0.0201771464,-0.0440325327
4.7877111435,0.0082849199,-0.0367414840,0.0119795259,-0.1212735549,-0.0345094837,-0.0566585809
4.7976059914,0.0075389859,-0.0243762638,0.0178338941,-0.1275395751,-0.0506093539,-0.0597407930
4.8076438904,0.0060077053,-0.0090765115,0.0158476289,-0.1136796921,-0.0588254705,-0.0331374109
4.8176031113,-0.0013931203,0.0008317106,0.0059720925,-0.0199027266,-0.0367811583,-0.0397190116
4.8276119232,0.0038051535,0.0136033315,-0.0145893041,0.0438895673,-0.0188964345,-0.0058830199
4.8376479149,-0.0051079947,0.0277813394,-0.0089023653,0.0595444292,0.0187595990,0.0087353382
4.8476047516,-0.0168840066,0.0098141525,-0.0020991513,0.0521451011,0.0070091998,0.0162534397
4.8576159477,-0.0012808214,-0.0041083968,0.0097996648,0.0213481747,-0.0072357827,0.0036203370
4.8676109314,0.0018750359,-0.0223850664,0.0118557271,-0.0062712030,-0.0182554107,-0.0101000024
4.8775548935,-0.0019486132,-0.0176449846,0.0059369258,-0.0362195149,-0.0089143729,-0.0154510923
4.8875780106,-0.0010428759,0.0004846849,0.0029394082,-0.0521534756,-0.0155139528,-0.0228339061
4.8976001740,-0.0009251046,0.0067686462,0.0097737964,-0.0648424998,-0.0274321306,-0.0312514938
4.9076018333,0.0022766744,0.0079906750,0.0117772277,-0.0753830299,-0.0425040238,-0.0343335718
4.9175577164,0.0017946926,0.0080759693,0.0078882631,-0.0784693658,-0.0543337874,-0.0395648144
4.9275541306,0.0023654182,0.0150978174,0.0049327067,-0.0752021968,-0.0617991611,-0.0405810773
4.9376392365,0.0010113386,0.0213336032,-0.0058509060,-0.0325303748,-0.0593144298,-0.0385016799
4.9475569725,0.0014138822,0.0348976813,-0.0147336069,-0.0093209222,-0.0333203822,-0.0195634123
4.9575800896,-0.0129493764,0.0242102537,-0.0070008584,0.0204420313,-0.0191696733,-0.0164882597
4.9675178528,-0.0117903044,0.0187526476,0.0057099513,0.0386319533,-0.0264651366,-0.0111416969
4.9776248932,-0.0076958346,0.0113810729,0.0116137918,0.0395483486,-0.0082853343,-0.0112618059
4.9875841141,-0.0134999482,0.0018930457,0.0125728901,0.0244871080,0.0055015841,-0.0102783013
4.9977121353,-0.0125669530,-0.0066966279,0.0194478091,0.0117650544,-0.0021438187,-0.0176556576
5.0075397491,-0.0057713198,-0.0047052368,0.0204720553,-0.0041904757,-0.0024125315,-0.0346410312
5.0175299644,-0.0029806937,0.0077638389,0.0106773432,-0.0257157423,0.0177553203,-0.0315696076
5.0275678635,-0.0081385439,0.0060962909,-0.0059164115,-0.0590300225,0.0452772267,-0.0327872075
5.0375170708,-0.0064394246,-0.0024906076,-0.0175115410,-0.0663807467,0.0333997943,-0.0401416570
5.0474839211,0.0059182127,0.0037027621,-0.0183694903,-0.0674358904,0.0323137566,-0.0411962681
5.0575370789,0.0008068983,0.0069924020,-0.0183860604,-0.0416659489,0.0101519953,-0.0315099545
5.0674791336,0.0045474102,0.0204107817,-0.0115614478,-0.0224626921,0.0061434056,-0.0176862832
5.0775270462,0.0036314507,0.0133316461,-0.0144470278,-0.0395315550,0.0038943663,-0.0155361798
5.0875186920,0.0018164222,-0.0020000688,-0.0104407612,-0.1002766639,-0.0062400266,-0.0207399949
5.0974712372,0.0097524086,-0.0080901552,-0.0024679848,-0.1675237417,-0.0151222013,0.0016759632
5.1075348854,-0.0006723288,-0.0262799133,0.0200709756,-0.1446679682,-0.0495645963,-0.0469866507
5.1174678802,0.0153831439,-0.0068317591,0.0201366600,-0.1041267961,-0.0523348190,-0.0321212821
5.1274728775,0.0106340656,0.0263619255,0.0062834076,-0.0670766309,-0.0198663566,-0.0185466167
5.1375079155,-0.0018997411,0.0287542772,0.0022702268,-0.0201453418,-0.0183688626,-0.0111534148
5.1474618912,0.0109355310,0.0315872729,-0.0025346228,-0.0063235350,-0.0128907384,-0.0080114184
5.1574611664,0.0120363208,0.0177212972,-0.0092841331,-0.0277878139,0.0060720332,-0.0208678283
5.1674399376,0.0081794271,0.0036070445,-0.0121582095,-0.0587004572,0.0036317790,-0.0282671563
5.1774339676,0.0099717313,0.0058966414,-0.0042899200,-0.0938963965,0.0032861007,-0.0367390700
5.1878318787,0.0070656990,-0.0010376700,-0.0042353817,-0.1429369152,-0.0035241349,-0.0387854427
5.2000150681,0.0022960608,-0.0086720306,-0.0031904527,-0.2240228355,-0.0157501753,-0.0205905940
5.2076239586,0.0007024561,-0.0217084233,-0.0069550225,-0.2033098340,-0.0554168932,-0.0532819629
5.2180767059,0.0149157988,-0.0088479873,-0.0019723126,-0.1691297740,-0.0688091293,-0.0255976021
5.2280912399,0.0015279171,0.0188698713,-0.0051363059,-0.1032841653,-0.0360543802,-0.0046081645
5.2380518913,-0.0118613942,0.0248057935,-0.0150363985,-0.0350808799,-0.0300076734,0.0165559761
5.2477312088,-0.0057281102,0.0237894673,-0.0110785905,0.0044273799,-0.0360149667,0.0282536447
5.2573161125,-0.0015689130,0.0181200523,0.0055799535,0.0107972613,-0.0316939875,0.0271560233
5.2672071457,-0.0051746923,0.0084708687,0.0153435525,0.0011869781,-0.0296670552,0.0229000263
5.2771677971,-0.0036845724,-0.0042038686,0.0124685820,-0.0049851639,-0.0512381271,0.0060470095
5.2872538567,0.0016911258,-0.0003073975,-0.0002353140,-0.0082739005,-0.0374418870,-0.0025392880
5.2971601486,-0.0000324244,0.0073054717,-0.0178960506,-0.0191360023,-0.0150718670,-0.0016145053
5.3071789742,-0.0057876366,0.0099306535,-0.0150227491,-0.0212321766,-0.0193723403,-0.0026475454
5.3171458244,-0.0017158310,0.0136830900,0.0045348457,-0.0157404728,-0.0364674367,-0.0067898259
5.3271560669,0.0014987257,0.0125585515,0.0113935526,-0.0158792231,-0.0204184297,-0.0047690198
5.3372087479,-0.0021803449,0.0054207840,0.0026075891,-0.0181349218,-0.0054791616,-0.0059280274
5.3471727371,-0.0050751450,0.0022953176,0.0045518926,-0.0139564220,0.0031580024,0.0003873927
5.3572168350,0.0006951657,0.0071396814,0.0055639199,-0.0043386817,0.0032035427,-0.0028060037
5.3671679497,0.0035273586,0.0120784063,0.0065421513,0.0062844018,0.0086478433,-0.0007239443
5.3771848679,0.0024037142,0.0140316244,0.0055574230,0.0008727256,0.0140308896,0.0088068433
5.3871889114,-0.0006744559,0.0110622440,0.0163078960,-0.0086970767,0.0107232444,0.0056478018
5.3971357346,-0.0006841714,0.0029697926,0.0212368425,-0.0448990241,0.0018416019,-0.0006452478
5.4073266983,0.0014317040,-0.0074608489,0.0193678793,-0.0852131546,-0.0210783612,-0.0195915084
5.4173240662,0.0027420823,-0.0105035808,0.0125741418,-0.1298591942,-0.0375912897,-0.0343225151
5.4272537231,0.0033004028,-0.0080753919,0.0028204373,-0.1573704481,-0.0687627941,-0.0298516024
5.4373440742,0.0037819301,0.0027611428,-0.0060062953,-0.1864448488,-0.0432230793,-0.0172504559
5.4473199844,0.0005433937,-0.0104559269,-0.0040023872,-0.1060519964,-0.0759064555,-0.0372800902
5.4573259354,0.0096408362,0.0181139689,-0.0031054565,-0.0521055423,-0.0323728286,0.0048949262
5.4672880173,-0.0117816245,0.0322154388,-0.0082266275,-0.0183347911,0.0086387880,0.0205412637
5.4772539139,-0.0195366256,0.0174151305,-0.0023613521,-0.0097297188,-0.0019257057,0.0269769244
5.4873089790,-0.0028823460,0.0029216432,0.0037125400,-0.0065823942,0.0076542171,0.0194758661
5.4973659515,-0.0087792864,-0.0079444591,-0.0021212646,-0.0088291699,0.0204797350,0.0215194430
5.5075607300,-0.0091135902,0.0007711224,-0.0070479461,-0.0046474757,0.0312000234,0.0214470048
5.5172739029,-0.0035605724,0.0066562095,-0.0011447020,-0.0055317767,0.0097983275,0.0194620173
5.5272836685,0.0001659659,0.0144552495,0.0056984476,-0.0172976237,0.0118630771,0.0215816274
5.5373201370,-0.0018139887,0.0023321831,-0.0030394741,-0.0407427624,0.0115829119,0.0099129872
5.5472779274,0.0001941067,-0.0032106130,-0.0039502927,-0.0683405697,-0.0057675820,0.0057952078
5.5572390556,0.0033173268,-0.0070846132,0.0039283088,-0.1278789937,-0.0267157406,-0.0152757224
5.5672140121,0.0075095003,-0.0025724354,0.0029753498,-0.1448068321,-0.0397902653,-0.0289902017
5.5772371292,0.0049906899,0.0006753788,-0.0048745819,-0.1801410019,-0.0324545838,-0.0141397510
5.5873441696,-0.0043342295,-0.0047341208,-0.0049185106,-0.0934409946,-0.0491480753,-0.0449013934
5.5972180367,0.0027977009,0.0173350517,-0.0059563466,0.0002839016,-0.0374259055,-0.0089218197
5.6071929932,-0.0090381345,0.0555358119,-0.0111427847,0.0542025268,0.0124553638,0.0257759728
5.6172471046,-0.0266677104,0.0443065576,-0.0161228720,0.0743763745,0.0212581754,0.0373928174
5.6272392273,-0.0139036803,0.0099738911,-0.0060788938,0.0490004420,-0.0004865334,0.0173661094
5.6372461319,-0.0002893055,0.0065922500,0.0086963233,0.0159254447,0.0002652770,0.0099464105
5.6472082138,-0.0072859074,0.0114664137,0.0105793532,-0.0088403551,0.0226001441,0.0193803925
5.6572961807,-0.0191697925,0.0014015179,0.0046802214,-0.0259269290,0.0266742483,0.0119317975
5.6672639847,-0.0125820218,0.0012016896,0.0135486778,-0.0332341120,0.0115456283,-0.0007136911
5.6771850586,-0.0049096788,0.0057233074,0.0223985966,-0.0427097753,-0.0035129497,-0.0037990962
5.6871881485,0.0019606878,0.0080878511,0.0195283350,-0.0480768383,0.0017531849,-0.0080790622
5.6972060204,-0.0027743126,0.0034281448,0.0038883141,-0.0545417964,0.0102297598,-0.0102515360
5.7072372437,0.0011338671,-0.0020634043,-0.0048357197,-0.0619911924,0.0111592030,-0.0198138822
5.7171931267,0.0040479233,-0.0026962957,-0.0028355666,-0.0714388937,-0.0060618613,-0.0250066463
5.7271599770,0.0069171865,0.0083057005,-0.0018743225,-0.0758363008,0.0057426002,-0.0155186029
5.7372269630,-0.0018002163,0.0015861135,-0.0058068582,-0.0725796521,-0.0006505841,-0.0165435206
5.7470817566,0.0002043550,-0.0017837804,0.0000904254,-0.0405487493,-0.0035638162,-0.0112350415
5.7571969032,0.0010669013,0.0084835012,-0.0038484284,-0.0482423566,0.0178727657,0.0024413557
5.7671580315,-0.0078263199,0.0089042746,-0.0039085099,-0.0427735560,0.0018831473,0.0025412242
5.7771458626,0.0029346053,0.0066861385,0.0000954322,-0.0299654827,-0.0021997448,0.0131814843
5.7871518135,0.0029905518,-0.0012723819,0.0001445464,-0.0065022325,0.0011699528,0.0110184653
5.7971639633,-0.0019376236,-0.0013020873,0.0049827150,0.0009727273,0.0001744633,0.0131457997
5.8071517944,0.0008591269,0.0085013639,0.0176628288,-0.0053877011,-0.0052187042,0.0131852133
5.8171467781,0.0047757481,0.0123826973,0.0206058677,-0.0096307816,-0.0063665267,0.0078840582
5.8271479607,0.0049704541,0.0063394071,0.0186797436,-0.0244376883,-0.0193883199,-0.0015826805
5.8371539116,0.0052173142,0.0080310665,0.0167019423,-0.0178780593,-0.0343867093,-0.0121162813
5.8471307755,0.0086149508,0.0097703803,0.0040030531,-0.0167946853,-0.0375574678,-0.0089093037
5.8571166992,-0.0007768194,0.0054950588,-0.0107313935,-0.0244018734,-0.0194833949,-0.0132706286
5.8671312332,-0.0082546463,0.0090846196,-0.0284122769,-0.0061608152,-0.0342327803,-0.0046885922
5.8771057129,0.0036231284,0.0247733444,-0.0332952105,0.0053714705,-0.0158159547,0.0143096000
5.8870258331,-0.0097924089,0.0052011856,-0.0342918597,0.0073888148,-0.0039891228,0.0206058454
5.8970818520,-0.0116029000,-0.0084369108,-0.0234941784,0.0021792725,-0.0190034918,0.0196453761
5.9071359634,-0.0046141739,-0.0123380590,-0.0117080752,-0.0223601609,-0.0213127192,0.0218022708
5.9170970917,-0.0034878026,-0.0126030054,-0.0068144747,-0.0266835354,-0.0159781408,0.0238925852
5.9270591736,-0.0023837159,-0.0100180488,-0.0077924677,-0.0330756530,-0.0171054564,0.0228419695
5.9371147156,-0.0013071815,-0.0044533326,-0.0029440471,-0.0266353302,-0.0192407798,0.0175404139
5.9470648766,0.0027760421,0.0041550067,-0.0000258632,-0.0073764166,-0.0254864264,0.0196922477
5.9571108818,0.0037889783,0.0236726534,0.0067066601,0.0170969702,-0.0198660903,0.0302644651
5.9671821594,0.0019865190,0.0267832763,0.0066616586,0.0309185088,-0.0122957891,0.0280809402
5.9770708084,0.0012738933,0.0202652216,0.0066742948,0.0278113969,-0.0198900588,0.0175073911
5.9871268272,0.0054575508,0.0166176055,0.0076775006,0.0076323608,-0.0286782254,0.0080169495
5.9972019196,0.0038241525,0.0175924134,0.0017849855,-0.0051532090,-0.0298854355,0.0027188570
6.0072927475,0.0032429141,0.0165208783,-0.0041093179,-0.0082555246,-0.0395830721,-0.0035904378
6.0170531273,-0.0011043097,0.0154707693,-0.0110046212,-0.0027168160,-0.0620279275,-0.0076950346
6.0270328522,0.0023683091,0.0251945890,-0.0110714976,0.0004329048,-0.0576829799,-0.0024134538
6.0371069908,0.0008668494,0.0260199960,-0.0130649153,-0.0082958713,-0.0363382734,0.0017037932
6.0472526550,-0.0103708347,0.0092641525,-0.0062646815,0.0024260143,-0.0457927622,0.0113191362
6.0570178032,-0.0030501927,0.0006154705,0.0084595140,0.0121630644,-0.0565186441,-0.0024315631
6.0672140121,-0.0005873065,-0.0021525095,0.0104090627,0.0216835998,-0.0468076915,-0.0003764017
6.0769977570,0.0016627242,0.0097039081,0.0103367027,0.0119541390,-0.0340096056,0.0059250365
6.0872602463,-0.0019563804,0.0057146796,0.0093460139,-0.0084600551,-0.0170849506,0.0037047598
6.0970339775,-0.0008342857,0.0005561135,0.0064455918,-0.0352305509,-0.0045212228,-0.0037990962
6.1070361137,0.0002528359,-0.0077045537,0.0074735335,-0.0383909233,-0.0067468267,-0.0112191960
6.1169767380,0.0041554351,0.0017272573,0.0084360298,-0.0223255381,-0.0119919218,-0.0133176334
6.1272120476,0.0031771814,0.0200937148,0.0063713840,-0.0031944541,-0.0064000827,-0.0016809512
6.1370697021,0.0003058990,0.0200385172,-0.0024493882,0.0052648108,0.0011944538,0.0035747972
6.1469917297,0.0014420678,0.0083769672,-0.0062987157,0.0000857608,-0.0159917232,-0.0016220954
6.1569766998,0.0076015596,0.0026031253,0.0015864423,0.0035252338,-0.0427309237,-0.0067627952
6.1671280861,0.0089674080,0.0065591079,0.0044724992,0.0035220385,-0.0448140502,-0.0003749370
6.1769680977,-0.0022526230,-0.0003431287,-0.0004982300,0.0045059426,-0.0372679830,0.0059486059
6.1869602203,-0.0057185362,-0.0081723873,-0.0014985747,-0.0040507931,-0.0351965763,0.0059411488
6.1972637177,-0.0034430544,-0.0091437250,0.0033923439,0.0023667589,-0.0393652245,0.0123368632
6.2070479393,-0.0022096331,-0.0012653914,0.0072456650,0.0172157474,-0.0306364466,0.0197066292
6.2169728279,-0.0049468349,0.0037829508,0.0042526773,0.0352111235,-0.0165070444,0.0312907137
6.2269687653,-0.0038454304,0.0070302063,0.0032457761,0.0373025052,-0.0153312590,0.0419055410
6.2370052338,0.0001707007,0.0053775632,0.0042560152,0.0170129463,-0.0102355666,0.0312630162
6.2469358444,0.0005002101,-0.0132236127,0.0004312448,-0.0190878008,-0.0267010946,0.0133343516
6.2569637299,0.0046788980,-0.0086820181,-0.0015362450,-0.0403411537,-0.0333877578,0.0006441218
6.2669510841,0.0126257474,0.0162994210,-0.0133265201,-0.0458027646,-0.0195084289,0.0037451063
6.2769169807,0.0001749550,0.0098907351,-0.0153592173,-0.0447733253,-0.0131280264,-0.0016114428
6.2869691849,-0.0015650685,0.0046007340,-0.0075535127,-0.0424771458,-0.0302654672,-0.0078762630
6.2969279289,0.0055734967,0.0081235990,0.0051686815,-0.0615280680,-0.0486143790,-0.0109287780
6.3069372177,0.0088468874,0.0133410487,0.0090576466,-0.0755341649,-0.0337414257,-0.0088906605
6.3169131279,-0.0005174871,0.0057036565,0.0099770483,-0.0733117536,-0.0444116443,-0.0088232830
6.3268756866,-0.0029648612,-0.0066578011,0.0187921580,-0.0615405850,-0.0475360677,-0.0098736333
6.3369688988,0.0073173796,0.0008318372,0.0178108271,-0.0283107273,-0.0654266477,-0.0076578837
6.3469028473,-0.0021675895,0.0122870356,0.0176524576,0.0010112105,-0.0030644734,0.0089155007
6.3569097519,-0.0178844184,0.0257952362,-0.0001174756,0.0125806471,0.0100265611,0.0300731156
6.3668618202,-0.0110336607,0.0124115255,0.0117220338,0.0234362241,-0.0029148038,0.0067768493
6.3768920898,-0.0041788663,0.0068053142,0.0166927632,0.0095357224,-0.0019137214,0.0110279201
6.3869647980,-0.0061454023,0.0076878709,0.0059254817,-0.0065982407,0.0129246134,0.0109429648
6.3968191147,-0.0100446856,-0.0043221558,-0.0047730156,-0.0332471617,0.0115802493,0.0035364476
6.4068560600,-0.0042421739,-0.0036667692,-0.0047191330,-0.0416528992,-0.0034751329,0.0004527734
6.4168691635,0.0016262014,0.0057342653,-0.0047204443,-0.0394219644,-0.0152156781,-0.0005389878
6.4268617630,0.0007328023,0.0082464740,-0.0076811858,-0.0331108086,-0.0034192065,-0.0016822828
6.4369111061,-0.0059728767,0.0019308183,-0.0077111670,-0.0373439007,-0.0056381524,-0.0069753155
6.4468488693,-0.0009818967,0.0025404920,0.0011164001,-0.0467909314,-0.0218157917,-0.0153629407
6.4568638802,0.0040250574,0.0089574121,-0.0008431025,-0.0469014570,-0.0110704685,-0.0090600383
6.4668416977,-0.0007889937,0.0113527607,-0.0018647261,-0.0427000523,-0.0056304289,-0.0016615102
6.4768409729,-0.0055486406,0.0051792697,0.0069041303,-0.0287545417,-0.0130241634,-0.0037471647
6.4868378639,-0.0032713334,0.0000712335,0.0069319657,-0.0231736209,-0.0397644304,-0.0110143982
6.4969072342,0.0018654619,0.0155819450,-0.0029017874,0.0065452587,-0.0254978780,0.0058720401
6.5067319870,-0.0029385160,0.0312919058,-0.0128002111,0.0350847580,0.0005555614,0.0269309860
6.5168647766,-0.0107107377,0.0228541512,-0.0128328148,0.0489606261,0.0027550661,0.0215950776
6.5268120766,-0.0038309763,0.0175211821,-0.0059134909,0.0362640060,-0.0080946516,0.0142375622
6.5368008614,0.0021498878,0.0090658441,-0.0009331651,0.0171299912,-0.0126337428,0.0004682196
6.5468249321,-0.0016119252,0.0022559674,0.0000358872,-0.0063250000,-0.0128878094,-0.0080128834
6.5568308830,0.0004141783,0.0050067683,0.0019840053,-0.0266891271,-0.0023680567,-0.0091284811
6.5668320656,-0.0044243853,-0.0002086252,0.0029478720,-0.0309134349,-0.0046109706,-0.0176101159
6.5767741203,-0.0024524103,0.0034021703,0.0097820219,-0.0298111513,-0.0109687354,-0.0122582279
6.5868377686,-0.0015056948,0.0128215253,0.0136410054,-0.0277762301,-0.0012793564,-0.0059481342
6.5967798233,-0.0092249354,0.0046022409,0.0087474640,-0.0289124660,0.0093509173,-0.0113265216
6.6067819595,-0.0062159668,-0.0025438252,0.0039135865,-0.0309069082,-0.0056730397,-0.0165396594
6.6167349815,0.0025001098,0.0069824927,0.0039458326,-0.0267276112,0.0040072845,-0.0134189669
6.6267137527,0.0014182632,0.0115686487,-0.0039026686,-0.0215118099,0.0179601181,-0.0113883065
6.6368026733,-0.0045323218,0.0065402207,-0.0039070793,0.0020446498,0.0064464733,-0.0038920406
6.6467537880,0.0013134410,0.0067090415,-0.0019094893,0.0213544313,-0.0051609138,-0.0038302552
6.6567420959,0.0024403636,0.0088609625,-0.0097327176,0.0235410184,-0.0146934325,0.0036637466
6.6666936874,0.0026768451,0.0070111942,-0.0146303121,0.0054200729,-0.0190815236,0.0068920311
6.6767148972,0.0049011041,0.0030888584,-0.0204752628,-0.0052477513,-0.0212722383,0.0100998078
6.6867647171,0.0012892191,-0.0028260197,-0.0107300226,-0.0061870478,-0.0352101624,0.0059412820
6.6967310905,0.0035662879,0.0001926649,0.0029271892,0.0067334105,-0.0469056964,0.0017597200
6.7067189217,0.0039586653,0.0041322899,0.0097138342,-0.0007681819,-0.0437482521,0.0028068749
6.7167129517,-0.0004984955,0.0049813581,0.0076857856,-0.0104478402,-0.0331733748,-0.0015035847
6.7266950607,0.0026787226,0.0097074583,0.0018084100,-0.0126742432,-0.0204013865,-0.0058344174
6.7367620468,-0.0039923484,0.0075620809,0.0056595854,-0.0148716159,-0.0150263282,-0.0005570971
6.7466578484,-0.0029056515,0.0123161729,0.0056338958,-0.0106302649,-0.0107365083,-0.0027126598
6.7565960884,-0.0088184690,0.0121960845,0.0036255172,0.0051440368,0.0171947256,-0.0007812022
6.7666687965,-0.0157947764,0.0218960047,-0.0052615353,-0.0022936398,0.0076361084,0.0130970618
6.7766680717,-0.0032076905,0.0190794840,0.0056076697,-0.0064775981,0.0021505288,0.0003869934
6.7867116928,-0.0050046365,-0.0034993417,0.0076686195,-0.0181611534,-0.0033201368,-0.0038189369
6.7966060638,-0.0038976888,-0.0046778875,0.0018047146,-0.0148674883,-0.0129450671,-0.0069440231
6.8066501617,-0.0009620632,0.0030399230,-0.0011431524,-0.0043477360,0.0021811551,0.0025120627
6.8166689873,-0.0039080153,-0.0009877697,-0.0040674754,-0.0108033726,0.0074941609,0.0046065059
6.8266649246,-0.0040358077,-0.0030810977,0.0066977791,-0.0225729458,0.0116601437,0.0024629277
6.8367710114,-0.0020432840,-0.0121322498,0.0106680449,-0.0287884958,-0.0066600069,-0.0090989200
6.8466539383,0.0009280373,-0.0055741831,0.0155437049,-0.0234163664,-0.0108936345,-0.0090752179
6.8566460609,0.0009640087,0.0019949698,0.0096364673,-0.0150006469,0.0041353824,-0.0091789477
6.8666000366,-0.0001188586,0.0125095714,-0.0021507689,-0.0129691865,0.0138338162,-0.0018065192
6.8768429756,0.0027068113,0.0144177079,-0.0021295496,-0.0064188754,-0.0000947823,-0.0123475771
6.8867077827,0.0076699262,0.0124043953,0.0028082184,-0.0148333991,-0.0140814381,-0.0154381758
6.8966178894,0.0077606221,0.0210186485,-0.0011528083,-0.0201850217,-0.0119911227,-0.0154450992
6.9066519737,0.0011646231,0.0129496995,-0.0090044085,-0.0147955827,-0.0162700247,-0.0207330734
6.9166421890,0.0024041538,0.0119782705,-0.0090074483,0.0002819039,-0.0321917310,-0.0217040591
6.9265909195,0.0055492525,0.0140173193,-0.0080342833,0.0022888621,-0.0203377362,-0.0122208102
6.9366950989,-0.0038610767,-0.0006916389,-0.0080504958,-0.0019073486,-0.0299735852,-0.0100294286
6.9466991425,-0.0015331428,-0.0055734566,0.0036830953,-0.0102901803,-0.0482260920,-0.0120299952
6.9566121101,0.0037654121,-0.0007836498,-0.0021914789,-0.0051388284,-0.0309674777,0.0016655771
6.9664211273,-0.0037270258,-0.0058722324,-0.0110428873,-0.0084605897,-0.0160391275,0.0005086998
6.9764051437,-0.0075723226,-0.0059680692,-0.0052202889,-0.0010604635,-0.0105652660,0.0089671658
6.9864659309,-0.0026759128,-0.0020498498,0.0045530251,-0.0042293584,-0.0138143227,0.0068656653
6.9968237877,-0.0035612057,-0.0031338981,0.0123724993,-0.0170964226,-0.0095772333,0.0142849665
7.0067272186,-0.0043855007,-0.0092572179,0.0065241507,-0.0202655829,-0.0107341111,0.0068579423
7.0165672302,-0.0023263241,-0.0016472839,-0.0013270326,-0.0117286863,-0.0106635373,0.0068492871
7.0265917778,0.0015945886,0.0119814854,-0.0072389194,-0.0000643069,-0.0040969811,0.0142352981
7.0366168022,0.0005287384,0.0207199920,-0.0004497119,-0.0118527897,0.0011643600,0.0152720669
7.0465540886,-0.0032293270,0.0038971775,0.0005884222,-0.0330749899,-0.0076954439,-0.0016539200
7.0565829277,0.0028724824,-0.0051756776,0.0065240911,-0.0403173193,-0.0324055851,-0.0099881496
7.0665559769,0.0040283133,0.0041797371,0.0064610294,-0.0468359366,-0.0185616743,-0.0100733712
7.0766129494,-0.0026406269,0.0046905451,0.0034604720,-0.0287283100,-0.0151831880,-0.0058562551
7.0865192413,-0.0034482251,0.0103706811,0.0063439659,-0.0115847429,-0.0246334150,-0.0015573807
7.0965547562,0.0005916585,0.0152529832,0.0112108644,-0.0031242799,-0.0159965176,0.0005040392
7.1068258286,-0.0030461992,0.0083900783,0.0102182087,0.0066700275,-0.0362823494,-0.0057456009
7.1165409088,0.0022696932,0.0113437977,0.0102126654,0.0067793503,-0.0491169170,-0.0067244461
7.1265311241,0.0122443447,0.0329079591,-0.0025381991,0.0021342644,-0.0084296782,0.0057636490
7.1365590096,-0.0070581730,0.0102320183,-0.0182194654,-0.0012384960,0.0118606798,0.0066966880
7.1465358734,-0.0062039341,0.0102930795,-0.0113623086,0.0020619603,0.0011710180,0.0035765280
7.1565518379,0.0025700931,0.0083627719,-0.0064029046,-0.0139300562,-0.0000481773,0.0004081654
7.1665120125,-0.0041321437,-0.0065808832,-0.0014916606,-0.0393813550,-0.0142755825,-0.0154176690
7.1764760017,-0.0038770284,-0.0079645421,0.0033717803,-0.0401984118,-0.0452657230,-0.0141547984
7.1864862442,0.0063207527,-0.0043030730,0.0053483299,-0.0252865739,-0.0408842899,-0.0152560156
7.1965141296,-0.0061475704,0.0080010984,-0.0075321146,-0.0170800425,-0.0075289970,0.0036471023
7.2064990997,-0.0110225817,0.0135917198,-0.0144443456,-0.0064481720,-0.0031534228,0.0057360856
7.2168860435,0.0008749370,0.0000342302,-0.0025705644,-0.0008753734,-0.0288284253,-0.0026032038
7.2264819145,0.0030103629,0.0011070877,0.0130631384,0.0033204369,-0.0202365350,-0.0015994584
7.2365279198,-0.0056244354,0.0127935838,0.0041217259,0.0214015692,-0.0178348981,0.0132472655
7.2465109825,-0.0037410627,0.0257006828,-0.0017999955,0.0188878104,0.0228779111,0.0267960988
7.2564749718,-0.0087534254,0.0110892449,-0.0076066800,0.0039054002,0.0280937105,0.0257119238
7.2665166855,-0.0050110812,0.0004023448,0.0012895516,-0.0076623056,0.0097711645,0.0184020791
7.2764549255,0.0027638008,-0.0044792532,0.0072437576,-0.0043669101,0.0032770457,0.0056921439
7.2866811752,-0.0021863426,0.0051658065,0.0091201123,-0.0054271147,0.0011585013,0.0088937962
7.2964811325,-0.0072205882,0.0148241315,0.0109878834,-0.0086904196,0.0086140204,0.0088481223
7.3064651489,-0.0052768285,0.0098064151,0.0041884235,-0.0150093017,0.0031121960,-0.0038604822
7.3164420128,0.0016157259,0.0077058175,0.0032702140,-0.0212962274,-0.0097945482,-0.0080238022
7.3264408112,0.0056130742,0.0084100459,0.0042697242,-0.0266300049,-0.0077527021,-0.0144076655
7.3364968300,0.0008099456,0.0071514421,0.0032581142,-0.0223894529,-0.0045060422,-0.0133684995
7.3464212418,-0.0010183672,0.0030377158,0.0022744588,-0.0116992583,-0.0096946787,-0.0048431884
7.3564176559,0.0028991406,0.0049767965,0.0023030094,-0.0010984130,-0.0010545857,-0.0038435711
7.3664278984,-0.0018815096,-0.0018633992,0.0003324799,0.0063664271,-0.0009786856,-0.0017244939
7.3764066696,0.0000679200,0.0031196722,0.0032573990,0.0160177238,-0.0072965026,0.0004334655
7.3864579201,0.0030282517,0.0032484406,0.0042453459,0.0052423077,0.0012522442,0.0099470755
7.3964190483,-0.0007967274,-0.0027246303,-0.0025895783,-0.0128686521,-0.0010705647,0.0046626986
7.4064397812,-0.0017150263,-0.0088156555,-0.0025748559,-0.0266832672,-0.0086589754,0.0047215545
7.4163999557,0.0042905887,-0.0071140691,-0.0025413581,-0.0297673419,-0.0225870423,0.0037520304
7.4263710976,0.0035211747,-0.0015570089,-0.0035834857,-0.0243776366,-0.0289581232,0.0037895814
7.4363670349,-0.0040725390,0.0050054849,-0.0027194568,-0.0105373207,-0.0266662054,0.0090760887
7.4464149475,0.0048291390,0.0215816591,-0.0076351115,-0.0032024430,-0.0116100246,0.0132228974
7.4564380646,0.0000742008,0.0176298376,-0.0057051131,0.0043111332,-0.0158447176,0.0111200651
7.4663629532,-0.0027550976,-0.0008903124,0.0109684523,-0.0107730106,0.0011393263,0.0110204630
7.4762840271,-0.0056952159,-0.0020083352,0.0109553393,-0.0150017114,-0.0021374270,0.0067957575
7.4866380692,0.0022244160,-0.0021403297,0.0061263493,-0.0212907679,-0.0108544854,-0.0069544096
7.4965448380,0.0032940810,-0.0023512742,0.0022139004,-0.0212940983,-0.0097988090,-0.0080216713
7.5065340996,-0.0015029083,0.0052346573,-0.0008013793,-0.0127283046,-0.0150311207,-0.0026817671
7.5167260170,0.0014505615,0.0207813513,0.0049827150,-0.0105740726,-0.0213412158,0.0069170641
7.5281929970,-0.0041030492,0.0108051766,0.0039874963,-0.0158639103,-0.0246430021,0.0005678220
7.5363206863,0.0011260738,0.0037709647,-0.0086497609,-0.0137622757,-0.0172191747,-0.0079802591
7.5462331772,0.0032787924,0.0065851756,-0.0174691621,-0.0031075012,-0.0160407256,-0.0048081679
7.5561151505,-0.0025697122,0.0134290215,-0.0107166711,0.0041778414,0.0022828877,0.0067552775
7.5661931038,-0.0084651029,0.0066309259,-0.0048518130,0.0073555252,0.0044632177,0.0088637024
7.5761661530,-0.0035615037,-0.0010162570,0.0030365041,0.0074857539,-0.0084259491,0.0015109808
7.5865168571,0.0014003967,0.0000177272,0.0079548415,-0.0021082843,-0.0116702123,0.0057882834
7.5964717865,-0.0024683545,0.0047680759,0.0020313910,-0.0011799056,0.0033406955,0.0099377548
7.6063127518,-0.0063571478,0.0056551979,-0.0048492500,0.0031197686,-0.0019336952,0.0142185194
7.6163058281,-0.0034246813,0.0096421372,-0.0029001185,0.0084887007,-0.0072056889,0.0174345542
7.6263060570,-0.0003708596,0.0067895302,-0.0028620311,0.0042508123,-0.0115045626,0.0185277816
7.6363048553,0.0007217904,0.0028415383,-0.0047916719,-0.0021849824,-0.0072887796,0.0174428094
7.6462979317,0.0018541371,-0.0020862496,-0.0037949034,-0.0052891625,-0.0159357972,0.0090019200
7.6563148499,0.0049618115,0.0008067958,-0.0008684345,-0.0041191038,-0.0266528893,0.0048219552
7.6662988663,0.0022695740,0.0056544342,0.0010002307,-0.0019946992,-0.0266092140,0.0080073625
7.6762728691,-0.0004345919,0.0094433669,-0.0029705116,-0.0106417164,-0.0159352645,0.0143193211
7.6863207817,-0.0060943807,-0.0044758520,-0.0068514892,-0.0256875101,-0.0011430025,0.0078595569
7.6963281631,-0.0010639797,-0.0105377492,-0.0019187875,-0.0180407781,-0.0182748511,-0.0026588640
7.7064657211,0.0028668870,0.0020645135,0.0087919887,-0.0116204284,-0.0214043316,0.0005441199
7.7162599564,0.0000697379,0.0137796979,0.0145537313,0.0097893886,-0.0318575054,0.0090977941
7.7262129784,0.0002322276,0.0197232123,0.0145058092,0.0085289143,-0.0104459561,0.0142717836
7.7362289429,-0.0034205834,0.0059830644,0.0028116754,-0.0074544465,-0.0106419660,0.0057849549
7.7462778091,-0.0012877951,-0.0039184703,0.0048157028,-0.0244611278,-0.0161901284,-0.0026663209
7.7562637329,0.0046906923,-0.0002793945,0.0048320345,-0.0297485664,-0.0205435995,-0.0068834359
7.7662158012,0.0058833738,0.0052985535,-0.0001012035,-0.0265306681,-0.0216056686,-0.0090035787
7.7761917114,0.0021449779,0.0118804704,-0.0021324703,-0.0232892036,-0.0237745456,-0.0153652057
7.7862548828,0.0043460433,0.0146185551,0.0007718853,-0.0210910290,-0.0322897360,-0.0131867398
7.7961997986,0.0036200141,0.0163258482,0.0046384386,-0.0243735090,-0.0247852150,-0.0079226019
7.8062171936,-0.0018992792,0.0062367083,0.0016868763,-0.0265101604,-0.0237511098,-0.0100525981
7.8161830902,-0.0035397480,0.0001052082,0.0026551536,-0.0232219566,-0.0344098806,-0.0099876169
7.8262109756,-0.0003044749,0.0048869648,0.0094577726,-0.0135959610,-0.0375236496,-0.0078493655
7.8362016678,-0.0048883925,0.0057125338,0.0074340752,-0.0083731040,-0.0256787054,-0.0015521874
7.8462238312,-0.0075581069,0.0016930796,-0.0004097768,0.0032752967,-0.0159331337,0.0026260461
7.8561620712,-0.0054858248,-0.0012050919,-0.0023399540,0.0053525623,-0.0084477868,0.0004483792
7.8661389351,-0.0054081152,-0.0021748967,-0.0013548681,0.0032491982,-0.0106379706,-0.0037855143
7.8761849403,-0.0042733247,-0.0070222220,0.0045211962,-0.0040674377,-0.0267881788,-0.0111133354
7.8862466812,-0.0020907740,0.0016827978,0.0044637374,-0.0114901997,-0.0311570931,-0.0153293852
7.8961300850,-0.0019021998,0.0151106659,-0.0083275381,-0.0266152248,-0.0098824324,-0.0133308163
7.9061899185,-0.0123728802,-0.0009109690,-0.0132357422,-0.0286868997,-0.0163384676,-0.0164746791
7.9161062241,-0.0053703855,0.0047914148,-0.0102976505,-0.0168567356,-0.0258920249,-0.0196088199
7.9261398315,-0.0033061425,0.0173905212,-0.0035299012,-0.0115932655,-0.0193840582,-0.0132803489
7.9361228943,-0.0099590635,0.0162320565,-0.0045661875,-0.0170070715,-0.0108582145,-0.0112066790
7.9461240768,-0.0050184275,0.0200227555,-0.0055358955,-0.0128040714,-0.0043766126,-0.0070020803
7.9561238289,-0.0030600349,0.0208977070,-0.0055229613,-0.0150178242,0.0052251481,-0.0070626670
7.9661626816,-0.0031691338,0.0149423275,-0.0015757033,-0.0098004248,0.0202195439,-0.0082259364
7.9761118889,-0.0063121016,0.0079861898,0.0111529883,-0.0194209609,0.0233202614,-0.0114245247
7.9861159325,-0.0045843343,0.0058927075,0.0190108474,-0.0225110259,0.0125448462,-0.0187892318
7.9961199760,0.0021850471,0.0077269250,0.0141803082,-0.0096474262,0.0072699236,-0.0230164658
8.0061120987,0.0001396765,0.0135114882,0.0082817730,0.0052998317,0.0052842703,-0.0187644623
8.0161848068,-0.0038608382,0.0194460247,0.0062737516,0.0222903993,0.0129669569,-0.0103255715
8.0260543823,-0.0039397473,0.0127252620,-0.0024677464,0.0136897210,0.0203819964,-0.0103676505
8.0362987518,-0.0020024995,-0.0028612143,0.0015394143,-0.0096243899,0.0019808852,-0.0166079681
8.0461330414,0.0020428901,-0.0137735512,-0.0003273435,-0.0276683699,-0.0088829473,-0.0207744855
8.0560741425,0.0021605049,-0.0160800945,-0.0081476513,-0.0298897140,-0.0003086342,-0.0165813379
8.0661439896,0.0002966305,-0.0115227830,-0.0169903580,-0.0212834440,-0.0108755250,-0.0101444777
8.0760316849,0.0071081449,0.0050199390,-0.0082312170,-0.0073515149,-0.0213699769,0.0005402584
8.0861129761,0.0082031870,0.0079074856,-0.0072833248,0.0032031247,-0.0084264819,0.0046985177
8.0959405899,0.0043154811,0.0108293314,-0.0073319622,0.0051787910,0.0056009199,0.0184173919
8.1061210632,-0.0006134729,-0.0038500070,0.0005369238,-0.0044964738,0.0151179917,0.0151752606
8.1161317825,0.0032211100,-0.0068357489,-0.0003855177,-0.0139878467,0.0053316746,0.0046228841
8.1260099411,0.0080287391,-0.0020026616,0.0074401549,-0.0117406715,-0.0074946415,0.0025797070
8.1359901428,0.0060617258,0.0086629186,0.0063815764,-0.0021646097,-0.0052485317,0.0068089403
8.1460599899,0.0041422998,0.0125410315,0.0024418882,0.0009904373,-0.0019632562,0.0131597798
8.1560430527,-0.0006181668,0.0047072233,0.0073165945,0.0000901558,-0.0201880652,0.0069012186
8.1661405563,0.0064119552,0.0017402194,0.0054248623,-0.0116690313,-0.0160492472,0.0015706352
8.1761445999,0.0036189486,0.0043954835,-0.0014688917,-0.0234623067,-0.0086824112,-0.0005910525
8.1860427856,-0.0030616219,0.0041838721,-0.0005681463,-0.0062785279,-0.0213750377,-0.0005207451
8.1960048676,0.0029075746,0.0149906781,0.0003907136,0.0075257015,-0.0158532392,0.0068668635
8.2060556412,-0.0018133814,0.0120322313,-0.0064830133,0.0010528881,-0.0084035788,0.0089478586
8.2162790298,-0.0016598399,0.0051791095,-0.0084139053,0.0011370443,-0.0169874802,0.0058197090
8.2260360718,0.0052592386,0.0100798924,-0.0035151192,-0.0084870867,-0.0149243288,0.0058130510
8.2359752655,0.0015187715,0.0060386271,-0.0025665113,-0.0095466254,-0.0139078004,0.0004945851
8.2460174561,0.0017258157,0.0020241463,-0.0045055696,-0.0105176149,-0.0235798694,-0.0047539724
8.2561998367,0.0038596098,0.0058165924,-0.0015971013,-0.0211881027,-0.0236714818,-0.0058083180
8.2660665512,0.0021425937,0.0036345595,-0.0016336390,-0.0244028047,-0.0205262881,-0.0100760339
8.2759647369,0.0004891460,-0.0034363396,0.0032386235,-0.0189266782,-0.0365348160,-0.0121004358
8.2860269547,0.0037224670,0.0013263508,0.0100542363,-0.0146291368,-0.0386664085,-0.0152767878
8.2961902618,-0.0008114274,0.0030661770,0.0070321611,-0.0211504176,-0.0269066896,-0.0089736180
8.3060474396,-0.0064237784,-0.0011996120,0.0030762008,-0.0372385755,-0.0184626058,-0.0068923580
8.3160362244,-0.0061562578,-0.0083703268,0.0079789218,-0.0349645019,-0.0334514081,-0.0121097565
8.3259363174,-0.0019381414,-0.0047268285,0.0069838814,-0.0221488364,-0.0333704464,-0.0142440144
8.3361959457,-0.0026593278,0.0077441954,-0.0077820369,-0.0072717546,-0.0257596672,-0.0121770017
8.3460083008,-0.0044821124,0.0174759831,-0.0078607742,0.0043596025,-0.0180610009,0.0026384294
8.3559541702,0.0006466736,0.0097423773,-0.0068260976,-0.0020948341,-0.0085692275,-0.0069822394
8.3659429550,-0.0071238126,0.0096408110,-0.0039631673,-0.0085247699,-0.0116891209,0.0089783510
8.3760843277,-0.0050198729,0.0066364356,0.0019117049,-0.0137963649,-0.0150380451,-0.0026816339
8.3860273361,0.0001575281,-0.0081260446,0.0049417666,-0.0221778657,-0.0301568117,-0.0132016530
8.3959293365,0.0004275670,-0.0043935827,0.0078253206,-0.0190521143,-0.0215678494,-0.0121997716
8.4059333801,-0.0053515057,0.0061793909,0.0067276410,-0.0042100502,-0.0128209647,-0.0027053361
8.4159679413,-0.0091323769,0.0090389717,0.0154528078,-0.0137688015,-0.0213851575,0.0047953241
8.4259309769,-0.0051312889,0.0078615714,0.0164626297,-0.0289056767,0.0020112453,0.0046541765
8.4359779358,-0.0059821676,-0.0111715812,0.0018960290,-0.0492467694,0.0124700116,-0.0038989650
8.4459037781,-0.0051121111,-0.0116503183,0.0087475237,-0.0609108843,0.0038112761,-0.0059594526
8.4559106827,0.0006324952,-0.0025153509,0.0126485880,-0.0641363710,0.0080291899,-0.0102360900
8.4659442902,-0.0002025882,-0.0080155414,0.0106948670,-0.0606391020,-0.0261815097,-0.0142662507
8.4758987427,0.0086493352,0.0052075409,0.0048152856,-0.0416700728,0.0017957957,-0.0091472566
8.4859533310,-0.0011372636,0.0134631600,-0.0148501936,-0.0290344395,0.0159422401,0.0088128354
8.4958877563,0.0007406776,0.0093407352,-0.0109095518,-0.0160862841,0.0020804876,0.0003920533
8.5059108734,0.0056913723,-0.0004699729,0.0028608493,-0.0159896109,-0.0096755046,0.0004682199
8.5159187317,0.0019019474,-0.0066013052,0.0048025302,-0.0373738632,-0.0055611869,0.0015211005
8.5258798599,-0.0047266926,-0.0168108698,0.0018428019,-0.0457676128,-0.0196021702,-0.0079435073
8.5359115601,0.0032674526,-0.0054625100,-0.0011180587,-0.0349530503,-0.0355723500,-0.0099704396
8.5458841324,0.0044457396,0.0117929447,-0.0090383235,-0.0254849810,-0.0215412192,-0.0026313004
8.5558853149,-0.0041141431,0.0153507907,-0.0160033051,-0.0233276859,-0.0257679205,0.0005795399
8.5658826828,-0.0038239653,0.0131993275,-0.0072328993,-0.0232137032,-0.0375691876,-0.0046559684
8.5757722855,0.0014914577,0.0071418793,-0.0052467533,-0.0263150875,-0.0462217964,-0.0130940611
8.5859079361,-0.0009112726,0.0010237828,-0.0072477409,-0.0273265559,-0.0505592898,-0.0194395762
8.5958509445,-0.0025060023,0.0134699177,-0.0044427463,-0.0273977928,-0.0430545025,-0.0173661709
8.6059093475,-0.0031832675,0.0210598949,-0.0025750347,-0.0274819508,-0.0344684720,-0.0131722251
8.6158847809,-0.0067181359,0.0100718085,0.0013296059,-0.0210430920,-0.0355539732,-0.0206049755
8.6258144379,-0.0025099437,0.0118837971,0.0013098768,-0.0072162254,-0.0290433429,-0.0217192397
8.6360397339,-0.0024038102,0.0216300879,0.0031989268,0.0021224143,-0.0052631795,0.0004284056
8.6458196640,-0.0130645549,0.0128442030,0.0080350097,0.0148818847,0.0012391948,-0.0006850623
8.6558465958,-0.0082715889,0.0139528569,0.0041852049,0.0104886014,0.0140801575,0.0056115827
8.6658077240,-0.0063104252,-0.0015975364,0.0003839783,0.0020317333,0.0064786985,-0.0007075658
8.6757984161,-0.0004708687,-0.0025676726,0.0004310660,-0.0075234212,-0.0000053002,-0.0006601617
8.6858682632,-0.0024446915,-0.0007688827,-0.0044805356,-0.0118265580,0.0052781450,-0.0038785918
8.6958065033,-0.0033956016,-0.0019310504,-0.0113167707,-0.0128366956,-0.0011536554,-0.0048975172
8.7057952881,0.0004949798,0.0048323185,-0.0113229100,-0.0053068744,-0.0085678957,-0.0037923052
8.7158660889,0.0005616029,0.0125973616,-0.0065022060,-0.0031262776,-0.0170372799,0.0036975690
8.7257738113,-0.0022138502,0.0115793366,-0.0055548497,0.0021648910,-0.0106017524,0.0015273588
8.7357759476,-0.0001243050,0.0106508713,-0.0065274187,0.0085685952,-0.0115977740,0.0036516294
8.7457695007,-0.0000358219,0.0098102298,0.0032418421,0.0075153154,-0.0137344282,0.0047286116
8.7557754517,0.0020547737,0.0059750625,0.0013096980,0.0053471024,-0.0084347371,0.0015087167
8.7657833099,0.0011143391,0.0108757075,0.0022482923,0.0053175418,-0.0073116827,0.0078758020
8.7757511139,-0.0008118744,0.0100071002,0.0051771454,0.0180470515,0.0003145454,0.0131290220
8.7858104706,-0.0007692869,0.0062775188,0.0042175106,0.0223866738,-0.0061100647,0.0078556947
8.7957277298,0.0031493534,0.0094249193,0.0071594766,0.0191883501,-0.0071894433,0.0099916840
8.8057680130,0.0003502895,0.0036228918,0.0061774901,0.0042850343,-0.0105474237,0.0057743015
8.8157806396,0.0024302904,-0.0022642068,0.0042615584,-0.0074986536,-0.0042530419,0.0025545401
8.8257226944,-0.0013198401,-0.0122052599,0.0062195710,-0.0180780627,-0.0129487952,-0.0048184213
8.8356914520,-0.0021571736,-0.0084828828,0.0110642370,-0.0179813895,-0.0236600284,-0.0079377815
8.8457307816,-0.0000695581,0.0001229219,0.0100349840,-0.0159376804,-0.0150393769,-0.0016207638
8.8557453156,-0.0039024125,0.0057673962,0.0021519116,-0.0085743060,-0.0011019900,-0.0027763094
8.8657140732,-0.0048655341,0.0057451972,0.0021349839,0.0052861157,0.0000921714,-0.0006689499
8.8756532669,-0.0020209919,0.0126715656,0.0021248511,0.0105698276,0.0044552283,0.0046102339
8.8857021332,-0.0030623595,0.0088215899,0.0041019968,0.0051817205,0.0118678706,0.0013787546
8.8957328796,-0.0050311233,0.0000501074,0.0060935072,-0.0021981662,0.0021553226,-0.0038695370
8.9057254791,0.0008822312,0.0020284043,0.0012357883,-0.0063537620,-0.0096789664,-0.0091018500
8.9156866074,0.0048540239,0.0097638424,-0.0065856525,-0.0096273199,-0.0032413071,-0.0027648578
8.9256505966,0.0000403603,0.0047113770,-0.0095334593,-0.0160109159,-0.0033451705,-0.0091340737
8.9356536865,-0.0007401402,-0.0022359989,-0.0017121383,-0.0125498716,-0.0311850570,-0.0174524561
8.9457054138,0.0053579141,0.0016552120,0.0060982159,-0.0082696397,-0.0332713798,-0.0153171346
8.9556798935,-0.0001121829,-0.0003926918,0.0011349968,0.0002735145,-0.0342623405,-0.0142555991
8.9656105042,-0.0027083005,0.0014614969,0.0010701470,-0.0104196090,-0.0332490094,-0.0110675292
8.9755954742,0.0044568931,0.0063536786,-0.0106645767,0.0076202438,-0.0213278998,-0.0079690740
8.9856605530,0.0016622921,0.0054338560,-0.0116668884,0.0128083481,-0.0073026279,0.0025602658
8.9956808090,-0.0041681374,0.0056311288,-0.0009747096,0.0320175961,-0.0092379469,0.0078672804
9.0056276321,-0.0022951136,0.0137428436,0.0058474592,0.0180083029,0.0035518841,0.0162932556
9.0157823563,-0.0042780559,0.0050070644,0.0019852570,-0.0002378123,0.0172708929,0.0130332801
9.0255584717,-0.0052744071,-0.0078179073,-0.0008863159,-0.0193337426,0.0074041467,0.0014242947
9.0356311798,0.0024639894,-0.0069843023,0.0030799559,-0.0266953856,-0.0023534093,-0.0080689425
9.0457181931,0.0014466573,0.0055262507,0.0059374026,-0.0116429320,-0.0150716007,-0.0090593724
9.0556459427,0.0014715274,0.0220231544,-0.0000261613,0.0032189712,-0.0095135840,0.0025809053
9.0656509399,0.0015281369,0.0268816743,-0.0137290303,0.0052046236,0.0065790992,0.0077871187
9.0755567551,-0.0042104120,0.0053275325,-0.0156152789,-0.0064989049,0.0032506804,0.0035649436
9.0858154297,0.0027169590,-0.0063745654,-0.0037836381,-0.0084635187,-0.0149885109,-0.0026897567
9.0956172943,0.0028079231,-0.0034266650,0.0069242767,-0.0009479439,-0.0213188436,0.0005346655
9.1056108475,0.0000485485,0.0044279308,0.0078178104,0.0129020913,-0.0200975183,0.0058290297
9.1156101227,-0.0026793252,0.0026007653,0.0068110875,0.0160619318,-0.0178708490,0.0132485954
9.1255569458,-0.0024944912,-0.0002111062,0.0058364323,0.0117798354,-0.0147339134,0.0089816796
9.1355562210,0.0016127680,-0.0040964982,0.0009838394,-0.0031351978,-0.0159682874,0.0036905115
9.1456117630,-0.0002101804,-0.0051745898,-0.0000057765,-0.0052843699,-0.0117642218,-0.0027095971
9.1555948257,-0.0000724862,-0.0013672389,-0.0000547715,-0.0084091891,-0.0203593075,-0.0058421404
9.1655921936,0.0028728624,0.0151550490,0.0018199733,-0.0149222165,-0.0096672485,0.0004674208
9.1754665375,-0.0038667764,0.0090805795,0.0017982774,-0.0149754789,-0.0001152889,-0.0070296442
9.1855220795,-0.0037268321,0.0010958262,-0.0030629584,-0.0095104072,-0.0140036736,-0.0111929635
9.1955556870,0.0021702503,0.0147790816,-0.0011421987,0.0000756420,-0.0138755757,-0.0048258780
9.2055206299,-0.0065016742,0.0146781597,-0.0012292811,-0.0053401627,-0.0063904952,0.0004413219
9.2155065536,-0.0064783390,0.0146497954,-0.0022071549,-0.0054293778,0.0032546751,0.0035662751
9.2255496979,-0.0073997523,-0.0009963081,0.0027550510,-0.0011020079,-0.0020921533,-0.0006516394
9.2354755402,-0.0044651101,-0.0028904467,0.0066899708,0.0063782786,-0.0020577984,-0.0038461010
9.2455272675,-0.0016041170,0.0069704489,0.0076500825,0.0095650172,-0.0030383742,0.0035947710
9.2557296753,-0.0036144997,0.0129107703,0.0095602330,0.0126450965,0.0088102957,0.0120171504
9.2655582428,-0.0045908908,0.0021992796,0.0037601045,0.0030241609,0.0129565708,0.0056226347
9.2754421234,-0.0016086767,-0.0134742577,-0.0019999095,-0.0054074069,0.0021510613,-0.0006768063
9.2855052948,0.0042867293,-0.0105769131,0.0009503416,-0.0063395137,-0.0138971470,-0.0016344790
9.2954740524,0.0023914729,-0.0009018459,0.0028274707,-0.0021329178,-0.0084717553,0.0036376477
9.3055086136,-0.0023719291,-0.0010413803,-0.0069909641,-0.0096539520,-0.0021262418,0.0025393600
9.3155059814,-0.0003036405,-0.0040955334,-0.0089243595,-0.0159509964,-0.0139573347,0.0004993789
9.3254308701,0.0046683033,-0.0002826430,-0.0050056526,-0.0170061402,-0.0150433723,-0.0005552329
9.3354816437,0.0047792946,0.0024285601,-0.0001598545,-0.0287191235,-0.0193933807,0.0005402584
9.3454780579,-0.0028948109,0.0049855248,0.0065746955,-0.0362332314,-0.0130659752,-0.0026826994
9.3554801941,0.0001128321,0.0092700329,-0.0061512538,-0.0715572685,-0.0026183939,0.0015254950
9.3655099869,-0.0027544866,0.0008664377,-0.0041940161,-0.0544653647,-0.0004303406,-0.0080621513
9.3753948212,-0.0006132941,-0.0034049503,-0.0051484653,-0.0200429410,-0.0364155024,0.0027726530
9.3854322433,0.0102633322,0.0123256389,0.0085022505,0.0204075444,-0.0243095756,0.0069154669
9.3954820633,-0.0062488238,0.0193683151,0.0024728230,0.0425848849,-0.0046927300,0.0301418267
9.4054794312,-0.0052902470,0.0264915954,-0.0063537308,0.0285929032,0.0080518275,0.0332561284
9.4154500961,0.0017239829,-0.0085165482,-0.0090276543,-0.0086530028,0.0032855677,0.0099420156
9.4254245758,0.0068456684,-0.0271835830,-0.0050165602,-0.0232668296,-0.0311560277,-0.0046979133
9.4353418350,0.0118724862,-0.0146621000,0.0086010750,-0.0275521241,-0.0301022157,-0.0025769719
9.4454708099,0.0013085534,-0.0003806740,0.0054872683,-0.0244636573,-0.0203683618,0.0079816626
9.4554691315,-0.0053078304,0.0042016529,0.0034137419,-0.0201767646,-0.0245639067,0.0133173065
9.4654626846,-0.0001769135,0.0020279498,-0.0004744478,-0.0212460235,-0.0235215444,0.0111865103
9.4754381180,0.0010720720,-0.0021078265,-0.0014504143,-0.0212381687,-0.0245884061,0.0111925025
9.4854316711,0.0002194052,0.0025783950,0.0063059381,-0.0149336681,-0.0148660056,0.0174994003
9.4954576492,-0.0026307474,0.0053419420,0.0052861026,-0.0106953811,-0.0105657997,0.0174723696
9.5054054260,-0.0054666693,0.0043374994,0.0081901010,0.0021224134,-0.0136276353,0.0227952302
9.5154094696,0.0005252440,0.0083320793,-0.0005941339,0.0149766933,-0.0178327654,0.0185605381
9.5252399445,0.0006654491,0.0103903133,-0.0025747963,0.0095819281,-0.0124941943,0.0227792524
9.5352306366,-0.0030990760,0.0074787312,0.0032684258,-0.0009993436,-0.0201393291,0.0132746957
9.5454807281,-0.0028225477,0.0055195787,0.0071450523,-0.0008406192,-0.0351920500,0.0038151473
9.5554332733,-0.0004878635,0.0074431472,0.0012618951,0.0012769941,-0.0330410153,0.0027343037
9.5654058456,-0.0021201442,0.0083348621,-0.0105150882,-0.0041635782,-0.0213081911,0.0047868015
9.5754070282,-0.0077902521,0.0071785175,-0.0105822030,-0.0170285106,-0.0139410896,0.0026216516
9.5859985352,-0.0056300233,-0.0017434597,-0.0046846219,-0.0243974775,-0.0194964428,-0.0153978281
9.5953636169,0.0004300033,0.0019816183,-0.0027320930,-0.0200619847,-0.0280001834,-0.0132184308
9.6053962708,0.0014754985,0.0155250523,0.0040156893,-0.0095070777,-0.0171488672,-0.0037346480
9.6154270172,-0.0061852555,0.0134663787,0.0029794029,-0.0000192998,-0.0052615814,0.0025546735
9.6253995895,-0.0071135457,0.0085465517,-0.0009106346,-0.0033109672,0.0043593543,0.0056817569
9.6353826523,-0.0022099013,0.0016807936,0.0020947508,-0.0074894661,-0.0032309210,-0.0027633929
9.6453437805,-0.0032031606,0.0016372040,0.0079357680,-0.0085587250,-0.0021885596,-0.0048941881
9.6553239822,-0.0041672657,0.0064526894,0.0039952449,0.0021318682,-0.0052884789,-0.0027595314
9.6653327942,-0.0050650905,0.0142740998,0.0010088733,0.0053606848,-0.0105620706,0.0025843675
9.6752700806,-0.0011672447,0.0230901297,-0.0048691579,0.0052332529,0.0023215036,0.0099398857
9.6853628159,-0.0059576402,0.0083976295,-0.0058119842,0.0042095338,-0.0009382056,0.0046497821
9.6953859329,-0.0009909044,0.0007094801,0.0001173071,0.0107156355,-0.0105673969,-0.0027306362
9.7053337097,0.0020336439,0.0047775866,0.0089054164,0.0097273365,-0.0201941915,-0.0026675193
9.7153873444,0.0002030288,0.0087798517,0.0098373946,0.0096710110,-0.0148172695,0.0015486642
9.7253074646,-0.0016163806,0.0048968741,0.0068990043,-0.0043492001,0.0021840846,0.0025105979
9.7353553772,-0.0024418379,-0.0118628982,0.0030664853,-0.0203219093,0.0009134903,-0.0070332391
9.7453670502,0.0044497033,-0.0110618714,-0.0017809817,-0.0138245942,-0.0086917328,-0.0112250550
9.7553081512,0.0061595966,0.0073827789,0.0049817613,-0.0109309368,0.0224653874,0.0045050392
9.7652559280,-0.0077643762,0.0062285238,0.0058804206,0.0039249742,0.0311760530,0.0097501352
9.7752828598,-0.0071291770,0.0072419257,0.0098201688,-0.0003226344,0.0289967898,0.0097715734
9.7852888107,-0.0005524526,0.0043418282,0.0118767079,-0.0013234504,0.0225399565,0.0055645779
9.7952518463,0.0012213518,0.0013647400,0.0089989360,-0.0013154605,0.0214706957,0.0045049060
9.8052768707,-0.0008664797,0.0032836557,0.0031269244,0.0072958707,0.0119363144,0.0066855028
9.8152694702,-0.0009576748,0.0102570597,0.0050553731,0.0148910731,-0.0029667353,0.0078430455
9.8252563477,0.0000935723,0.0113604683,-0.0017834849,0.0138660222,-0.0093601858,0.0110723944
9.8353052139,0.0022347500,0.0084441695,-0.0164236967,0.0021190858,-0.0083907954,0.0100116571
9.8453168869,0.0005357792,-0.0043253652,-0.0222507063,-0.0063465703,-0.0149235297,0.0036855848
9.8552589417,0.0056452979,-0.0043162606,-0.0153996293,-0.0061614811,-0.0342314504,-0.0046892576
9.8652467728,0.0068753888,0.0024921731,-0.0086172167,-0.0072866678,-0.0288598519,-0.0004737403
9.8752613068,0.0002562632,0.0032632374,-0.0087050740,-0.0223401859,-0.0140478816,-0.0048096329
9.8852663040,-0.0034684460,-0.0008905731,-0.0106924716,-0.0180508979,-0.0192951076,0.0026581369
9.8951940536,0.0064411093,-0.0057757958,-0.0018182345,-0.0053060744,-0.0075247358,-0.0069870334
9.9052448273,-0.0073439102,0.0048753084,0.0048518828,0.0052331197,0.0044134166,0.0046144952
9.9152450562,-0.0036780010,0.0205914620,0.0096994098,0.0073242337,0.0097730281,0.0045785424
9.9252367020,-0.0017361711,0.0060718046,0.0195791777,0.0020903237,0.0021420068,-0.0081170127
9.9351739883,0.0031582047,0.0060425014,0.0147278961,-0.0149576366,-0.0001616279,-0.0123407859
9.9451990128,0.0012549688,0.0058290050,0.0078712162,-0.0191851389,-0.0044876668,-0.0144345630
9.9551572800,0.0023226817,0.0037276358,0.0088511761,-0.0169851016,-0.0098723117,-0.0218408145
9.9652519226,0.0004445692,0.0084809978,0.0078148898,-0.0116340108,-0.0119594308,-0.0207686257
9.9751720428,-0.0013290639,0.0074164928,0.0019248775,-0.0041482663,-0.0161214191,-0.0143729104
9.9852285385,-0.0021276618,0.0053917342,-0.0019983002,-0.0052436227,-0.0139650572,-0.0111989556
9.9951992035,-0.0009010653,-0.0015023478,-0.0029511997,-0.0062625492,-0.0203728899,-0.0090292785
10.0051431656,0.0002631103,0.0003659748,-0.0098071042,-0.0052737175,-0.0149304532,0.0015586510
10.0152387619,-0.0025226991,-0.0065966672,-0.0107948724,-0.0096293176,-0.0053268289,0.0036241987
10.0252428055,-0.0062883492,-0.0145056602,-0.0049327561,-0.0052596023,-0.0170588531,0.0026348343
10.0352296829,0.0034363125,0.0002555199,0.0038558296,0.0021101637,-0.0083686914,0.0121343294
10.0452051163,-0.0024201716,0.0021650703,0.0037945560,0.0051405746,0.0088371933,0.0215821601
10.0551519394,-0.0044741998,0.0011988938,0.0008648686,0.0072391457,0.0162692778,0.0140968123
10.0651788712,0.0002506753,0.0022780919,0.0058065704,0.0052183392,0.0044515003,0.0088629024
10.0752220154,0.0049732109,0.0111270342,0.0097189602,-0.0011996133,0.0075740553,0.0045965184
10.0851440430,0.0019435217,0.0139892008,0.0077300719,-0.0065752035,0.0118167372,0.0056351516
10.0951118469,0.0010126983,0.0099754240,-0.0000805207,-0.0064605549,0.0010588989,-0.0027952178
10.1051378250,0.0020051678,0.0069590048,-0.0039550015,-0.0171611365,0.0062747002,-0.0081335241
10.1151342392,0.0000873660,-0.0000752635,-0.0029662796,-0.0245131887,-0.0066448273,-0.0122937821
10.1251544952,0.0010865931,0.0036389963,0.0009104065,-0.0244852267,-0.0088094445,-0.0154669378
10.1351432800,0.0002410417,0.0034487159,0.0028448156,-0.0169570036,-0.0162183587,-0.0132975271
10.1451797485,-0.0015229578,0.0062543363,-0.0020909854,-0.0009245081,-0.0224253871,-0.0037069509
10.1551046371,-0.0022510285,0.0033069090,-0.0079705063,0.0064829411,-0.0169704352,0.0026272442
10.1651048660,-0.0011277716,0.0032817037,-0.0148189608,-0.0000335481,-0.0062693213,0.0099991402
10.1751565933,-0.0010876427,0.0023388960,-0.0128545705,0.0073886816,-0.0019014711,0.0131488619
10.1851310730,-0.0020363997,0.0034557641,-0.0060393163,0.0170868486,-0.0146156680,0.0174741000
10.1968660355,-0.0019265409,0.0017316438,0.0086096581,0.0171443727,-0.0210397467,0.0164546426
10.2055892944,-0.0036536525,-0.0040499582,0.0086069759,-0.0020674039,-0.0180546083,0.0079495721
10.2158403397,-0.0054002176,-0.0051471083,-0.0002147504,-0.0095506199,-0.0138976797,0.0015563872
10.2253131866,0.0014569242,0.0084431935,-0.0070789405,-0.0096435640,-0.0042429222,0.0057434095
