0.0000000000,0.0098772449,0.0774741545,-0.0442550629,0.1665430367,-0.0377528816,-0.0041577835
0.0099610090,0.0099541051,0.0450097136,-0.0330148190,0.2008834332,-0.0565457419,-0.0031140903
0.0199930668,0.0081254048,0.0106275491,-0.0247824043,0.1923373491,-0.0555385351,0.0000739796
0.0299509764,0.0004305052,-0.0024426768,-0.0223330706,0.1676900089,-0.0461869799,0.0022054405
0.0401090384,-0.0023770225,-0.0010248015,-0.0245921463,0.1483525932,-0.0336293727,0.0011545571
0.0501760244,-0.0042196405,0.0052267723,-0.0307050198,0.1482354105,-0.0219583362,0.0011604161
0.0604720116,-0.0071028960,0.0134220533,-0.0359300822,0.1534630060,-0.0113438424,-0.0052058036
0.0733979940,-0.0061983657,0.0187017731,-0.0383545011,0.1671721488,0.0046439120,-0.0126338927
0.0806630850,0.0005202698,0.0162631683,-0.0310849994,0.1748330444,-0.0143815111,-0.0115840081
0.0906159878,0.0093209548,0.0069890432,-0.0285073966,0.1440301239,-0.0283756237,-0.0009651860
0.1006970406,0.0074207592,-0.0062522478,-0.0266107768,0.1033873707,-0.0191608872,0.0022360003
0.1107699871,0.0025664377,-0.0137489028,-0.0155985197,0.0563926995,-0.0153062269,0.0054352554
0.1208100319,0.0046052146,-0.0175091214,-0.0089588603,-0.0002600886,-0.0062444224,0.0065160999
0.1309369802,-0.0002263976,-0.0195294805,-0.0165892094,-0.0388269201,0.0082602184,0.0044095395
0.1410300732,-0.0041136933,-0.0099588223,-0.0269650072,-0.0506494157,0.0166381896,0.0033555268
0.1510150433,-0.0051298332,0.0025190522,-0.0314941853,-0.0441885851,0.0102519300,-0.0083290925
0.1612540483,0.0004940139,-0.0002648423,-0.0039595808,-0.0251054130,0.0220295601,-0.0178853814
0.1711850166,0.0005634236,-0.0003420899,-0.0061476673,0.0035536634,0.0370798819,-0.0263795331
0.1812620163,-0.0021785987,0.0092572980,-0.0094246110,0.0247094147,0.0552413762,-0.0359323584
0.1913000345,0.0009719538,0.0121456794,-0.0156326741,0.0492677540,0.0544432253,-0.0285063982
0.2014290094,0.0014470625,0.0147703700,-0.0121532520,0.0705585852,0.0599270090,-0.0295701325
0.2114210129,0.0025429535,0.0042732172,-0.0153077692,0.0906843543,0.0749512315,-0.0306295380
0.2215670347,0.0073488164,-0.0069762655,-0.0095226616,0.0842498392,0.0780711249,-0.0316878781
0.2313660383,0.0086785657,-0.0236551352,-0.0076294984,0.0511289053,0.0820608065,-0.0263684802
0.2416460514,0.0070124078,-0.0359385796,-0.0094978660,-0.0064225635,0.0741237178,-0.0274198297
0.2517160177,0.0014557648,-0.0376770683,-0.0079966038,-0.0719666854,0.0156060820,0.0362755284
0.2617740631,-0.0451493450,-0.0386527367,-0.0079731196,-0.1319883466,-0.2610160112,0.3292094767
0.2718809843,0.0200524740,-0.0331126042,-0.0055174078,-0.1506619006,-0.3142062426,0.3334348500
0.2819600105,0.0399341695,0.0000145843,-0.0017024125,-0.1590828300,-0.0233205445,0.0415879972
0.2919930220,0.0142413778,0.0208148174,-0.0033981646,-0.1207277179,0.0846996680,-0.0422499105
0.3021260500,-0.0185351260,-0.0047290511,-0.0269215554,-0.0266667157,0.0707425103,-0.0306014419
0.3120640516,0.0175788812,-0.0355462022,-0.0414631218,0.0622549020,0.0376817547,-0.0125899501
0.3221700191,0.0317236893,-0.0602213331,-0.0662351102,0.1416152865,0.0014569073,0.0213504396
0.3322930336,0.0463951640,-0.0767541155,-0.0816370696,0.2102731764,-0.0316286087,0.0627266392
0.3423089981,0.0527759604,-0.0837747678,-0.0739508122,0.2939754128,-0.0751645043,0.1083395332
0.3522220850,0.0506170206,-0.0910994634,-0.0329139084,0.3576542735,-0.0407569893,0.0924135670
0.3624500036,0.0278607123,-0.1193410382,-0.0152978748,0.2974758148,-0.0011762271,0.0595335811
0.3725810051,0.0239000730,-0.1138646230,-0.0014719213,0.1661050022,0.0081903767,0.0447064303
0.3825759888,0.0038897502,-0.0893164501,0.0011665975,-0.0014858618,0.0108532710,0.0266997311
0.3925700188,0.0011817026,-0.0448942967,0.0002516662,-0.0983623341,-0.0121652288,0.0437016189
0.4027140141,-0.0063861203,-0.0309761949,0.0005261456,-0.2391040027,-0.0262384377,0.0267415419
0.4143480062,-0.0355700739,-0.0302934237,-0.0044884528,-0.4226421416,-0.0277377963,0.0427143872
0.4235720634,-0.0627339110,-0.0213478990,-0.0100174388,-0.6159697771,-0.0113465060,0.0491426550
0.4343570471,-0.0565756150,0.0019901802,-0.0228661150,-0.7006309032,0.0240466390,0.0576762222
0.4435039759,-0.0474048145,0.0041333847,-0.0105354032,-0.7244279981,0.0532658398,0.0141630340
0.4537290335,-0.0201446898,-0.0346977301,0.0115647465,-0.7567300200,0.0804268867,-0.0081129773
0.4640640020,0.0225774758,-0.0786741003,-0.0307638496,-0.8269135356,-0.0447191745,0.0959003717
0.4731800556,0.0510746054,-0.1618695408,-0.1344148964,-0.5153857470,-0.1286505610,0.3134481609
0.4835680723,0.1108551994,-0.2461774498,-0.1993446201,-0.8341780305,-0.2722249925,0.2019670755
0.4931889772,0.0423408560,-0.1436951309,-0.1640648097,-1.1059741974,-0.3040052950,0.2487393767
0.5032620430,-0.0560755618,-0.1957339793,-0.1467981786,-1.2758008242,-0.2882897556,0.2827680111
0.5132960081,-0.0336797722,-0.0405027457,-0.0710112303,-1.1478873491,-0.3759101629,0.3432143033
0.5233510733,-0.0328152962,0.0586973839,-0.0300458521,-1.0777708292,-0.4458791316,0.4217346609
0.5334250927,-0.0117169814,0.0370331816,0.0088978559,-0.9867063761,-0.4656160772,0.6903368235
0.5434859991,0.1340626329,0.1719252318,0.0249970704,-0.6138184071,-0.8034280539,1.1084223986
0.5534579754,0.0307481699,0.1248619929,-0.0121282786,-0.2089004964,-0.8452830911,1.1443997622
0.5636210442,-0.0950732455,0.1086536422,-0.0616791695,0.2052292526,-0.9514948130,1.2249391079
0.5737440586,0.0495725684,0.0154483132,-0.0994229168,0.5312486291,-1.1040263176,1.3171566725
0.5837930441,0.0513813011,-0.1136831269,-0.1418504566,0.7325190902,-1.1657745838,1.3414957523
0.5938940048,0.0132649643,-0.2309016734,-0.1651022285,0.7539154887,-1.1708861589,1.3425495625
0.6040660143,0.0369274132,-0.3134347498,-0.1656293720,0.6395071149,-1.1471813917,1.3882465363
0.6141260862,0.0482466631,-0.3061687648,-0.1312848181,0.4760169387,-1.1238721609,1.4392659664
0.6242120266,0.0293515734,-0.2385484725,-0.0754000992,0.2769206166,-1.0640631914,1.4404107332
0.6342860460,-0.0113049494,-0.1963330656,-0.0415174812,0.1078498140,-1.0199959278,1.4277341366
0.6443380117,-0.0345312841,-0.1764279157,-0.0287915915,-0.0271270722,-0.9703177810,1.4161128998
0.6544770002,-0.0550355203,-0.1378289610,-0.0201467127,-0.1215579733,-0.9191696644,1.4129770994
0.6646289825,-0.0727859512,-0.1007483825,-0.0277071446,-0.1468106061,-0.8494055867,1.4055850506
0.6745350361,-0.0878524780,-0.0754665360,-0.0445020050,-0.0566665828,-0.7923454642,1.4108996391
0.6846730709,-0.0784852579,-0.0303343721,-0.0412222594,0.1070010364,-0.7216682434,1.4533656836
0.6947240829,-0.0789842457,0.0210955553,-0.0387605876,0.2844765186,-0.6469023824,1.4533579350
0.7047520876,-0.0808190331,0.0078913383,-0.0399247855,0.4568504989,-0.5967317224,1.4310415983
0.7147170305,-0.0615249202,-0.0341280885,-0.0375495404,0.5730673671,-0.5874215961,1.4012863636
0.7248940468,-0.0336680524,-0.0741122589,-0.0222810358,0.6072679758,-0.5936275721,1.3800383806
0.7349370718,-0.0216370281,-0.1172428951,-0.0003534402,0.5539978743,-0.6037672758,1.3609343767
0.7450840473,-0.0127293160,-0.1192191467,0.0253250748,0.4098719954,-0.5998663306,1.3386753798
0.7550500631,-0.0128504625,-0.1006230935,0.0434170514,0.2613983750,-0.5886238217,1.3089883327
0.7651840448,-0.0231121406,-0.0673012361,0.0462255627,0.1042127907,-0.5605279803,1.2718790770
0.7752469778,-0.0229042135,-0.0317905135,0.0533106476,-0.0355054289,-0.5703617334,1.2527972460
0.7853080034,-0.0151107060,-0.0037109444,0.0753005892,-0.1829501390,-0.5547962785,1.2337297201
0.7953450680,-0.0251815803,0.0196819119,0.0830133110,-0.3358440697,-0.5275720954,1.2199788094
0.8055820465,-0.0353111364,0.0403049402,0.0735881478,-0.4841537178,-0.5310181975,1.2157683372
0.8155280352,-0.0239492692,0.0700095668,0.0476552993,-0.5576775074,-0.5434501171,1.1977303028
0.8255950212,-0.0225685053,0.0829405561,0.0276709944,-0.5395187736,-0.5466616154,1.1690554619
0.8356029987,-0.0196753480,0.0951062813,0.0294477493,-0.4253807068,-0.5438469052,1.1223087311
0.8459460735,-0.0115301507,0.0952542797,0.0374385864,-0.2024964839,-0.5318226218,1.0405001640
0.8558269739,0.0053792852,0.0837800279,0.0431693345,0.0692585856,-0.4993759990,0.9332057238
0.8658690453,0.0181636326,0.0696002021,0.0326575190,0.3695413172,-0.4391812682,0.8121141195
0.8758130074,0.0197286569,0.0605770759,0.0096776634,0.6673461199,-0.3451018929,0.6836078167
0.8859930038,0.0148372455,0.0624863319,-0.0039593424,0.9062978029,-0.2344344556,0.5742371082
0.8960679770,0.0134724183,0.0477545671,-0.0006303038,1.0534552336,-0.1212471724,0.4861268997
0.9061700106,0.0158184282,0.0275732093,0.0177279264,1.0620478392,-0.0240092371,0.4160958230
0.9161360264,0.0261393450,0.0276492648,0.0405172259,0.9748215079,0.0513441041,0.3726218641
0.9262449741,0.0339987539,0.0223566703,0.0577803403,0.8013032079,0.1122963428,0.3514588177
0.9363430738,0.0318621211,0.0386916213,0.1013833433,0.5472019911,0.1228515133,0.3578994274
0.9463980198,0.0396219753,0.0568719916,0.1183487922,0.2473933846,0.1149339303,0.3590336740
0.9564189911,0.0398480259,0.0602401309,0.1109375507,-0.0819371119,0.0730320215,0.3951975107
0.9665340185,0.0475782566,0.1003462449,0.1219647676,-0.3982447386,0.0112767806,0.4610785246
0.9765590429,0.0581841730,0.1422177404,0.1119498760,-0.6236834526,-0.0655596778,0.5332997441
0.9866420031,0.0677016601,0.1685311645,0.0881582052,-0.8180692196,-0.1539636999,0.5800247788
0.9966980219,0.0798350945,0.1279411167,0.0374381095,-0.9399042726,-0.2418925017,0.6023095846
1.0067590475,0.0960402861,0.0696045533,0.0399715453,-0.9864278436,-0.2858725488,0.5916809440
1.0169210434,0.0984478667,0.0325902514,0.0265467912,-0.9136431217,-0.3099672198,0.5417459011
1.0269020796,0.0962442532,0.0505335145,0.0246042758,-0.7772379518,-0.2956181765,0.4440329671
1.0369640589,0.0803498402,0.0897065178,0.0239783078,-0.5684162974,-0.2657673359,0.3484329581
1.0470590591,0.0790325478,0.1280367225,0.0273071676,-0.3373929858,-0.2156379223,0.2411576957
1.0571089983,0.0893018618,0.1606467217,0.0289222747,-0.1501407921,-0.1637339890,0.1392033696
1.0671809912,0.0916406885,0.1669717282,0.0281435996,0.0273738559,-0.0980444476,0.0489379242
1.0772250891,0.0850003734,0.1489450783,0.0250365287,0.2047752738,-0.0218420904,-0.0561871640
1.0873810053,0.0907110944,0.1279743761,0.0177749544,0.3605310023,0.0837769434,-0.1772179157
1.0974050760,0.0918402448,0.1020878926,0.0133710057,0.5043123960,0.2114579380,-0.3162862957
1.1074340343,0.0903356895,0.0740442649,-0.0055656279,0.6363999844,0.3348557055,-0.4457986951
1.1174939871,0.0875504687,0.0926102176,0.0229178816,0.7969414592,0.3933011889,-0.4850968421
1.1275850534,0.0835417584,0.1749194115,0.0723645836,0.9549145103,0.3915737867,-0.4734579623
1.1376900673,0.0783703849,0.2381332964,0.1201339513,1.0873398781,0.2831653059,-0.3525006473
1.1477140188,0.0933794454,0.2758483589,0.1604000479,1.0748392344,0.1521729082,-0.2463838011
1.1577720642,0.0961290374,0.1583160013,0.1416474730,0.9823210239,0.0182755683,-0.1529888660
1.1677160263,0.1022530422,0.0009379198,0.0752936751,0.7626636624,-0.1019190177,-0.0659250766
1.1778190136,0.1179785058,-0.1087600812,0.0843700320,0.4342804551,-0.1297762096,0.0074085249
1.1878260374,0.1021397188,-0.1789786369,0.0601434857,0.1302388012,-0.1384594440,0.0595095456
1.1981850863,0.0827083364,-0.1558873802,0.0146977454,-0.0611115396,-0.1060927883,0.0723159537
1.2081420422,0.0681354478,-0.1030047163,-0.0257900804,-0.0924057811,-0.0713300779,0.0755275190
1.2181780338,0.0465014987,-0.0470137782,-0.0412156433,-0.0031802990,-0.0303397700,0.0585365593
1.2283310890,0.0323193334,0.0074774437,-0.0576371998,0.1480545998,-0.0016504694,0.0245337151
1.2381430864,0.0352723114,0.0198398642,-0.0577246398,0.2864314020,0.0321961790,-0.0147710796
1.2484660149,0.0258573703,0.0006037762,-0.0509174913,0.3735689223,0.0665306523,-0.0731738731
1.2584609985,0.0196879320,-0.0114755817,-0.0407718271,0.4222094119,0.1079230979,-0.1368734837
1.2685440779,0.0176417045,-0.0018980096,-0.0318946689,0.4557593763,0.1640254557,-0.2026857287
1.2785900831,0.0102046831,0.0224547200,-0.0018151249,0.4695478678,0.1726485044,-0.2005613297
1.2886869907,0.0135903759,0.1012321487,0.0556474477,0.4245009422,0.1956749111,-0.1888582557
1.2987550497,0.0105007840,0.0997869745,0.0476441532,0.3403431773,0.1836344898,-0.1325675547
1.3088229895,0.0123152537,0.0391766243,0.0267564803,0.2946708798,0.1632411480,-0.1070832983
1.3187860250,-0.0004969431,0.0376345925,-0.0261089653,0.4192889631,0.1876530200,-0.1102881432
1.3290079832,-0.0121391462,0.0629329458,-0.0663494915,0.5441801548,0.1856227517,-0.1007645503
1.3391270638,-0.0088727670,0.0371758156,-0.0432594866,0.5854340792,0.1171502173,-0.0795732439
1.3490639925,0.0261067562,-0.0332031436,-0.0038673724,0.6069852710,-0.0100348331,-0.0860128403
1.3591390848,0.0392578058,-0.0362857170,0.0300756842,0.6474591494,-0.1095696762,-0.1083706096
1.3692530394,0.0246162228,-0.0304488130,0.0213694125,0.6526133418,-0.1987387836,-0.1211590394
1.3792669773,0.0296761952,0.0112526827,0.0353700668,0.6118485928,-0.2839687169,-0.1190676615
1.3893539906,0.0411667190,0.0402035527,0.0352650434,0.5888099670,-0.3277109861,-0.1243911833
1.3993309736,0.0330471508,0.0542067103,0.0147261182,0.6032650471,-0.2823035717,-0.1774621308
1.4094740152,0.0234224163,0.0866057053,0.0222357064,0.5767602921,-0.1957098842,-0.2060827911
1.4196259975,0.0190912299,0.0637328401,0.0131413490,0.5530983806,-0.0718444064,-0.2176946998
1.4296020269,0.0019937265,0.0294965915,-0.0131794065,0.5767192245,0.0206901897,-0.2155299485
1.4396719933,-0.0027485681,0.0617068820,-0.0141811222,0.6923694015,0.0874053016,-0.2282675803
1.4499779940,0.0042637396,0.0669883862,-0.0273355693,0.9248291254,0.1063507050,-0.2378730029
1.4598309994,0.0230096541,0.0922586098,-0.0274057239,1.2016980648,0.0598617606,-0.2528316975
1.4698799849,0.0513132326,0.0802283064,-0.0156110972,1.5151135921,-0.0140625965,-0.2932965159
1.4799420834,0.0745040849,0.0452927165,-0.0057015861,1.8445056677,-0.0870422646,-0.3730515242
1.4900180101,0.0833562538,0.0361766629,-0.0027984227,2.1276524067,-0.1242929026,-0.4442828894
1.5001690388,0.0859079286,0.0494732670,0.0173193961,2.2572841644,-0.1741209030,-0.4485878944
1.5101259947,0.0984531716,0.0292461924,0.0427961498,2.2221891880,-0.1837230623,-0.4092954695
1.5201280117,0.0899331346,-0.0218309350,0.0830920488,1.9943171740,-0.1235955432,-0.3210782707
1.5306800604,0.0862381533,-0.0768355951,0.1144807488,1.4853343964,-0.0201832727,-0.2157815397
1.5404200554,0.0932599381,-0.1317429096,0.1622808725,0.9255459309,0.0413309522,-0.1211085767
1.5504530668,0.0588119738,-0.1378930956,0.1328302175,0.5267438293,0.1142166108,-0.1252159625
1.5603810549,0.0340823941,-0.0559297390,0.0753191262,0.2628146708,0.1457694769,-0.1399983615
1.5705490112,0.0245929472,-0.0449597426,0.0479427129,0.0257859193,0.2590075433,-0.1940351725
1.5806760788,-0.0248713084,-0.0487687178,-0.0378674120,-0.1114305258,0.4193609953,-0.3160271347
1.5906370878,-0.0589996614,-0.0154273696,-0.1042376012,-0.1024705321,0.5843125582,-0.4168175459
1.6007630825,-0.0492566116,0.0153723173,-0.1207657903,0.1216837466,0.6823043823,-0.4975222349
1.6108289957,-0.0187148042,0.0514342003,-0.0939313024,0.3821763396,0.6716241837,-0.5315704346
1.6208920479,0.0149031533,0.0808116570,-0.0596212596,0.5348410010,0.5629219413,-0.4828207195
1.6309950352,0.0166166537,0.0732818022,-0.0050375904,0.5905922651,0.4331082404,-0.4499835968
1.6410150528,0.0385901593,0.0422072224,0.0119617730,0.6231997013,0.2714466453,-0.3884882629
1.6511540413,0.0526489727,0.0225719027,0.0012747203,0.6114252210,0.1732233465,-0.3025296330
1.6611490250,0.0353540294,-0.0342118330,-0.0028733457,0.4560250044,0.1374863833,-0.2048225105
1.6713160276,0.0208072327,-0.0921156630,0.0083848992,0.2631287873,0.1139128804,-0.1442627609
1.6812620163,0.0214487277,-0.1161534414,0.0166173130,0.0831946954,0.0732951462,-0.1113215834
1.6913640499,0.0057347077,-0.0781996474,-0.0098531097,-0.0544018112,0.0656985417,-0.1155371740
1.7014750242,-0.0097713368,-0.0443121977,-0.0459203571,-0.1472174972,0.0616076589,-0.1303808242
1.7115269899,-0.0186177380,-0.0142033286,-0.0582981557,-0.1787166744,0.0104484707,-0.1229659244
1.7214419842,-0.0066979644,0.0180217437,-0.0596746653,-0.1567567885,-0.0509102270,-0.1240639463
1.7316740751,-0.0150795327,0.0279595070,-0.0682118982,-0.0988649353,-0.0792884752,-0.1601949185
1.7417039871,-0.0146165760,0.0234055929,-0.0621996969,0.0261446480,-0.0953678414,-0.1899650693
1.7517750263,-0.0037823063,0.0421541147,-0.0543122143,0.1201291755,-0.1019826680,-0.1910528988
1.7618360519,-0.0026427996,0.0512381010,-0.0353615731,0.1553982198,-0.1057736799,-0.1687659770
1.7719269991,0.0044488418,0.0234254412,-0.0008179988,0.1362070441,-0.1068980619,-0.1528352052
1.7819850445,0.0064437944,0.0002687385,0.0193484575,0.0971312821,-0.1463200301,-0.1252382100
1.7920299768,0.0334920920,-0.0385241099,0.0385355502,0.0269324370,-0.1679484993,-0.0933762714
1.8020300865,0.0361872129,-0.0803460106,0.0399044305,-0.0861853287,-0.1665652543,-0.0551220998
1.8121460676,0.0265105776,-0.0862799510,0.0490491539,-0.1950504482,-0.1641316563,-0.0243015997
1.8223130703,0.0220460929,-0.0884950981,0.0226413757,-0.2163701206,-0.1652198285,0.0001246462
1.8323010206,0.0037168371,-0.0809573755,0.0027396237,-0.1835193932,-0.1427399516,-0.0136757214
1.8421210051,0.0117055578,-0.0665546879,-0.0168319196,-0.1376744062,-0.1380812824,-0.0115614375
1.8524640799,0.0097061424,-0.0578301139,-0.0110105127,-0.1346267313,-0.1220692918,-0.0009359578
1.8625190258,0.0087929321,-0.0647066459,-0.0129841417,-0.1795931458,-0.1063795388,0.0245664734
1.8725759983,0.0116057498,-0.0657074079,-0.0059419121,-0.2296664119,-0.1129837185,0.0553689264
1.8825560808,0.0137965856,-0.0434723683,-0.0062867845,-0.2787745595,-0.1088776588,0.0999790058
1.8927090168,-0.0069403467,-0.0135818310,-0.0030118073,-0.3802925348,-0.0947057754,0.1308014989
1.9027360678,-0.0175644346,-0.0285655446,-0.0098430365,-0.5136484504,-0.0978128910,0.1584405750
1.9128570557,-0.0032308069,-0.0194130726,-0.0161754340,-0.6159099936,-0.1155672520,0.1765094697
1.9228410721,-0.0113510164,-0.0259227939,-0.0289386958,-0.5676351190,-0.1406326443,0.1732992977
1.9330750704,-0.0108456658,0.0182407908,-0.0312701911,-0.4147787094,-0.1671277136,0.1360838115
1.9430590868,-0.0068155718,0.0344157033,-0.0215971917,-0.2446530610,-0.2125444561,0.1031021625
1.9531270266,0.0027764919,-0.0036693404,-0.0192833990,-0.1078282744,-0.2359419912,0.0743877590
1.9631800652,0.0082190437,-0.0076379962,-0.0251230448,-0.0051378543,-0.2606359124,0.0552369654
1.9733020067,-0.0008432237,-0.0251802988,-0.0287641734,0.0291148163,-0.2709682882,0.0520375781
1.9833260775,0.0000044885,-0.0592464395,-0.0354782790,0.0642714724,-0.2642254233,0.0626500100
1.9934589863,0.0027197408,-0.0466158576,-0.0334755629,0.0606908537,-0.2260018736,0.0711643994
2.0034461021,0.0026532295,-0.0485629626,-0.0165200084,0.0261762850,-0.1890819371,0.0839331895
2.0139939785,0.0115944250,-0.0331026502,0.0121269375,-0.0820677876,-0.1420844793,0.1137146577
2.0238180161,0.0080919592,-0.0323989578,0.0233844072,-0.2008887231,-0.1047429666,0.1413702667
2.0336871147,0.0006864624,-0.0269667096,0.0259292871,-0.2919779718,-0.0661895126,0.1552174240
2.0437860489,0.0039812434,-0.0206265040,0.0352654606,-0.3648702800,-0.0338976234,0.1605610549
2.0538580418,0.0073618698,-0.0172390528,0.0457158834,-0.3148915172,-0.0165098440,0.1563085169
2.0640001297,0.0201859437,0.0046807341,0.0328033715,-0.1892792732,0.0117606772,0.0925828069
2.0740189552,0.0098403199,0.0209777765,0.0254744440,-0.0827451870,0.0283584949,0.0543393493
2.0840148926,0.0265941434,0.0005621125,0.0365446955,0.0261248332,0.0260085221,0.0362599455
2.0940880775,0.0245234482,-0.0022812674,0.0198143870,0.0978987291,-0.0022163247,0.0054369206
2.1041841507,0.0057274806,-0.0128013082,0.0102799097,0.1270403713,-0.0348696113,0.0032896134
2.1142430305,0.0173108689,-0.0232650228,0.0140732080,0.1712880433,-0.0855877772,-0.0232928619
2.1242761612,0.0034347135,0.0187092237,0.0081908256,0.0935623571,-0.1019893885,0.0064490545
2.1343541145,0.0027714181,0.0362521224,-0.0169024915,0.0659240931,-0.1104429960,0.0489240065
2.1444249153,-0.0105205076,0.0391766243,-0.0197760314,-0.0098697329,-0.1066669002,0.0786755159
2.1544940472,0.0283505283,0.0003102233,0.0106643001,-0.0677682459,-0.0794999972,0.0914443061
2.1643409729,0.0132394386,0.0750502720,0.0116440207,-0.0819072276,-0.0530960821,0.0914610848
2.1746690273,-0.0017234129,0.0923939720,0.0113134533,-0.1279716492,-0.0342187993,0.1190889850
2.1846950054,0.0248617493,-0.0089918561,0.0141236940,-0.2082518488,-0.0093222372,0.1392959803
2.1947741508,0.0229082815,-0.0452277847,0.0297777802,-0.2128749937,0.0255835485,0.1286974102
2.2048079967,0.0131301833,-0.0153961964,0.0324511677,-0.1712734848,0.0257324185,0.0957711488
2.2149460316,0.0236410014,-0.0058389492,0.0593145639,-0.0934239030,0.0305601973,0.0808883384
2.2249422073,0.0233410858,-0.0010937045,0.0755985528,-0.0112938844,0.0331714265,0.0458294153
2.2350921631,0.0105226738,-0.0001384208,0.0586084276,0.0325529575,0.0228055380,0.0245766602
2.2449710369,0.0086845709,0.0008563807,0.0512980372,0.0335567035,0.0291878041,0.0256413911
2.2551760674,0.0040932107,-0.0020312259,0.0575387627,0.0558681116,0.0388836414,0.0182084423
2.2652502060,0.0048334706,0.0058188252,0.0460058600,0.0692470297,0.0877625048,0.0107968645
2.2753119469,-0.0031978232,0.0097894482,0.0332847387,0.0928594396,0.1825639009,0.0352611318
2.2853288651,0.0183010511,-0.0036251137,0.0546168834,0.1312891245,0.2891545296,0.0576023869
2.2954649925,0.0249810331,-0.0276195593,0.1008793861,0.1064215377,0.3207076788,0.0480685346
2.3055391312,0.0559824966,-0.0593729205,0.1593862325,0.0273022167,0.3348373473,0.0427866876
2.3155930042,0.0802917853,-0.0252310820,0.1764976531,0.0335949734,0.3442908227,0.0194293670
2.3256058693,0.0604050271,0.0350826792,0.1510732919,0.1262572706,0.3607814014,-0.0166870914
2.3357129097,0.0481233709,0.0633865967,0.1122025400,0.1878920794,0.3855876625,-0.0379273966
2.3457899094,0.0406169854,0.0490042977,0.0897551924,0.2300621718,0.4380396903,-0.0241085216
2.3558459282,0.0324418806,0.0627721921,0.0649979860,0.3118188083,0.4813846946,0.0045607402
2.3658919334,0.0263010971,0.0970644131,0.0448373705,0.4440548718,0.4933928847,0.0416961238
2.3760471344,0.0460429750,0.1003080383,0.0323394090,0.4953643680,0.4889357388,0.1032663435
2.3860349655,0.0595012121,0.0597571544,0.0292363912,0.4901677370,0.4799009860,0.1892688572
2.3961281776,0.0637687519,0.0268762521,0.0229817182,0.5146239996,0.4921529293,0.2455445975
2.4062740803,0.0599015914,0.0376223736,0.0245924741,0.4930247664,0.5198157430,0.2859122455
2.4162640572,0.0329024009,0.0093626790,0.0269758254,0.4361662865,0.5502158999,0.3050538003
2.4263000488,0.0275737904,-0.0170362182,0.0249417573,0.4605589807,0.5652566552,0.3008079231
2.4363980293,0.0231783502,0.0110544376,0.0402307063,0.5019345284,0.5900294185,0.3018723130
2.4471940994,0.0372696631,0.0022424867,0.0638373047,0.6065036058,0.5896187425,0.2614971697
2.4565401077,0.0224692933,0.0021276285,0.0457905084,0.6374457479,0.5874703526,0.2158298343
2.4665799141,0.0210190229,-0.0086658783,0.0269859582,0.5913994312,0.6017851233,0.1946126968
2.4766759872,0.0185471885,-0.0077600665,0.0312494189,0.5081663132,0.6023134589,0.2243640125
2.4864640236,0.0351775698,0.0183568411,0.0545298606,0.5125871897,0.5911366940,0.2944360375
2.4967808723,0.0497883819,0.0636754408,0.0509446412,0.5801443458,0.5623679757,0.3485571742
2.5069520473,0.0472767614,0.0446589403,0.0187637955,0.5836839676,0.5308082104,0.3857035041
2.5169491768,0.0500945859,-0.0172522254,-0.0141139477,0.5453692675,0.5222277045,0.4228712320
2.5269489288,0.0423688702,-0.0121070929,-0.0284487456,0.5143708587,0.5284826756,0.4473036230
2.5370731354,0.0183336399,-0.0021344016,-0.0209306926,0.4696103334,0.5240405798,0.4770435989
2.5469620228,0.0062345075,0.0048939399,-0.0001900638,0.4259630144,0.5142270923,0.4951003790
2.5570631027,-0.0007828964,0.0001702716,0.0153686553,0.3513785005,0.5030684471,0.5110407472
2.5670690536,-0.0136536257,-0.0104819722,0.0138223916,0.3055164814,0.4993876815,0.4961853623
2.5773100853,-0.0276485570,-0.0065911599,-0.0077729668,0.2830050886,0.5086576343,0.4834542871
2.5874490738,-0.0242417343,-0.0016418884,-0.0098460158,0.3607121408,0.5272158980,0.4590224326
2.5974500179,-0.0223775394,0.0325230174,-0.0111495703,0.5324896574,0.5271295309,0.3782819510
2.6075139046,-0.0328899212,0.0658342019,-0.0009520496,0.6059079170,0.5465868115,0.3347392678
2.6175870895,-0.0169886537,0.0718649402,-0.0019010748,0.6600555182,0.5746408105,0.3336782455
2.6277210712,-0.0235737450,0.1012122408,0.0131543437,0.6792808771,0.5726311803,0.3251779675
2.6377129555,-0.0213976093,0.0615564995,0.0403661281,0.5908542871,0.5570191145,0.3273144066
2.6477689743,-0.0180939175,0.0149956159,0.0393610746,0.4851947427,0.5571157932,0.3209705055
2.6578590870,-0.0283771046,0.0111305527,0.0150541821,0.3742936850,0.5487173200,0.3209965527
2.6679959297,-0.0357139893,-0.0101812072,-0.0002501453,0.2464859337,0.5232303143,0.3263252676
2.6779918671,-0.0391044803,-0.0216765590,0.0033217226,0.0994237885,0.5017994642,0.3284748197
2.6879558563,-0.0375460871,-0.0146702714,0.0079494268,0.0025877897,0.4733097851,0.3199907839
2.6981279850,-0.0352655239,-0.0008371661,-0.0014845575,-0.0195693932,0.4463946819,0.2902530134
2.7082030773,-0.0264170207,0.0285854153,-0.0142939538,0.0529804416,0.4456351399,0.2392678559
2.7182600498,-0.0280729569,0.0571829490,-0.0146470508,0.1671301574,0.4461605251,0.1670379341
2.7282519341,-0.0296176858,0.0548345260,-0.0141495913,0.2853875458,0.4614675641,0.0778244287
2.7384030819,-0.0347044058,0.0700641647,-0.0241241902,0.3554281592,0.4978537560,0.0311041325
2.7485308647,-0.0254640765,0.0922726765,0.0008377586,0.3626945913,0.5168647170,0.0077522057
2.7585511208,-0.0212128647,0.0785100833,0.0161908418,0.3443802893,0.5336405635,0.0013946411
2.7685861588,-0.0286857374,0.0345070772,-0.0099835843,0.3132311702,0.5523298383,-0.0198240932
2.7786688805,-0.0314076133,0.0236226730,-0.0339314193,0.2885649800,0.5636958480,-0.0336148739
2.7888078690,-0.0332874246,0.0303556137,-0.0319815129,0.2159927785,0.5629650354,-0.0484619997
2.7988119125,-0.0312455781,0.0274076276,-0.0321643800,0.1351026446,0.5410157442,-0.0516377501
2.8087549210,-0.0293775834,0.0245806985,-0.0189974755,0.0575101078,0.5083528757,-0.0749939382
2.8189330101,-0.0334871300,-0.0015515874,-0.0168172568,-0.0030287905,0.4780248404,-0.0887985006
2.8290770054,-0.0230849274,-0.0325058885,-0.0193611830,-0.0252659172,0.4596812725,-0.1057908013
2.8391170502,-0.0256302245,-0.0147989579,-0.0183485001,-0.0026168525,0.4353905916,-0.1185500026
2.8490650654,-0.0068609011,-0.0105709024,0.0195169002,0.0553548373,0.4008184969,-0.1281381845
2.8592128754,0.0215548389,0.0004236510,0.0383950025,0.1246048510,0.4119158685,-0.1462000012
2.8693351746,0.0205744319,0.0083524399,0.0146654407,0.1892933100,0.4515823424,-0.1706179976
2.8792600632,-0.0021312875,0.0202026777,-0.0134978741,0.2252099514,0.4867751300,-0.1918467879
2.8894071579,-0.0083006369,0.0068065338,-0.0328230113,0.2036138475,0.5120804906,-0.1875814646
2.8995440006,-0.0202706195,0.0021738817,-0.0412271470,0.1970901936,0.5247896910,-0.1822629273
2.9095590115,-0.0362767912,0.0170420222,-0.0447200984,0.1811125576,0.5214322805,-0.1875695437
2.9196760654,-0.0443618335,0.0095271282,-0.0498805493,0.1525806934,0.4936643243,-0.1769587845
2.9295978546,-0.0427701361,-0.0096079297,-0.0529901236,0.0940702483,0.4751215577,-0.1758913994
2.9398109913,-0.0580972917,-0.0062974282,-0.0472014397,0.0622330345,0.4567495286,-0.1843869388
2.9498140812,-0.0538843162,0.0029747894,-0.0094875544,-0.0312939845,0.4188911021,-0.1695169210
2.9599571228,-0.0306571610,0.0053985529,0.0245486051,-0.1320547611,0.3588455319,-0.1302346885
2.9699468613,-0.0022811336,-0.0544270463,0.0555812865,-0.1732994020,0.3213538229,-0.1291811466
2.9801959991,0.0152972443,-0.0920110568,0.0426610261,-0.1432625204,0.3044726849,-0.1546805203
2.9901690483,0.0084660603,-0.0771985874,0.0116664926,-0.1155496687,0.3078911304,-0.1557476521
3.0002040863,-0.0041588289,-0.0721693859,-0.0273125619,-0.0921722502,0.3187961876,-0.1419446766
3.0100679398,-0.0225980021,-0.0594110675,-0.0773641318,-0.0464226045,0.3330107927,-0.1387638003
3.0203330517,-0.0331407078,-0.0446958132,-0.1085889786,0.0355353802,0.3549762964,-0.1345264465
3.0303859711,-0.0389415659,-0.0318852849,-0.1174988002,0.1273372024,0.3525533378,-0.1409217566
3.0405030251,-0.0430268534,-0.0189671107,-0.0931059569,0.1743843108,0.3433655202,-0.1483704150
3.0504260063,-0.0434456356,-0.0196023770,-0.0662340373,0.2022787929,0.3287538290,-0.1483847946
3.0606131554,-0.0488258041,-0.0387502499,-0.0531111211,0.2088831365,0.3086723089,-0.1452119797
3.0706439018,-0.0346398093,-0.0626403317,-0.0016974653,0.1706385612,0.2913814783,-0.1420255005
3.0807399750,-0.0251957364,-0.0486443825,0.0454500467,0.0950038433,0.2791716158,-0.1228983551
3.0906929970,-0.0095714824,-0.0609613843,0.0732956678,-0.0224554054,0.2867659032,-0.1026905552
3.1008419991,-0.0034203422,-0.0976834521,0.0693696290,-0.1474853158,0.3038527966,-0.0814162195
3.1109960079,0.0040100622,-0.0955683812,0.0527736694,-0.2214367688,0.3362392187,-0.0601452850
3.1209740639,-0.0002191556,-0.0741168484,0.0127872974,-0.2175798416,0.3776684999,-0.0580009744
3.1308169365,-0.0180612244,-0.0478795357,-0.0429931134,-0.1720517725,0.4141918719,-0.0505617000
3.1411199570,-0.0279423483,-0.0342526026,-0.0688692778,-0.1146450713,0.4370597005,-0.0378236026
3.1512298584,-0.0279942043,-0.0176875181,-0.0759671181,-0.0590462536,0.4281546175,-0.0134207904
3.1612610817,-0.0288256295,-0.0079132505,-0.0563676804,-0.0181496888,0.3958185315,0.0173448455
3.1712210178,-0.0265927203,-0.0010740946,-0.0305581540,0.0237399712,0.3697262108,0.0279391669
3.1813910007,-0.0380275436,-0.0059387274,-0.0080349892,0.0452766642,0.3508777618,0.0374796093
3.1915259361,-0.0278873481,-0.0107530542,0.0339400321,0.0487614125,0.3234027028,0.0502065867
3.2015261650,-0.0098512219,-0.0252602883,0.0917595178,0.0115800053,0.3072296083,0.0608270094
3.2115340233,0.0055260169,-0.0184887238,0.1259737760,-0.0748904422,0.3108432293,0.0799631476
3.2216792107,0.0163506679,-0.0556231923,0.1136093885,-0.1765805334,0.3418850601,0.0948693976
3.2317981720,0.0078383191,-0.0841612443,0.0671569854,-0.2688148618,0.3878645301,0.1097809747
3.2417941093,0.0043931413,-0.0855094418,0.0196169168,-0.3483477831,0.4445792735,0.1268187463
3.2518401146,-0.0048075509,-0.0771846995,-0.0333083123,-0.3657797575,0.4805596471,0.1353355348
3.2619969845,-0.0100023048,-0.0425733514,-0.0543724746,-0.3019646704,0.5035240650,0.1544437110
3.2720119953,-0.0044056815,-0.0186700411,-0.0645897835,-0.2134009898,0.5053933263,0.1597311497
3.2821340561,-0.0135726230,-0.0103119202,-0.0799209327,-0.1108744368,0.4977585673,0.1533305794
3.2920520306,-0.0161478557,-0.0047720261,-0.0750400275,0.0109385569,0.4817135334,0.1331174523
3.3022689819,-0.0171418972,0.0077388696,-0.0362570733,0.1230613664,0.4740871787,0.1150339171
3.3122789860,-0.0055628312,0.0203231387,0.0114529887,0.1979760826,0.4523546994,0.0990770534
3.3224110603,-0.0039642942,0.0017931273,0.0465542823,0.1778276563,0.4382677078,0.0810236856
3.3324019909,0.0065003443,-0.0177574940,0.0627712756,0.1267141402,0.4272379577,0.0852783546
3.3425409794,0.0180260502,-0.0227495618,0.0775796920,0.0872017220,0.4300393760,0.0799829289
3.3525600433,0.0227413289,-0.0210330673,0.0606963187,0.0326721631,0.4401809573,0.0810636356
3.3626699448,0.0168771856,-0.0193953700,0.0348263532,-0.0463750362,0.4480910599,0.0980753750
3.3726902008,0.0121776564,-0.0148744173,0.0105725080,-0.0901720598,0.4531247020,0.1150777936
3.3827738762,0.0055674869,0.0022880246,-0.0009299363,-0.1051779315,0.4593396485,0.1118991151
3.3928050995,-0.0031053615,0.0165564232,-0.0175254196,-0.0946904048,0.4774352908,0.1065964922
3.4029090405,-0.0108769732,0.0143223219,-0.0237437934,-0.0755127668,0.4807927310,0.1076553687
3.4129638672,-0.0129604684,0.0452479534,-0.0100111216,-0.0263753142,0.4758680165,0.1002078354
3.4230830669,-0.0161889233,0.0509106927,-0.0116329640,0.0568969958,0.4722537398,0.0853201002
3.4330811501,-0.0078454511,0.0527896099,0.0096750408,0.0932986736,0.4609273076,0.0895523950
3.4432179928,0.0064374316,0.0527488403,0.0417655855,0.0795192644,0.4512580335,0.0895501375
3.4532299042,0.0199197046,0.0107990913,0.0578859001,0.0273162499,0.4435265958,0.1129191071
3.4633500576,0.0307486169,-0.0234698243,0.0669250637,-0.0505517013,0.4408340156,0.1299272478
3.4733490944,0.0252817087,-0.0403876491,0.0523425490,-0.1231260449,0.4424745142,0.1533060819
3.4834771156,0.0249357931,-0.0554808564,0.0268737227,-0.1968812197,0.4546471536,0.1660718024
3.4934821129,0.0111246509,-0.0483168550,-0.0098593086,-0.2375098616,0.4628779292,0.1809514165
3.5035979748,0.0023189145,-0.0246609040,-0.0396470875,-0.2279127687,0.4640571177,0.1862589121
3.5136342049,-0.0066418243,0.0087889247,-0.0583135337,-0.1542867422,0.4646241069,0.1745607108
3.5237679482,-0.0217339732,0.0355387740,-0.0644949526,-0.0431319773,0.4474737942,0.1617818475
3.5337769985,-0.0233350582,0.0633923188,-0.0552278012,0.0404188447,0.4175078869,0.1734254509
3.5438609123,-0.0152341323,0.0719629303,-0.0027323808,0.0877511203,0.3808306754,0.1808284372
3.5539059639,-0.0100309746,0.0425218754,0.0163939744,0.1167798415,0.3587043285,0.1659448296
3.5640330315,-0.0098158317,0.0140519552,0.0178563744,0.1444849223,0.3620117009,0.1478891373
3.5740652084,-0.0116709964,-0.0027710984,0.0106012970,0.1285770684,0.3511649072,0.1330225766
3.5841100216,-0.0134242373,-0.0021333883,0.0018859659,0.0807657614,0.3306834698,0.1478895396
3.5941781998,-0.0100697773,-0.0132869668,-0.0249283761,0.0745749772,0.3093936145,0.1457568705
3.6042461395,-0.0035746885,-0.0196217485,-0.0528038591,0.0918775648,0.2873168886,0.1542360485
3.6143321991,-0.0029637408,-0.0366046615,-0.0632868856,0.0877038538,0.2777167261,0.1521087289
3.6244320869,-0.0033659530,-0.0370611735,-0.0750119537,0.0684890449,0.2774943709,0.1436182857
3.6344618797,-0.0156614967,-0.0365233012,-0.0993729085,0.0535002351,0.2815248072,0.1308825314
3.6445121765,-0.0252522714,-0.0232659169,-0.1051218957,0.0363587476,0.2876860201,0.1223958284
3.6545739174,-0.0280490406,0.0144107156,-0.0745420903,0.0000822330,0.2874452770,0.1340847164
3.6646640301,-0.0287977643,0.0579048805,-0.0259657353,-0.0488067195,0.2680296600,0.1510757506
3.6747360229,-0.0157419629,0.0605228357,0.0126233250,-0.1008888260,0.2474761903,0.1606349051
3.6847879887,-0.0045773876,0.0455434136,0.0330743343,-0.0931923687,0.2252451330,0.1584996432
3.6948361397,0.0035127508,0.0461717658,0.0512292534,-0.0450299047,0.2107135952,0.1436149776
3.7049131393,0.0065969634,0.0506685190,0.0513947755,-0.0107439412,0.1960408986,0.1255475432
3.7149639130,0.0047524977,0.0279461555,0.0437086970,0.0031564273,0.1929236650,0.1170480698
3.7250761986,0.0029958296,0.0080429725,0.0077132140,0.0062491824,0.2035268545,0.1117437854
3.7351498604,-0.0124545293,-0.0011745284,-0.0263669342,-0.0289852358,0.2053689659,0.1160008535
3.7450079918,-0.0160780139,-0.0171783157,-0.0407968611,-0.0695524514,0.2060493380,0.1117630303
3.7551259995,-0.0237296410,-0.0147255845,-0.0726573914,-0.1058635861,0.2077574879,0.0969079137
3.7651810646,-0.0335549898,-0.0238751955,-0.0954468101,-0.1538012922,0.1988223195,0.0926684290
3.7753939629,-0.0298735090,-0.0309828706,-0.0994812101,-0.1728921086,0.1857981235,0.0735541210
3.7854681015,-0.0312940069,-0.0049455948,-0.0870907754,-0.1534311324,0.1604104042,0.0597345158
3.7955319881,-0.0171817727,0.0202516727,-0.0486779064,-0.1113768891,0.1172658652,0.0586404875
3.8056211472,0.0056202817,0.0299672298,0.0049767052,-0.0608649030,0.0815890282,0.0522383153
3.8156809807,0.0246058516,0.0377265625,0.0535503775,-0.0585032105,0.0593750700,0.0596592128
3.8257529736,0.0330455713,0.0025407483,0.0712589175,-0.0958313793,0.0581191890,0.0798424408
3.8358211517,0.0280817561,-0.0172437020,0.0728356391,-0.1278659999,0.0611679740,0.1021498814
3.8458871841,0.0204662196,-0.0313549228,0.0622809678,-0.1909898221,0.0788550302,0.1329677850
3.8559241295,0.0122634573,-0.0446939059,0.0311041027,-0.2702241838,0.1070824042,0.1744121611
3.8660120964,-0.0151859717,-0.0484842844,-0.0035602297,-0.2832680643,0.1314850748,0.1914157718
3.8760540485,-0.0269227214,-0.0211848207,-0.0442937464,-0.2663735151,0.1496920437,0.1946059763
3.8861210346,-0.0339126475,-0.0394841619,-0.0628242940,-0.2642378807,0.1497386545,0.1988523901
3.8961381912,-0.0292444117,-0.0479517169,-0.0563570112,-0.2416683882,0.1340193450,0.1988388002
3.9063301086,-0.0189234205,-0.0397373028,-0.0240325183,-0.1987550408,0.1109527051,0.1839516610
3.9164030552,-0.0107113617,-0.0382304378,0.0136491805,-0.1537103355,0.0878844038,0.1658781171
3.9264600277,-0.0036018682,-0.0503363200,0.0285138637,-0.1078178138,0.0860263854,0.1446278989
3.9364681244,0.0082322164,-0.0419380851,0.0539836437,-0.1067022160,0.0806683749,0.1350687593
3.9465951920,0.0054694819,-0.0394641943,0.0600676090,-0.1131659225,0.0869276002,0.1276433319
3.9565930367,0.0096869571,-0.0303148217,0.0421866924,-0.1401354969,0.1164926812,0.1414683312
3.9667310715,0.0013109553,0.0059448294,0.0257843286,-0.2109732032,0.1573959738,0.1627418697
3.9767320156,-0.0078104329,0.0070789866,0.0122673064,-0.2903290093,0.1972389966,0.1956976801
3.9868221283,-0.0099266665,0.0012623479,-0.0093176803,-0.3452249467,0.2445774078,0.2063538581
3.9968540668,-0.0198916681,0.0080416016,-0.0216956586,-0.3978194296,0.2749382555,0.2138149589
4.0069322586,-0.0249481685,-0.0017553160,-0.0218449086,-0.4521754384,0.2681666911,0.2244427800
4.0170593262,-0.0241108723,0.0030281355,-0.0022530998,-0.4776112735,0.2510292530,0.2339968681
4.0269751549,-0.0292302854,0.0145894699,0.0103851715,-0.4507986903,0.2362285405,0.2063755542
4.0371313095,-0.0140265720,0.0087733679,0.0286328346,-0.4238621593,0.2098326236,0.1904285401
4.0472059250,0.0148339672,-0.0027847479,0.0808386356,-0.4055908918,0.1973080337,0.1978497058
4.0572738647,0.0243010931,0.0039489083,0.0899716169,-0.4130890369,0.2004742771,0.2052857876
4.0673427582,0.0163727812,-0.0167226978,0.0799563080,-0.4441140592,0.2099814862,0.2403377742
4.0774350166,0.0225385539,-0.0376475044,0.0587257892,-0.4912136793,0.2256664485,0.2679643333
4.0874738693,0.0025591361,-0.0530251451,0.0038272892,-0.5373650789,0.2530110478,0.2924110293
4.0974493027,-0.0172219761,-0.0491290875,-0.0418938249,-0.5973746181,0.2792218626,0.3242933452
4.1076111794,-0.0259579606,-0.0580794998,-0.0563283414,-0.7491377592,0.3036949933,0.3753101826
4.1177492142,-0.0255966075,-0.0898048505,-0.0662343949,-0.9146822691,0.3184283972,0.4157079458
4.1277418137,-0.0347888060,-0.0927521810,-0.0789911002,-1.0075004101,0.3178230822,0.4475873113
4.1377830505,-0.0361025818,-0.0696392283,-0.0807457417,-0.9892128110,0.3030928671,0.4422663152
4.1479048729,-0.0396937318,-0.0454092808,-0.0764243454,-0.8608457446,0.2698713243,0.3827565610
4.1579480171,-0.0272684880,-0.0158485360,-0.0530066937,-0.7217930555,0.2357375920,0.3317378461
4.1680588722,-0.0103535848,0.0199353509,-0.0005934085,-0.5912800431,0.2015800178,0.2881516218
4.1780900955,-0.0073520732,0.0443143062,0.0202509314,-0.4309896827,0.1794629991,0.2615548968
4.1882109642,0.0004250514,0.0553571992,0.0359082967,-0.3347985744,0.1653907895,0.2530307472
4.1982178688,0.0063355374,0.0353486948,0.0463180691,-0.3207331002,0.1476272345,0.2763778567
4.2083430290,0.0027111876,0.0122171454,0.0294512659,-0.3463795781,0.1517587900,0.2933747470
4.2183532715,-0.0054555130,-0.0034703205,0.0093104988,-0.4542607665,0.1638956219,0.3464981616
4.2284879684,-0.0141383605,-0.0439802594,-0.0055039967,-0.6220983267,0.1957103312,0.4060181677
4.2384872437,-0.0213218518,-0.0745028481,-0.0294604152,-0.7983039618,0.2104820907,0.4665928185
4.2486152649,-0.0251682587,-0.0988148078,-0.0442367047,-0.9285271168,0.2149345577,0.5101611614
4.2586078644,-0.0277793296,-0.0924080238,-0.0633467883,-0.9529379010,0.2020573765,0.5207788944
4.2686910629,-0.0344047435,-0.0743506774,-0.0611871332,-0.9250975251,0.1915657371,0.5016535521
4.2788238525,-0.0286501534,-0.0862361416,-0.0457705110,-0.8790475130,0.1737009734,0.4665935338
4.2888011932,-0.0183419175,-0.0784481987,-0.0261325091,-0.7990081906,0.1720563471,0.4325949848
4.2988767624,-0.0191235133,-0.0675139651,-0.0179191083,-0.7328839898,0.1745416075,0.3996636569
4.3089609146,-0.0113195376,-0.0408680625,-0.0111544579,-0.6892434955,0.1854716241,0.3901017010
4.3191070557,-0.0124686556,-0.0190756507,-0.0191640109,-0.6841773391,0.2120017558,0.3837428689
4.3290848732,-0.0205823071,-0.0197515078,-0.0092410296,-0.7591237426,0.2369384617,0.4028863013
4.3391509056,-0.0207258053,-0.0277927108,0.0057972823,-0.9089190960,0.2772480845,0.4390456378
4.3492212296,-0.0470652170,-0.0317536183,-0.0080711683,-1.0308847427,0.3092553914,0.4667005539
4.3593692780,-0.0518733449,-0.0148381181,-0.0131812543,-1.1367787123,0.3338936269,0.4816049337
4.3693571091,-0.0448587127,0.0190362148,0.0021746908,-1.2604306936,0.3213413954,0.5124230385
4.3794021606,-0.0473427363,0.0133832507,-0.0052666510,-1.2835277319,0.2840912044,0.5262136459
4.3895082474,-0.0224624462,-0.0076381154,0.0139348060,-1.1232275963,0.2609775066,0.5091706514
4.3995718956,-0.0173636265,0.0323054604,-0.0001821960,-0.8605547547,0.2437500358,0.4443256259
4.4096069336,-0.0234999545,0.0129627399,-0.0191329569,-0.6843245625,0.2280475050,0.4039259851
4.4196219444,-0.0132689374,-0.0378028341,-0.0157492012,-0.5839154124,0.2182167172,0.3890303671
4.4298081398,-0.0079140859,-0.0241026469,-0.0104129752,-0.5346866250,0.2049156278,0.3985665739
4.4398798943,-0.0141117768,-0.0231324024,-0.0150117725,-0.5432018638,0.2039254606,0.4208660126
4.4499292374,-0.0143200355,-0.0574304052,-0.0192149729,-0.6084752083,0.2226138711,0.4453136325
4.4599671364,-0.0134063261,-0.0455858298,-0.0217977613,-0.7004016638,0.2390098870,0.4793227315
4.4700989723,-0.0192889161,-0.0304799266,-0.0165859908,-0.8458796144,0.2739750445,0.5037990212
4.4801111221,-0.0250899978,-0.0220805593,-0.0090484470,-0.9964859486,0.2888181806,0.5410076380
4.4902458191,-0.0170287080,0.0079392008,0.0043021594,-1.0840152502,0.2913837433,0.5633274913
4.5001592636,-0.0147828655,0.0356198363,0.0062092100,-1.0974810123,0.2509721220,0.5675579309
4.5103831291,-0.0066175652,0.0341377668,0.0273205787,-1.0362689495,0.2120998949,0.5452261567
4.5204372406,0.0121679408,0.0429057889,0.0503218323,-0.8992925286,0.1727048159,0.5037615299
4.5304899216,0.0003970968,0.0407736115,0.0445996672,-0.7677760720,0.1448300481,0.4463773370
4.5404300690,0.0069269645,0.0150159411,0.0272358209,-0.6619364619,0.1242834926,0.4081154466
4.5506572723,0.0084318323,0.0121733360,0.0138183385,-0.5827235579,0.0993634313,0.3857854605
4.5606179237,0.0147906644,-0.0011060426,-0.0029282416,-0.5709419847,0.0952288732,0.3868422210
4.5707879066,0.0173806660,-0.0263460465,-0.0292722434,-0.6169099808,0.1045996025,0.4208351672
4.5807123184,0.0162148885,-0.0334955044,-0.0445884317,-0.6575540900,0.1150285453,0.4473956823
4.5908951759,0.0150988502,-0.0205326863,-0.0508852452,-0.6887255907,0.1382249296,0.4665275514
4.6009230614,0.0051664221,-0.0214252062,-0.0481650680,-0.7197250128,0.1444660574,0.4888363183
4.6110610962,0.0069818008,-0.0079516955,-0.0081924647,-0.7526844144,0.1325685233,0.4983948171
4.6209907532,0.0137461526,-0.0024577568,0.0338387638,-0.7717824578,0.1218391806,0.5058268905
4.6311788559,0.0137254400,0.0038797667,0.0709238797,-0.7672890425,0.0995807424,0.5036918521
4.6411929131,0.0224314146,-0.0102511831,0.1021984369,-0.7886374593,0.0993181542,0.4920173585
4.6512999535,0.0222992413,-0.0139933415,0.1005091816,-0.8302828074,0.1009934247,0.4792872965
4.6612381935,0.0151985390,-0.0180341788,0.0776359588,-0.8805034161,0.1069005728,0.4761176109
4.6714668274,0.0217631869,-0.0195676871,0.0639677793,-0.9531470537,0.1148094311,0.4846351445
4.6814651489,0.0155717237,-0.0236587115,0.0313016921,-1.0290915966,0.1322193146,0.4899721146
4.6915302277,0.0111795468,-0.0493506975,-0.0030783261,-0.9867738485,0.1686040908,0.4804232121
4.7015051842,0.0035130191,-0.0277379937,-0.0353098363,-0.8386623859,0.1898372173,0.4464186430
4.7116651535,0.0013192105,0.0183309726,-0.0354830474,-0.6914918423,0.1983508766,0.4155922234
4.7218122482,0.0047201323,0.0185537748,-0.0207349509,-0.6135925055,0.1978179514,0.3922125995
4.7318038940,0.0089829369,0.0057205372,-0.0094761699,-0.5173049569,0.1730397046,0.3688169420
4.7417297363,0.0298204236,0.0169905238,0.0370173007,-0.4177551568,0.1431097686,0.3645295203
4.7519292831,0.0439253859,0.0520629697,0.0935203582,-0.3726101816,0.1105549037,0.3560072482
4.7620668411,0.0357226543,0.0540220551,0.1040262729,-0.3873475790,0.0902653411,0.3560008407
4.7720718384,0.0402688198,0.0507478528,0.1139058620,-0.4579275846,0.1057109386,0.3783239424
4.7819499969,0.0399123244,0.0622675233,0.1225412637,-0.5862216949,0.1290785819,0.3911097646
4.7922058105,0.0366608314,0.0345418267,0.1139422804,-0.8233242631,0.1483883709,0.4156012833
4.8024702072,0.0286240391,-0.0261072703,0.0835656673,-1.0561399460,0.1667854786,0.4570797384
4.8124122620,0.0127354069,-0.0276788659,0.0413332731,-1.1480573416,0.1797434241,0.4517994225
4.8225831985,0.0162795596,-0.0138581581,0.0147933522,-1.1256929636,0.1841485649,0.4464869499
4.8325147629,0.0079247756,-0.0083473511,-0.0122787207,-1.0136811733,0.1870271713,0.4124829173
4.8425459862,0.0042003798,0.0254922323,-0.0345145315,-0.8269555569,0.1883744597,0.3689024150
4.8526172638,0.0157217793,0.0436165147,-0.0355810970,-0.5783628821,0.1922652721,0.3072582781
4.8625121117,0.0141185327,0.0509821586,-0.0351309031,-0.3414800167,0.1928788573,0.2466759086
4.8727722168,0.0160662942,0.0629235283,-0.0202149600,-0.1772180051,0.1993712634,0.2084114850
4.8828163147,0.0128217144,0.0642789379,0.0066715037,-0.0631183386,0.2076848447,0.1913978755
4.8928751945,0.0123710437,0.0485811047,0.0148289362,-0.0014691371,0.2314287871,0.1701583564
4.9029407501,0.0088572307,0.0437655859,0.0267809182,-0.0322209224,0.2121019661,0.1765273064
4.9130620956,0.0310567431,0.0208226852,0.0489161164,-0.1728213429,0.1867404133,0.2179586291
4.9231071472,0.0243053846,0.0149091296,0.0737192184,-0.3827628493,0.1585937291,0.2509136498
4.9331450462,0.0100845499,0.0054237060,0.0644406825,-0.5673040748,0.1518330872,0.2753808498
4.9430270195,0.0125913424,0.0053711943,0.0443639308,-0.7199279666,0.1537801325,0.2902857661
4.9532928467,0.0249391608,0.0179568343,0.0512824804,-0.8510608077,0.1410811096,0.3083625138
4.9634289742,0.0365012698,0.0470757298,0.0527877361,-0.9607167244,0.1146915853,0.3136861622
4.9734382629,0.0442507081,0.0530723743,0.0449071676,-1.0619478226,0.0988819972,0.3030867577
4.9834079742,0.0549278073,0.0310086422,0.0239562541,-1.1837171316,0.1094973609,0.3041847944
4.9936079979,0.0439607911,-0.0015083144,-0.0112845143,-1.2074693441,0.1368991435,0.3073899150
5.0036191940,0.0229729824,0.0119657032,-0.0497903079,-1.0956221819,0.1568512768,0.2882590890
5.0137648582,0.0193043165,0.0431133918,-0.0607580394,-0.9057871103,0.1690092236,0.2712286413
5.0236949921,0.0113996668,0.0236421339,-0.0873806924,-0.6189414859,0.1891520321,0.2095815390
5.0338749886,0.0012029218,0.0396108143,-0.0988932103,-0.3296189308,0.1754318923,0.1585335881
5.0439052582,0.0017489600,0.0490737371,-0.1001047343,-0.0922151506,0.1252419651,0.1170380786
5.0540342331,0.0013832259,0.0445566587,-0.0565683097,0.0192793105,0.0741115361,0.0999953151
5.0638461113,-0.0084824162,0.0366843753,-0.0194465965,0.0368215516,0.0263701137,0.0776692331
5.0741071701,-0.0023473096,0.0335200839,0.0175706893,-0.0065479456,-0.0110155419,0.0978356898
5.0841841698,0.0236327462,0.0172772221,0.0616099387,-0.0841862857,-0.0370769687,0.1105839759
5.0942530632,0.0205046944,0.0320490710,0.0952189118,-0.2602649033,-0.0362720303,0.1446073204
5.1041402817,0.0205496959,0.0030684581,0.1036600024,-0.5206666589,-0.0328397490,0.2062595040
5.1144499779,0.0218708925,-0.0215336569,0.0763400346,-0.7961226106,-0.0189678073,0.2615482509
5.1244831085,0.0144745512,-0.0306812413,0.0373800546,-0.9841758609,0.0050773416,0.2955855727
5.1345210075,0.0089199943,-0.0409572013,-0.0145855388,-1.0357414484,0.0397112854,0.3062349856
5.1444578171,-0.0037726355,-0.0139056928,-0.0658191890,-0.8578931689,0.0761425272,0.2849720418
5.1546449661,-0.0120738344,0.0328150205,-0.1034495085,-0.5699977279,0.0972442180,0.2063369900
5.1647357941,-0.0219691582,0.0255546384,-0.1195025891,-0.3409107327,0.1295395792,0.1330308318
5.1748480797,-0.0342928357,0.0036988666,-0.1343261451,-0.1436798424,0.1468262225,0.0788372979
5.1847319603,-0.0321210213,0.0487996154,-0.1150393933,0.0689685196,0.1188622266,0.0617805533
5.1949210167,-0.0240207501,0.0887086168,-0.0479244441,0.2091365755,0.0817837715,0.0457989909
5.2049541473,-0.0146985846,0.0719916299,0.0002161418,0.2607139945,0.0460670516,0.0319646671
5.2150721550,-0.0090588527,0.0767848268,0.0646424443,0.2343135178,0.0194471590,0.0531943254
5.2249798775,0.0096484823,0.0991156176,0.1195836812,0.0626858249,0.0034940254,0.1148142740
5.2352161407,0.0159557275,0.0560133867,0.1541884691,-0.2404975593,0.0161098186,0.1775433123
5.2452931404,0.0157613568,-0.0211878605,0.1269015819,-0.5714699030,0.0338986702,0.2572711706
5.2553529739,0.0245814137,-0.0440387018,0.0873152167,-0.9013524652,0.0507738553,0.3582347333
5.2652649879,0.0170690231,-0.0677895173,0.0459010154,-1.1457046270,0.0513014272,0.4411173761
5.2755222321,0.0078567667,-0.0813163742,-0.0331407636,-1.1692161560,0.0554229356,0.4538674951
5.2855901718,0.0044027972,-0.0525324531,-0.1126060933,-1.0027675629,0.0577718429,0.4283432364
5.2956562042,-0.0090490179,-0.0041405745,-0.1571180075,-0.7134130597,0.0408046469,0.3677392006
5.3056411743,-0.0148396688,0.0568072908,-0.1668966264,-0.3983006477,0.0091937222,0.3049972653
5.3157577515,-0.0217617340,0.0727045909,-0.1338470429,-0.1761169434,-0.0147531554,0.2401583493
5.3258380890,-0.0161014386,0.0680975392,-0.0664158314,-0.0264994968,-0.0381836444,0.1891423166
5.3358941078,0.0041811275,0.0578757934,0.0006089364,0.0695130304,-0.0364906080,0.1572639197
5.3457341194,0.0087231798,0.0431323759,0.0411719829,0.0331326500,-0.0284856781,0.1317939907
5.3560848236,0.0181587152,-0.0162810273,0.0589000732,-0.1546115428,-0.0364447348,0.1392712742
5.3660860062,0.0355575494,-0.0426559635,0.0763561279,-0.4246041477,-0.0353222117,0.1849977523
5.3761978149,0.0228349380,-0.0178698488,0.0574568063,-0.6435532570,-0.0169013273,0.2116080076
5.3859419823,0.0129104061,-0.0181344934,0.0238083750,-0.8242666125,0.0199134108,0.2414026558
5.3962411880,0.0076848674,0.0239372961,0.0209301263,-0.9588885903,0.0370117053,0.2775462568
5.4063329697,0.0033886838,0.0556735806,0.0075228964,-0.9429812431,0.0466520824,0.2701144516
5.4163851738,-0.0107512670,0.1026394740,-0.0111355036,-0.8286596537,0.0314572826,0.2276060134
5.4277620316,-0.0142188268,0.1091859713,-0.0195101351,-0.6662914753,0.0134228896,0.1734040231
5.4366903305,-0.0157714672,0.1077736393,-0.0246510953,-0.4718842804,-0.0075978409,0.1064506918
5.4471969604,-0.0047183228,0.0868997350,-0.0323082656,-0.2765512764,-0.0148578845,0.0331333280
5.4573249817,0.0051885056,0.0466509275,-0.0356845111,-0.1741587073,-0.0122072399,-0.0231674928
5.4668750763,0.0090536876,-0.0136970468,-0.0361010283,-0.1518629789,-0.0026978906,-0.0592695698
5.4771432877,0.0098377867,-0.0487156697,-0.0384654254,-0.1999710351,0.0053216196,-0.0666853413
5.4868330956,0.0086239977,-0.0589831360,-0.0173007101,-0.2863264382,-0.0027634711,-0.0518022664
5.4967412949,0.0114218993,-0.0594082959,0.0148003250,-0.3876622319,-0.0066717262,-0.0273581110
5.5067420006,0.0026758718,-0.0289347954,0.0343881398,-0.4548817575,-0.0071343170,-0.0082288906
5.5169677734,0.0096192164,0.0232982449,0.0746045262,-0.5167881250,-0.0042639626,0.0268281624
5.5269989967,0.0126222176,0.0562535934,0.1082855016,-0.6363927722,0.0055652326,0.0672117993
5.5371041298,0.0087260408,0.0462012105,0.1317101270,-0.7700010538,0.0280206073,0.1097274423
5.5470390320,0.0145140095,0.0311925225,0.1263373643,-0.8759509325,0.0591287240,0.1405620575
5.5572381020,0.0123378439,0.0319579653,0.1084804684,-0.9028177261,0.0803560466,0.1777445078
5.5672788620,0.0023243236,0.0277658962,0.0555309206,-0.8603333831,0.1009087265,0.1809293777
5.5773582458,-0.0018475843,-0.0012917260,-0.0053106989,-0.7739119530,0.1038621068,0.1925884932
5.5872969627,-0.0138721066,-0.0254007317,-0.0607136339,-0.6010839939,0.1083612517,0.1628164947
5.5975089073,-0.0259161182,-0.0107182302,-0.1011554450,-0.3769198060,0.1004170477,0.1086033136
5.6075258255,-0.0272480436,-0.0201748200,-0.1060476750,-0.1698345244,0.0934395641,0.0628898889
5.6176409721,-0.0197959729,-0.0084638186,-0.0841337889,-0.0266179517,0.0711946413,0.0394823737
5.6275939941,-0.0181712694,0.0171818696,-0.0324605554,0.0962989107,0.0520382598,0.0288236029
5.6377468109,0.0050559449,0.0270574056,0.0346358567,0.1402500719,0.0322555006,0.0277396962
5.6477870941,0.0175244026,0.0281499885,0.0929607302,0.1060529575,0.0373176374,0.0362453014
5.6580791473,0.0250879936,0.0400786065,0.1232401282,-0.0134350406,0.0354048200,0.0660067871
5.6679930687,0.0327733569,0.0409010462,0.1353420168,-0.1585916877,0.0385819711,0.0968374014
5.6782279015,0.0336217694,0.0149562471,0.1157286912,-0.3221152723,0.0638255402,0.1191901192
5.6882271767,0.0246364884,0.0067157261,0.0712089688,-0.5250402093,0.0814295709,0.1617223918
5.6982841492,0.0076821255,0.0091978125,0.0456716567,-0.7227317095,0.1097527593,0.2138146907
5.7081131935,-0.0064856601,-0.0022181461,0.0029899632,-0.7432697415,0.1361491978,0.2212656885
5.7184319496,-0.0188613720,0.0417709313,-0.0419059247,-0.5278407931,0.1483307034,0.1734359115
5.7285180092,-0.0274567194,0.0854618475,-0.0785965174,-0.2440729886,0.1544586420,0.0820522010
5.7386350632,-0.0234850235,0.0813030973,-0.0835315436,-0.0102221230,0.1380472332,0.0182768852
5.7485580444,-0.0214466043,0.0770448372,-0.0801446289,0.1426047087,0.1147485822,-0.0168129243
5.7586870193,-0.0085552530,0.0557468496,-0.0614704937,0.2805105746,0.0903550908,-0.0370340422
5.7688007355,-0.0014535976,0.0491434000,-0.0431760997,0.3639612794,0.0686833486,-0.0551166385
5.7788352966,0.0096903248,0.0097606294,-0.0122952899,0.3321172893,0.0514349863,-0.0540557653
5.7888059616,0.0287654810,-0.0032880346,0.0245285183,0.1934933513,0.0431632064,0.0022506476
5.7989721298,0.0265714340,0.0224697553,0.0566346794,-0.0229189284,0.0236701332,0.0691892728
5.8091077805,0.0227398090,0.0088940375,0.0599578172,-0.2340442091,0.0083915787,0.1244487986
5.8191161156,0.0179785304,-0.0034169594,0.0577791482,-0.3750554919,0.0231795795,0.1404194981
5.8290991783,0.0024245190,0.0158359669,0.0441504866,-0.5608067513,0.0302326959,0.1691387594
5.8393120766,-0.0033919406,0.0079755746,0.0417069942,-0.7955738306,0.0306161903,0.2169789821
5.8492980003,-0.0022437763,-0.0108430870,0.0289313942,-1.0270651579,0.0235793199,0.2616298199
5.8594102859,-0.0058880043,-0.0310399123,0.0152562419,-1.1038439274,0.0188449509,0.2892529964
5.8693609238,-0.0016321731,-0.0005112330,-0.0103775701,-0.9512978196,0.0242833924,0.2679809928
5.8795700073,0.0016071009,0.0552807860,-0.0481855124,-0.6844473481,0.0179039910,0.2339325547
5.8895468712,-0.0079838829,0.0448219292,-0.0746514052,-0.3675021529,0.0159782581,0.1648341715
5.8996911049,-0.0000739289,0.0570724867,-0.0811477751,-0.0206469856,0.0110599324,0.0851100460
5.9096121788,-0.0020566178,0.0645425394,-0.0832047909,0.2301170677,0.0107059982,0.0202764533
5.9198498726,-0.0051250053,0.0390434824,-0.0669609755,0.3880744576,0.0075783823,-0.0201135799
5.9298610687,0.0005244421,0.0343335681,-0.0421430320,0.5010446906,0.0210699551,-0.0551748946
5.9400072098,0.0070056724,0.0420493148,-0.0076721157,0.5341457129,0.0192800462,-0.0488150008
5.9499921799,0.0185140781,0.0699206963,0.0383883268,0.4500795603,-0.0035642833,-0.0222600866
5.9601230621,0.0292283110,0.0363333039,0.0700293928,0.3145682216,-0.0046036490,0.0000725813
5.9701170921,0.0369841270,0.0039786510,0.0796155483,0.0710727349,0.0135894697,0.0245648753
5.9802541733,0.0270275287,0.0031114777,0.1012528688,-0.2353694886,0.0314126760,0.0766797438
5.9901580811,0.0161199383,-0.0221824236,0.0923260599,-0.5620573163,0.0458480716,0.1245508641
6.0003900528,0.0062680054,-0.0212563165,0.0643130094,-0.8384159803,0.0438509025,0.1883264482
6.0103979111,-0.0014990163,-0.0418777801,0.0161122829,-0.9632199407,0.0398127511,0.2244572788
6.0205383301,-0.0101053314,-0.0209584869,-0.0527455062,-0.8660211563,0.0310215242,0.2106252313
6.0303721428,-0.0226152726,0.0210328661,-0.1073971242,-0.6013050675,0.0234240573,0.1553406715
6.0406627655,-0.0244456120,0.0546632968,-0.1342294663,-0.2521707416,0.0035935612,0.0639293268
6.0506629944,-0.0311768837,0.0657665357,-0.1342683882,0.1012219563,-0.0162600391,-0.0370412320
6.0608000755,-0.0114610391,0.0811599419,-0.0948108882,0.3885749578,-0.0470866598,-0.1050850004
6.0707020760,0.0073811817,0.0796780810,-0.0498977751,0.6180853844,-0.0560665727,-0.1624848992
6.0808877945,0.0125362677,0.0837321654,-0.0053454484,0.7324374318,-0.0732301176,-0.1816356927
6.0909371376,0.0254996233,0.0716418996,0.0372338444,0.7003511190,-0.0660550296,-0.1773767769
6.1010088921,0.0275355987,0.0282583199,0.0576753169,0.5283041000,-0.0418840423,-0.1454669088
6.1108851433,0.0333148651,0.0128389262,0.0902008563,0.2719018757,-0.0119240135,-0.0891114920
6.1211032867,0.0252814703,-0.0058501102,0.0902195722,-0.1189824566,0.0201768652,-0.0125474064
6.1312541962,0.0073180604,-0.0535440780,0.0861085206,-0.4864533842,0.0588273183,0.0608293377
6.1412711143,0.0009982395,-0.0685331151,0.0533840209,-0.7939375639,0.0745818466,0.1224992946
6.1511631012,-0.0130956369,-0.0511125810,0.0228094608,-1.0084421635,0.0773539320,0.1841394752
6.1614060402,-0.0123948650,-0.0311552621,-0.0018700804,-1.0531395674,0.0665247887,0.2106911391
6.1715412140,-0.0155194597,0.0012142768,-0.0365853161,-0.8791407347,0.0603885986,0.1756045371
6.1815390587,-0.0186585970,0.0515780114,-0.0668573827,-0.5674741268,0.0531383418,0.1107526273
6.1914148331,-0.0218267031,0.0907149389,-0.0702705830,-0.2397510856,0.0394962989,0.0204096772
6.2016959190,-0.0162756629,0.0618187599,-0.0601722449,0.0303601101,0.0254742932,-0.0508051775
6.2117557526,-0.0077601266,0.0623305850,-0.0328988284,0.1948822141,0.0065152487,-0.0869575962
6.2218132019,0.0038082409,0.0504653864,-0.0077321972,0.3005825579,0.0010255415,-0.0944217667
6.2316861153,0.0095138950,0.0217805468,-0.0011384333,0.3592075109,0.0078626750,-0.1008040309
6.2419471741,0.0132706566,0.0019323935,0.0044371639,0.3368782997,0.0014443903,-0.0785018578
6.2520818710,0.0209992342,-0.0020561854,0.0314150602,0.2249741405,-0.0108522233,-0.0243278332
6.2620887756,0.0191165023,0.0089589916,0.0418663174,0.0638234764,-0.0087842122,0.0203080121
6.2720170021,0.0133479042,0.0034902056,0.0370177776,-0.1304147094,-0.0047532520,0.0851290822
6.2822179794,0.0232752971,0.0157395415,0.0527926236,-0.2989921868,-0.0070231301,0.1255183816
6.2923521996,0.0244418792,0.0079235248,0.0590179712,-0.4664994180,-0.0104700606,0.1467951685
6.3023500443,0.0130083961,-0.0023912827,0.0536032468,-0.6083428264,-0.0189981014,0.1680627167
6.3124032021,0.0085310740,-0.0000453333,0.0277587920,-0.6467589736,-0.0193267353,0.1691341102
6.3222370148,0.0049609351,-0.0003127346,-0.0058991159,-0.5795726180,-0.0157589652,0.1383283287
6.3324489594,-0.0075001311,0.0054864846,-0.0503961295,-0.4058245122,0.0024317568,0.0915741324
6.3424329758,-0.0279690214,0.0144967549,-0.0960094184,-0.1307604760,0.0255096462,0.0076336949
6.3536639214,-0.0301421471,0.0438561104,-0.1173556894,0.1134659126,0.0377774313,-0.0656873286
6.3629388809,-0.0344609208,0.0489889346,-0.1115063876,0.2659976780,0.0430289172,-0.1156279892
6.3729100227,-0.0242187567,0.0373403244,-0.0881408900,0.4484266043,0.0475704074,-0.1517731994
6.3828959465,0.0026961374,0.1022965237,-0.0242242068,0.6269304752,0.0193779841,-0.1582040191
6.3927779198,0.0199928097,0.1331208050,0.0443527251,0.6507055759,-0.0089255590,-0.1369882077
6.4030289650,0.0345160179,0.0796807483,0.0896416456,0.5334659815,-0.0225323811,-0.1136038527
6.4132022858,0.0423265509,0.0324783586,0.1252579838,0.3542842567,-0.0312483758,-0.0710907429
6.4232449532,0.0434170775,0.0258246325,0.1356443912,0.0970658511,-0.0267885122,-0.0189959854
6.4331521988,0.0377527885,-0.0264194198,0.1133001000,-0.1953913122,-0.0193780009,0.0447899178
6.4433751106,0.0253203921,-0.0671102032,0.0669227391,-0.5156117082,-0.0100534754,0.1138930917
6.4533662796,0.0138757033,-0.0823789015,0.0276023299,-0.7695606351,-0.0119118290,0.1691701859
6.4635958672,-0.0022966457,-0.0763070509,-0.0302064866,-0.8719805479,-0.0136733772,0.1989253014
6.4733228683,-0.0067695570,-0.0314223953,-0.0618378371,-0.8037285209,-0.0100530759,0.1744883955
6.4835977554,-0.0182287283,-0.0140769072,-0.0828640908,-0.5968046188,-0.0023286436,0.1054225713
6.4936389923,-0.0229458399,0.0400958173,-0.0817811936,-0.2990741432,-0.0045052450,0.0235873610
6.5038299561,-0.0082025127,0.0730132535,-0.0642402619,-0.0003242986,-0.0012983328,-0.0476273596
6.5137701035,0.0025397944,0.0795300826,-0.0419594496,0.2238153368,-0.0059838984,-0.0901585817
6.5238628387,0.0180944018,0.0761293247,-0.0061265673,0.3497867882,-0.0102377655,-0.0976250172
6.5339970589,0.0267708115,0.0316847079,0.0238682777,0.4062828124,-0.0033500320,-0.0933887288
6.5440239906,0.0295521431,0.0230960958,0.0411327630,0.3859995008,-0.0012605162,-0.0710839555
6.5540151596,0.0244869404,0.0021878441,0.0497014076,0.3090341389,0.0131439893,-0.0370796472
6.5641241074,0.0173316412,-0.0005276988,0.0477064401,0.1774974912,0.0419978052,0.0075623225
6.5740809441,-0.0035907221,0.0065981112,0.0186432749,-0.0126617923,0.0639923215,0.0554025471
6.5843138695,-0.0032379222,-0.0037019143,0.0221362263,-0.1835644841,0.0807873532,0.0936790332
6.5941581726,-0.0106908875,-0.0156023242,0.0043496047,-0.3372581899,0.0826904476,0.1032752022
6.6044139862,-0.0160990544,0.0006938835,-0.0008351649,-0.4127742052,0.0577091277,0.1160230190
6.6144800186,-0.0085450010,-0.0006986300,-0.0158088654,-0.4199756384,0.0299470052,0.0990221947
6.6245288849,-0.0095547633,-0.0062390901,-0.0349245518,-0.2949105501,0.0073552094,0.0469520055
6.6345109940,-0.0045281840,0.0152805410,-0.0562906712,-0.1037326083,-0.0104621369,-0.0125661818
6.6446881294,-0.0170449205,0.0486522727,-0.0692122430,0.1162009314,-0.0227499604,-0.0763366371
6.6547379494,-0.0178014226,0.0646386072,-0.0686051697,0.3051759005,-0.0330827609,-0.1241707355
6.6647901535,-0.0117239552,0.0482522510,-0.0602683276,0.4321816266,-0.0354003757,-0.1613656431
6.6746230125,-0.0135531025,0.0494190864,-0.0433097333,0.5121129155,-0.0252492055,-0.1762460619
6.6849098206,-0.0027722907,0.0392644070,-0.0175347775,0.5206150413,-0.0207910743,-0.1550110728
6.6950073242,0.0109168692,0.0431184880,0.0121849338,0.4289096296,-0.0255112611,-0.1050855964
6.7050509453,0.0216907673,-0.0000650773,0.0450003296,0.2699418366,-0.0276849996,-0.0625734925
6.7149219513,0.0168328695,-0.0304891653,0.0555444509,0.0926892906,-0.0162579082,-0.0253598075
6.7251129150,0.0178427510,-0.0248422511,0.0652746707,-0.0877305269,-0.0079714153,0.0224699657
6.7353968620,0.0168598704,-0.0248786248,0.0713224560,-0.2714092731,0.0054940595,0.0554390997
6.7454967499,0.0119701428,-0.0257598646,0.0580904037,-0.4656434059,0.0083383154,0.1011482701
6.7554111481,0.0061604190,-0.0497603454,0.0382101089,-0.6246706247,0.0114219896,0.1362295449
6.7654881477,0.0042552161,-0.0514400043,0.0134980241,-0.6706259847,0.0185599923,0.1532325745
6.7755699158,-0.0074300957,-0.0082685538,-0.0221005529,-0.5756967664,0.0235989597,0.1479019821
6.7856221199,-0.0094348984,0.0122088306,-0.0441149920,-0.3815555274,0.0314950347,0.1223736554
6.7956490517,-0.0056750965,0.0300261937,-0.0545359105,-0.1457840204,0.0375220329,0.0798448399
6.8057889938,-0.0088389711,0.0489701144,-0.0563487262,0.0579970628,0.0411750898,0.0415701568
6.8158702850,-0.0062275124,0.0416139625,-0.0377399772,0.2212235481,0.0444254801,-0.0041270237
6.8259282112,0.0022182870,0.0461646579,-0.0211578459,0.3141059577,0.0397930443,-0.0253890362
6.8357620239,0.0048081684,0.0446647219,-0.0027044262,0.3675060570,0.0348294452,-0.0445174575
6.8462009430,0.0132311387,0.0385761820,0.0167293102,0.3557491302,0.0357053578,-0.0572561547
6.8561363220,0.0128529472,0.0260248296,0.0361796767,0.2608242035,0.0307217836,-0.0434311517
6.8661170006,0.0193727426,0.0150885098,0.0469880849,0.0986426324,0.0284035690,-0.0189700853
6.8760199547,0.0171471648,0.0005346050,0.0569059998,-0.0624245554,0.0218987986,0.0129215345
6.8863348961,0.0170258097,0.0030204167,0.0386126786,-0.1690759063,0.0168937873,0.0394930914
6.8963260651,0.0140133305,0.0142642520,0.0213259012,-0.2726305127,0.0214262214,0.0596958324
6.9063987732,0.0109626455,0.0060480051,0.0051556979,-0.3846897185,0.0215725619,0.0692788139
6.9163689613,0.0021083164,0.0117191933,-0.0149505585,-0.3963908553,0.0183562618,0.0798981711
6.9265689850,-0.0057654572,0.0306692980,-0.0439140052,-0.2652133703,0.0256110448,0.0405834541
6.9366250038,-0.0127538638,0.0426766984,-0.0680729598,-0.0710705370,0.0311360396,-0.0231710225
6.9466118813,-0.0119971232,0.0419828855,-0.0844868869,0.0665924177,0.0287885964,-0.0794826299
6.9566431046,-0.0259443708,0.0348443352,-0.0786512345,0.1680340916,0.0209160261,-0.1209224835
6.9668788910,-0.0154318409,0.0200865678,-0.0572227687,0.2802034318,0.0067448798,-0.1666173339
6.9768962860,-0.0117510157,0.0356431864,-0.0301837176,0.3848054707,0.0031650588,-0.2048704475
6.9869379997,-0.0110439258,0.0335209332,0.0026683365,0.4093970954,-0.0008734923,-0.2059385031
6.9967660904,0.0092584295,0.0357757621,0.0482313186,0.3145286441,-0.0099210497,-0.1645087749
7.0071468353,0.0150372190,0.0210260116,0.0675380975,0.1811829209,-0.0128681697,-0.1124489754
7.0171279907,0.0188886337,0.0164001845,0.0665163547,0.0497737564,0.0043963045,-0.0550698303
7.0272541046,0.0255074315,0.0144347511,0.0696001798,-0.0571130142,0.0228191204,-0.0157475937
7.0383872986,0.0251898579,0.0007328202,0.0621466786,-0.1555301249,0.0476126187,0.0129583525
7.0474357605,0.0169495754,-0.0054387189,0.0285692960,-0.2827072442,0.0680136308,0.0575970635
7.0574851036,0.0086119575,-0.0254006572,0.0097490102,-0.3766427934,0.0716243461,0.0862912834
7.0677242279,0.0033111381,-0.0390194543,-0.0149395317,-0.3691446185,0.0684936643,0.0841632858
7.0773868561,-0.0087604122,-0.0394346155,-0.0466018170,-0.2644216716,0.0532912761,0.0533369333
7.0876388550,-0.0080191093,-0.0276952870,-0.0589561313,-0.1202074289,0.0373098440,0.0129445707
7.0977029800,-0.0120670395,-0.0105447806,-0.0637692660,0.0390115231,0.0151281115,-0.0221463051
7.1077661514,-0.0111342864,0.0012827625,-0.0512015671,0.1651238501,-0.0041049053,-0.0487321764
7.1177411079,0.0026479173,0.0170838647,-0.0280744284,0.2539149523,-0.0256677233,-0.0572598837
7.1279697418,0.0126025481,0.0297542624,-0.0050671543,0.3265652359,-0.0335078016,-0.0551589169
7.1379489899,0.0196732096,0.0533504747,0.0051892553,0.3201795220,-0.0345416404,-0.0424162224
7.1481189728,0.0188939981,0.0356534682,0.0233336240,0.2422934771,-0.0350279994,-0.0126665160
7.1579489708,0.0191101842,0.0169476084,0.0289172679,0.1387196928,-0.0283458624,0.0117844986
7.1682291031,0.0094995899,0.0233838372,0.0170321018,0.0330103561,-0.0217388254,0.0277426913
7.1782350540,0.0038038897,0.0277971588,0.0120733529,-0.0800866336,-0.0236839987,0.0436974242
7.1883420944,0.0039513516,0.0069706999,0.0160442144,-0.1815562099,-0.0161144957,0.0384163745
7.1982660294,-0.0134537416,0.0116619430,-0.0034214105,-0.2412690967,-0.0220315065,0.0246251952
7.2084732056,-0.0005474878,0.0073586963,-0.0013171281,-0.2572524250,-0.0243083779,0.0225057192
7.2185091972,-0.0042129350,0.0069719516,-0.0129716834,-0.2155470550,-0.0336046740,0.0055017015
7.2285771370,-0.0098083811,-0.0023903290,-0.0276018232,-0.1377384216,-0.0256760437,-0.0221220702
7.2384719849,-0.0047546220,0.0164545737,-0.0344757885,-0.0429141819,-0.0112057589,-0.0454984978
7.2487182617,-0.0125566320,0.0252875201,-0.0423261374,0.0049528629,0.0039555510,-0.0624904670
7.2588391304,-0.0077952337,0.0228738002,-0.0296130627,0.0347914547,0.0084813274,-0.0593103841
7.2688441277,-0.0011145067,0.0139452927,-0.0081388205,0.0614238083,0.0129310694,-0.0635625198
7.2788071632,-0.0012998772,0.0062242262,0.0006601368,0.0944893435,0.0142187085,-0.0731264651
7.2889652252,-0.0015036059,0.0095083974,0.0084427148,0.1136862934,0.0154406335,-0.0741925910
7.2990827560,0.0022375989,0.0147023611,0.0084429532,0.1041812003,0.0058492585,-0.0678241774
7.3091139793,-0.0046782685,0.0140036009,0.0141899735,0.1054294258,-0.0121784769,-0.0678334981
7.3189549446,0.0041858363,0.0237888210,0.0043362533,0.0905125290,-0.0132107195,-0.0434088483
7.3292512894,0.0042817402,0.0313761793,0.0090561658,0.0596253499,-0.0186744612,-0.0264157504
7.3393979073,0.0083114309,0.0315882228,0.0206476003,-0.0161157511,-0.0202103052,0.0022712871
7.3493881226,0.0143101616,0.0027733257,0.0246029645,-0.0909179002,-0.0090117790,0.0299027152
7.3592662811,0.0085050268,-0.0100470670,0.0227292329,-0.1283728778,0.0012858654,0.0320409685
7.3695287704,0.0094919009,-0.0056419112,0.0101999799,-0.1519808620,0.0149068031,0.0373644270
7.3796300888,0.0016012597,-0.0122241266,-0.0110363215,-0.1680346578,0.0201550946,0.0501127131
7.3896551132,-0.0082817273,-0.0235893615,-0.0283512324,-0.1350500882,0.0288435910,0.0363037549
7.3996272087,-0.0104577737,-0.0131027289,-0.0446732491,-0.0732498541,0.0377683789,0.0203655362
7.4097619057,-0.0263914652,0.0050647967,-0.0523548573,0.0324355140,0.0331989229,-0.0083318893
7.4198780060,-0.0041758609,0.0262087844,-0.0269074887,0.1093529314,0.0253681652,-0.0104789296
7.4299368858,-0.0024538827,0.0323715769,0.0061966931,0.1511066705,0.0118827168,-0.0189901255
7.4399919510,0.0052392292,0.0292046778,0.0266057998,0.1864050031,0.0036745877,-0.0232503843
7.4500331879,0.0208592825,0.0310045592,0.0333237201,0.1896924078,-0.0047501889,-0.0179470982
7.4601969719,0.0199295692,0.0372957699,0.0351000577,0.1236028671,-0.0115833282,-0.0009449460
7.4701828957,0.0210122876,0.0135988258,0.0252936631,0.0275515411,-0.0101549411,0.0213780701
7.4800791740,0.0142646832,0.0074724965,0.0194210559,-0.0577990413,-0.0118439179,0.0394494832
7.4903521538,0.0114611788,-0.0023852477,0.0145762721,-0.1271947622,-0.0092595201,0.0405298583
7.5004682541,0.0047097015,-0.0098255016,-0.0018857564,-0.1646358818,-0.0011808209,0.0278018136
7.5105133057,-0.0079778032,-0.0008373449,-0.0173881501,-0.1765021235,0.0102491993,0.0065745562
7.5205311775,-0.0187853165,0.0151261799,-0.0318908542,-0.1584333777,0.0166628901,-0.0104156127
7.5307641029,-0.0150451260,0.0217023604,-0.0316746682,-0.1243790314,0.0253455285,-0.0263471082
7.5407791138,-0.0182311125,0.0182018839,-0.0275820941,-0.0411424600,0.0248800088,-0.0465426557
7.5507731438,-0.0019163680,0.0312615000,-0.0118344277,0.0559353009,0.0277398452,-0.0635550618
7.5605931282,0.0085350676,0.0294801556,0.0038834368,0.1114339754,0.0271289125,-0.0688784570
7.5709519386,0.0160143785,0.0066985302,0.0205808431,0.1445008516,0.0296084508,-0.0582669564
7.5809402466,0.0274138264,0.0162052624,0.0362304598,0.1797043830,0.0321626887,-0.0391622409
7.5910120010,0.0261103921,0.0140233599,0.0430894643,0.1753788292,0.0385956876,-0.0232313424
7.6009922028,0.0178841762,-0.0099892057,0.0325449258,0.1079670191,0.0572242327,-0.0051543382
7.6111769676,0.0066358852,-0.0097678788,0.0133181363,-0.0127189150,0.0679854006,0.0171814598
7.6212472916,-0.0046296907,-0.0201723017,-0.0038280929,-0.0821009204,0.0695361570,0.0225088485
7.6312522888,-0.0071081114,-0.0057303049,-0.0170731395,-0.1130043715,0.0638932511,0.0118942205
7.6410999298,-0.0095624523,-0.0019943307,-0.0244661421,-0.1246804744,0.0562044382,-0.0125280321
7.6514248848,-0.0070429039,-0.0001271556,-0.0318834037,-0.1277488321,0.0423000120,-0.0252754521
7.6615519524,-0.0014848900,0.0281582437,-0.0248436779,-0.1072741821,0.0222765021,-0.0316614434
7.6715478897,0.0091150207,0.0489875339,-0.0081560453,-0.0686679333,0.0034863022,-0.0359278284
7.6815118790,0.0179226808,0.0431114994,-0.0061688866,-0.0098682689,-0.0077967122,-0.0550607778
7.6916918755,0.0159798674,0.0378345959,-0.0052414383,0.0499033183,-0.0095002688,-0.0710041225
7.7017841339,0.0130712790,0.0407033674,-0.0063291634,0.0690727532,-0.0050400076,-0.0635741726
7.7118177414,0.0081785126,0.0299963169,-0.0064195241,0.0840610191,-0.0090773590,-0.0519002043
7.7218079567,0.0012880969,0.0165215395,-0.0055039371,0.1009918004,0.0048025032,-0.0614537634
7.7319560051,-0.0066932035,-0.0143569894,-0.0181401819,0.1125700623,0.0207704175,-0.0688801259
7.7420940399,-0.0108573632,-0.0188327916,-0.0278379172,0.1413921118,0.0199472345,-0.0710114539
7.7520880699,-0.0110447602,-0.0027501474,-0.0278983563,0.1500463188,0.0083507653,-0.0710194409
7.7621622086,-0.0063371253,-0.0130462982,-0.0113364309,0.0935252607,0.0047360570,-0.0614507012
7.7722611427,-0.0035850001,-0.0250776298,0.0101521760,-0.0046708426,0.0072209863,-0.0370033495
7.7822909355,-0.0018163514,-0.0224267282,0.0268252641,-0.0676639229,0.0110466173,-0.0168112591
7.7924270630,0.0019767690,-0.0018089453,0.0337625295,-0.1071554571,0.0118399728,-0.0051221140
7.8023500443,0.0087588234,0.0095236413,0.0105847279,-0.1574042439,0.0221780986,0.0203789845
7.8124933243,0.0066639590,-0.0000522027,-0.0018079127,-0.2150615156,0.0260573905,0.0416314118
7.8225970268,0.0103575392,-0.0050581433,-0.0043729986,-0.2161829770,0.0325387269,0.0607473142
7.8326320648,0.0042477655,0.0055174790,-0.0118698915,-0.1735670269,0.0403935872,0.0692352057
7.8425302505,-0.0039186669,-0.0017695019,-0.0164087266,-0.0872505158,0.0527711622,0.0617868789
7.8527650833,-0.0101607041,0.0036290248,-0.0278507918,0.0279845186,0.0535697117,0.0299044456
7.8628520966,-0.0115015106,0.0041990392,-0.0286548585,0.1070138216,0.0466662645,0.0043977546
7.8729290962,-0.0137973027,0.0045269839,-0.0227390975,0.1657830328,0.0374160409,-0.0285383575
7.8828849792,-0.0171013661,0.0209349506,-0.0149411410,0.2042108476,0.0354980305,-0.0487232506
7.8930702209,-0.0018004966,0.0337492637,0.0045725857,0.2032364458,0.0258838870,-0.0572218001
7.9031352997,0.0125812097,0.0298374556,0.0318777114,0.1500366032,0.0106607247,-0.0423507094
7.9131717682,0.0271138959,0.0290197693,0.0543050319,0.0700934082,0.0027491392,-0.0094184587
7.9231309891,0.0329963379,0.0234192871,0.0513774306,0.0082590692,-0.0018208451,0.0235107280
7.9333229065,0.0291114263,0.0124466531,0.0407012254,-0.0184972845,0.0065312274,0.0383867472
7.9434208870,0.0213054828,0.0165285282,0.0183465630,-0.0793864653,0.0135792829,0.0617653057
7.9534401894,0.0075228619,0.0025166085,0.0009860550,-0.1467687339,0.0289758816,0.0724085644
7.9632577896,0.0024493146,-0.0023601542,-0.0142945498,-0.1842556596,0.0424565375,0.0745484158
7.9735670090,-0.0104930596,-0.0094022490,-0.0402634591,-0.1981469393,0.0432853810,0.0575637706
7.9836440086,-0.0244565196,0.0101540200,-0.0546196550,-0.1469657719,0.0455986001,0.0182653666
7.9937720299,-0.0189591236,0.0092369877,-0.0494453162,-0.0604944825,0.0408065096,-0.0189222153
8.0036964417,-0.0134476619,0.0453028344,-0.0288542956,0.0303557962,0.0254829470,-0.0497451089
8.0138645172,-0.0068668914,0.0538851134,-0.0160962194,0.0645600781,0.0181473382,-0.0816122964
8.0240163803,0.0016867328,0.0113225840,-0.0062064375,0.0976863429,0.0130274091,-0.0975502506
8.0340290070,0.0123356385,0.0332728438,-0.0014098133,0.1363170892,-0.0078432504,-0.0954468846
8.0440282822,0.0201400928,0.0408586524,0.0179139525,0.1332376748,-0.0194799323,-0.0858957246
8.0541791916,0.0231676511,0.0119492374,0.0236526877,0.0596919023,-0.0262480229,-0.0487161987
8.0642166138,0.0174740963,-0.0062561370,0.0245105773,-0.0246128589,-0.0246061869,-0.0094074067
8.0742702484,0.0196079426,-0.0105728544,0.0264111310,-0.0577222891,-0.0204569809,0.0203331783
8.0841493607,0.0100361509,-0.0076369680,0.0126994411,-0.0887153596,-0.0153322602,0.0341469944
8.0944471359,-0.0005515409,-0.0157967247,-0.0077337469,-0.1251005232,-0.0049408711,0.0490252748
8.1044883728,-0.0044374061,-0.0240294226,-0.0173454732,-0.1305767894,0.0087778699,0.0447863229
8.1145324707,-0.0083926516,-0.0214853622,-0.0289003104,-0.1049834043,0.0099085812,0.0214224774
8.1244840622,-0.0172777362,-0.0175011940,-0.0404934734,-0.0634143949,0.0132335387,-0.0125639848
8.1347484589,-0.0096101360,-0.0031701664,-0.0325849503,-0.0260977037,0.0155720599,-0.0295621436
8.1447744370,-0.0098156529,0.0057479851,-0.0179120749,-0.0036965255,0.0156570151,-0.0465565734
8.1547985077,-0.0061097932,0.0245754831,0.0016204868,0.0038051726,0.0125321951,-0.0476217046
8.1647672653,-0.0004031254,0.0384453051,0.0172549039,-0.0100312801,0.0092834048,-0.0391254202
8.1749238968,0.0033766436,0.0298879854,0.0241596252,-0.0153655112,0.0092576388,-0.0359387510
8.1850223541,0.0022949385,0.0338682495,0.0251766592,-0.0153069217,0.0040218639,-0.0253233891
8.1950693130,0.0110329790,0.0299311690,0.0281883031,-0.0280997884,0.0040548872,-0.0030218118
8.2050189972,0.0061093378,0.0179739855,0.0262847692,-0.0366709083,0.0083351191,0.0139712859
8.2152318954,0.0021394896,0.0069467239,0.0176000148,-0.0132137854,0.0106829628,0.0171518996
8.2253007889,0.0049713063,0.0029044410,0.0108900219,0.0080446322,0.0193712600,0.0192744378
8.2353687286,-0.0009911847,-0.0000819454,-0.0114509305,0.0261421166,0.0237670057,0.0182100404
8.2453002930,0.0027570534,-0.0128264911,-0.0200430602,-0.0058887862,0.0256647747,0.0267135128
8.2555227280,-0.0042271209,-0.0141964890,-0.0238424391,-0.0346502066,0.0201017652,0.0256556384
8.2655477524,-0.0003721906,-0.0109525211,-0.0315373391,-0.0591073483,0.0114201251,0.0288429093
8.2756490707,-0.0033228588,-0.0048300065,-0.0275986642,-0.0568474680,-0.0013991999,0.0129110143
8.2853841782,-0.0061949086,0.0131752007,-0.0266790837,-0.0375864208,-0.0077428492,-0.0093948226
8.2958097458,-0.0002234770,0.0421432368,-0.0170312971,-0.0300031751,-0.0193686131,-0.0125887515
8.3058605194,0.0028547454,0.0458403490,-0.0015246118,-0.0417080373,-0.0226333812,-0.0094020134
8.3159465790,0.0078918738,0.0417255871,0.0101143271,-0.0278351530,-0.0225193985,-0.0104670115
8.3259315491,0.0168147497,0.0271854661,0.0130064050,0.0137088299,-0.0147219300,-0.0094118668
8.3360805511,0.0188714080,0.0235497467,0.0129377991,0.0297210850,-0.0145128705,0.0012021612
8.3461608887,0.0121069355,0.0053284131,0.0177552253,0.0222341418,-0.0124007184,0.0096995095
8.3562164307,0.0043659615,-0.0257514603,0.0128618032,0.0094092889,-0.0103272479,0.0192589927
8.3660163879,-0.0023485017,-0.0248651095,-0.0008613314,0.0169148762,-0.0133965407,0.0266881455
8.3763523102,0.0026885676,-0.0141979940,-0.0067802514,0.0382543057,-0.0132161118,0.0256200861
8.3864192963,-0.0020590019,-0.0151973255,-0.0136973113,0.0094407685,-0.0134816291,0.0235036723
8.3963727951,-0.0009474350,-0.0175270773,-0.0127695641,-0.0492577553,-0.0129134431,0.0267051905
8.4063673019,-0.0028292132,-0.0105194934,-0.0098582953,-0.0920009539,-0.0080435872,0.0171622857
8.4166183472,-0.0028113914,0.0021168848,-0.0068886722,-0.1177372709,0.0033141291,0.0033707065
8.4266185760,-0.0038523269,0.0117337964,-0.0096993297,-0.1349258423,0.0136711625,-0.0125467414
8.4366960526,0.0008452343,0.0233684294,0.0002053534,-0.1350524873,0.0263885558,-0.0146631552
8.4466648102,0.0054499912,0.0360747091,0.0014148508,-0.1084621698,0.0350749902,-0.0199745633
8.4568901062,0.0089697642,0.0345245115,0.0056153093,-0.0680322424,0.0470660031,-0.0252882354
8.4668865204,0.0085062189,0.0371512137,0.0068701659,-0.0403002128,0.0483347327,-0.0306036379
8.4769840240,0.0119575066,0.0256718062,0.0120437890,0.0322801992,0.0467632040,-0.0433641747
8.4869785309,0.0193462782,0.0373092405,0.0122347623,0.1165993363,0.0453083143,-0.0540043041
8.4971361160,0.0052853036,0.0475547723,0.0093498984,0.1572229415,0.0381863602,-0.0614500977
8.5071649551,0.0088569326,0.0170928501,0.0173012763,0.1530977041,0.0244183503,-0.0518997386
8.5173101425,0.0135173602,0.0165728442,0.0290053040,0.1254824996,0.0115213916,-0.0402206481
8.5271987915,0.0065594721,0.0136064254,0.0328748375,0.0604558289,0.0046421811,-0.0317131802
8.5373601913,0.0104301972,-0.0154526122,0.0222527534,-0.0303023048,0.0103184413,-0.0157589801
8.5474443436,0.0015815902,-0.0239099599,-0.0029632295,-0.1082255989,0.0117392391,-0.0189238805
8.5575695038,-0.0033518267,-0.0252872445,-0.0320326537,-0.1936510652,0.0163134839,-0.0167773720
8.5674753189,-0.0132828550,-0.0379343964,-0.0600142330,-0.2406947464,0.0243290663,-0.0263176151
8.5776891708,-0.0124790268,-0.0225252695,-0.0695105642,-0.2342600673,0.0211664289,-0.0316288881
8.5877017975,-0.0195244141,-0.0016409049,-0.0683720559,-0.1446239352,0.0207152888,-0.0581968501
8.5978384018,-0.0119672613,0.0332057588,-0.0487813801,0.0058371918,0.0207603630,-0.0900885388
8.6075534821,-0.0014585447,0.0790996775,-0.0118039697,0.1244024560,0.0100824200,-0.0964947715
8.6179761887,0.0149865551,0.0791582242,0.0251854211,0.1885713190,-0.0030669384,-0.0837773830
8.6279735565,0.0119666262,0.0456040464,0.0377546102,0.2451280802,-0.0025867703,-0.0859150961
8.6381111145,0.0119317574,0.0337891690,0.0375742465,0.2868569493,-0.0127992611,-0.0806211978
8.6480293274,0.0188020878,0.0105120800,0.0364043862,0.2889944017,-0.0127390735,-0.0742509142
8.6581802368,0.0099770827,-0.0036561380,0.0303741246,0.1789568067,0.0003303899,-0.0381163508
8.6682882309,0.0049668956,-0.0379567035,0.0372366458,-0.0356500372,0.0125684142,0.0107870111
8.6783008575,-0.0039798808,-0.0791612193,0.0316606909,-0.2001172751,0.0262432136,0.0501221642
8.6882896423,-0.0099816518,-0.0576172508,-0.0079892129,-0.3058583438,0.0348763838,0.0512151271
8.6984500885,-0.0257860608,-0.0456545241,-0.0485328287,-0.3869786561,0.0362961143,0.0522990339
8.7085437775,-0.0191071816,-0.0445926078,-0.0656153411,-0.3815689981,0.0289087705,0.0512321703
8.7185916901,-0.0143416720,0.0144547038,-0.0595688075,-0.2832512259,0.0148010086,0.0342118442
8.7284717560,-0.0046246839,0.0523013435,-0.0477461070,-0.1487067342,0.0063017961,0.0150610516
8.7387180328,0.0021465230,0.0586401187,-0.0272333473,0.0146452514,-0.0020079990,-0.0136532169
8.7488660812,0.0167930536,0.0840702876,0.0086974660,0.1609153748,-0.0093713738,-0.0370536149
8.7588386536,0.0295697860,0.0814592764,0.0348280817,0.2410227060,-0.0160915256,-0.0360163786
8.7688131332,0.0267417245,0.0422053002,0.0414516479,0.2612981498,-0.0159144253,-0.0360214412
8.7789878845,0.0180424862,0.0086722933,0.0412299782,0.2282405645,-0.0182905644,-0.0307054371
8.7890539169,0.0102471514,-0.0167982765,0.0381814986,0.1256151199,0.0000511573,-0.0094342381
8.7991542816,-0.0053995443,-0.0291571207,0.0196345001,-0.0302244592,0.0041608810,0.0160911623
8.8091754913,-0.0083871679,-0.0467487909,0.0071154390,-0.1359245181,0.0097287521,0.0352331661
8.8193244934,-0.0055120778,-0.0252710171,-0.0121766776,-0.2011252344,0.0197913069,0.0384398103
8.8293237686,-0.0095207887,-0.0130208917,-0.0256019682,-0.2395200282,0.0173406657,0.0395101346
8.8394680023,-0.0056854677,-0.0115505941,-0.0185606927,-0.2243964374,-0.0005383999,0.0437447615
8.8493814468,0.0012376714,0.0186654292,-0.0126657933,-0.1346899867,-0.0072724689,0.0299152322
8.8595962524,0.0033375430,0.0237896703,-0.0136771640,-0.0161429960,-0.0169934072,0.0075826291
8.8695945740,0.0093757315,0.0387081020,-0.0099076480,0.0724244192,-0.0162751526,-0.0009338937
8.8797321320,0.0026737857,0.0298005305,-0.0100653023,0.0873548165,-0.0150698721,0.0011865817
8.8896636963,0.0047254371,-0.0014891515,-0.0013543214,0.0648529753,-0.0056681144,0.0086295847
8.8996400833,-0.0030996990,-0.0039201863,0.0024745022,0.0434600152,-0.0005220883,0.0128850499
8.9097518921,-0.0070693684,0.0011803021,0.0044082557,0.0177530535,0.0088032372,0.0128962351
8.9197549820,-0.0022946191,-0.0163104124,0.0094027668,-0.0143481577,0.0169839356,0.0086612757
8.9306154251,-0.0082925754,-0.0011138509,-0.0012551392,-0.0367519744,0.0157075487,0.0054797973
8.9402360916,-0.0035613370,0.0111947767,-0.0001536454,-0.0314572901,0.0199548900,-0.0008884869
8.9501943588,0.0011427808,0.0254046284,0.0048331772,-0.0388962999,0.0166927837,-0.0030118250
8.9602069855,0.0078753037,0.0288734697,0.0078568021,-0.0463066250,0.0113771819,0.0054825270
8.9700870514,0.0107387109,0.0245522968,0.0021222983,-0.0420168042,0.0092924591,0.0054803961
8.9803428650,0.0126651330,0.0222390257,-0.0046391333,-0.0323936306,0.0073191905,0.0150306253
8.9904756546,0.0106854243,0.0247603171,-0.0094695529,-0.0441522859,0.0093525136,0.0171582233
9.0004749298,0.0135423942,0.0047593676,-0.0054418291,-0.0740396678,0.0101799574,0.0214136895
9.0104598999,0.0065978575,-0.0107108243,-0.0043396200,-0.1039608121,0.0141768306,0.0235468801
9.0206470490,-0.0013582897,-0.0215284564,-0.0100388369,-0.1179414764,0.0246092975,0.0150622502
9.0306358337,-0.0025295210,-0.0167818405,-0.0118080815,-0.1072973534,0.0267483480,0.0033808267
9.0407428741,-0.0027713967,-0.0069003887,-0.0116246184,-0.0742372200,0.0279881153,-0.0136163328
9.0507154465,0.0018800902,0.0180252902,-0.0134389838,-0.0229772273,0.0241291951,-0.0231874678
9.0609178543,0.0015868950,0.0348471515,-0.0035875286,0.0506311357,0.0256885439,-0.0455037579
9.0709495544,0.0110631986,0.0513466708,0.0159911066,0.1050680131,0.0239380486,-0.0614454374
9.0810947418,0.0107499762,0.0469270013,0.0267903358,0.1349345148,0.0252182297,-0.0678229108
9.0909910202,0.0114033623,0.0427079313,0.0356347114,0.1423106790,0.0348602012,-0.0635727718
9.1012191772,0.0139635606,0.0392725877,0.0260453969,0.1123353541,0.0453049876,-0.0486935601
9.1112155914,0.0095980568,0.0051121078,0.0204623491,0.0301499348,0.0479710810,-0.0178791881
9.1212987900,0.0052842307,-0.0134798922,0.0149054676,-0.0584212653,0.0484180897,0.0065645026
9.1312656403,-0.0000031186,-0.0358633138,-0.0052013840,-0.1235693768,0.0543540120,0.0278199892
9.1414928436,-0.0062036109,-0.0306392945,-0.0302163810,-0.1597145945,0.0414013267,0.0426885486
9.1515016556,-0.0112892585,-0.0245068856,-0.0436394662,-0.1253331751,0.0183436796,0.0405447073
9.1616296768,-0.0152647095,-0.0167333670,-0.0435705632,-0.0429868326,-0.0001951852,0.0160924271
9.1715354919,-0.0161671825,-0.0002993832,-0.0417005271,0.0403631851,-0.0123802125,-0.0115415966
9.1817264557,-0.0111407237,0.0188938193,-0.0301830024,0.1056069285,-0.0278508477,-0.0306787398
9.1917686462,0.0008192467,0.0280287229,-0.0128620714,0.1526202559,-0.0338621363,-0.0391880721
9.2018890381,0.0147807999,0.0423395298,0.0063449894,0.1569222361,-0.0369657166,-0.0328205191
9.2118110657,0.0189408474,0.0476798974,0.0197314173,0.1131326780,-0.0330346227,-0.0221894477
9.2220220566,0.0220507197,0.0145285539,0.0293708593,0.0446888208,-0.0187847801,-0.0232260153
9.2320003510,0.0123671694,0.0097624026,0.0137106925,-0.0323159471,-0.0012942050,-0.0040853452
9.2421579361,0.0074682641,0.0198847167,0.0010671173,-0.0847035199,0.0089415219,0.0086753238
9.2519006729,0.0034658718,-0.0064300336,-0.0055759992,-0.1263726652,0.0139107136,0.0129355825
9.2622919083,-0.0034865928,-0.0097122230,-0.0132245272,-0.1487761438,0.0126911197,0.0182471257
9.2722997665,-0.0015779925,-0.0110726543,-0.0218596905,-0.1230713055,0.0033380971,0.0139887296
9.2824258804,0.0072395015,-0.0071776845,-0.0198160857,-0.0685265735,-0.0078803357,0.0107858786
9.2922840118,0.0053855586,0.0030592342,-0.0120982965,-0.0150700081,-0.0181074068,-0.0019743908
9.3025388718,0.0064940858,0.0012999584,-0.0034314836,0.0415227227,-0.0219400283,-0.0147327296
9.3125696182,0.0115576191,0.0135672055,0.0119852582,0.0629499853,-0.0302485581,-0.0158041194
9.3226966858,0.0147294207,0.0200422369,0.0215419084,0.0629803166,-0.0333954133,-0.0104982369
9.3326253891,0.0120370788,-0.0017552117,0.0204154998,0.0501183160,-0.0282437969,-0.0168631915
9.3427753448,0.0053177285,-0.0012652765,0.0183343440,0.0339134857,-0.0082332715,-0.0179090817
9.3528537750,-0.0005429579,0.0115566514,0.0026951586,-0.0036261640,0.0105593260,-0.0147047658
9.3629331589,-0.0114394622,0.0103238486,-0.0108615011,-0.0581317246,0.0186063983,-0.0093777124
9.3728694916,-0.0155142145,0.0068142675,-0.0224073380,-0.0752622411,0.0237207338,-0.0157416016
9.3831138611,-0.0167336054,0.0082625113,-0.0319730490,-0.0486351289,0.0280798636,-0.0337965675
9.3931112289,-0.0091811018,0.0111441575,-0.0239875168,-0.0144731672,0.0261591915,-0.0486713871
9.4031505585,0.0042800116,0.0288646333,0.0004770313,0.0059902165,0.0084106196,-0.0316972658
9.4131612778,0.0090678735,0.0300818644,0.0170723349,0.0017882809,0.0020419369,-0.0263903849
9.4233140945,0.0139081879,0.0059961788,0.0268783718,0.0124866515,0.0000608778,-0.0189607646
9.4333620071,0.0217870884,0.0188419931,0.0239278823,0.0243283976,-0.0092886817,-0.0041032555
9.4434757233,0.0257982425,0.0013913473,0.0277912766,-0.0129515966,-0.0158833340,0.0107674366
9.4533472061,0.0142051382,-0.0253666826,0.0238676816,-0.0759553313,-0.0109966993,0.0309600551
9.4635763168,0.0084363623,-0.0343344845,0.0141533772,-0.1326388717,0.0024756326,0.0575259551
9.4737205505,-0.0061860275,-0.0352032222,-0.0111000985,-0.1892462224,0.0073351027,0.0649753511
9.4837799072,-0.0150285559,-0.0401485600,-0.0255683511,-0.1787162721,0.0211868025,0.0596705303
9.4937601089,-0.0219977684,-0.0047824718,-0.0371693224,-0.0944450721,0.0239066891,0.0384145118
9.5038795471,-0.0221880861,0.0404384248,-0.0390648693,0.0164914876,0.0278644785,0.0086586792
9.5139942169,-0.0145888524,0.0565446429,-0.0370274037,0.1093753502,0.0232457593,-0.0104795955
9.5240087509,-0.0109393196,0.0628694817,-0.0097177466,0.1851858646,0.0184918828,-0.0274901371
9.5340270996,-0.0013270569,0.0650682077,0.0126515180,0.2451565266,-0.0034264652,-0.0519376881
9.5441818237,0.0054817009,0.0289684199,0.0271887332,0.2835952342,-0.0063771140,-0.0678765699
9.5542411804,0.0142561598,0.0228468738,0.0367987305,0.2163528204,-0.0047384710,-0.0519316979
9.5642795563,0.0074236798,-0.0066814907,0.0357394367,0.0797717124,-0.0057791015,-0.0285380911
9.5740623474,0.0114061637,-0.0320249684,0.0318690687,-0.0972715095,-0.0144210588,0.0224689003
9.5844573975,0.0017930674,-0.0328267999,0.0201824456,-0.2307317704,-0.0069544874,0.0448060296
9.5944957733,0.0018790173,-0.0288012959,-0.0040073837,-0.3119917512,0.0082729347,0.0480196662
9.6045475006,-0.0030126167,-0.0039197095,-0.0165040940,-0.3461603224,0.0101248305,0.0522759967
9.6144847870,0.0057753730,0.0133566670,-0.0143460482,-0.2885311246,0.0094840731,0.0395194553
9.6247053146,0.0087169213,0.0316422991,-0.0249640793,-0.1508162767,0.0030458155,0.0065645026
9.6347522736,0.0087266965,0.0388754271,-0.0317569226,0.0156664401,0.0010399226,-0.0359507352
9.6448030472,0.0165197067,0.0477516912,-0.0230291337,0.1480174065,-0.0022561387,-0.0678398237
9.6547813416,0.0155529184,0.0371429734,-0.0124490708,0.2004004419,-0.0113761341,-0.0721048787
9.6649055481,0.0067646909,0.0152664594,0.0058927094,0.2462840080,-0.0110311881,-0.0806102827
9.6750545502,0.0067656445,0.0131521188,0.0057232534,0.2717763186,0.0008427820,-0.0837962180
9.6851100922,0.0027364898,0.0129001848,0.0007230793,0.2385756969,0.0122399796,-0.0816597641
9.6950407028,-0.0014431071,-0.0026714543,0.0017267619,0.1124478430,0.0324432515,-0.0688760579
9.7052421570,-0.0096830325,-0.0089598484,0.0028917943,-0.0435007699,0.0470856465,-0.0550239608
9.7153091431,-0.0121324854,0.0040378086,-0.0016614641,-0.1172130704,0.0549928360,-0.0454451032
9.7253780365,-0.0039019776,0.0274695419,-0.0003146376,-0.1172555611,0.0592510290,-0.0433196984
9.7353019714,0.0004807519,0.0518946312,0.0077929054,-0.1149593815,0.0433823206,-0.0390810110
9.7455139160,0.0079722805,0.0228887610,0.0091074854,-0.1094622612,0.0275630746,-0.0316584483
9.7555942535,0.0136970086,0.0134866796,0.0112252384,-0.0686455891,0.0013852679,-0.0327436887
9.7656297684,0.0147195859,0.0182329379,0.0053694998,0.0094040167,-0.0128097134,-0.0359553918
9.7757015228,0.0178326182,-0.0085084327,-0.0083207926,0.0607449710,-0.0240125656,-0.0327886268
9.7857828140,0.0102923913,-0.0213881321,-0.0260509104,0.0821454078,-0.0290687773,-0.0232404638
9.7958498001,0.0066612172,-0.0518205650,-0.0349747390,0.0576408654,-0.0323692337,-0.0083707040
9.8058853149,-0.0037691784,-0.0719437227,-0.0420015305,0.0257057846,-0.0400062464,0.0022511804
9.8158521652,-0.0063814116,-0.0592830367,-0.0412664860,0.0192353688,-0.0325451344,0.0160599370
9.8260555267,-0.0090275602,-0.0436957665,-0.0375740975,0.0149807017,-0.0336018763,0.0224312823
9.8361244202,-0.0049314094,-0.0311149098,-0.0123975724,-0.0096665872,-0.0231646821,0.0288135484
9.8461561203,0.0010724473,-0.0051406957,0.0108618289,-0.0236005895,-0.0169136450,0.0298827421
9.8560400009,0.0040798592,0.0246820562,0.0302496701,-0.0204466097,-0.0115044983,0.0415644310
9.8663187027,0.0128986044,0.0379879437,0.0400067121,-0.0141838407,0.0023521285,0.0426308289
9.8764266968,0.0109086437,0.0300103836,0.0410110503,-0.0077736126,0.0013055062,0.0362578854
9.8864927292,0.0157404356,0.0328168683,0.0391197950,0.0049374960,0.0109801050,0.0383832157
9.8962106705,0.0029837894,0.0211461596,0.0177143365,0.0166737810,0.0098554511,0.0128965015
9.9065923691,-0.0000602794,0.0095819645,0.0090382844,0.0123270759,0.0172180273,0.0086535523
9.9166278839,-0.0051048589,0.0135057084,-0.0025821174,-0.0037496286,0.0233680643,-0.0030190824
9.9267635345,-0.0072845411,-0.0021351019,-0.0063194479,-0.0262414608,0.0304811019,-0.0210598670
9.9366703033,-0.0055670929,-0.0090547837,-0.0071101631,-0.0241285097,0.0314222649,-0.0422959141
9.9468450546,-0.0078123999,0.0017801931,-0.0079570264,0.0035739038,0.0335453339,-0.0794659182
9.9570999146,-0.0052579236,0.0178144984,-0.0078016366,0.0173262022,0.0452959985,-0.0858343393
9.9671096802,0.0069534588,0.0329675339,0.0041460549,0.0182844866,0.0570374131,-0.0762712583
9.9770326614,0.0103540821,0.0411601327,0.0063735400,0.0022541210,0.0601913929,-0.0592768304
9.9872941971,0.0137063665,0.0190338604,0.0077175652,-0.0020307722,0.0623526163,-0.0475952029
9.9974288940,0.0141162081,0.0171982758,0.0080400258,-0.0159236826,0.0655667856,-0.0242304951
10.0072422028,0.0096903248,0.0198520832,0.0025007878,-0.0520855784,0.0548411682,0.0065649687
10.0171756744,0.0005513834,0.0056240372,-0.0167244524,-0.0529732108,0.0379735045,0.0246073510
10.0273933411,0.0014550495,0.0156259649,-0.0283264369,-0.0610521734,-0.0065247198,0.0458231606
10.0374841690,0.0006952094,0.0100202374,-0.0303374976,-0.0372871906,-0.0349598229,0.0468647219
10.0474967957,-0.0037298989,-0.0087686069,-0.0257000774,0.0174524356,-0.0664200112,0.0309097227
10.0575342178,0.0038192677,0.0078078322,-0.0183344930,0.0348114520,-0.0949525833,0.0255820695
10.0675687790,-0.0070187640,-0.0035374204,-0.0130669326,0.0531193018,-0.1130038872,-0.0009769703
10.0776977539,-0.0011426997,0.0067536347,-0.0195156187,0.0798214823,-0.1160577387,-0.0169122610
10.0878143311,-0.0050829244,0.0356231146,-0.0202090591,0.0508757979,-0.1036323607,-0.0253934972
10.0977430344,-0.0023859334,0.0135633908,-0.0060120667,-0.0208082404,-0.0850895718,-0.0147480434
10.1079683304,0.0079412265,-0.0131330825,0.0044866358,-0.0914900303,-0.0601639822,-0.0030383903
10.1179819107,0.0034262347,-0.0208844431,0.0091894418,-0.1141079813,-0.0390773378,0.0065340763
10.1281166077,0.0007722782,-0.0150890388,0.0051844870,-0.1003935859,-0.0229989663,0.0129088173
10.1380300522,0.0008783745,-0.0226747580,0.0022758995,-0.0632187873,-0.0057520699,0.0044136005
10.1483373642,-0.0040001464,-0.0104159601,-0.0045592631,-0.0228095539,0.0083465045,-0.0030220118
10.1583204269,-0.0051792455,0.0031670441,-0.0005864347,0.0090194829,0.0266147237,-0.0104535623
10.1683158875,-0.0045291972,0.0189975910,0.0209577829,0.0345582366,0.0342646539,-0.0104554268
10.1781959534,0.0038909125,0.0291860662,0.0318717510,0.0578646287,0.0514457710,-0.0104527632
10.1884584427,0.0053174305,0.0181180798,0.0341162235,0.0534982122,0.0609511249,-0.0115092397
10.1985120773,0.0125810308,0.0069374554,0.0354507118,0.0395515077,0.0682639033,-0.0104402471
10.2086544037,0.0100214882,-0.0092588849,0.0173193961,0.0330473483,0.0788375139,-0.0072466508
10.2184009552,0.0035154629,-0.0070437975,0.0010993038,0.0298390370,0.0799190253,0.0001872970
10.2287845612,0.0047823596,-0.0176736154,-0.0072245444,-0.0075164046,0.0807374790,0.0129381800
10.2387905121,0.0002475189,-0.0306981392,-0.0146052083,-0.0586714670,0.0739655942,0.0193185806
10.2488946915,-0.0042451215,-0.0305630155,-0.0152062625,-0.1023496538,0.0661352351,0.0161407627
10.2589254379,-0.0008120132,-0.0150565989,-0.0158434361,-0.0936954468,0.0545387678,0.0161327738
10.2689962387,0.0076570916,0.0202391110,-0.0137010058,-0.0412259772,0.0369587764,0.0161103383
10.2791023254,0.0035726833,0.0473445468,-0.0156048983,0.0219940040,0.0108936187,0.0022778786
10.2891197205,0.0123615665,0.0437647663,-0.0155712813,0.0445963070,-0.0080374619,-0.0019834456
10.2990369797,0.0105543537,0.0393749587,-0.0069368924,0.0448072255,-0.0292852279,-0.0062413076
