0.0000000000,0.0009345132,-0.0038655703,-0.0000966584,-0.0014838930,0.0011217523,-0.0010020176
0.0099880695,0.0019439774,0.0009642536,-0.0040125046,-0.0025073448,-0.0031177336,0.0011197228
0.0201050043,0.0019361692,0.0019493395,-0.0020875130,0.0007041600,-0.0041576982,0.0000565890
0.0301340818,0.0019591171,0.0010001952,0.0008340682,0.0049680145,-0.0041187499,0.0000538592
0.0401500463,0.0019873697,-0.0009071236,-0.0001546537,0.0039012851,-0.0041353274,-0.0010073439
0.0503050089,0.0010902601,0.0022594030,-0.0030002391,0.0199622773,0.0836009160,-0.2366869748
0.0606020689,-0.0116017144,-0.0055312221,-0.0098509584,0.1091019511,0.2151573300,-0.6847227812
0.0704160929,0.1332542002,-0.0031741862,-0.0553211980,0.1568742692,0.1482432783,-0.4331220090
0.0805400610,0.1176324785,0.0252232850,-0.0378837399,0.0642085969,0.0484409966,0.0074975276
0.0906070471,0.0383328497,0.0206290185,-0.0011015927,0.0047481973,0.0194173362,0.0297959093
0.1015400887,-0.0253393929,-0.0066229110,0.0046041217,-0.0014470611,-0.0031699981,-0.0084374966
0.1106899977,0.0157733280,-0.0066796546,-0.0030566847,-0.0025211135,-0.0020698463,-0.0010040816
0.1207300425,-0.0047644656,0.0000859494,-0.0031922257,-0.0067651281,-0.0041875923,0.0053667324
0.1308799982,0.0040439088,-0.0009357636,-0.0012526308,-0.0057432735,0.0000311213,0.0000595850
0.1409430504,-0.0008735341,-0.0009679800,0.0006708706,-0.0015060510,0.0032725213,0.0032451919
0.1509740353,0.0000797230,0.0009570117,0.0006889309,-0.0036626793,0.0053620376,0.0011231850
0.1610569954,0.0010527092,0.0009427065,-0.0012367164,-0.0015091393,0.0032522809,0.0000592521
0.1711630821,-0.0172085445,-0.0230872333,0.0044042077,0.0027268846,0.0064656511,-0.0010020176
0.1811910868,-0.0023111980,-0.0066842143,-0.0034301076,-0.0004703468,0.0064219753,-0.0031229588
0.1912790537,-0.0025651138,-0.0048437719,0.0017757619,-0.0004692813,0.0064358236,-0.0009993543
0.2013270855,-0.0020950716,-0.0062206690,0.0030912959,0.0017029531,0.0022049933,-0.0020652846
0.2114120722,-0.0008204264,-0.0017691558,-0.0017328059,0.0027812673,0.0011602351,-0.0010042812
0.2214640379,0.0018906313,-0.0002529030,-0.0021940863,0.0070960931,-0.0030407021,0.0000554571
0.2315350771,0.0013141352,-0.0030175750,-0.0015903508,0.0071397689,-0.0072708670,0.0021769311
0.2416090965,0.0014781671,-0.0038586562,0.0002555455,0.0049922485,-0.0062275734,0.0021770643
0.2517260313,-0.0002966207,-0.0026310985,0.0002025570,-0.0003854726,-0.0020232410,0.0032423290
0.2617260218,-0.0002555531,-0.0054937606,0.0001899208,-0.0046843989,0.0011077041,0.0011223195
0.2718000412,-0.0011787695,-0.0064601307,0.0010952557,-0.0100530656,0.0042302604,-0.0009983557
0.2818770409,-0.0009712261,-0.0072369878,0.0009804572,-0.0079306075,0.0053174295,0.0000628474
0.2919280529,-0.0000637454,-0.0014332837,-0.0028363860,-0.0025406359,0.0000728664,0.0021824571
0.3020780087,0.0007744151,0.0043316777,-0.0027209911,0.0038834950,-0.0020074621,0.0000565890
0.3120660782,-0.0002000016,0.0025281305,-0.0016587769,0.0071061864,-0.0041015055,0.0000547249
0.3221300840,-0.0011000318,0.0017203087,-0.0016349946,0.0103086643,-0.0040668179,0.0011159278
0.3321980238,-0.0000389499,0.0009015495,0.0022360887,0.0092196977,-0.0019610566,0.0000554571
0.3422660828,-0.0018475932,-0.0007936066,-0.0016327297,0.0081548318,-0.0019783005,-0.0010050802
0.3523190022,0.0002871472,-0.0034524505,-0.0006953274,0.0060216403,-0.0019830940,0.0011190571
0.3623970747,-0.0005227608,-0.0032074754,-0.0017010366,0.0039107390,-0.0041244752,0.0011192568
0.3725520372,0.0014137941,-0.0022058194,-0.0016505515,0.0038899668,-0.0019955439,0.0021821244
0.3825759888,0.0022906382,-0.0014295882,0.0002695526,0.0039381972,-0.0072987634,0.0021776636
0.3926090002,0.0022872407,-0.0015655464,-0.0017434155,0.0028929058,-0.0094231665,0.0032386670
0.4027450085,0.0013299304,-0.0016441053,-0.0018166696,0.0049994662,-0.0062159221,0.0043028663
0.4127390385,-0.0005706233,-0.0027001803,-0.0009772574,0.0028220657,-0.0019974755,0.0032437271
0.4227930307,-0.0005659146,-0.0036201482,0.0009802784,0.0038520433,0.0011895964,0.0021815919
0.4329440594,-0.0015159530,-0.0005954509,-0.0018800889,0.0080465227,0.0086608287,0.0032460573
0.4429310560,-0.0025427621,0.0024680491,-0.0036937988,0.0090297610,0.0171505865,0.0021889154
0.4530870914,-0.0046471041,0.0025787945,-0.0015136992,0.0121459262,0.0256665759,0.0021923776
0.4630860090,-0.0028409045,-0.0002815431,-0.0003175532,0.0089346338,0.0266993493,0.0021939755
0.4732160568,-0.0020548981,-0.0021683578,-0.0000526701,0.0067891912,0.0277347863,0.0011332384
0.4832220078,-0.0002698583,-0.0031028693,0.0001655425,0.0068444521,0.0224432871,0.0032545128
0.4932800531,0.0025829989,-0.0049830680,-0.0006558095,0.0025876556,0.0213588476,0.0053786500
0.5034639835,0.0045086462,-0.0020241444,-0.0015548264,0.0015172502,0.0213293508,0.0021929103
0.5134470463,0.0034540016,-0.0000704234,-0.0014713203,0.0047516599,0.0181881525,0.0043141181
0.5235420465,0.0013650971,-0.0001037424,-0.0003798996,0.0057640863,0.0234887768,0.0021927771
0.5335620642,0.0003121811,-0.0000911658,0.0006761159,0.0100421887,0.0224512089,0.0000675746
0.5436840057,-0.0007439536,0.0019152457,-0.0001656805,0.0089454725,0.0256382804,0.0021935094
0.5536950827,-0.0018284601,-0.0008927887,0.0019691193,0.0078037754,0.0330559835,0.0021975040
0.5638210773,-0.0010115785,-0.0047117476,0.0002587641,0.0024386505,0.0361772738,0.0000780941
0.5738070011,-0.0002333802,-0.0027053063,0.0015041436,-0.0007627346,0.0361493081,0.0000788930
0.5839509964,0.0014949160,-0.0036953990,-0.0021244083,-0.0028650621,0.0329547822,0.0011394303
0.5939600468,0.0012707430,-0.0037587886,-0.0028891361,-0.0082230745,0.0350163355,-0.0009817774
0.6040400267,0.0011080819,-0.0038148765,-0.0007889067,-0.0027936883,0.0255360156,0.0021961727
0.6140950918,0.0029751379,-0.0029017334,-0.0045968685,-0.0048533771,0.0180903506,0.0021929769
0.6243079901,0.0048519690,0.0018758470,-0.0055360589,-0.0005611340,0.0160047598,0.0021917117
0.6342220306,0.0028735120,0.0009112055,-0.0045484100,0.0026402520,0.0160327256,0.0021909128
0.6442880630,0.0018717366,0.0019628699,-0.0035117662,0.0037848791,0.0086282045,0.0043111886
0.6543490887,0.0028381664,0.0010218018,-0.0005476271,0.0037736939,0.0096822847,0.0032499188
0.6646560431,0.0027903635,-0.0018101340,0.0005265678,0.0016547758,0.0075437655,0.0032472559
0.6744480133,0.0017544347,-0.0008048122,-0.0003545677,0.0005876468,0.0075344443,0.0032475218
0.6845589876,0.0007158237,-0.0017577118,-0.0012459551,-0.0037412141,0.0138547914,0.0021914456
0.6946340799,0.0005889254,-0.0017583376,0.0008245910,-0.0058951788,0.0159789287,0.0053784503
0.7048580647,0.0003685075,-0.0047716205,0.0048975553,-0.0070100054,0.0201798659,0.0000709700
0.7148250341,-0.0007834715,-0.0038746004,0.0011469329,-0.0049087703,0.0233676694,-0.0020515693
0.7248300314,-0.0009190721,0.0019011194,-0.0035909212,-0.0005952492,0.0191671979,-0.0009922971
0.7349640131,0.0009284931,0.0009343321,-0.0015075003,0.0080163479,0.0118147433,-0.0009981560
0.7451530695,0.0018944460,0.0058691795,-0.0063075814,0.0156037752,0.0002159444,0.0000558567
0.7550930977,0.0038893539,0.0069103832,-0.0072620902,0.0200033169,-0.0124372663,0.0064192140
0.7651290894,0.0059355218,0.0021586413,-0.0072709117,0.0222494267,-0.0230092164,0.0096000936
0.7752610445,0.0060739834,-0.0026410227,-0.0064058695,0.0179819781,-0.0230326522,0.0117247635
0.7854250669,0.0052231271,-0.0065150564,-0.0065532718,0.0094471052,-0.0230866484,0.0149125000
0.7952950001,0.0023823101,-0.0055656736,-0.0018304383,0.0009111408,-0.0231473688,0.0170382373
0.8053430319,0.0014586168,-0.0057137911,-0.0010248219,-0.0055017499,-0.0221353676,0.0181021690
0.8155130148,0.0034560282,-0.0068787043,-0.0002151524,-0.0129934894,-0.0200855322,0.0170432962
0.8257030249,0.0024803597,-0.0042410796,-0.0013880526,-0.0161576960,-0.0243484527,0.0181016363
0.8356360197,0.0034725983,0.0013158018,-0.0025421178,-0.0128945261,-0.0307142083,0.0138504319
0.8456320763,0.0064431746,-0.0018148726,-0.0046570692,-0.0139713744,-0.0296628587,0.0138515634
0.8557680845,0.0055451114,-0.0019656424,-0.0038671885,-0.0160955116,-0.0307494290,0.0127897616
0.8659790754,0.0017115789,0.0008881087,-0.0040311608,-0.0150464391,-0.0286406036,0.0096068848
0.8758730888,-0.0011017007,0.0008371467,-0.0012966191,-0.0065738587,-0.0222069398,0.0085461475
0.8859070539,-0.0029623788,0.0037670727,0.0005198325,-0.0045095365,-0.0158556998,0.0032386007
0.8959749937,-0.0029024761,0.0018386537,0.0014449562,-0.0013715336,-0.0094547924,0.0043027997
0.9062640667,-0.0018959922,0.0009139473,0.0014503802,0.0028751157,-0.0072953016,0.0043025999
0.9161120653,0.0010160523,0.0047350223,0.0024011338,-0.0131525872,-0.0053061866,0.0053694621
0.9260070324,0.0009681898,-0.0042748158,-0.0025340114,-0.0461840406,-0.0097491387,0.0191790164
0.9360830784,-0.0020137709,-0.0097461650,-0.0096635018,-0.0887749121,-0.0184922963,0.0372360498
0.9466940165,-0.0059959572,-0.0195073485,-0.0160795245,-0.1366676241,-0.0304586124,0.0563550815
0.9565449953,-0.0011651200,-0.0170495808,-0.0140352044,-0.1781562120,-0.0423339158,0.0807810649
0.9666550159,-0.0032217782,-0.0159849823,-0.0112800393,-0.2101544440,-0.0424626097,0.1041501015
0.9765139818,-0.0033116620,-0.0210111439,-0.0145228896,-0.2419030517,-0.0680816844,0.1232577488
0.9865130186,-0.0044749063,-0.0254732072,-0.0160000715,-0.2953665555,-0.0567380190,0.1445127726
0.9966630936,-0.0018306059,-0.0371634960,-0.0108671580,-0.3433442116,-0.0601950698,0.1668210030
1.0067230463,-0.0031377356,-0.0315746963,-0.0126790199,-0.3860644698,-0.0573908910,0.1657705307
1.0167549849,-0.0025080722,-0.0271763504,-0.0175452027,-0.4222690761,-0.0638937950,0.1933832467
1.0267030001,0.0049686749,-0.0230592787,-0.0187222753,-0.4721145928,-0.0938661471,0.2199251801
1.0370850563,0.0075843651,-0.0447239578,-0.0270908866,-0.5220032930,-0.1196298301,0.2411609590
1.0469599962,0.0093375165,-0.0512510836,-0.0340198092,-0.5365798473,-0.1534358561,0.2836201489
1.0570940971,0.0041788537,-0.0217387378,-0.0225571785,-0.5301381946,-0.1576724201,0.2761837840
1.0671050549,-0.0068817418,-0.0005354589,-0.0137026105,-0.4370305836,-0.0809035376,0.2082438171
1.0772110224,-0.0081329029,-0.0048551266,-0.0188192520,-0.4702686965,-0.0664423108,0.1923324913
1.0871920586,-0.0017289204,0.0231969059,0.0142251458,-0.3945664763,-0.0606139861,0.1710802019
1.0972980261,-0.0195840281,0.0484949052,-0.0168910418,-0.3655920923,-0.0762496665,0.1753122360
1.1073880196,-0.0012612623,0.0553876758,-0.0274426136,-0.3213359416,-0.1244936213,0.2028836757
1.1175130606,-0.0042230766,0.0479338765,-0.0391416959,-0.3411975205,-0.1660706401,0.1996825486
1.1275210381,0.0058925468,0.0062993462,-0.0445159487,-0.4260196984,-0.2220291048,0.1933044046
1.1376370192,0.0091182906,-0.0245836675,-0.0448286943,-0.5006239414,-0.2310449779,0.2124312371
1.1476709843,0.0016156750,-0.0248674154,-0.0409171395,-0.5915610790,-0.2096886933,0.1922917515
1.1577010155,0.0017895418,-0.0528109372,-0.0390717797,-0.6922626495,-0.1724726111,0.1764089167
1.1677840948,-0.0109845679,-0.0511711836,-0.0240484271,-0.7998495698,-0.0888012052,0.1340058595
1.1778860092,-0.0163014214,-0.0537118614,-0.0166360531,-0.8795840740,-0.0154977050,0.0915907621
1.1879110336,-0.0011448545,-0.0427541733,-0.0256913695,-0.9587293863,-0.0028855065,0.0162289012
1.1979920864,0.0086614210,-0.0452184975,-0.0740753189,-1.0161514282,-0.0271394458,-0.0464147739
1.2081670761,0.0288268048,-0.0697439611,-0.1296768039,-1.1386486292,-0.0553540438,-0.1408965290
1.2181400061,0.0280645210,-0.0576075315,-0.1405584663,-0.7941873670,-0.1505103856,-0.3873689175
1.2281770706,-0.0239060204,-0.0000763541,-0.2119724005,-0.8692615032,-0.1104497835,-0.3268075585
1.2382839918,-0.0088921469,-0.0415225327,-0.1347216815,-1.2287634611,0.0881498605,-0.3064429164
1.2482900620,-0.0209598225,-0.1207078993,-0.0555121116,-1.5376627445,0.2390482277,-0.3466379046
1.2583850622,-0.0453778207,-0.0448041260,-0.0189019833,-1.6479356289,0.3802927136,-0.3433539569
1.2684650421,-0.0771336257,-0.0083329389,-0.0364466719,-1.6670057774,0.4748341441,-0.3018922806
1.2786210775,-0.0578726232,0.0054970081,-0.0598428063,-1.5889649391,0.5738285780,-0.1956827492
1.2886410952,-0.0363573134,0.0318395197,-0.0878543034,-4.6324911118,2.6511275768,-0.7237086892
1.2986640930,-0.1029237807,0.7915596962,0.4533502758,-3.1671931744,1.6047675610,-0.4272996783
1.3088250160,-0.0123436730,0.4451816976,0.1735136658,-2.0196764469,1.1410596371,-0.6646037102
1.3188270330,0.0897887051,-0.1369189918,0.1219158396,-1.4275646210,1.0898454189,-0.0361946262
1.3288609982,0.0305264313,0.0929675996,0.0680817589,-0.5190876722,0.7493386865,0.0642742589
1.3389240503,-0.0027195495,0.2141461074,-0.0805694833,-0.2882837951,0.7265180349,0.1608279645
1.3490040302,0.0877082646,0.2673126757,-0.1737736315,-0.1343533993,0.6071779132,0.3667192161
1.3590840101,0.0882947743,0.2409792244,-0.1558356136,-0.2301986963,0.2870358527,0.7052975297
1.3691420555,0.0417609513,0.2618723214,-0.1387783736,-0.4844128191,0.2152873725,0.9452912211
1.3792080879,-0.0298061054,0.1159527600,-0.1047308221,-0.8837093711,0.1320281774,1.0791376829
1.3892790079,0.0079636294,0.1098470986,-0.1508176774,-1.4533777237,0.1125277728,1.1302403212
1.3994060755,0.0159990508,0.0957215130,-0.1799663156,-2.9270384312,0.7223488092,0.9419187903
1.4095010757,-0.0586700737,0.2835749090,-0.0498828702,-3.3678219318,0.9370701313,0.9400148988
1.4195430279,-0.0951676071,0.1943819821,-0.1398748010,-3.7061512470,1.1564376354,1.0251543522
1.4296050072,-0.0175689142,0.0766269863,-0.1820397824,-3.7358815670,1.2510384321,1.0899780989
1.4396719933,0.0007493811,0.1435479820,-0.2082549185,-3.5439426899,1.2688319683,1.1207304001
1.4497420788,-0.0182312410,0.2110997140,-0.2444413155,-3.2233598232,1.2294378281,1.1588537693
1.4597910643,-0.0070923846,0.2036493719,-0.2961809337,-2.7787594795,1.1701191664,1.2298517227
1.4698040485,-0.0003969950,0.1740752161,-0.3223436177,-2.2015571594,1.1904159784,1.2913011312
1.4799250364,-0.0345415771,0.1907019913,-0.2946192920,-1.5681771040,1.2471024990,1.3251461983
1.4899780750,-0.0632519424,0.2212947309,-0.2757013142,-0.9668836594,1.3097932339,1.3462598324
1.5000410080,-0.0582562983,0.2139391601,-0.2553159893,-0.5190891027,1.3552949429,1.3780227900
1.5100660324,-0.0704157650,0.1807170212,-0.2291335911,-0.2279726118,1.3802791834,1.4023834467
1.5201929808,-0.0750665963,0.1248692572,-0.2258508652,-0.1510264426,1.3704233170,1.4151005745
1.5302420855,-0.0758906603,0.0846281946,-0.2435484380,-0.2361173332,1.3421405554,1.4225401878
1.5403060913,-0.0808377862,0.0362375081,-0.2763649523,-0.4671156704,1.3900220394,1.4268699884
1.5503489971,-0.1107068360,0.0173692405,-0.2571391761,-0.7946987152,1.4899407625,1.4047062397
1.5604510307,-0.1469588578,0.0239222348,-0.2201283425,-1.1205977201,1.6356406212,1.4037998915
1.5704380274,-0.1535173357,0.0394194424,-0.1815358251,-1.3811665773,1.7586165667,1.4102973938
1.5805810690,-0.1594710052,0.0641237795,-0.1624200195,-1.5406657457,1.8071433306,1.4177947044
1.5906140804,-0.1488752067,0.0886761844,-0.1768609732,-1.5992152691,1.7940713167,1.4443484545
1.6007300615,-0.1153041422,0.1009105146,-0.1971950978,-1.4899082184,1.8591070175,1.5080611706
1.6107810736,-0.1096814573,0.1034534872,-0.1427683681,-1.3065876961,1.7768815756,1.5079735518
1.6208430529,-0.1368189752,0.1664796770,-0.1315660924,-0.8985480070,1.6363303661,1.5375300646
1.6308799982,-0.0947492123,0.2271490395,-0.1776466817,-0.3018905520,1.5299648046,1.6753597260
1.6411290169,-0.0761138350,0.2176043689,-0.2713651359,0.1968931705,1.4955868721,1.7559125423
1.6511290073,-0.1374011487,0.2533125579,-0.2291602939,0.2014360577,1.4680320024,1.7548351288
1.6612650156,-0.2390394062,0.3172827661,-0.1275390238,-0.1064663678,1.5215183496,1.7453838587
1.6712590456,-0.2696783245,0.2644232213,-0.0819652453,-0.6064196825,1.6786174774,1.7731965780
1.6814039946,-0.2602494955,0.2248716652,-0.0062094722,-1.1386595964,1.8630927801,1.8116486073
1.6913970709,-0.2490299046,0.2005411088,0.0440602489,-1.5959118605,2.0232000351,1.9180240631
1.7015390396,-0.1951429099,0.2113815248,0.0485276170,-1.8869218826,2.1032621861,2.0561718941
1.7115280628,-0.1462572813,0.2573134005,0.0369090028,-1.9420189857,2.0706820488,2.1782772541
1.7216140032,-0.1459569782,0.3003191054,0.0171420779,-1.7681841850,1.8766309023,2.2906868458
1.7316960096,-0.1467070878,0.3146245778,-0.0560511164,-1.3895279169,1.5846478939,2.4061799049
1.7417310476,-0.1057285964,0.2811333239,-0.1634855717,-0.9491108060,1.3082314730,2.5482110977
1.7517859936,-0.0753526837,0.2400004566,-0.1893152446,-0.5721305013,1.0778025389,2.6679849625
1.7619249821,-0.0778924674,0.1908920705,-0.1492501944,-0.3584600389,0.9527732730,2.7347614765
1.7719360590,-0.1041503400,0.1537903249,-0.0613824539,-0.2800264955,0.9015672803,2.7506439686
1.7820659876,-0.1360430866,0.1311717331,0.0150053110,-0.2527709007,0.8433343768,2.7336192131
1.7920680046,-0.1700422764,0.1042688191,0.0194664206,-0.2213810235,0.6905702949,2.6963703632
1.8022130728,-0.1844251454,0.0866877735,-0.0552649312,-0.1320127994,0.5044526458,2.6739568710
1.8122110367,-0.1709398925,0.0710631907,-0.1393126696,0.0082196007,0.3572824001,2.6982698441
1.8222839832,-0.1847572029,0.0751822889,-0.1556863636,0.1616855860,0.2727225125,2.7056212425
1.8323370218,-0.2296865880,0.0960339606,-0.1346000880,0.3293270767,0.2635133564,2.6960179806
1.8424510956,-0.2566218376,0.1364000142,-0.0965109840,0.4880533218,0.2901031673,2.6556427479
1.8524600267,-0.2546477914,0.1640804708,-0.0763827935,0.6743245721,0.3371434212,2.6227023602
1.8625760078,-0.2375498116,0.1636482179,-0.0642958656,0.8927093744,0.3749414086,2.5939972401
1.8726199865,-0.2199959457,0.1526201665,-0.0524829440,1.0833264589,0.4145980775,2.5621149540
1.8827250004,-0.2088299096,0.1426125467,-0.0405387692,1.2218492031,0.4347486198,2.5376684666
1.8927390575,-0.2031072676,0.1266424358,-0.0435573868,1.2900964022,0.4395345747,2.5291583538
1.9028429985,-0.2185477018,0.1105194390,-0.0426764898,1.3196574450,0.4704400301,2.5100538731
1.9128850698,-0.2648488879,0.0959648788,-0.0316539221,1.3061045408,0.5421360135,2.4580659866
1.9229700565,-0.3076389730,0.0866107047,0.0172044244,1.2206919193,0.6469252706,2.3700106144
1.9331330061,-0.3125326633,0.0869143903,0.0810190067,1.0916577578,0.7386348844,2.2872691154
1.9431520700,-0.2834048569,0.0908581913,0.1208227500,0.9684942961,0.7785751224,2.2310450077
1.9531370401,-0.2545721829,0.0898018777,0.1272846609,0.9022021890,0.7883239388,2.1875324249
1.9634670019,-0.2504622638,0.0829132497,0.1309374124,0.8255649805,0.7650116682,2.1323266029
1.9733350277,-0.2543593943,0.0817892253,0.1592453867,0.7462509871,0.6897169352,2.0824046135
1.9833540916,-0.2456968129,0.0650586784,0.1590749174,0.6947131753,0.6138666272,2.0728235245
1.9935480356,-0.2452478707,0.0592048466,0.1461744457,0.6614600420,0.5244156122,2.0685410500
2.0038089752,-0.2676660717,0.0604098737,0.1439857632,0.6639128327,0.4913907945,2.0451643467
2.0135669708,-0.2711527050,0.0590640008,0.1768242270,0.6902304292,0.5265192389,2.0271246433
2.0236630440,-0.2518814504,0.0706968606,0.2065256983,0.7026189566,0.5679894686,2.0239567757
2.0336930752,-0.2440793812,0.0825814903,0.2366779000,0.6756967902,0.5909809470,2.0059244633
2.0437731743,-0.2642251551,0.0779298842,0.2632472813,0.6126040816,0.6019082069,1.9762153625
2.0538380146,-0.2760049999,0.0614053309,0.2949471772,0.4975694120,0.5773385763,1.9422539473
2.0639030933,-0.2704609334,0.0503630936,0.3066202700,0.3681983650,0.4932839274,1.9178234339
2.0739600658,-0.2347442806,0.0379814208,0.2841617763,0.2518877387,0.3850483000,1.9103668928
2.0840501785,-0.2091344297,0.0312521160,0.2693546116,0.1034926698,0.2828303277,1.8923028708
2.0941638947,-0.2063591182,0.0406702459,0.2813902199,-0.0674189404,0.1910125315,1.8721264601
2.1041240692,-0.1863973439,0.0380760729,0.2970041335,-0.2173413336,0.1355801523,1.8710750341
2.1143178940,-0.1729240119,0.0343575180,0.3072893322,-0.3428419232,0.0931704491,1.8817037344
2.1242940426,-0.1894508302,0.0227554142,0.3171291649,-0.4663598537,0.0655987412,1.8870303631
2.1374101639,-0.2183397710,0.0061118300,0.3363206089,-0.6120954752,0.0175621100,1.8753628731
2.1449799538,-0.2565730512,-0.0166465938,0.3639900982,-0.7258058190,-0.0312704109,1.8615639210
2.1546831131,-0.2904164493,-0.0423808396,0.3831799924,-0.7632601857,-0.1270406097,1.8700197935
2.1652331352,-0.3039290011,-0.0641939342,0.3392985761,-0.7010878921,-0.2613467276,1.8561334610
2.1753160954,-0.2843876183,-0.0703206360,0.2746095955,-0.6465019584,-0.3840402663,1.8433169127
2.1849720478,-0.2399445474,-0.0565191805,0.2648454010,-0.5932661295,-0.4768341184,1.8613076210
2.1945869923,-0.1923039854,-0.0655410588,0.2851491272,-0.6013624072,-0.5191975236,1.8846490383
2.2049829960,-0.1551927030,-0.0820302665,0.3242929280,-0.7071309090,-0.6110089421,1.9409054518
2.2149901390,-0.1332514584,-0.0917153955,0.3365869820,-0.8440867066,-0.6822378635,1.9409049749
2.2248680592,-0.1567985713,-0.0959618390,0.3692621291,-0.9213324785,-0.7499761581,1.9079749584
2.2348608971,-0.1492425501,-0.1112630069,0.3815368116,-0.9084546566,-0.8657855988,1.8675649166
2.2452869415,-0.1524761021,-0.1278951466,0.3631187975,-0.8365929723,-1.0108947754,1.8111988306
2.2551760674,-0.1967044175,-0.1332210898,0.3229609430,-0.6932439208,-1.1555253267,1.7325174809
2.2655260563,-0.2348792255,-0.1359542906,0.2732562721,-0.4846369028,-1.3178454638,1.6198326349
2.2751111984,-0.2384983599,-0.1214821637,0.2201330811,-0.2110204995,-1.4711018801,1.5081975460
2.2853989601,-0.2155961692,-0.0971824825,0.1847977787,0.0854865313,-1.5646127462,1.4156990051
2.2953810692,-0.1997172534,-0.0813378096,0.1751510054,0.3225686252,-1.5842069387,1.3476740122
2.3053159714,-0.1890865862,-0.0780396163,0.1826855689,0.4006516933,-1.6051411629,1.2871211767
2.3154160976,-0.1700958908,-0.0936311781,0.2214555889,0.3311381042,-1.5944981575,1.2223743200
2.3255639076,-0.1643064320,-0.1227914691,0.2615618408,0.1995308101,-1.5642161369,1.1608384848
2.3356099129,-0.1648701131,-0.1454441845,0.2678163350,0.0147753712,-1.5544902086,1.1099240780
2.3456060886,-0.1620697081,-0.1469181478,0.2705296576,-0.1559822559,-1.5562032461,1.0759890079
2.3557581902,-0.1696071923,-0.1464875638,0.2738009989,-0.3126364052,-1.5799860954,1.0558428764
2.3657720089,-0.1892738044,-0.1527689099,0.2653952539,-0.4165838361,-1.6446635723,1.0399099588
2.3758111000,-0.2092731297,-0.1490065455,0.2367651612,-0.4470632374,-1.6928454638,1.0144106150
2.3859581947,-0.2129651606,-0.1164496243,0.2085783631,-0.4025945663,-1.7659149170,0.9771999717
2.3959431648,-0.1775234640,-0.0955599844,0.1464809924,-0.2827610672,-1.9028524160,0.9707305431
2.4060831070,-0.1174943745,-0.0857127011,0.0839798674,-0.1445914805,-2.0574815273,0.9929159880
2.4161229134,-0.0947830975,-0.0728561580,0.0682897791,0.0301876962,-2.1374166012,1.0299940109
2.4261798859,-0.1135168970,-0.0675948858,0.0500303097,0.2264935672,-2.1302995682,1.0448129177
2.4362239838,-0.1399124563,-0.0644448698,0.0587353297,0.2866099179,-2.0598390102,1.0299679041
2.4463639259,-0.1712562144,-0.0482168198,0.1200123057,0.1256292909,-1.9747265577,0.9546635151
2.4563410282,-0.2152529061,-0.0419494212,0.1819340140,-0.1346034110,-1.8917838335,0.8422199488
2.4664812088,-0.2324295938,-0.0479007065,0.1250319630,-0.2684930265,-1.8478519917,0.7615791559
2.4764790535,-0.1905470788,-0.0374210179,0.0425278731,-0.2728053331,-1.8460866213,0.7127391696
2.4866042137,-0.1455043256,-0.0164038241,-0.0177942906,-0.2240066081,-1.8182309866,0.6883192658
2.4966211319,-0.1368410289,-0.0136370668,-0.0387874059,-0.1980714947,-1.7436716557,0.6968437433
2.5067329407,-0.1618894041,-0.0194522142,-0.0285779033,-0.2097846121,-1.6385593414,0.7223823667
2.5168180466,-0.1884852946,-0.0271200836,-0.0115316901,-0.2065993696,-1.5290374756,0.7532278895
2.5268790722,-0.1970514953,-0.0381712914,-0.0206094179,-0.0870902687,-1.4172313213,0.8158995509
2.5368981361,-0.1718294322,-0.0408362746,-0.0817944780,0.1298681945,-1.3361726999,0.9146333337
2.5470430851,-0.1303938925,-0.0287594497,-0.1354813427,0.3522663713,-1.2680684328,0.9719480276
2.5570340157,-0.1118834913,-0.0014367407,-0.1799849123,0.4731658101,-1.1892126799,1.0239843130
2.5671670437,-0.1067040265,0.0215410590,-0.1804388016,0.4101735353,-1.0804907084,1.0208691359
2.5771729946,-0.0974466503,0.0044366117,-0.1449102014,0.1749901921,-0.9375079870,0.9700348973
2.5873079300,-0.0783096254,-0.0474573970,-0.1028041616,-0.2084709108,-0.8022897243,0.9033064842
2.5973100662,-0.0696479976,-0.0787145495,-0.0736899152,-0.6364574432,-0.6971694827,0.8365728259
2.6074450016,-0.0663054883,-0.1065571308,-0.0971699134,-0.9125612378,-0.6258095503,0.7591672540
2.6174449921,-0.0641584694,-0.1131326258,-0.1543642730,-0.9982423186,-0.5994266272,0.6891238689
2.6275811195,-0.0640011728,-0.0724505484,-0.2108359188,-0.8905587196,-0.5925415158,0.6243302226
2.6375880241,-0.0766300261,-0.0388083458,-0.2526918352,-0.7157047391,-0.5786409974,0.5690793991
2.6477310658,-0.1021587551,-0.0168858171,-0.2556020319,-0.5645192266,-0.5470399261,0.4936690331
2.6576960087,-0.1231187284,-0.0147480676,-0.2362295240,-0.4317280054,-0.4900772870,0.4267698228
2.6678540707,-0.1113108099,-0.0401258171,-0.2228895277,-0.3120745718,-0.3967859447,0.4161680341
2.6778650284,-0.0622015893,-0.0571298301,-0.1964192241,-0.3249098659,-0.2864555717,0.4300312400
2.6880011559,-0.0199317615,-0.0758091211,-0.1562400311,-0.4885387421,-0.1456702203,0.4343903065
2.6979961395,0.0014618355,-0.1105765700,-0.0978476182,-0.7400240302,0.0282001086,0.4228601754
2.7081310749,0.0051750261,-0.1195740700,-0.0720204487,-1.0101910830,0.1475342363,0.3720220327
2.7181401253,0.0094132144,-0.0917032659,-0.0869722143,-1.1173701286,0.1896798164,0.3073016107
2.7282671928,0.0069243032,-0.0400071144,-0.1508285850,-0.9890286922,0.1585320085,0.2403601408
2.7382740974,0.0000310260,0.0344894230,-0.2259033173,-0.6704340577,0.1006108597,0.2062727958
2.7483420372,-0.0075260084,0.0901478231,-0.2690697610,-0.3222038746,0.0673676804,0.1743137985
2.7584030628,-0.0258799475,0.1043381989,-0.2571600378,-0.0735852495,0.0692913532,0.1360257417
2.7685279846,-0.0297493022,0.0907175541,-0.2119213194,0.0721980482,0.1095761880,0.0977840796
2.7785749435,-0.0213137548,0.0678832531,-0.1571161598,0.1258877516,0.1808471680,0.0532112867
2.7886390686,-0.0142926853,0.0634573102,-0.0910411850,0.0955207944,0.2282274663,0.0373156779
2.7986669540,-0.0008302612,0.0557050705,-0.0312134419,0.0297660641,0.2958327532,0.0787767023
2.8088030815,0.0070470888,0.0326561034,0.0085483994,0.0491200536,0.3931843340,0.1743823290
2.8189339638,0.0133464653,0.0171059370,0.0302801337,0.0572554283,0.4384307861,0.2678407431
2.8288979530,0.0204599220,0.0400614738,0.0449898429,0.0691967756,0.4219796360,0.3325992525
2.8389480114,0.0260217506,0.0604072809,0.0337348767,0.0913263634,0.3448446393,0.3527290225
2.8490400314,0.0283863861,0.0782496631,0.0192538705,0.1724534482,0.2361980528,0.3430979848
2.8591032028,0.0404382646,0.0869689584,0.0115114059,0.2782405019,0.1149028465,0.3132795393
2.8691649437,0.0378011763,0.0943016708,0.0095395055,0.3627319634,-0.0107887704,0.2887739241
2.8792340755,0.0155229885,0.1019054055,0.0034293139,0.3926117122,-0.1177807376,0.2759705484
2.8893110752,0.0085780937,0.0949719250,0.0184684601,0.3752082288,-0.1923132837,0.2600107491
2.8993911743,0.0187459309,0.0671955347,0.0310452785,0.2903375328,-0.2429897934,0.2504521310
2.9094629288,0.0262220223,0.0419203341,0.0494796224,0.1093102396,-0.2827566266,0.2526018023
2.9195930958,0.0308081228,0.0110923937,0.0814304575,-0.0786232874,-0.2727681994,0.2462842613
2.9295589924,0.0263645966,-0.0371270180,0.1051838621,-0.2561405599,-0.2371942103,0.2442235053
2.9396109581,0.0285290796,-0.0555537343,0.1148370728,-0.4026549160,-0.2077843249,0.2315329462
2.9497370720,0.0354907215,-0.0780425966,0.1145467982,-0.5052170157,-0.1994139999,0.1880294234
2.9597580433,0.0359585583,-0.0808893144,0.1007122025,-0.5187213421,-0.2403880805,0.1062554643
2.9699501991,0.0203662235,-0.0519128740,0.0657332763,-0.4186879992,-0.3240051866,0.0042555952
2.9799389839,0.0055411179,-0.0116296718,0.0118959751,-0.2470237762,-0.4196250737,-0.0818424076
2.9900040627,0.0049935896,0.0127401045,-0.0265123043,0.0260442458,-0.5116497874,-0.0777105093
3.0000281334,0.0185411293,0.0090710213,-0.0533484034,0.3588824272,-0.5994015336,0.0134755922
3.0100979805,0.0289559085,0.0420474410,-0.0694180503,0.4217761755,-0.4876376688,-0.0172767285
3.0202469826,-0.0186979454,0.0378184021,-0.0333582573,0.0166467745,-0.3244217932,-0.1551270783
3.0303070545,-0.0630706847,-0.1133040190,0.0249106493,-0.1897367537,-0.0632341355,-0.0169103444
3.0403120518,-0.0399131477,-0.1613899171,0.0316638537,-0.3664074838,0.2116121501,0.0607838519
3.0504341125,-0.0826855004,-0.0601239502,0.0325907655,-0.6430928707,0.3533775210,0.2042677701
3.0604970455,-0.0371268690,-0.0585306883,0.0488720126,-0.9094660282,0.4204577506,0.2712625265
3.0705060959,-0.0190323275,-0.0613701940,0.0393472500,-1.0437772274,0.4056010544,0.2882779837
3.0805649757,0.0024558622,-0.0038600867,0.0290641990,-0.9085012674,0.3238583505,0.2637811005
3.0906791687,0.0267408211,0.0376232564,0.0245889630,-0.5819122195,0.2128484398,0.2137381881
3.1007571220,0.0178444702,0.1001987159,0.0300546493,-0.1503615379,0.0645205006,0.1583417654
3.1108059883,0.0141588766,0.1355268359,0.0227093901,0.3134388924,-0.1056211442,0.1315940320
3.1209878922,0.0132949669,0.1467065215,-0.0007722174,0.8937721848,-0.1862163842,0.1749393940
3.1311359406,-0.0106446426,0.1327164173,-0.0273432527,1.4061840773,-0.1972626448,0.2353263050
3.1411218643,-0.0397599638,0.1084100008,-0.0431930833,1.6941380501,-0.1741713136,0.2989725173
3.1512389183,-0.0544386804,0.0561514199,-0.0436463766,1.6543724537,-0.1469924152,0.2894399762
3.1612601280,-0.0840408504,-0.0110278139,-0.0349470191,1.3956302404,-0.1017954424,0.2449343801
3.1713681221,-0.0923288763,-0.0773384571,-0.0375463776,0.9523820281,-0.0699496269,0.1898492873
3.1813969612,-0.0774026811,-0.1236075163,-0.0328799300,0.3701988459,-0.0179549363,0.1560434550
3.1915390491,-0.0668828785,-0.1579502225,-0.0153077040,-0.1855283231,0.0576958843,0.1349863708
3.2016091347,-0.0521347821,-0.1655010879,-0.0112325940,-0.4830401540,0.1412120759,0.1605868191
3.2116770744,-0.0373243392,-0.1209156811,-0.0482960157,-0.5540152788,0.0898048133,0.1828769445
3.2218241692,-0.0140872877,-0.0138201723,-0.1113265529,-0.3982774615,-0.0085860696,0.1817276478
3.2318050861,-0.0045846384,0.0445263684,-0.1860728115,-0.1012622863,-0.1470691115,0.1890156567
3.2418041229,-0.0127100628,0.0851469636,-0.2305581421,0.2607218921,-0.2722380161,0.1984177530
3.2518930435,-0.0163044017,0.0924152732,-0.2342600077,0.5387612581,-0.3281697333,0.1983192116
3.2619829178,-0.0426809490,0.0489722788,-0.1814958304,0.6796162724,-0.2232685387,0.1494914144
3.2720119953,-0.0919862688,-0.0035465960,-0.1026931778,0.5683611035,0.0095631070,0.0423942581
3.2820780277,-0.1206401885,-0.0419742465,-0.0382168107,0.2700524330,0.2703392506,-0.0848147571
3.2922050953,-0.1101566255,-0.0971331894,0.0061128344,0.0058586025,0.5358108282,-0.1886713803
3.3022100925,-0.1090261638,-0.1243620515,-0.0135587249,-0.0940496996,0.7031472921,-0.2660737038
3.3122940063,-0.0926879346,-0.0941168368,-0.0894264951,-0.0516436547,0.7274800539,-0.3340274394
3.3223750591,-0.0801099837,-0.0492178500,-0.1867878288,0.0510219000,0.7036673427,-0.3807847202
3.3324398994,-0.0992018878,-0.0348849297,-0.2387462705,0.1816270351,0.6622259021,-0.4020745456
3.3425149918,-0.1250815690,-0.0332495570,-0.2379424423,0.2468187511,0.6520313025,-0.4254550338
3.3525290489,-0.1355132759,-0.0285384953,-0.2050973624,0.1962770224,0.6885483265,-0.4530307353
3.3626141548,-0.1212621629,-0.0470930636,-0.1592385620,0.0588865876,0.7646165490,-0.4826901555
3.3727030754,-0.1125523746,-0.0708800852,-0.1044099107,-0.1044781059,0.8776496649,-0.5038282275
3.3828170300,-0.1111847460,-0.0809319615,-0.0619956069,-0.2241915315,1.0016943216,-0.5217850208
3.3928389549,-0.1171284616,-0.0790207982,-0.0515093617,-0.2186233997,1.0844600201,-0.5291776657
3.4028849602,-0.1249340475,-0.0485782027,-0.0782660022,-0.0363999046,1.1115250587,-0.5281488299
3.4130890369,-0.1375565231,-0.0143824229,-0.1255044788,0.3241516054,1.1284755468,-0.5271700621
3.4232280254,-0.1641559899,0.0030103917,-0.1407130212,0.7045683861,1.1846240759,-0.5622772574
3.4333648682,-0.1883023083,0.0169529617,-0.1115140095,0.8011136055,1.2381209135,-0.6238593459
3.4431629181,-0.1812449396,0.0027557905,-0.0337483697,0.6656063199,1.3361002207,-0.7129682302
3.4532790184,-0.1874763668,-0.0725693107,0.0411157198,0.4585889280,1.4368516207,-0.7691406608
3.4633178711,-0.1801546514,-0.1012980044,0.0801114067,0.2703554630,1.4740998745,-0.8253483772
3.4734239578,-0.1587735116,-0.0986661613,0.0808804259,0.1383952945,1.4344917536,-0.8646212220
3.4834270477,-0.1670058668,-0.0794007778,0.0359918065,0.1390718669,1.3665325642,-0.8731500506
3.4935750961,-0.1971110404,-0.0560924411,0.0071099009,0.2348452657,1.2865873575,-0.8944503069
3.5033440590,-0.2315325439,-0.0244818032,0.0070402231,0.3528605998,1.2226490974,-0.9316751361
3.5134639740,-0.2596463859,-0.0130850980,0.0356832333,0.4204076827,1.1889865398,-0.9773665071
3.5234999657,-0.2433668077,-0.0388352275,0.0608637519,0.4440879822,1.1654478312,-1.0389685631
3.5340099335,-0.1494368017,-0.0721059144,0.0835186467,0.4119909108,1.1689074039,-1.1164706945
3.5438630581,-0.1054358184,-0.0681841373,0.1386889368,0.3741557300,1.2138798237,-1.1663440466
3.5538921356,-0.1023262441,-0.0621609688,0.1642251164,0.3517641425,1.2091215849,-1.2151834965
3.5639550686,-0.0898861587,-0.0478776693,0.1431638151,0.4076080322,1.1733930111,-1.2364509106
3.5740370750,-0.1024355590,-0.0148623297,0.0950333104,0.5518541932,1.1554495096,-1.2524235249
3.5841541290,-0.1333124340,0.0090217879,0.0744890198,0.6353409290,1.1306715012,-1.2588285208
3.5941929817,-0.1688874662,0.0249382555,0.0920395479,0.5180329680,1.1210404634,-1.2768540382
3.6042051315,-0.2122332752,0.0097196391,0.1570419222,0.2936932445,1.1434708834,-1.2789083719
3.6143059731,-0.2339752614,-0.0456743240,0.1942262203,0.0829570591,1.1925559044,-1.2798920870
3.6244058609,-0.2251781523,-0.0742275417,0.1996474415,-0.1423136145,1.1999996901,-1.3010671139
3.6344089508,-0.2218618691,-0.0605157912,0.2064672858,-0.3844096065,1.1817402840,-1.3360542059
3.6444921494,-0.2503858507,-0.0520694852,0.2098981291,-0.5135664344,1.1802263260,-1.3954844475
3.6545782089,-0.2763066590,-0.0452901423,0.1870784312,-0.4254510105,1.1169635057,-1.4518136978
3.6646661758,-0.2277232707,-0.0021718447,0.1142091975,-0.1324314177,0.9495452046,-1.4827623367
3.6746878624,-0.1770122945,0.0462713242,0.0485268421,0.2332964987,0.7690939307,-1.4946252108
3.6847691536,-0.1918625534,0.0562933385,0.0064548459,0.5230746269,0.6060045958,-1.5085840225
3.6948418617,-0.2118306458,0.0148127964,0.0092129316,0.6918351650,0.4842046499,-1.5373563766
3.7049469948,-0.2086052597,-0.0342096388,0.0338420458,0.7354130149,0.3930194080,-1.5851936340
3.7149682045,-0.2400932014,-0.0545271933,0.0752887353,0.6287747025,0.3822613060,-1.6276439428
3.7250399590,-0.2781829536,-0.0818744004,0.0995000228,0.3614383042,0.4326901138,-1.6721462011
3.7351520061,-0.2260531485,-0.1265592277,0.1188794598,0.0407942422,0.4761001766,-1.7453072071
3.7451519966,-0.1344564855,-0.1497130394,0.1127342209,-0.2158117890,0.5214005113,-1.7770733833
3.7552661896,-0.1219348013,-0.1117477119,0.0717412457,-0.3524998426,0.6346458197,-1.8014035225
3.7652831078,-0.1447863281,-0.0772364438,0.0574694462,-0.4475927651,0.7503416538,-1.8310514688
3.7754540443,-0.1540856659,-0.0479340851,0.0652041659,-0.5077618361,0.8961574435,-1.8447667360
3.7854170799,-0.1852241457,-0.0196523368,0.0799889788,-0.5003335476,1.1126656532,-1.8478463888
3.7955720425,-0.1923904717,-0.0143864462,0.1057809219,-0.4204709530,1.3424907923,-1.8583698273
3.8055250645,-0.1341783702,-0.0282858312,0.1481693536,-0.3354983330,1.4861565828,-1.9082248211
3.8157229424,-0.1127522290,-0.0141157219,0.1712018400,-0.2362268716,1.5874818563,-1.9612892866
3.8257060051,-0.1278819144,-0.0037643318,0.1591524035,0.0192619991,1.6475746632,-2.0377728939
3.8358030319,-0.1372686327,-0.0095701227,0.1473350674,0.3191075623,1.6463669538,-2.1365969181
3.8458251953,-0.1345923841,0.0527096987,0.1480232626,0.5410605073,1.5360734463,-2.2619998455
3.8559670448,-0.1197219193,0.0972177088,0.1437988430,0.6176645160,1.4480695724,-2.3544399738
3.8659839630,-0.1203924119,0.0788852274,0.1635285169,0.4558992386,1.3984028101,-2.4319357872
3.8761200905,-0.1054416001,0.0586067736,0.2254033238,0.1032229215,1.3388073444,-2.4743480682
3.8861188889,-0.0905917585,0.0459561646,0.2855273783,-0.2927847505,1.3448013067,-2.4891095161
3.8962621689,-0.1104191840,0.0335026085,0.3422063887,-0.6189807057,1.4141411781,-2.4836831093
3.9062550068,-0.1208934486,0.0275084674,0.3803055584,-0.8486803770,1.4398833513,-2.4591913223
3.9163990021,-0.1160003841,0.0381840169,0.3980984390,-0.8529712558,1.4419542551,-2.4613127708
3.9264700413,-0.0983969271,0.0571361482,0.3623832762,-0.6774214506,1.2855688334,-2.4327645302
3.9365310669,-0.0150212925,0.1121964753,0.2051484734,-0.2193050236,0.9430623055,-2.3608496189
3.9465188980,0.0700757802,0.1479379237,0.0659306869,0.3605251610,0.5952605009,-2.2879076004
3.9565510750,0.0742962658,0.1984467208,0.0276699867,0.7276842594,0.2762817442,-2.2286994457
3.9666671753,0.0367771089,0.2416671216,0.0846771225,0.8528895378,0.0314164087,-2.1959388256
3.9769001007,-0.0081177037,0.2145832479,0.1637990028,0.7762722969,-0.0965221226,-2.1864271164
3.9868831635,-0.0477006137,0.1642725170,0.2395842820,0.5738186240,-0.1279736459,-2.1821439266
3.9969110489,-0.0655142963,0.1187596619,0.3254366219,0.2698105276,-0.1422180980,-2.1693322659
4.0069408417,-0.0812316239,0.0758890808,0.4195303619,-0.0602253154,-0.1153351516,-2.1607403755
4.0170102119,-0.1024546921,0.0335239470,0.4672768414,-0.3352563679,-0.1463801563,-2.1596240997
4.0270719528,-0.1032578647,0.0238191187,0.4235574901,-0.3642453253,-0.2381913662,-2.2063825130
4.0371723175,-0.0823741257,0.0569801629,0.3864341080,-0.2502668202,-0.3291420341,-2.3126368523
4.0471949577,-0.0003353042,0.1400234401,0.3079451025,0.0158388522,-0.5807036757,-2.3563635349
4.0573420525,0.1718338430,0.2076803148,0.2104954273,0.3764295280,-0.8850989938,-2.3300621510
4.0673279762,0.2485048473,0.2372495830,0.1657036692,0.7223383188,-1.1065803766,-2.2612435818
4.0774760246,0.2176893055,0.2383670509,0.1539994627,0.9282078743,-1.3048796654,-2.1923778057
4.0874538422,0.1723443866,0.2301965654,0.1907365471,0.9874462485,-1.4609627724,-2.1245148182
4.0976061821,0.1114050746,0.2161422074,0.2131583840,0.9266388416,-1.5649346113,-2.0406692028
4.1076779366,0.0280048270,0.2179274857,0.1854560524,0.6608231664,-1.6589816809,-1.9503977299
4.1176662445,-0.0450607836,0.2352789938,0.1743106991,0.2928975821,-1.6795489788,-1.8451964855
4.1277427673,-0.1013179123,0.2183245122,0.1877645403,-0.0930869356,-1.6027438641,-1.7537447214
4.1378140450,-0.1515443027,0.1940951645,0.2129299790,-0.4051846564,-1.4470552206,-1.7058067322
4.1479430199,-0.1653872132,0.1929537356,0.2439797074,-0.5499602556,-1.2687455416,-1.6674559116
4.1579909325,-0.0870436132,0.1940442622,0.2556150258,-0.5169322491,-1.1534643173,-1.6068841219
4.1680717468,0.0385084450,0.1979091465,0.2630995214,-0.3408994079,-1.1440337896,-1.5357851982
4.1781339645,0.1375132203,0.1998135746,0.2149335891,-0.0918075591,-1.2900655270,-1.4828313589
4.1882519722,0.1794829965,0.2045466006,0.0496537872,0.2173955739,-1.5766918659,-1.4289007187
4.1982522011,0.2159641236,0.2106621563,-0.1087229028,0.4601424038,-1.8329116106,-1.3420227766
4.2083892822,0.2140582800,0.2026075423,-0.1603185385,0.5515067577,-1.9992202520,-1.2582468987
4.2183909416,0.1522475779,0.1719205081,-0.1380094141,0.4800264835,-2.1045057774,-1.1988205910
4.2285099030,0.0892497152,0.1469957530,-0.0842734948,0.2579056919,-2.0881452560,-1.1584064960
4.2386131287,0.0200434048,0.1292717159,-0.0032869373,-0.0260733105,-1.9729410410,-1.1731420755
4.2486481667,-0.0503818840,0.1000054777,0.0783838257,-0.3079718947,-1.7475446463,-1.2154296637
4.2586789131,-0.0969091579,0.0600846112,0.1557129771,-0.6415594220,-1.4758765697,-1.2523721457
4.2686491013,-0.1163032353,0.0530323088,0.1574927121,-0.9050617218,-1.2757785320,-1.2936155796
4.2788658142,-0.0683418736,0.0638627112,0.0718404874,-0.9662023187,-1.2432110310,-1.2617298365
4.2888588905,0.0427829325,0.1003269851,-0.0292571578,-0.8791382313,-1.3014703989,-1.2001969814
4.2989549637,0.0840096325,0.1463754475,-0.0896975175,-0.7218884230,-1.3359180689,-1.1609675884
4.3089780807,0.0552006215,0.1602979004,-0.0906118527,-0.5767998099,-1.3280150890,-1.1195895672
4.3190841675,0.0149147529,0.1486761272,-0.0488470010,-0.5207235217,-1.2762051821,-1.0601171255
4.3291492462,-0.0321459249,0.1362951696,0.0062958207,-0.5887734294,-1.1914893389,-0.9952881932
4.3391890526,-0.0916809291,0.1430783570,0.0434268899,-0.7492406368,-1.1512799263,-0.9601880312
4.3492989540,-0.1231820956,0.1388560832,0.0567764230,-0.8711577058,-1.1245758533,-0.9325374365
4.3593997955,-0.1161106229,0.1335106790,0.0594189949,-0.9384720325,-1.1130766869,-0.8688066602
4.3694739342,-0.0812563375,0.1553151906,0.0023670399,-0.8957681656,-1.2149519920,-0.7648119330
4.3794822693,-0.0207644906,0.1938540637,-0.1112869754,-0.7209412456,-1.3991745710,-0.6109874845
4.3895258904,0.0453852788,0.2409394681,-0.1995388120,-0.4365827739,-1.5442483425,-0.4582326114
4.3995580673,0.0536202788,0.2743684351,-0.2326903194,-0.1455621123,-1.6121770144,-0.3627785444
4.4096798897,0.0278409962,0.2765694559,-0.2070659250,0.0666008070,-1.5888664722,-0.3267198801
4.4197368622,0.0044135917,0.2492205799,-0.1340650767,0.1796639711,-1.4752781391,-0.3075794578
4.4298319817,-0.0069590118,0.1986832321,-0.0488468222,0.1446343809,-1.2801758051,-0.2819904089
4.4399080276,-0.0198513251,0.1527568400,0.0219536033,0.0159879886,-1.1169195175,-0.2956795692
4.4499001503,-0.0385740101,0.1229271591,0.0593100376,-0.1161497310,-1.0323815346,-0.3348897696
4.4600081444,-0.0423833355,0.0897992551,0.0661826357,-0.2472419739,-1.0505801439,-0.3465453684
4.4700679779,-0.0300972890,0.0669281185,0.0057046618,-0.3159468770,-1.2230920792,-0.3487373590
4.4801440239,-0.0174072664,0.0477313101,-0.0886609331,-0.3372990191,-1.4331750870,-0.3180446923
4.4901599884,0.0020706970,0.0432390869,-0.1463858932,-0.3194294274,-1.6162970066,-0.2735460401
4.5002813339,0.0154846925,0.0417185724,-0.1963022798,-0.2731404901,-1.7587324381,-0.2109828144
4.5103321075,0.0400309563,0.0471477807,-0.2158700079,-0.2490048856,-1.8195538521,-0.1324456632
4.5203871727,0.0528400540,0.0565551221,-0.1838431209,-0.2496493906,-1.7511649132,-0.0580854118
4.5304241180,0.0410729200,0.0435957611,-0.1206859127,-0.2771019638,-1.5654151440,-0.0123283751
4.5405521393,0.0177788753,0.0266465843,-0.0452112369,-0.3649058640,-1.3243143559,-0.0217418503
4.5506100655,0.0019224304,0.0153568676,0.0334438272,-0.4965803921,-1.0731593370,-0.0576836057
4.5606789589,0.0044959355,0.0067758854,0.0832457170,-0.5529884696,-0.8775292039,-0.0851783454
4.5707211494,0.0246278066,-0.0019022530,0.0912782773,-0.5378112197,-0.7957741618,-0.0978840217
4.5807447433,0.0467862785,0.0099055460,0.0936331972,-0.5097004771,-0.8327638507,-0.1127748191
4.5911550522,0.0545201004,0.0296238959,0.0865414366,-0.4307039380,-0.9414232969,-0.1213424131
4.6009879112,0.0499119312,0.0338909328,0.0527072139,-0.3366245925,-1.1709285975,-0.1320989132
4.6109857559,0.0404047668,0.0555892885,-0.0809942260,-0.1929061860,-1.5624364614,-0.1567540020
4.6211419106,0.0579432696,0.0824439228,-0.2253585309,-0.0025948305,-1.9139046669,-0.1240620911
4.6311721802,0.0800720453,0.1087902486,-0.2743965685,0.0819266364,-2.1441195011,-0.0679224655
4.6412029266,0.0546710342,0.1158917844,-0.2495900244,0.0763904527,-2.2264697552,0.0031783464
4.6512508392,0.0212745536,0.0859716833,-0.1849624962,0.0505370162,-2.0901978016,0.1073099449
4.6613988876,-0.0192634445,0.0626052320,-0.1194793954,-0.0160553250,-1.8314222097,0.1764730364
4.6713752747,-0.0645852834,0.0593932569,-0.0623248629,-0.1526324004,-1.5153185129,0.1809117198
4.6815233231,-0.0965542048,0.0647087991,-0.0195750389,-0.2935581207,-1.1931364536,0.1471308470
4.6915249825,-0.1022160947,0.0698745549,-0.0044219289,-0.3561548591,-0.9126651883,0.1207413897
4.7016701698,-0.0817391872,0.0681684911,-0.0093100462,-0.3228752017,-0.7192134857,0.1272003651
4.7116351128,-0.0527229458,0.0713909566,-0.0268932972,-0.2353099436,-0.6175966859,0.1346621364
4.7217969894,-0.0356302410,0.0689385235,-0.0307984147,-0.1404723823,-0.6029533148,0.1378307641
4.7318100929,-0.0254250150,0.0568948686,-0.0271037016,-0.0683799088,-0.6617372632,0.1388441026
4.7419428825,-0.0170777272,0.0381114185,-0.0201826487,-0.0501681529,-0.7751432061,0.1345356405
4.7519302368,-0.0142554026,0.0211730301,-0.0468465500,-0.0810034052,-0.9993742704,0.1238146797
4.7620129585,-0.0060787182,0.0060257609,-0.1132458225,-0.1179497018,-1.2522102594,0.1279449910
4.7720727921,0.0118826646,0.0006375010,-0.1445331424,-0.1835330874,-1.4160941839,0.1427441686
4.7822060585,-0.0025182944,-0.0086133787,-0.1369991750,-0.2895140946,-1.4902771711,0.1363632381
4.7922000885,-0.0385384560,-0.0159307420,-0.1006342545,-0.4231356978,-1.4680874348,0.1385328472
4.8023409843,-0.0582233965,-0.0223874748,-0.0575443320,-0.5340757966,-1.3660331964,0.1534771770
4.8123321533,-0.0674648881,-0.0240439475,-0.0226765070,-0.5632336736,-1.2251067162,0.1620493531
4.8224120140,-0.0738966167,0.0024685557,-0.0098715220,-0.5101278424,-1.0942248106,0.1472360492
4.8324937820,-0.0706067383,0.0378139317,-0.0067641530,-0.4129344523,-0.9957612157,0.1461980790
4.8425302505,-0.0596928149,0.0488934219,-0.0132741127,-0.3399097621,-0.9334414005,0.1674466431
4.8525857925,-0.0490779728,0.0376459658,-0.0191590581,-0.3188252747,-0.9065905213,0.1886898130
4.8626708984,-0.0415438712,0.0234434307,-0.0307882819,-0.3175882399,-0.9235641956,0.1876192242
4.8727269173,-0.0398545861,0.0112368753,-0.0405702405,-0.3313457072,-0.9354268312,0.1770000160
4.8828039169,-0.0302466433,-0.0048544114,-0.0536705665,-0.3948482573,-0.9891331792,0.1621241271
4.8928861618,-0.0311231446,-0.0142563293,-0.1134607568,-0.4793527126,-1.0769708157,0.1482980549
4.9029469490,-0.0174809229,-0.0178233683,-0.1616363972,-0.5921343565,-1.1096020937,0.1769789755
4.9130110741,-0.0162203591,-0.0329856575,-0.1671107262,-0.7155495882,-1.0381519794,0.2343831956
4.9231061935,-0.0323233455,-0.0607896745,-0.1552033275,-0.8559242487,-0.8724676371,0.2833443582
4.9331512451,-0.0528695285,-0.0613392889,-0.1315816492,-0.9606378078,-0.6461762786,0.3036582768
4.9432501793,-0.0607625842,-0.0384372175,-0.1012147442,-0.9493015409,-0.3947497010,0.2804214060
4.9532842636,-0.0642053336,-0.0124962041,-0.0938806310,-0.7893407345,-0.1742039919,0.2040416747
4.9634132385,-0.0570198148,0.0233068168,-0.0979040638,-0.5657206774,-0.0231827889,0.1201782003
4.9734172821,-0.0363650322,0.0620928109,-0.1092053428,-0.3466865420,0.0547907725,0.0681329146
4.9837441444,-0.0241318326,0.0581794679,-0.1090501323,-0.1516251713,0.0775850341,0.0479205847
4.9935398102,-0.0236348044,0.0231426060,-0.1010868326,0.0237670820,0.0420602635,0.0606012903
5.0036129951,-0.0145868938,-0.0003343528,-0.1030547395,0.1431579292,-0.0490462109,0.0860086456
5.0136790276,-0.0056484621,-0.0044426625,-0.1081572548,0.2054126710,-0.0845864937,0.0849131569
5.0237503052,-0.0144464504,-0.0230558813,-0.0983730331,-0.0146965273,-0.0577695295,0.0987858251
5.0338420868,-0.0613317043,-0.0639273226,-0.0807581916,-0.3235006928,-0.0225088745,0.0617182218
5.0438880920,-0.0882849842,-0.0939697325,-0.0656698719,-0.5434485078,-0.0139851617,0.0362951532
5.0539479256,-0.0679835677,-0.0529669821,-0.0642930046,-0.7342851162,-0.0349038281,0.0129733859
5.0640921593,-0.0584456027,-0.0011197036,-0.0558962636,-0.8775423765,-0.0083728824,0.0427533835
5.0740618706,-0.0683786273,-0.0124802301,-0.0400631242,-0.8124318719,0.1045113280,0.1808263063
5.0841503143,-0.0808550268,-0.0309161842,-0.0062346254,-0.4533648193,0.2796881795,0.3655756414
5.0942111015,-0.0900029689,0.0405155718,0.0255319085,0.1170827001,0.4458650053,0.5141658187
5.1042761803,-0.0689680427,0.1764833033,0.0380646177,0.7113079429,0.5801814795,0.6266327500
5.1143879890,-0.0395196378,0.2663861811,0.0224157777,1.2655711174,0.5401667356,0.5818758607
5.1244139671,-0.0334981829,0.2454469502,-0.0410140567,1.6581317186,0.3379668295,0.4531975091
5.1344919205,-0.0072055142,0.2043988407,-0.1152714267,1.6747429371,0.0629966408,0.4084610641
5.1445641518,0.0860118270,0.1785953939,-0.1090445295,1.4500470161,-0.2026299834,0.3298123181
5.1546239853,0.1162089556,0.1017443836,-0.0530780368,1.1886751652,-0.3220850527,0.2608037591
5.1646738052,0.0729550868,0.0338763893,0.0163464155,0.9009642601,-0.3719990849,0.1514865905
5.1747589111,0.0296276528,-0.0212314427,0.0848152265,0.6380933523,-0.3417328000,0.1006015763
5.1849002838,0.0383988619,-0.1037500203,0.0998708233,0.4768599272,-0.3324055970,0.1197595596
5.1948938370,0.0607715547,-0.1426700056,0.0824076161,0.3659838736,-0.3428064585,0.1378332376
5.2050399780,0.0606818050,-0.1213699877,0.0616101809,0.2584925592,-0.3735806048,0.1187327653
5.2150359154,0.0305466373,-0.1050036252,0.0253132787,0.2106106877,-0.3889571726,0.1028094664
5.2251758575,0.0239294488,-0.0992246568,0.0163499918,0.2584152222,-0.3673591912,0.0964373201
5.2351770401,0.0259329695,-0.0855741203,0.0162973609,0.3732573390,-0.2187733203,0.1102853641
5.2452478409,-0.0036359858,-0.0408234894,-0.0016296898,0.1943560243,-0.1597403586,-0.0351061933
5.2552957535,-0.0177517068,-0.0484210551,0.0157476868,0.0131517220,-0.0765607953,-0.0541302152
5.2654018402,0.0335062146,-0.1212998331,0.0154548492,-0.1142014414,-0.0392315313,-0.0169162694
5.2754340172,0.0443689972,-0.1272723973,-0.0064912830,-0.1968219429,0.0057854131,0.0001152451
5.2855739594,0.0396769196,-0.0486626327,-0.0074506793,-0.3623946607,0.0189523473,-0.0369990990
5.2955789566,0.0222578663,-0.0390971005,0.0065155234,-0.5356715918,0.0589945726,-0.0103901271
5.3056831360,0.0231404770,-0.1092830598,0.0213055220,-0.6352671981,0.0943264589,0.0087651918
5.3157062531,0.0210205782,-0.1095286310,0.0191463437,-0.5722604394,0.0906311348,0.0087486142
5.3258099556,0.0131454188,-0.0348801315,0.0076969471,-0.3172497451,0.0960280299,0.0065629575
5.3358173370,0.0141081531,0.0399018228,0.0013501848,0.0285748336,0.0904854536,-0.0052090129
5.3458957672,0.0065772701,0.1001925170,-0.0118407402,0.2400649786,0.0697245151,-0.0551776364
5.3560237885,-0.0132852774,0.1197629869,-0.0217867885,0.2744685411,0.0421669260,-0.0966105685
5.3660659790,-0.0221745651,0.0674315393,-0.0327271633,0.2095910162,0.0192341767,-0.1093471348
5.3761401176,-0.0191499721,0.0228312314,-0.0554740243,0.0787083656,-0.0190550201,-0.1103941575
5.3861932755,-0.0190011095,0.0375082791,-0.0662836805,-0.0609203726,-0.0373213775,-0.1209858134
5.3962898254,-0.0217270087,0.0385882556,-0.0685014501,-0.1429735571,-0.0497665294,-0.1294645965
5.4063239098,-0.0176404249,0.0104886582,-0.0653207079,-0.1719175875,-0.0361351371,-0.1156470403
5.4163880348,-0.0149665605,-0.0049624746,-0.0513725094,-0.1457129419,0.0143324286,-0.0593535416
5.4264731407,-0.0247525554,-0.0097948024,-0.0319004469,-0.0678421184,0.1279109120,0.0054531517
5.4365987778,-0.0576152653,-0.0088441679,-0.0190101657,0.0762225389,0.2389128059,0.0744881481
5.4466090202,-0.0860273987,0.0260013044,-0.0376021676,0.2099846005,0.3126024902,0.1307663321
5.4566669464,-0.0835066587,0.0928954780,-0.0668574348,0.2396648079,0.3342636228,0.1583763212
5.4667367935,-0.0724162310,0.1218726337,-0.0940757766,0.2331491262,0.3459341526,0.1668781936
5.4768762589,-0.0643979907,0.0993070304,-0.1223739758,0.2010924667,0.3510482609,0.1806935370
5.4868569374,-0.0506424904,0.0835499465,-0.1414412111,0.1412411183,0.3601237833,0.1881458610
5.4969182014,-0.0380397737,0.0678084791,-0.1476527303,0.0739453286,0.3659462631,0.1945345253
5.5070648193,-0.0382045358,0.0354034603,-0.1845553964,0.0516831614,0.3520751894,0.2125838250
5.5170650482,-0.0342955589,0.0291160047,-0.2576114833,0.0628101677,0.3076744378,0.2231778949
5.5271549225,-0.0355632007,0.0841254890,-0.3159630001,0.1129811928,0.3071207404,0.2337828577
5.5372152328,-0.0557938516,0.1334556043,-0.3257723153,0.2250695825,0.4122945666,0.2656611502
5.5473270416,-0.0835151523,0.1372558177,-0.3010294139,0.3436045051,0.6205897331,0.3188250363
5.5573282242,-0.1080955416,0.1401734650,-0.2566477358,0.4008801281,0.8718746901,0.3752121627
5.5674219131,-0.1254669875,0.1382119954,-0.2127581090,0.3845930398,1.1138492823,0.4040057361
5.5774579048,-0.1216891259,0.1148478687,-0.1777881235,0.3206659257,1.3159955740,0.4094313085
5.5875411034,-0.1032543480,0.0817050636,-0.1646665186,0.2756134868,1.4438493252,0.3872088492
5.5976610184,-0.0865879804,0.0718543231,-0.1703244895,0.2758145630,1.5285589695,0.3596443236
5.6076750755,-0.0815149546,0.0746915042,-0.1806973070,0.3235466480,1.5564121008,0.3362865448
5.6177082062,-0.0840556771,0.0795342624,-0.2051936239,0.3956931531,1.4911161661,0.3149992824
5.6277871132,-0.0825024694,0.0892906487,-0.2455302328,0.4959364235,1.3922349215,0.3128008544
5.6379408836,-0.0713432133,0.0875991285,-0.2624880970,0.5890942216,1.3623946905,0.3308127224
5.6479349136,-0.0801162720,0.0677067339,-0.2282675356,0.6142488718,1.4082622528,0.3340146542
5.6580080986,-0.1116646379,0.0421091020,-0.1651244611,0.5460745692,1.5021103621,0.3351414800
5.6680750847,-0.1189672202,0.0135184815,-0.1010937467,0.3934770823,1.6068871021,0.3352325857
5.6782040596,-0.1146574765,-0.0191309750,-0.0445959382,0.2130486965,1.7187812328,0.3247142732
5.6882061958,-0.1161731780,-0.0529769957,-0.0072515402,0.0903888196,1.8161773682,0.2918783128
5.6982769966,-0.1192744672,-0.0616981685,0.0115182605,0.0323981196,1.8493076563,0.2430667132
5.7083988190,-0.1150610000,-0.0247012675,0.0320003219,0.0791472495,1.8674502373,0.1963447481
5.7184729576,-0.1075786799,0.0065954025,0.0532512851,0.1890812218,1.8650110960,0.1634013802
5.7284951210,-0.1073532403,0.0272173584,0.0193129983,0.3655156493,1.7219386101,0.1165659577
5.7386250496,-0.0721862391,0.0624925196,-0.0885144249,0.6050710678,1.4598251581,0.1174359396
5.7486281395,0.0049587507,0.1157861054,-0.1482063383,0.8279150724,1.2699760199,0.1576329023
5.7586560249,0.0149590094,0.1512619555,-0.1106413379,1.0084557533,1.2537223101,0.1894325018
5.7688369751,-0.0430650860,0.1395561993,-0.0309992228,1.1004394293,1.3405576944,0.2021941096
5.7788128853,-0.0810481608,0.1134841740,0.0510202833,1.0885955095,1.4583532810,0.2203067988
5.7888941765,-0.0814140961,0.0864374340,0.1237924919,0.9988446236,1.5765920877,0.2479954213
5.7989602089,-0.0715400279,0.0524613559,0.1808171421,0.8730254173,1.6721153259,0.2576310635
5.8089928627,-0.0697575957,0.0221481621,0.2217877060,0.7400159240,1.7388153076,0.2502655685
5.8190908432,-0.0709927008,0.0080806902,0.2551607788,0.5445797443,1.7518932819,0.2397047281
5.8291692734,-0.0770305991,0.0139748147,0.2639896572,0.3618469834,1.6697022915,0.2471426725
5.8392438889,-0.0779859275,0.0116437962,0.2140567452,0.2841915786,1.5397577286,0.2757653892
5.8492980003,-0.0656742752,0.0121891191,0.1607241184,0.2629515231,1.4288213253,0.3776480854
5.8593640327,-0.0730017722,0.0460416973,0.1656718403,0.3019061089,1.3821307421,0.4880430996
5.8694548607,-0.0972260088,0.0569196641,0.2119544894,0.3498123586,1.4002532959,0.5995289087
5.8795170784,-0.1145173684,0.0737384856,0.2609811723,0.2897577286,1.4318799973,0.6484025717
5.8895549774,-0.1282262951,0.0681025088,0.3158123791,0.1741445810,1.4669336081,0.6463258266
5.8996329308,-0.1271310598,0.0038397606,0.3499153554,0.0278589502,1.4729110003,0.6198205948
5.9102149010,-0.1139353216,-0.0607699454,0.3688359559,-0.1139125600,1.4545152187,0.5922406316
5.9245147705,-0.0835598409,-0.1004727185,0.3629743159,-0.2597794533,1.3118664026,0.5539814234
5.9301328659,-0.0351058766,-0.1135890782,0.2478729039,-0.3427952230,0.9669585824,0.4943694472
5.9406599998,0.0661470965,-0.0907699168,0.1107754335,-0.2669916153,0.7523357272,0.5122936368
5.9501543045,0.1047873646,-0.0284653604,0.0825978741,-0.1495917588,0.6450808644,0.5047776699
5.9599180222,0.0564613640,-0.0016916698,0.1118670925,-0.0405081511,0.6215177774,0.4877493978
5.9701619148,0.0267665703,-0.0310656726,0.1489463598,0.0243757740,0.6433341503,0.4919910133
5.9801950455,0.0293255318,-0.0525380075,0.1758775860,0.0772793889,0.6883144379,0.4845668674
5.9903287888,0.0291663278,-0.0593684614,0.1943399459,0.1120536178,0.7296687961,0.4336123466
6.0003290176,0.0197052229,-0.0711475909,0.2097155601,0.0660084337,0.7427765727,0.3900974095
6.0104007721,0.0190268476,-0.0907641947,0.2237338573,0.0541448556,0.7578396797,0.4378889203
6.0204129219,0.0331644863,-0.1267631352,0.2155552059,0.1038242877,0.8120617270,0.5504542589
6.0311470032,0.0481487662,-0.1351727545,0.2261559516,0.1393646896,0.8902958035,0.6216248870
6.0408539772,0.0225181449,-0.0831584632,0.2317204624,0.1870250404,0.9268741012,0.6343709230
6.0507369041,-0.0050003212,-0.0329478085,0.2243374139,0.2897511423,0.8990457058,0.6226511598
6.0607981682,-0.0058262330,-0.0028854315,0.2142985612,0.3981612921,0.8361451626,0.5949872136
6.0720672607,-0.0060518514,0.0166116655,0.2138052732,0.4278100133,0.7489098310,0.5206101537
6.0806961060,-0.0246929210,0.0077577527,0.2240095884,0.3650078773,0.6191452146,0.3942072093
6.0912570953,-0.0365902930,-0.0346619785,0.2172708064,0.2537194490,0.3211169243,0.2390639782
6.1008949280,-0.0149576794,-0.0643645823,0.0769492015,0.1700711399,-0.0661295876,0.1964198500
6.1112360954,0.1038140208,-0.0444494188,-0.0512869768,0.1383569837,-0.3034267128,0.2982408702
6.1211171150,0.1279256493,-0.0143935988,-0.0651169792,0.0445621908,-0.4184779823,0.3544828892
6.1311750412,0.0588205457,-0.0115947435,-0.0333604030,-0.0600542352,-0.4150851071,0.3640673459
6.1412210464,0.0158649553,-0.0147255370,-0.0003446733,-0.1057381257,-0.3283494711,0.3832344711
6.1513171196,0.0107897241,-0.0023629372,0.0283566918,-0.1249999702,-0.2171302885,0.3790477216
6.1614007950,-0.0001931918,0.0080135157,0.0538232513,-0.1124184579,-0.0899402499,0.3408855498
6.1714248657,-0.0179299098,-0.0030513112,0.0753118023,-0.0849604681,0.0426391028,0.2952874601
6.1814990044,-0.0296686273,-0.0160821378,0.0919946060,-0.0370617807,0.1596137136,0.2698488533
6.1916141510,-0.0283149611,-0.0259428322,0.1120504364,0.0805556625,0.3554514050,0.3665405214
6.2016429901,-0.0229023080,-0.0497347414,0.1086625084,0.2346304059,0.5394263268,0.5481624603
6.2116899490,-0.0376267731,-0.0284498036,0.0085166302,0.2918883562,0.5831384063,0.6660294533
6.2218098640,-0.0452740788,0.0563820302,-0.0749504343,0.3234542012,0.5255325437,0.7392555475
6.2318468094,-0.0444426835,0.1172407568,-0.1278049201,0.3684307337,0.5111738443,0.7551639676
6.2419099808,-0.0418047905,0.1239388287,-0.1385308355,0.3713957667,0.5345232487,0.7519893646
6.2520651817,-0.0692411065,0.1295530498,-0.1256283373,0.2952861190,0.5653799176,0.7042431235
6.2619719505,-0.0845048130,0.1154038608,-0.0973630324,0.1497591287,0.6009146571,0.6533317566
6.2721991539,-0.0856078267,0.0735567510,-0.0609896593,-0.0183617026,0.6530638933,0.5769509673
6.2822251320,-0.0791185498,0.0233660042,-0.0290260706,-0.1232609749,0.6779764295,0.4697481990
6.2923297882,-0.0477209091,-0.0125510404,-0.0419032983,0.0946196839,0.6535136700,0.3316467702
6.3023161888,0.0289868433,0.0267898142,-0.0639258996,0.5662453771,0.6570591927,0.2433991432
6.3124361038,0.0760498941,0.1858669221,-0.0690865293,1.2488452196,0.5894114375,0.1826694906
6.3224258423,0.0998609066,0.3182120621,-0.1360801309,1.9268060923,0.4552418292,0.1781821251
6.3325681686,0.1443260014,0.3474331796,-0.1861459464,2.4249031544,0.2741359770,0.2140663564
6.3425378799,0.1679538488,0.2870087922,-0.1857826561,2.6026067734,0.1180894524,0.2914550900
6.3526592255,0.1588098109,0.2003945410,-0.1558483094,2.4789075851,0.0072638672,0.3848694563
6.3627228737,0.1393126547,0.1276048124,-0.1278114170,2.1872916222,-0.0668240115,0.4794085324
6.3728609085,0.1293419898,0.0834284127,-0.1447179765,1.7995773554,-0.1388151050,0.5357463956
6.3828687668,0.1338282824,0.0596512854,-0.1673012823,1.3312121630,-0.1510319710,0.5910696387
6.3930177689,0.1335117519,0.0483684838,-0.1321024150,0.8373017907,-0.0614437610,0.6719365716
6.4030060768,0.1164811850,0.0435266793,-0.0927247182,0.4109051228,0.1060608178,0.7326529622
6.4130721092,0.1033700407,0.0432469547,-0.1020246521,0.1100302264,0.3127247691,0.7721191049
6.4231319427,0.1156882048,0.0616162121,-0.1413662881,-0.0878552347,0.4662428796,0.8221493363
6.4332070351,0.1459080279,0.0942328274,-0.1949968785,-0.1539104283,0.5623432994,0.8402646780
6.4447379112,0.1768121421,0.0968261063,-0.2478905767,-0.0620194301,0.6563346982,0.8116206527
6.4533338547,0.1686617732,0.1271611154,-0.2747340500,0.1368241459,0.7256218791,0.7563911676
6.4633941650,0.1341409087,0.2283941209,-0.2592205703,0.4273369610,0.8075476885,0.7266281843
6.4734792709,0.1002402902,0.3153569996,-0.2074158043,0.7527651191,0.9218745232,0.7372206450
6.4835991859,0.0706398785,0.3474095166,-0.1502889842,1.1092811823,1.0239198208,0.7754056454
6.4936089516,0.0501276851,0.3459849060,-0.1238939539,1.4034022093,1.0715878010,0.8571133018
6.5036678314,0.0531075001,0.3323939145,-0.0988995805,1.5188374519,1.0618240833,0.9951125383
6.5137410164,0.0805982649,0.3109985888,-0.1047928706,1.4791840315,0.9807765484,1.1490429640
6.5238370895,0.1239518523,0.2833857834,-0.0888573900,1.3117287159,0.8719264269,1.2785705328
6.5338749886,0.1490085721,0.2783032358,-0.0404197387,1.1059252024,0.8613123894,1.3911681175
6.5438961983,0.1215167940,0.2787473500,-0.0138665829,0.8461117148,0.9136629105,1.4687726498
6.5540733337,0.0816235840,0.2701074183,0.0054561105,0.6619003415,0.9825775027,1.5442415476
6.5640711784,0.0849569738,0.2627703846,0.0246121492,0.6603675485,1.0352699757,1.6536341906
6.5741791725,0.0952214301,0.3160201609,0.0729657635,0.8208616376,1.1062935591,1.7534379959
6.5842027664,0.0587817729,0.3863619268,0.1373173147,0.9932078719,1.1645219326,1.8277487755
6.5943508148,-0.0024900716,0.4113697112,0.1828028113,1.1593662500,1.2002812624,1.8818762302
6.6043410301,-0.0432234108,0.3636489213,0.1716818959,1.3154833317,1.1733902693,1.9423450232
6.6144418716,-0.0289850514,0.3182746470,0.1306646019,1.4701906443,1.0755106211,2.0208301544
6.6244859695,-0.0016998333,0.3063414395,0.0916286930,1.5238196850,0.9469944239,2.0929560661
6.6346211433,-0.0083805006,0.2922715247,0.0962527022,1.4196938276,0.9027875066,2.1248142719
6.6446151733,-0.0432078540,0.2431460917,0.1422634274,1.1689423323,0.8985666633,2.1386775970
6.6547012329,-0.0493263900,0.1912986934,0.2212780863,0.8137664199,0.8773841858,2.1323864460
6.6647319794,-0.0372194946,0.1470694840,0.2787815630,0.5133310556,0.8260188103,2.1430547237
6.6748900414,-0.0311325472,0.1137740910,0.2670866549,0.3703409135,0.7187501788,2.1568410397
6.6848812103,-0.0358792245,0.1241311729,0.2447198778,0.2863621116,0.5801357031,2.1663498878
6.6950187683,-0.0653918684,0.1560205519,0.2643002570,0.1931605339,0.5093238354,2.1716473103
6.7051181793,-0.1235977709,0.1379928291,0.2649512589,0.0599367246,0.4899345040,2.1430029869
6.7151761055,-0.1587025821,0.0933814347,0.2828947604,0.0366372615,0.4692449272,2.0930941105
6.7251472473,-0.1441114247,0.0663787425,0.3122285903,0.1929000765,0.4202686846,2.0208265781
6.7352952957,-0.1196635067,0.1185376346,0.3097236454,0.4264933765,0.3244183064,1.9793094397
6.7453789711,-0.1059461534,0.2046356797,0.2798534334,0.6574583054,0.1735957861,1.9728051424
6.7554430962,-0.0911507308,0.2128987908,0.2483324558,0.8012048006,-0.0066376338,1.9663077593
6.7654309273,-0.0862003863,0.1645087600,0.2408903986,0.8909497857,-0.1225250885,1.9736590385
6.7755589485,-0.0863678157,0.1138125360,0.2265856415,0.9166224003,-0.2323850095,2.0150077343
6.7855629921,-0.0692183077,0.0889329910,0.2314847857,0.8398645520,-0.3441734612,2.0606291294
6.7957010269,-0.0612114370,0.0699757636,0.2619009316,0.7017700672,-0.4067364335,2.0893015862
6.8056650162,-0.0849172771,0.0487456024,0.2939005196,0.5559150577,-0.4419657886,2.0893211365
6.8157839775,-0.1176483333,0.0374562144,0.3012702763,0.3952489495,-0.4924356341,2.0500502586
6.8257970810,-0.1369131505,0.0396429002,0.3172399104,0.1949827969,-0.5327648520,1.9916820526
6.8359479904,-0.1604582965,0.0543660820,0.3523364365,0.0775389969,-0.5309672356,1.9364991188
6.8459539413,-0.1922827661,0.0593291521,0.3451291621,0.0109558925,-0.4938407242,1.8611469269
6.8560581207,-0.1952733696,0.0712384135,0.3289833367,-0.0112854978,-0.5146387219,1.7931870222
6.8660941124,-0.1613575518,0.0826066732,0.3075833619,-0.0585005954,-0.5969422460,1.7644892931
6.8762397766,-0.1219604909,0.0780092776,0.3169324696,-0.1752503961,-0.6616900563,1.7549304962
6.8862333298,-0.1171877086,0.0551444441,0.3196486533,-0.3592042625,-0.7290986776,1.7528198957
6.8963680267,-0.1174829900,0.0292993486,0.2994854748,-0.5745913982,-0.8540118337,1.7613066435
6.9063682556,-0.1070557535,0.0084620705,0.2705459893,-0.7310295701,-1.0026561022,1.7941875458
6.9164810181,-0.1015532911,-0.0255479515,0.2290421277,-0.8524529338,-1.1320124865,1.8090189695
6.9265360832,-0.1049235761,-0.0515760481,0.1991940886,-1.0090866089,-1.2639989853,1.7930656672
6.9366359711,-0.1082861722,-0.0496389866,0.1848917156,-1.1689431667,-1.3951050043,1.7537541389
6.9466447830,-0.1136499941,-0.0520235300,0.1870148331,-1.3249173164,-1.4892259836,1.6857919693
6.9567222595,-0.1232039034,-0.0502549410,0.1865482479,-1.4452786446,-1.5173513889,1.6019264460
6.9667711258,-0.1383057535,-0.0343067348,0.1917421967,-1.4691861868,-1.4799909592,1.5053278208
6.9768600464,-0.1445076168,-0.0134183774,0.1877601892,-1.3524518013,-1.4202418327,1.3991481066
6.9868917465,-0.1340751946,0.0140112629,0.1707888991,-1.1440184116,-1.3522430658,1.2961343527
6.9971523285,-0.1375125349,0.0623380542,0.1542104036,-0.8749307394,-1.2643728256,1.2302783728
7.0070772171,-0.1656672657,0.1067131162,0.1204600558,-0.5846024156,-1.1656365395,1.1750401258
7.0171070099,-0.2018732131,0.1094323397,0.0667953715,-0.3109916449,-1.1008080244,1.1495198011
7.0271811485,-0.2255418599,0.0969096422,0.0148508754,-0.0810681731,-1.0415642262,1.1399362087
7.0372529030,-0.2268006504,0.0738210380,-0.0040638242,0.0651534870,-1.0435602665,1.1260946989
7.0474109650,-0.2022867501,0.0444313586,-0.0226956401,0.1187973469,-1.0717412233,1.1260669231
7.0574040413,-0.1755856574,0.0219430327,-0.0042387042,0.1007632241,-1.0837022066,1.1058913469
7.0674562454,-0.1720981896,-0.0040127044,0.0151193943,0.0730988160,-1.0948798656,1.0559879541
7.0775327682,-0.1779688299,-0.0101558277,-0.0035530124,0.0840028599,-1.1205484867,1.0103150606
7.0876359940,-0.1893260181,0.0096691241,-0.0231101308,0.1429630369,-1.1501387358,0.9497628808
7.0976309776,-0.2111815512,0.0099757602,-0.0299711023,0.1824095100,-1.1490789652,0.8966634274
7.1077299118,-0.2387835085,-0.0067270701,-0.0526181273,0.1297586560,-1.1158324480,0.8584681153
7.1177601814,-0.2598348558,-0.0193057954,-0.0660679713,0.0606400371,-1.0359588861,0.8330423832
7.1277489662,-0.2596946657,-0.0325185359,-0.0858987346,-0.0200370196,-0.9730250239,0.8288466930
7.1391382217,-0.2472170293,-0.0172977448,-0.0907125846,-0.1308167875,-0.8880783916,0.8236082792
7.1496973038,-0.2531641424,-0.0097377012,-0.0721436515,-0.2390557826,-0.7385353446,0.7950422168
7.1585998535,-0.2551417649,-0.0332612395,-0.0544938855,-0.3171742857,-0.6131755710,0.7600852847
7.1688351631,-0.2292153537,-0.0421342254,-0.0666463152,-0.3988608122,-0.5567358136,0.7378370166
7.1788511276,-0.2115614116,-0.0322750807,-0.0861739889,-0.4563736320,-0.4628905356,0.7240951061
7.1882429123,-0.2192949951,-0.0579539537,-0.0783185735,-0.5505878925,-0.3280102015,0.7061353326
7.1981840134,-0.2170421779,-0.0836036205,-0.0721359029,-0.6592073441,-0.2463041544,0.6892148852
7.2083601952,-0.2103633583,-0.0702741742,-0.0928649083,-0.7347579002,-0.1632476151,0.6722862720
7.2182431221,-0.2199665010,-0.0410373807,-0.1201220527,-0.7559499741,-0.0745843276,0.6288021803
7.2283921242,-0.2283085883,-0.0285941064,-0.1226077452,-0.7439003587,-0.0027114023,0.5693736672
7.2385029793,-0.2077723444,-0.0245420039,-0.1088116542,-0.8201719522,0.0428331792,0.4961516559
7.2485299110,-0.1876570284,-0.0224054158,-0.0768239275,-0.8858224750,0.0961454064,0.4611574411
7.2586050034,-0.1678847969,-0.0536701381,-0.0685184970,-0.8648900390,0.1365807205,0.4505543113
7.2686758041,-0.1295714676,-0.0711331367,-0.0798085704,-0.7708747387,0.1256549656,0.4388439953
7.2787661552,-0.0917135179,-0.0595949590,-0.0653018728,-0.5521929860,0.2386134714,0.3825695515
7.2888150215,-0.1270903051,-0.0087536583,-0.0851430669,-0.8694627881,0.2579345703,0.1904734671
7.2989063263,-0.1473804414,-0.0902816951,-0.0358154587,-0.7447115183,0.2696836293,0.1978802532
7.3090438843,-0.1222716868,-0.1674881577,-0.1197963730,-0.7674834132,0.3078969419,0.2308226228
7.3191971779,-0.1763074696,-0.0339566469,-0.0990342274,-0.5573146939,0.4258904159,0.3072777390
7.3292341232,-0.1516861022,-0.0430493653,-0.1124454513,-0.4404023290,0.4723730385,0.2817877233
7.3393030167,-0.1097745597,0.0070265527,-0.0784329548,-0.3306835890,0.4911831915,0.2531006932
7.3492918015,-0.1021749675,0.0479276180,-0.0651249662,-0.1973155290,0.4908867478,0.1914813519
7.3594579697,-0.1070951521,0.0281761587,-0.0495909862,-0.0044328915,0.4081982374,0.1075089499
7.3694982529,-0.0767053068,0.0150738349,-0.0445876531,0.2405259311,0.2434894443,0.0680781826
7.3795738220,-0.0558008850,0.0225042403,-0.0588816218,0.5496603847,0.0656787008,0.0487984940
7.3896512985,-0.0736684501,0.0283838511,-0.0759026781,0.8672997355,-0.1100383252,0.0135897081
7.3996739388,-0.1020049751,0.0548931658,-0.0810161605,1.1516700983,-0.2669334114,-0.0194766317
7.4097881317,-0.0972477496,0.0790785849,-0.0794694200,1.3286902905,-0.3599086106,-0.0323088095
7.4198551178,-0.0823653042,0.0779541433,-0.0805346742,1.2546198368,-0.4255592823,-0.0747947469
7.4298701286,-0.0870032012,0.0537650883,-0.0669508353,1.0004431009,-0.4099971056,-0.1140087321
7.4399380684,-0.0723739564,-0.0328180194,-0.0670246258,0.6978172660,-0.3512352407,-0.1351385117
7.4500389099,-0.0222626012,-0.1427579820,-0.0675385371,0.4331140220,-0.2409739643,-0.1201513112
7.4601182938,0.0261400063,-0.1952339113,-0.0834617391,0.2089261860,-0.1284306347,-0.1349033564
7.4701642990,0.0304769594,-0.1817968488,-0.0967256203,0.1041569710,-0.0077915145,-0.2070175707
7.4802432060,0.0027361233,-0.1295948029,-0.1265248507,0.0935232341,0.0890929550,-0.3057137728
7.4903030396,-0.0139144342,-0.0798605382,-0.1500298828,0.1429325193,0.1578252167,-0.4086871147
7.5003700256,-0.0370494425,-0.0722467005,-0.1701449603,0.1996445358,0.2436189502,-0.5084677339
7.5103821754,-0.0775721371,-0.0668244958,-0.1686132401,0.2380666286,0.3453004956,-0.5880613327
7.5204811096,-0.1227514446,-0.0589441359,-0.1551364511,0.1911728829,0.4421588778,-0.6421527863
7.5305719376,-0.1510278881,-0.0538956523,-0.1423070282,0.0801909119,0.5460578203,-0.6696792245
7.5406489372,-0.1329205334,-0.0664167404,-0.1308479756,-0.0539346635,0.6169093847,-0.6897839308
7.5506458282,-0.0838681161,-0.0733088553,-0.1158078685,-0.2167088538,0.6716496348,-0.7013950944
7.5606832504,-0.0557404459,-0.0629200637,-0.0935303941,-0.3700368702,0.7424095869,-0.7098152041
7.5707960129,-0.0543706119,-0.0642916262,-0.0825925246,-0.4784777761,0.8060723543,-0.7278072834
7.5809059143,-0.0728224814,-0.0536666512,-0.0927154794,-0.4833311439,0.8632045984,-0.7468898892
7.5909371376,-0.1003638804,-0.0233094692,-0.1005431786,-0.3430539370,0.9215686321,-0.7713163495
7.6010837555,-0.1388475597,0.0149162402,-0.1059167162,-0.1000825614,0.9553369284,-0.8000297546
7.6110649109,-0.1891246736,0.0576216578,-0.1145021692,0.2081069648,0.9769577384,-0.8266442418
7.6211738586,-0.2424518764,0.0818638206,-0.0979546085,0.5566462874,1.0190343857,-0.8617510796
7.6312360764,-0.2774535716,0.0671608746,-0.0650257841,0.8509653211,1.0416542292,-0.8788024187
7.6413602829,-0.2270004451,0.0480109155,-0.0569008403,1.0852347612,0.9863114357,-0.8926929235
7.6514639854,-0.1468334496,0.0161774457,-0.0258390699,1.1998848915,0.9394114614,-0.9161051512
7.6614599228,-0.1397624314,-0.0010400420,0.0012515987,1.2267495394,0.9192776680,-0.9479759932
7.6714949608,-0.1725774705,-0.0109777460,0.0175739732,1.1970925331,0.8943299651,-0.9915149212
7.6816411018,-0.1885831058,-0.0217340291,0.0545555539,1.0799129009,0.8707742691,-1.0297216177
7.6916341782,-0.2200143039,-0.0330664217,0.0886683688,0.8314139247,0.8524518609,-1.0657687187
7.7016930580,-0.2786879241,-0.0561073124,0.1168149933,0.5666115880,0.8637255430,-1.0975497961
7.7117371559,-0.3412950933,-0.0957066417,0.1329668909,0.3291361332,0.9153724909,-1.1579860449
7.7219119072,-0.3854183853,-0.1108246446,0.1632717401,0.1582144499,0.9283197522,-1.2216441631
7.7318968773,-0.3840645850,-0.0962028801,0.1548235565,0.1116161123,0.8893322349,-1.2800502777
7.7420392036,-0.3657437861,-0.0868337452,0.1358687431,0.2577525377,0.8910262585,-1.3788338900
7.7520589828,-0.3519794643,-0.0881372988,0.1278509051,0.4447946250,0.8569461107,-1.4861412048
7.7621917725,-0.3093447387,-0.0406512022,0.1320439726,0.6330763698,0.8070837855,-1.5743432045
7.7721757889,-0.2338525951,-0.0358125567,0.1488279253,0.7468544245,0.7375193834,-1.6551036835
7.7823209763,-0.1794340909,-0.0799056590,0.1914588958,0.7523120046,0.7211593390,-1.7305009365
7.7923030853,-0.1873493493,-0.1095377207,0.2435603887,0.6283199787,0.7353761792,-1.8249617815
7.8024511337,-0.2223201096,-0.1206234097,0.2894321978,0.3795810342,0.7379277349,-1.9140884876
7.8124442101,-0.2519161403,-0.1292718351,0.3311192095,0.0381189100,0.7279760242,-2.0063827038
7.8225812912,-0.2907858789,-0.1336646080,0.3643822968,-0.2897708118,0.7478471994,-2.0997278690
7.8325891495,-0.3152083457,-0.1376155317,0.3680161536,-0.5880340934,0.6874105334,-2.1814413071
7.8426637650,-0.3042292297,-0.1298510134,0.3338542879,-0.7847343683,0.6110627651,-2.2355813980
7.8527269363,-0.3138221204,-0.1183582544,0.3064378202,-0.8313732743,0.5739266872,-2.3353960514
7.8628568649,-0.3213567436,-0.0909342468,0.2881249487,-0.7132636905,0.4968201816,-2.4395208359
7.8728451729,-0.2845565379,-0.0329994857,0.2915040553,-0.4315833151,0.3915377557,-2.5277764797
7.8829798698,-0.2345070541,0.0190602839,0.2608181536,-0.0981797799,0.2391562164,-2.5852744579
7.8929829597,-0.1958346665,0.0482693017,0.2459201366,0.2168264985,0.1144367307,-2.6066517830
7.9031190872,-0.1766173542,0.0362017155,0.2486128956,0.4316216111,-0.0194313265,-2.5950932503
7.9131288528,-0.1741106212,-0.0000734633,0.2633994520,0.4792121947,-0.0814811140,-2.5739011765
7.9232611656,-0.2170355022,-0.0235843360,0.3044575155,0.3044017553,-0.1032173038,-2.5813002586
7.9332532883,-0.2711851299,-0.0132503221,0.3872386515,-0.0247314777,-0.0640778914,-2.6470282078
7.9433917999,-0.2923227847,-0.0018694705,0.4617175162,-0.3460565209,-0.0588386543,-2.7148990631
7.9533891678,-0.2407421172,0.0117998114,0.4567373693,-0.5136773586,-0.1614458561,-2.7669360638
7.9634580612,-0.1775805652,0.0384914875,0.3725729883,-0.4819851518,-0.3439336419,-2.8063218594
7.9735169411,-0.1408544481,0.0765200555,0.2211292535,-0.2481674552,-0.5669619441,-2.8245425224
7.9836587906,-0.1209511459,0.1395577490,0.0538784452,0.0686808154,-0.7679249048,-2.8247234821
7.9936661720,-0.0684213340,0.2028824389,-0.0530132465,0.2714035809,-0.9715718031,-2.7579824924
8.0038757324,0.0267064888,0.2275681794,-0.0801806822,0.3531993926,-1.0338104963,-2.6486690044
8.0137901306,0.1041125953,0.1992253363,-0.0625016466,0.2783102989,-1.0105177164,-2.5562627316
8.0238666534,0.1215455830,0.1849232614,-0.0239333902,0.1562744230,-0.8660957813,-2.5381088257
8.0339288712,0.0621749461,0.2112982571,0.0356292911,0.0537714511,-0.6508261561,-2.5836315155
8.0440082550,-0.0183370989,0.2599548995,0.1252091676,0.0422969572,-0.3616276085,-2.6418831348
8.0541582108,-0.0783213079,0.2925465405,0.2200064808,0.0809813440,-0.0694724545,-2.6396253109
8.0641250610,-0.1209523976,0.3169406950,0.3122020066,0.0638383105,0.2561344206,-2.6394584179
8.0741910934,-0.1821142137,0.3082723916,0.3986507952,-0.0089673745,0.4884817004,-2.7094013691
8.0843000412,-0.2134371698,0.2611430585,0.4569206536,-0.0852749273,0.4310719371,-2.7869219780
8.0943889618,-0.1258886158,0.2313109338,0.2707141936,0.1010818705,0.0488950647,-2.7393798828
8.1044168472,0.0666401684,0.2415510714,-0.0414971523,0.4905470610,-0.3617268205,-2.6069591045
8.1144666672,0.1167805195,0.2652954161,-0.1746873111,0.8077478409,-0.5892783403,-2.4542546272
8.1245088577,0.0591479242,0.2517105639,-0.1542644352,0.7775811553,-0.7658592463,-2.3184249401
8.1346225739,0.0413631201,0.2124232352,-0.0437611751,0.5030034781,-0.8354070187,-2.2015914917
8.1447315216,0.0017715710,0.1808781922,0.0534321852,0.1257568598,-0.7822772264,-2.1728007793
8.1547470093,-0.0847625434,0.1941306293,0.1441029459,-0.2595126033,-0.6812021732,-2.2660913467
8.1648473740,-0.1412592232,0.2249252498,0.2308409959,-0.5401000381,-0.5922856331,-2.4114422798
8.1749172211,-0.1385549009,0.2361705601,0.3078006804,-0.6594889164,-0.3998461664,-2.5185580254
8.1850605011,-0.0878306925,0.2483146489,0.3711096346,-0.6238507628,-0.2358468622,-2.6384685040
8.1950502396,-0.0128288846,0.2727564275,0.4132896364,-0.4973497987,-0.1919512451,-2.7478425503
8.2051706314,0.0824907124,0.3129523098,0.4641717970,-0.3884294331,-0.3033307493,-2.7256278992
8.2151718140,0.1568773389,0.3343311846,0.3762721121,-0.0011618640,-0.8136659861,-2.5858240128
8.2253103256,0.2616705596,0.2907103002,-0.0202644859,0.6661237478,-1.4676480293,-2.3941345215
8.2353448868,0.3599035740,0.2846188247,-0.2962278426,1.3825041056,-1.9089190960,-2.1927955151
8.2453708649,0.2722356915,0.3601090610,-0.4316815436,1.8136296272,-2.2233371735,-2.1707644463
8.2555303574,0.1272942424,0.3973844349,-0.4246450365,1.8072943687,-2.3394262791,-2.2281572819
8.2655248642,0.0648059845,0.3353939950,-0.3282307088,1.3405959606,-2.3062398434,-2.2089097500
8.2755918503,0.0293714199,0.2519436777,-0.2026629299,0.5140931010,-2.2570075989,-2.1757583618
8.2856597900,-0.0203253310,0.1889224350,-0.0259994064,-0.5132415295,-1.9724817276,-2.0776698589
8.2957849503,-0.0617440417,0.1395013034,0.1115008220,-1.5399059057,-1.4317198992,-1.9019432068
8.3057546616,-0.0508758426,0.0951705277,0.1927703768,-2.5130372047,-0.7953410149,-1.6168161631
8.3158273697,-0.0106898677,0.1611743271,0.2382156998,-3.2103285789,-0.2073821127,-1.3158558607
8.3259105682,-0.0005010051,0.2933428586,0.1750962287,-3.3407852650,0.0469625443,-1.0268863440
8.3359851837,0.0200677086,0.4178099334,-0.0957963243,-2.9362635612,-0.1606155485,-0.8572055697
8.3460693359,0.1031591371,0.5355360508,-0.3762352169,-2.1316075325,-0.5797949433,-0.8034675121
8.3561325073,0.1623484194,0.6205545068,-0.5500293374,-1.1934283972,-0.9080096483,-0.8102400899
8.3662099838,0.1527411640,0.6260829568,-0.5777716637,-0.3295719028,-1.0605859756,-0.7946087122
8.3762922287,0.1204387397,0.5052029490,-0.5036480427,0.2195383459,-1.1126874685,-0.7331898212
8.3863372803,0.1185366437,0.3229400814,-0.3660779297,0.3332582712,-1.0601319075,-0.6365687251
8.3964023590,0.1232298166,0.1511119902,-0.2173849195,0.1141677648,-0.9194431901,-0.5727351904
8.4064702988,0.1093495861,0.0156874359,-0.0919750109,-0.2560987175,-0.7137520909,-0.5895271897
8.4165744781,0.0850540400,-0.0513384640,-0.0142326150,-0.5082201362,-0.4785859883,-0.6381893754
8.4268016815,0.0583062693,-0.0423933566,0.0288741197,-0.6155995727,-0.3089295924,-0.6752403378
8.4365758896,0.0683193803,-0.0033435528,0.1066770181,-0.6380206943,-0.2032030225,-0.7038500309
8.4467487335,0.0949224830,0.0123384288,0.1359967738,-0.5904821754,-0.2587629557,-0.6635414958
8.4568338394,0.1200707555,-0.0117761800,-0.0263491068,-0.3028931916,-0.5154929161,-0.5522539616
8.4668359756,0.1554013342,-0.0327782929,-0.2591423690,0.0279592965,-0.7254197598,-0.4813022614
8.4768981934,0.1488844752,-0.0094640562,-0.3568112552,0.1827863455,-0.8409119844,-0.5005122423
8.4870414734,0.1043054760,-0.0156483948,-0.3451860249,0.1225318015,-0.7938964963,-0.5323274136
8.4970340729,0.0709462911,-0.0620523393,-0.2896407545,-0.0625605881,-0.6405181885,-0.5205228925
8.5071792603,0.0540749431,-0.0850269496,-0.2065129727,-0.3080023229,-0.4281199574,-0.4895623326
8.5171699524,0.0360215604,-0.0712296665,-0.1186029091,-0.5846716166,-0.1896537840,-0.4872494340
8.5272569656,0.0010993349,-0.0311550200,-0.0570976548,-2.3040251732,-0.1941968799,-0.6705063581
8.5373392105,-0.0236106943,-0.0827056468,0.0529509969,-1.3872803450,0.5610409379,-0.4739285111
8.5473661423,-0.0453160852,0.0619755685,0.0210510697,0.0035978183,0.5329304934,-0.4647395313
8.5573701859,0.0123541225,0.3250333965,-0.1269388050,0.3727923632,0.3259753287,-0.4776784480
8.5675258636,0.1389633864,0.3295374215,-0.0414838605,0.2323614657,0.3824447393,-0.5795472264
8.5776405334,0.0774221718,0.1215303242,0.0634770021,0.5499109626,0.6502904296,-0.4478319883
8.5876531601,0.0011190342,0.1451436579,-0.0131158028,0.6317901611,0.4614592493,-0.5509415865
8.5977039337,0.0489775240,0.1755533516,-0.0565443449,0.8949478269,0.1891545057,-0.5171660185
8.6077823639,0.1153518409,0.1474047601,-0.0482144170,1.3171254396,-0.1827884316,-0.3550037742
8.6178359985,0.1472632140,0.0825659931,-0.0865565315,1.0765144825,-0.4509766698,-0.3168513775
8.6278829575,0.1477106959,0.0102905324,0.0148294177,0.4911742508,-0.5021964908,-0.2275372297
8.6379671097,0.0678966343,-0.0258254111,0.0927515253,0.0479458943,-0.3579440713,-0.1307306588
8.6480426788,-0.0399881005,0.0176286399,0.0594980903,-0.2394691110,-0.3255144954,-0.1423212588
8.6579418182,-0.0882494003,0.0885865986,0.0657119974,-0.2036314905,-0.2782018185,-0.0945257768
8.6679906845,-0.0786172003,0.1759569347,0.1277548224,0.0070269573,-0.1005335674,0.0201837607
8.6780633926,-0.0797008276,0.2716061175,0.0964480862,0.2601010203,0.0991931260,0.0435788333
8.6884689331,-0.0761030316,0.2539081275,0.0869415030,0.5877292156,0.2095210999,0.0892101005
8.6983852386,-0.0584621727,0.2363305986,0.0449863859,0.8182960153,0.2088440657,0.1645379364
8.7084865570,-0.0217619222,0.1717861593,0.0189752188,0.8747736812,0.1142054349,0.2207516730
8.7184715271,-0.0063079875,0.0886943042,0.0051208343,0.7902586460,0.0286068395,0.2249779254
8.7286577225,-0.0238896143,0.0216577947,-0.0215757284,0.6969121695,-0.0272955745,0.2387771010
8.7386579514,0.0000795442,-0.0436847508,-0.0624494366,0.7042731643,-0.1250505000,0.2079319656
8.7487154007,0.0492865741,-0.0893703997,-0.0948978439,1.1252018213,-0.1715152115,0.1663917154
8.7587680817,0.0735517591,-0.0511946976,-0.0981036201,1.8918291330,0.0108475499,0.2565435469
8.7688446045,0.0774973929,0.0794281662,0.0168310609,1.9766454697,0.2741383016,0.1642770171
8.7789039612,0.0212033261,0.1047466695,0.1224652752,2.5365471840,0.6396331787,0.3012895286
8.7889966965,0.0046371091,0.0884856284,0.0792408213,2.6652836800,0.7898093462,0.3777813613
8.7990713120,0.0323421359,0.1383624971,0.0039947834,2.4945459366,0.7895591259,0.4054312408
8.8091049194,0.0853438526,0.0829639733,-0.0133783612,2.3014411926,0.6787801385,0.4362171292
8.8192052841,0.1115307510,0.0067534144,-0.0540364794,1.9359484911,0.5176718831,0.4648973048
8.8292722702,0.1192254871,-0.0094174454,-0.0519194417,1.5032557249,0.2454419434,0.4659329951
8.8393316269,0.1245659441,-0.0424582064,-0.0962297693,1.2020651102,-0.1585326940,0.4275832176
8.8494167328,0.1402783841,-0.1071374118,-0.1847598404,1.0339478254,-0.4209962785,0.4328038096
8.8595342636,0.1479645520,-0.1286874115,-0.2123517841,0.9274827838,-0.4474608302,0.4221987724
8.8695363998,0.0953311622,-0.0962834060,-0.1876227707,0.7712367177,-0.4114288092,0.2990877628
8.8796186447,0.0441794693,-0.0544718206,-0.1382835358,0.4306749701,-0.3018489778,0.1484537125
8.8896598816,0.0342293084,-0.0580118597,-0.0769710317,-0.0518469624,-0.1879197359,0.0413914472
8.8996734619,0.0380181670,-0.1187492311,-0.0242565665,-0.4073166251,-0.0792971253,-0.0731369928
8.9098396301,0.0137751866,-0.1462311447,-0.0115244184,-0.5925062299,-0.0296267737,-0.1813686639
8.9198646545,-0.0215285700,-0.0175465047,-0.0065358672,-0.5455238223,-0.0360325389,-0.2504009306
8.9299736023,-0.0309676807,0.1459543407,-0.0133986268,-0.3924402595,-0.0835819468,-0.2621433437
8.9400300980,-0.0071104150,0.2308857143,0.0073883738,-0.2212799937,-0.1186092421,-0.1677043736
8.9500923157,0.0131219644,0.2332504690,0.0590307303,-0.0139941713,-0.0192933083,0.1402143091
8.9602184296,0.0143133122,0.1662004292,0.0931923613,0.1797333509,0.2697830200,0.6021916866
8.9702377319,-0.0151532125,0.1203915179,0.0146948304,0.2790879011,0.3877818286,0.9908438325
8.9802989960,-0.0092444997,0.1618727148,-0.0896954909,0.2804985642,0.4719290733,1.2011224031
8.9903459549,0.0082766134,0.2565195262,-0.1857004017,0.1722290963,0.5174018145,1.1597625017
9.0004005432,-0.0028075259,0.2865873277,-0.2378913015,0.0367523618,0.5001192093,0.9686626792
9.0106372833,0.0175776500,0.2036840022,-0.2564391792,-0.0391565152,0.5059981346,0.8327746391
9.0205659866,0.0677728578,0.0962307751,-0.2675695717,-0.0961100236,0.5434769392,0.7988319993
9.0306358337,0.1057382524,0.0255493224,-0.2557710111,-0.1501386315,0.6122392416,0.8392283916
9.0406742096,0.1117315441,-0.0059945886,-0.2343413681,-0.3275118470,0.6353173256,0.8732618690
9.0508136749,0.0969793499,-0.0173805654,-0.2038675398,-0.5431767702,0.6428657770,0.8552698493
9.0609016418,0.0766892061,-0.0153712342,-0.1808185428,-0.6985394359,0.5956113935,0.8138757944
9.0709457397,0.0818610191,0.0084818890,-0.2091230601,-0.6899254918,0.4798057079,0.7798382044
9.0809307098,0.1233243495,0.0366658270,-0.2701198757,-0.5764189959,0.3354061246,0.7765519619
9.0910902023,0.1599289924,0.0710565150,-0.3424239457,-0.2825125456,0.1873045415,0.7774651647
9.1010818481,0.1885228604,0.0949427187,-0.4221079648,0.0375492610,0.0914183632,0.7773358822
9.1112022400,0.2096134722,0.1461096704,-0.4287550151,0.2375912666,0.0443413928,0.7751379609
9.1211919785,0.1873884201,0.1934069693,-0.3723515570,0.2551743686,0.1020369157,0.8123247623
9.1313257217,0.1456738710,0.1877728403,-0.2940795124,0.0883614197,0.3575011492,0.9961858988
9.1413507462,0.1146846116,0.1454712451,-0.2186465114,-0.3123376369,0.7397498488,1.2470643520
9.1514949799,0.0610166639,0.1042753756,-0.1663791388,-1.0582164526,1.1617493629,1.3844366074
9.1615686417,-0.0186569002,0.1033706367,-0.1347738355,-1.6843587160,1.5600792170,1.4739844799
9.1715011597,-0.0671069622,0.1906161010,-0.1945420355,-1.8385374546,1.7181391716,1.5112655163
9.1816215515,-0.0323165208,0.3476961553,-0.3214062154,-1.5675902367,1.6238342524,1.4941618443
9.1916913986,0.0463876054,0.4718439877,-0.4170682132,-1.0765744448,1.5082192421,1.4939794540
9.2017593384,0.0779990926,0.5437743664,-0.4130481184,-0.4291971922,1.5523103476,1.5299365520
9.2118692398,0.0343878865,0.5774275064,-0.3565311134,0.2222293168,1.6199176311,1.5871421099
9.2218914032,0.0185633767,0.6061577201,-0.2878809273,0.7028203607,1.5906641483,1.6645179987
9.2320346832,0.0441367775,0.5988740921,-0.2114459127,0.9983265400,1.6088894606,1.7854970694
9.2420263290,0.0314488709,0.5235018730,-0.1445832103,1.1059535742,1.6318405867,1.9065262079
9.2521705627,-0.0131753962,0.4438153207,-0.0911530033,0.9599902630,1.6120055914,1.9893736839
9.2621450424,-0.0591338575,0.3946174085,-0.0390272550,0.6754904985,1.5730181932,2.0871126652
9.2722940445,-0.0906543732,0.3462953269,-0.0137824807,0.3668130636,1.4978190660,2.1965186596
9.2823047638,-0.1044776738,0.3046959937,0.0041609015,0.0542666949,1.3810241222,2.2782974243
9.2924432755,-0.1030444205,0.2794323862,0.0139797535,-0.2641706765,1.2120242119,2.3356311321
9.3024311066,-0.0829653144,0.2558659017,-0.0112899337,-0.5791494250,1.0175663233,2.3897669315
9.3125743866,-0.0581247211,0.2325409949,-0.0224692021,-0.7740827203,0.8759580851,2.4141671658
9.3225784302,-0.0832880139,0.2365939915,-0.0108468328,-0.7376299500,0.7520602942,2.4034764767
9.3327074051,-0.1279970706,0.3045767248,-0.0305945668,-0.3131436408,0.6718722582,2.3927106857
9.3426809311,-0.1577185690,0.4045015872,-0.0055466685,0.3449224830,0.7126224637,2.3904404640
9.3528118134,-0.2102780938,0.4838529527,0.0434630699,1.1180413961,0.8806967139,2.3956372738
9.3628578186,-0.2502305806,0.5095642805,0.1398191601,1.6801176071,1.1298449039,2.4242877960
9.3729181290,-0.3002122343,0.4954558909,0.2583485544,1.8654261827,1.3819860220,2.4402935505
9.3829994202,-0.3528346121,0.4061968029,0.3305132091,1.7654416561,1.5603486300,2.4266042709
9.3930463791,-0.3759169281,0.2691019475,0.3025780022,1.6737649441,1.5524039268,2.4701573849
9.4031009674,-0.3030339181,0.1767549217,0.2029080540,1.4954888821,1.3486415148,2.5412406921
9.4131784439,-0.2023528516,0.1735312641,0.1393774301,1.1902000904,1.1458289623,2.6028010845
9.4232673645,-0.1779523194,0.1703605354,0.1753671318,0.8261609077,1.0513868332,2.6017858982
9.4333057404,-0.2231201828,0.1354435980,0.2403752953,0.4890728593,1.0344682932,2.5742561817
9.4433641434,-0.2341612279,0.1224623621,0.2804619372,0.2207931131,0.9696311355,2.5912806988
9.4534559250,-0.2119710147,0.1458455920,0.2887064517,0.1169708520,0.8945859075,2.6125056744
9.4635925293,-0.2162068784,0.1587237120,0.2804627120,0.1251172125,0.8266705871,2.6007897854
9.4735870361,-0.2508204877,0.1661833823,0.2811830938,0.1659669280,0.7949246764,2.5593533516
9.4836483002,-0.2698809803,0.1787459552,0.2821381390,0.1717086583,0.7523034811,2.5242905617
9.4937257767,-0.2508670986,0.1777108908,0.2911350429,0.0836813375,0.6962329745,2.5051724911
9.5037822723,-0.2318791449,0.1529063284,0.3069145977,-0.0840683058,0.6087785363,2.4987995625
9.5139179230,-0.2217602432,0.1029966474,0.3195501864,-0.3193066716,0.5473092794,2.4998903275
9.5239257812,-0.2256050408,0.0500374138,0.3383357227,-0.5976078510,0.5224618316,2.4797766209
9.5340013504,-0.2374429405,-0.0151144573,0.3204522431,-0.8977988362,0.4454799592,2.4670727253
9.5440540314,-0.2051920593,-0.0691461563,0.2928250134,-1.2488032579,0.3266170025,2.4458656311
9.5541448593,-0.1612328589,-0.0985411108,0.2934086025,-1.6221456528,0.2012607157,2.4352798462
9.5641689301,-0.1474501789,-0.1054895818,0.2784115970,-1.9813036919,0.0428991579,2.3885726929
9.5743255615,-0.1548164189,-0.0976867974,0.2485016137,-2.1471853256,-0.1289341152,2.2950906754
9.5843744278,-0.1756889522,-0.0690856874,0.2324998528,-1.9541906118,-0.2246264815,2.1697032452
9.5943708420,-0.2173067629,-0.0027653282,0.2227342874,-1.4909390211,-0.2394421846,2.0432240963
9.6045084000,-0.2477265298,0.1063174605,0.2115037590,-0.8702462316,-0.2016647756,1.9602636099
9.6145935059,-0.2535934150,0.1908608824,0.2025827914,-0.2328095734,-0.1285050809,1.9112955332
9.6246290207,-0.2456699312,0.2245333642,0.2143163234,0.2769842446,-0.0978775993,1.8570295572
9.6347084045,-0.2275901139,0.2161434144,0.2406674773,0.5835431218,-0.1273787618,1.8038470745
9.6447229385,-0.2146042287,0.1821221560,0.2542925179,0.6773244739,-0.2222937495,1.7676749229
9.6547946930,-0.2241800129,0.1304375678,0.2559682429,0.6399054527,-0.3236116171,1.7389651537
9.6648397446,-0.2416236699,0.0626235008,0.2535223067,0.5035592914,-0.4564540088,1.7272530794
9.6749401093,-0.2442913949,0.0086495569,0.2520418465,0.3493303061,-0.6137061715,1.7388935089
9.6849880219,-0.2496453226,-0.0265539587,0.2165329605,0.2101174146,-0.7770702839,1.7696404457
9.6950674057,-0.2557391226,-0.0243701637,0.1714788228,0.0732341260,-0.9606292248,1.7918812037
9.7052431107,-0.2379513681,-0.0012944943,0.1318481117,-0.0283317789,-1.1545102596,1.8109216690
9.7153501511,-0.2081313431,0.0195857584,0.1004588827,-0.0620119758,-1.3063890934,1.8342138529
9.7252597809,-0.2049687803,0.0327914953,0.1075722203,-0.0268317796,-1.3029685020,1.8235895634
9.7353448868,-0.2379793823,0.0419428349,0.1265992075,-0.0057462016,-1.1736488342,1.7748060226
9.7454652786,-0.2569468319,0.0428996682,0.1676082760,0.0306408331,-0.9753689170,1.7037545443
9.7555007935,-0.2433685958,0.0133087924,0.1847638041,0.0842774361,-0.7938749790,1.6390618086
9.7655410767,-0.2001753747,-0.0419894159,0.1888891608,0.0792432874,-0.6150229573,1.5733211040
9.7756118774,-0.1723959148,-0.0828405619,0.1719712764,-0.0100066997,-0.4477593899,1.4704328775
9.7857398987,-0.1755020916,-0.0935098231,0.1450723559,-0.1795802265,-0.3610637486,1.3239912987
9.7957353592,-0.1866618097,-0.0919593275,0.1060108170,-0.3753382862,-0.3233446181,1.1870877743
9.8057832718,-0.2008654773,-0.0964950025,0.0726608261,-0.5569937229,-0.3076666594,1.0682193041
9.8158569336,-0.2082280219,-0.1095768511,0.0511264391,-0.6719841957,-0.3400863707,0.9694849849
9.8259763718,-0.1798116863,-0.1134671271,0.0226716604,-0.8115409613,-0.4743877351,0.9015005827
9.8359909058,-0.1396908462,-0.0818386972,-0.0064803157,-0.9455408454,-0.6308657527,0.8419957161
9.8460865021,-0.1133784950,-0.0620771646,-0.0354885273,-1.0254579782,-0.7528380156,0.7941720486
9.8561563492,-0.1069573462,-0.0450597405,-0.0627895966,-1.0438977480,-0.8317762613,0.7548507452
9.8662881851,-0.1061582863,-0.0261079669,-0.0498571210,-0.9700772762,-0.8502798676,0.7473903298
9.8762893677,-0.0985476673,-0.0356335342,-0.0341180973,-0.7826546431,-0.8105540276,0.7303737998
9.8863563538,-0.0912979543,-0.0331452191,-0.0063496623,-0.5229520202,-0.7403203249,0.7388376594
9.8964118958,-0.0805412233,-0.0005606716,0.0147195067,-0.2314376086,-0.6484343410,0.7706634998
9.9065389633,-0.0780727565,0.0231563151,0.0213191714,-0.0530448705,-0.5552135110,0.8333108425
9.9165353775,-0.1084086001,0.0294317901,0.0192390885,-0.0346940979,-0.4666362405,0.8864403367
9.9266138077,-0.1507750452,0.0161256492,-0.0106479321,-0.1558471471,-0.4090705812,0.9268475771
9.9366827011,-0.1766823232,0.0135399094,-0.0514140539,-0.3492706716,-0.3831231296,0.9343422651
9.9467802048,-0.1743917167,0.0087214699,-0.0599443130,-0.5341453552,-0.3593762517,0.9184748530
9.9568195343,-0.1556372941,-0.0216025710,-0.0596396141,-0.6721010804,-0.3320423663,0.9015347362
9.9669933319,-0.1321416795,-0.0463031530,-0.0505960993,-0.8471608758,-0.3294592798,0.8814070225
9.9770174026,-0.0967504680,-0.0530097783,-0.0392671637,-1.0272413492,-0.3587868214,0.8559549451
9.9869861603,-0.0711215436,-0.0735070407,-0.0219361577,-1.1030491590,-0.3575683534,0.8188112378
9.9970769882,-0.0718107522,-0.0888562202,-0.0231287871,-1.0963720083,-0.3875321150,0.7710136175
10.0071239471,-0.0820327699,-0.0548081696,-0.0447653346,-0.9829725027,-0.4188096821,0.7040751576
10.0175676346,-0.1028753221,-0.0095866332,-0.0830299035,-0.7565350533,-0.4429416656,0.6052582860
10.0283641815,-0.1146829426,0.0308088660,-0.0977042690,-0.5232272148,-0.5125304461,0.5234061480
10.0375041962,-0.1163343489,0.0652866364,-0.1062487140,-0.3723359704,-0.5560553074,0.4808741212
10.0473833084,-0.1188383400,0.0584782362,-0.0882789865,-0.3422463834,-0.5770416856,0.4766084850
10.0574808121,-0.1097597778,0.0062021608,-0.0283785257,-0.3512808681,-0.5260080695,0.5042430162
10.0675430298,-0.0902141035,-0.0510332286,0.0185395684,-0.4327604175,-0.4872660339,0.5340139866
10.0775833130,-0.0676228702,-0.0480995774,0.0342263766,-0.6288734674,-0.5122677684,0.5425456762
10.0876703262,-0.0488910973,-0.0285566151,0.0421714969,-0.6848513484,-0.4615056813,0.5914279222
10.0977983475,-0.0532120168,-0.0505501628,0.0280310120,-0.6741536856,-0.3537847996,0.6615577340
10.1078100204,-0.0775869787,-0.0313105583,-0.0044064317,-0.6353405118,-0.2817918360,0.7475895286
10.1178903580,-0.0760141909,0.0171352625,-0.0353196673,-0.7539174557,-0.2796626389,0.5819800496
10.1278362274,-0.1098501384,0.0709460378,-0.0809635296,-0.7751902938,-0.1884250194,0.4450582862
10.1380233765,-0.1047281921,-0.0387510955,-0.0890260711,-0.6003274322,-0.0791131631,0.2135963142
10.1481561661,-0.1490137875,-0.0691567361,-0.1418463439,-0.5259830356,-0.0519069098,0.0553835593
10.1581478119,-0.1331723034,-0.0444427133,-0.0866478458,-0.5071592927,-0.0207537860,-0.0741451308
10.1682338715,-0.0786980093,-0.1625475883,-0.0635679737,-0.6050140858,0.0514760017,-0.0942587256
10.1784191132,-0.0469712913,-0.1833389103,-0.0283182655,-0.7608888745,0.0575490743,-0.0931543112
10.1883926392,-0.0239333194,-0.1553021669,-0.0155581031,-0.8091875315,0.0894926265,-0.0113673070
10.1984729767,-0.0235187691,-0.1254863739,-0.0294720326,-0.6419455409,0.1254759282,0.0756757185
10.2085981369,-0.0523484051,-0.0569002628,-0.0348250680,-0.3738047183,0.1027654931,0.1393056214
10.2186250687,-0.0661683977,0.0395607948,-0.0430639200,0.0780695453,0.0613551959,0.1805803627
10.2286720276,-0.0608161390,0.0757313669,-0.0625089183,0.5897297263,0.0148369651,0.1719322652
10.2387485504,-0.0582865775,0.0889658630,-0.0732853189,1.0616126060,-0.0058755041,0.1059705764
10.2488002777,-0.0646307766,0.0836977959,-0.0834620968,1.3309304714,-0.0474989116,0.0336793959
10.2588863373,-0.0668552816,0.0664707720,-0.0799512044,1.3699691296,-0.1134441122,-0.0428129807
10.2688493729,-0.0738390386,0.0106079569,-0.0713109747,1.2612928152,-0.1349338889,-0.1011959314
10.2790651321,-0.0868083537,-0.0496847332,-0.0587981753,1.0304089785,-0.0999575257,-0.1234176159
10.2891092300,-0.0895464718,-0.0751563907,-0.0368470959,0.7103093863,-0.0009716256,-0.1360281408
10.2991504669,-0.0735410750,-0.1004483700,-0.0210956130,0.3207501769,0.1069646925,-0.1475550979
