0.0000000000,0.0104860933,0.0058013499,-0.1056346446,0.4635337293,0.4959855080,-0.7538926005
0.0097299814,0.0006723821,0.0038633647,-0.0804137141,0.5193450451,0.4646539390,-0.7517988682
0.0198040009,-0.0052961586,0.0244298279,-0.0443047471,0.4895581305,0.4560018480,-0.7369304299
0.0300400257,-0.0123893199,0.0410425961,-0.0009721099,0.3904806674,0.4393317103,-0.7199258208
0.0400899649,-0.0225279070,0.0242625773,0.0101079764,0.2475443482,0.4340107441,-0.6933461428
0.0502020121,-0.0289983787,0.0099357069,-0.0221384354,0.0885331109,0.4361026585,-0.6476473212
0.0602220297,-0.0153384833,-0.0017609893,-0.0430911966,-0.0596977621,0.4265484810,-0.6125761271
0.0713800192,0.0028486818,-0.0174820125,-0.0174762793,-0.1705065668,0.4098302424,-0.5870731473
0.0804629326,0.0180628113,-0.0198073685,-0.0073035536,-0.2268586606,0.3892328739,-0.5785750747
0.0906510353,0.0098384442,-0.0115934908,-0.0257352181,-0.2395310551,0.3764582276,-0.5679602027
0.1007210016,-0.0102442233,-0.0022609530,-0.0110868989,-0.2327284515,0.3373332620,-0.5563017726
0.1105940342,0.0040037306,-0.0113051832,0.0029988112,-0.2128772438,0.2738893032,-0.5489059091
0.1208829880,0.0016976417,-0.0289473236,0.0252475552,-0.1535527259,0.2118440419,-0.5425809026
0.1307319403,-0.0025150359,-0.0404901206,0.0425361805,-0.0325650536,0.1737440675,-0.5267037153
0.1407799721,0.0159046389,-0.0284868181,-0.0019335329,0.1396259964,0.1382410675,-0.5065908432
0.1508389711,0.0351608507,0.0092834532,-0.0410013385,0.2721177340,0.1235856861,-0.4907048047
0.1610059738,0.0464748554,0.0143454969,-0.0605905838,0.3276522458,0.1198472753,-0.4875355065
0.1710699797,0.0144284638,-0.0024975238,-0.0493079610,0.3232984841,0.1282980144,-0.4875301719
0.1811119318,0.0035703226,-0.0056979358,-0.0457244106,0.3147920668,0.1250053495,-0.4928381741
0.1911180019,0.0145454081,0.0084966719,-0.0578785129,0.3202049434,0.1176595613,-0.4875342250
0.2012399435,0.0115211802,0.0150498450,-0.0810691267,0.3308401406,0.1209016889,-0.4928448498
0.2113059759,-0.0076103164,0.0058949888,-0.1014803201,0.3607639372,0.1169394404,-0.4896690249
0.2214139700,-0.0135201840,0.0018445553,-0.1068691164,0.3887481987,0.0938665420,-0.4854395986
0.2314260006,-0.0037567571,0.0059174001,-0.1081420928,0.4167316556,0.0708152875,-0.4780256152
0.2415720224,-0.0118077947,0.0026595893,-0.1034448892,0.3987513185,0.0547983050,-0.4695357978
0.2516069412,-0.0346594043,-0.0112709105,-0.0847195536,0.3697361648,-0.0313831829,-0.4663860798
0.2616969347,-0.0276270546,-0.0260252059,-0.0615251847,0.3400118649,-0.4695857167,-0.4220011830
0.2717490196,0.1073729694,-0.0144620240,0.0098511400,0.2945628762,-0.4097908139,-0.4665553272
0.2818180323,0.0416912548,-0.0069414079,0.0331273489,0.2638302445,-0.1094303802,-0.4143688977
0.2918629646,-0.0651714951,-0.0415052474,-0.0339043923,0.3237558901,-0.0198509656,-0.4260191619
0.3019499779,-0.0430578329,-0.0787311494,-0.0710747391,0.3367966413,-0.0430601500,-0.4228489101
0.3121880293,-0.0377537645,-0.0824939311,-0.0255920477,0.3783827126,-0.0395136178,-0.4228577018
0.3220939636,-0.0252049752,-0.0676902235,-0.0079252301,0.4816475809,-0.0142840939,-0.4345495999
0.3321540356,-0.0161041282,-0.0481539071,-0.0214600749,0.5373539925,-0.0361843333,-0.4505016804
0.3421859741,-0.0095158769,-0.0385064185,-0.0270175524,0.5439383388,-0.0553437807,-0.4685638845
0.3523000479,-0.0212047733,-0.0531169474,-0.0406358428,0.5262376666,-0.1001543924,-0.4823851585
0.3623549938,-0.0165686347,-0.0625235736,-0.0480882712,0.4773585796,-0.1206805110,-0.4728262126
0.3725489378,-0.0304387026,-0.0351122320,-0.0621697493,0.3961641490,-0.1105988473,-0.4451937675
0.3823770285,-0.0388974287,0.0006134213,-0.0830097347,0.2977028191,-0.0815323070,-0.4122398198
0.3925420046,-0.0325155295,0.0033738317,-0.0869496614,0.1671844870,-0.0485581122,-0.3877688348
0.4023909569,-0.0308564231,-0.0158580244,-0.0790428668,0.0664355084,-0.0059608500,-0.3919691741
0.4126219749,-0.0411950238,-0.0157184303,-0.0646677762,0.0365559086,-0.0062218402,-0.3919617236
0.4225139618,-0.0320966057,0.0136370957,-0.0676521212,0.0440838635,-0.0113992915,-0.3824100196
0.4329359531,-0.0208557546,0.0297118723,-0.0852267891,0.0719577596,-0.0238821264,-0.3813614547
0.4428399801,-0.0197116286,0.0160732567,-0.0834628493,0.1084364578,-0.0425937623,-0.3707623482
0.4531509876,-0.0178079419,0.0162818134,-0.0724001080,0.1653836370,-0.0802197009,-0.3591158092
0.4629639387,-0.0183501467,0.0323087871,-0.0723565370,0.2318651378,-0.1103079617,-0.3432198167
0.4730249643,-0.0250075459,0.0339457691,-0.0874552876,0.2779711187,-0.1310441345,-0.3305002749
0.4830689430,-0.0339326337,0.0200009644,-0.0988465697,0.2950008810,-0.1254508942,-0.3092664182
0.4934159517,-0.0273323134,0.0224429667,-0.0980463177,0.2937563956,-0.1061751992,-0.2805879116
0.5032609701,-0.0096128276,0.0295160711,-0.1056433469,0.2496883124,-0.0734935552,-0.2540150285
0.5133409500,-0.0159784630,0.0285855234,-0.0993505865,0.1500938088,-0.0381478146,-0.2327360958
0.5233500004,-0.0354970247,0.0242963731,-0.0815485865,0.0195807852,-0.0050972537,-0.1965854913
0.5336450338,-0.0407819599,0.0399470031,-0.0668288022,-0.0552391224,0.0082718153,-0.1615204513
0.5434989929,-0.0385420546,0.0455804765,-0.0701150447,-0.0958218127,0.0135066584,-0.1179739013
0.5535349846,-0.0286423676,0.0637687743,-0.0920002013,-0.1128575280,0.0114570893,-0.0839930326
0.5636520386,-0.0197887272,0.0479598939,-0.1156987697,-0.1137515754,-0.0054865414,-0.0776306763
0.5738769770,-0.0160851814,0.0047475398,-0.1069054753,-0.1147931367,-0.0087619629,-0.0903736353
0.5837839842,-0.0308397524,-0.0052585900,-0.0814771205,-0.0572311990,-0.0031351030,-0.1179907545
0.5938049555,-0.0178428218,0.0111944973,-0.0951296836,0.0549062565,-0.0117954370,-0.1318269372
0.6038990021,0.0099594193,0.0289862454,-0.1272572428,0.1392347664,-0.0143179828,-0.1435296685
0.6141409874,-0.0023364939,0.0189003050,-0.1268301159,0.1594633460,-0.0099522630,-0.1520270109
0.6240849495,-0.0273329839,0.0040043890,-0.1137678176,0.1530273408,-0.0068318369,-0.1530858874
0.6340979338,-0.0416205265,0.0124126971,-0.0969007760,0.1423810869,-0.0089985849,-0.1456516832
0.6441500187,-0.0403659903,0.0294832289,-0.0831299573,0.0986959785,-0.0145199839,-0.1201597601
0.6544499397,-0.0442258492,0.0307491720,-0.0776547343,0.0367497839,-0.0085491762,-0.0978432745
0.6644049883,-0.0473211706,0.0230217278,-0.0881711990,0.0131762298,0.0020230405,-0.0723498911
0.6746039391,-0.0399435647,0.0259772837,-0.0986709744,0.0355252102,0.0098258359,-0.0447448976
0.6844899654,-0.0367085598,0.0193731487,-0.1001424938,0.0643041059,0.0143965529,-0.0330689996
0.6945699453,-0.0385135971,0.0090734065,-0.0828218609,0.0973691121,0.0168767553,-0.0224581677
0.7046500444,-0.0345114134,0.0202254951,-0.0798699409,0.1197742820,0.0181882288,-0.0139681445
0.7146519423,-0.0272372402,0.0287973583,-0.0732696801,0.0919304043,0.0286597777,0.0019711414
0.7247500420,-0.0299853273,0.0322604477,-0.0546760149,0.0193334315,0.0324298814,0.0264121704
0.7347519398,-0.0368817076,0.0314516127,-0.0466069169,-0.0629372075,0.0435840003,0.0572308004
0.7449040413,-0.0350549407,0.0293427408,-0.0614525266,-0.1149960682,0.0209362768,0.0710360259
0.7550159693,-0.0216912664,0.0262632668,-0.0598367043,-0.1021862626,0.0211035237,0.0795272589
0.7650139332,-0.0258787274,0.0185467303,-0.0558359213,-0.0240441337,-0.0026890903,0.0688782707
0.7749209404,-0.0141491173,0.0082549751,-0.0558451004,0.0765391961,-0.0294474661,0.0614067726
0.7851170301,-0.0082044704,0.0197342336,-0.0541272350,0.1673785001,-0.0424748510,0.0571289361
0.7951999903,-0.0257984512,0.0148869455,-0.0559045859,0.1951163858,-0.0411299542,0.0634933561
0.8053289652,-0.0395637341,0.0040674508,-0.0579423495,0.1426791400,-0.0255549233,0.0815660357
0.8152469397,-0.0466449000,-0.0070519149,-0.0441814251,0.0518102273,-0.0092742220,0.0964624286
0.8253860474,-0.0383139662,-0.0057908595,-0.0271156617,-0.0261209216,-0.0055441316,0.1219669208
0.8369530439,-0.0274170414,0.0175620615,-0.0115915714,-0.0590969771,-0.0152644040,0.1400210261
0.8458980322,-0.0194408000,0.0224324763,0.0068172636,-0.0545295775,-0.0437501743,0.1591186225
0.8555810452,-0.0155881112,0.0429114997,0.0262666158,-0.0465680584,-0.0912708193,0.1835142374
0.8656170368,-0.0196141563,0.0652901828,0.0194901638,-0.0099367341,-0.1247737184,0.2036616504
0.8757790327,-0.0164423287,0.0539614260,0.0047365250,0.0800264478,-0.1557585299,0.2131795287
0.8858610392,-0.0012655548,0.0129452646,0.0007377089,0.1569532901,-0.1646711975,0.2078466862
0.8958580494,0.0044740150,0.0081759989,0.0126951756,0.1976368129,-0.1781862080,0.1961498111
0.9059599638,0.0014422470,0.0159234703,0.0127534093,0.1817239970,-0.1879028827,0.1919019371
0.9160219431,-0.0106194569,0.0164469779,0.0051116766,0.0844203457,-0.1684951037,0.2068015188
0.9260929823,-0.0153013235,0.0075797141,0.0087278308,-0.0556399599,-0.1420057565,0.2259630263
0.9361109734,-0.0145181259,0.0037820640,0.0136098089,-0.1902963072,-0.1217662767,0.2557376921
0.9461829662,-0.0130381798,0.0179392397,0.0183164291,-0.2875616550,-0.1054441631,0.2855005264
0.9562909603,-0.0070571220,0.0358341038,0.0188060217,-0.3430235684,-0.1067544371,0.3216151297
0.9664859772,0.0042142244,0.0664451420,0.0252075009,-0.3619727194,-0.1311311573,0.3513378799
0.9763679504,0.0143200243,0.0893342793,0.0335740857,-0.3326894045,-0.1763364524,0.3767910302
0.9865169525,0.0302892216,0.1163198650,0.0298478417,-0.2574610412,-0.2263553441,0.4160328805
0.9965180159,0.0354300216,0.1407611072,0.0191441588,-0.1823295355,-0.2656609416,0.4712077379
1.0066059828,0.0254475605,0.1762937605,0.0207649879,-0.1084204540,-0.2890197039,0.5327621102
1.0167169571,0.0227791984,0.1984379590,0.0258106403,-0.0909932628,-0.3202644289,0.5996354222
1.0267369747,0.0332828201,0.1982193291,0.0472892337,-0.1385873556,-0.3595827222,0.6548431516
1.0368160009,0.0294208042,0.2056747377,0.0983537883,-0.2256913632,-0.3971221149,0.7100600600
1.0468879938,-0.0003035843,0.2243840396,0.1366494745,-0.3513359129,-0.4222165942,0.7727256417
1.0569009781,-0.0069446741,0.2358714044,0.1604060978,-0.4371784031,-0.4788101017,0.8332417011
1.0670410395,-0.0031323091,0.2384621799,0.1682696790,-0.4491483569,-0.5579909086,0.9107157588
1.0771110058,-0.0194779374,0.2723290622,0.1635888666,-0.4014585912,-0.6247787476,1.0189737082
1.0870920420,-0.0395390578,0.2910362780,0.1518485993,-0.3164289594,-0.6901583672,1.1304082870
1.0971720219,-0.0358958505,0.2772661746,0.1432323903,-0.1992192417,-0.7722969055,1.2322701216
1.1072870493,-0.0240050890,0.2632226646,0.1437305063,-0.0702652112,-0.8554633856,1.3235107660
1.1173169613,-0.0301722176,0.2556338608,0.1424754709,0.0298576578,-0.9379172325,1.3998936415
1.1274149418,-0.0455809794,0.2369726002,0.1625674218,0.0924280956,-1.0005451441,1.4752341509
1.1374509335,-0.0624638535,0.2031889260,0.2026792616,0.1015329063,-1.0530637503,1.5452843904
1.1475130320,-0.0825425535,0.1890022457,0.2243172377,0.0818768367,-1.1111384630,1.6153385639
1.1576169729,-0.1146693081,0.1894703805,0.2244230360,0.0559075549,-1.1777230501,1.6906995773
1.1676470041,-0.1432976127,0.2017700374,0.2243957967,0.0054608923,-1.2508037090,1.7788039446
1.1777479649,-0.1713939458,0.2122478187,0.2309391946,-0.0576773323,-1.3345590830,1.8743399382
1.1878080368,-0.2058752179,0.2043567598,0.2323181480,-0.1208625361,-1.4129973650,1.9720042944
1.1978659630,-0.2369212359,0.1917812526,0.2296719998,-0.1605963707,-1.4890929461,2.0717854500
1.2079949379,-0.2527528703,0.1960797608,0.2261729091,-0.1662128270,-1.5628787279,2.1545701027
1.2179759741,-0.2639415264,0.2144897878,0.2241551727,-0.1290878356,-1.6427687407,2.2203524113
1.2281160355,-0.2851259708,0.2247022688,0.2266545147,-0.1228870675,-1.7238733768,2.3041932583
1.2381320000,-0.3065555394,0.2305317819,0.2324397415,-0.1360215098,-1.7935637236,2.3742406368
1.2482169867,-0.3173041940,0.2134638727,0.2212266773,-0.1159692109,-1.8735678196,2.4453356266
1.2582520247,-0.3184260130,0.1864399016,0.2167753428,-0.0395159833,-1.9371426105,2.5196104050
1.2683509588,-0.3176742792,0.1798256934,0.2145726532,0.0870319158,-1.9950641394,2.5800716877
1.2784149647,-0.3256503344,0.2024697959,0.1915619820,0.2432678640,-2.0336267948,2.6405351162
1.2884680033,-0.3463057578,0.2039054334,0.1739419550,0.3470482826,-2.0568497181,2.6829702854
1.2985179424,-0.3588740826,0.1857526600,0.1660647243,0.3814744055,-2.0829241276,2.7063078880
1.3085850477,-0.3612284958,0.1437804401,0.1605810970,0.3518880904,-2.1117062569,2.7254123688
1.3186420202,-0.3532828093,0.1098026931,0.1667031497,0.2659161985,-2.1579873562,2.7402760983
1.3287489414,-0.3536094129,0.1126889884,0.1877325028,0.1275489330,-2.1940867901,2.7594048977
1.3387860060,-0.3808772862,0.1240653694,0.2000783533,-0.0036003003,-2.2046301365,2.7827925682
1.3488769531,-0.4047963023,0.1176882684,0.1729316562,-0.0813277140,-2.2210667133,2.8072257042
1.3589370251,-0.4047980011,0.1211047471,0.1301474422,-0.1183752120,-2.2498531342,2.8358893394
1.3689960241,-0.3868157268,0.1346015632,0.0954305977,-0.1214043722,-2.2656867504,2.8528723717
1.3790439367,-0.3790864050,0.1425906718,0.0726832002,-0.1255668998,-2.2763409615,2.8518064022
1.3891600370,-0.3884364069,0.1411069930,0.0598364882,-0.1244280264,-2.2838003635,2.8454318047
1.3992630243,-0.4079337418,0.1282918155,0.0590348057,-0.0997839347,-2.2942790985,2.8326787949
1.4092450142,-0.4199084640,0.1294513643,0.0733074993,-0.0655695051,-2.3014900684,2.8199241161
1.4193259478,-0.4253970385,0.1290939748,0.0832427591,-0.0100990534,-2.2988696098,2.8220348358
1.4293960333,-0.4224345982,0.1001428068,0.0725544542,0.0923684612,-2.3000974655,2.8220090866
1.4395389557,-0.4030973017,0.0846714675,0.0502262525,0.2311340719,-2.3031783104,2.8145396709
1.4495370388,-0.3791286349,0.0710465014,0.0230091028,0.3206189275,-2.2876036167,2.8049685955
1.4595890045,-0.3584977388,0.0508283079,0.0230204873,0.2168912292,-2.2673292160,2.7986342907
1.4697610140,-0.3519865870,0.0364893973,0.0762770027,-0.0383670181,-2.2506997585,2.7615427971
1.4797710180,-0.3700348437,-0.0031109748,0.1131307930,-0.3277538121,-2.2377676964,2.6915440559
1.4897899628,-0.3714590371,-0.0330561101,0.1124074310,-0.5455544591,-2.2326931953,2.6225860119
1.4998610020,-0.3534042835,-0.0352856219,0.0844509453,-0.6587467790,-2.2298803329,2.5546610355
1.5100289583,-0.3325076103,-0.0111095607,0.0454430394,-0.6692724228,-2.2484889030,2.4813907146
1.5200070143,-0.3156594634,0.0188060701,0.0145509066,-0.5933747292,-2.2641091347,2.4250884056
1.5300669670,-0.3059573174,0.0345808566,0.0155334296,-0.4811951816,-2.2793767452,2.3740847111
1.5410389900,-0.3042222559,0.0332433879,0.0231109671,-0.3890535235,-2.3181645870,2.3230755329
1.5538170338,-0.3024975359,0.0409497321,0.0518128090,-0.3159460127,-2.3741047382,2.2710025311
1.5610580444,-0.3085493147,0.0400201976,0.0888432115,-0.2632897198,-2.4132583141,2.2168178558
1.5710339546,-0.3205067515,0.0496533215,0.1251089424,-0.2258144170,-2.4292192459,2.1594612598
1.5807420015,-0.3413112760,0.0640594065,0.1255949587,-0.1339827627,-2.4372518063,2.1063439846
1.5910509825,-0.3613328636,0.0613857210,0.0701549500,0.0259832107,-2.4264514446,2.0840122700
1.6003990173,-0.3633884788,0.0675575435,0.0105380835,0.1964111477,-2.3930399418,2.0977890491
1.6106189489,-0.3585004807,0.0991360247,-0.0389487334,0.3271411657,-2.3387598991,2.1105241776
1.6204940081,-0.3577060103,0.1253028512,-0.0623909421,0.2855835855,-2.2382495403,2.1212029457
1.6305299997,-0.3632866442,0.1067946851,-0.0373937078,0.0731287748,-2.1245019436,2.1128203869
1.6406329870,-0.3662718534,0.0491545200,-0.0024813591,-0.2362439781,-2.0318853855,2.0853383541
1.6507649422,-0.3596146703,0.0023733082,0.0558062606,-0.5622631311,-1.9830225706,2.0419113636
1.6607630253,-0.3497317433,-0.0022177396,0.1115305275,-0.7810692191,-1.9843156338,1.9740111828
1.6708829403,-0.3480364978,0.0223943889,0.1331450790,-0.8930271268,-1.9984898567,1.9028913975
1.6809129715,-0.3563250899,0.0743687153,0.1116512865,-0.8276180029,-2.0334188938,1.8285313845
1.6909639835,-0.3636162877,0.1229761243,0.0110435309,-0.6071960330,-2.0933485031,1.7806644440
1.7010220289,-0.3535512090,0.1625427306,-0.0912242085,-0.3559030592,-2.1432025433,1.7720812559
1.7110799551,-0.3421908617,0.1844256222,-0.1447594911,-0.1807476282,-2.1553773880,1.7858344316
1.7211879492,-0.3415226936,0.1849837005,-0.1433466226,-0.1071610227,-2.1505248547,1.7805092335
1.7312799692,-0.3446532786,0.1546042264,-0.0971571356,-0.1211752146,-2.1369371414,1.7677791119
1.7413679361,-0.3477308154,0.1178301871,-0.0212683864,-0.2015470266,-2.1048352718,1.7540122271
1.7514070272,-0.3499000371,0.0858896077,0.0587265305,-0.2959942222,-2.0538518429,1.7253917456
1.7614179850,-0.3502013683,0.0587867200,0.1078269929,-0.3476531804,-2.0119976997,1.7041897774
1.7715269327,-0.3374240696,0.0758554637,0.0709207505,-0.2867641747,-2.0190455914,1.6808112860
1.7815660238,-0.3172673583,0.1119215786,-0.0066016493,-0.1637455821,-2.0476748943,1.6818275452
1.7918299437,-0.2911475301,0.1458917558,-0.0419777818,-0.0965340510,-2.0437176228,1.7104810476
1.8018670082,-0.2848644853,0.1754006445,-0.0385181494,-0.0650954321,-1.9861439466,1.7105017900
1.8119629622,-0.3044400215,0.1631253660,-0.0246612020,-0.0637081414,-1.9119114876,1.7020452023
1.8219950199,-0.3118247986,0.1406718194,-0.0161290355,-0.1179492772,-1.8243211508,1.7010408640
1.8320720196,-0.2933814824,0.1066799462,-0.0042942343,-0.2159757316,-1.7351363897,1.6777505875
1.8421989679,-0.2656430900,0.0512191057,0.0049411478,-0.2989084125,-1.6618192196,1.6417070627
1.8521729708,-0.2314199656,0.0202466249,-0.0039262353,-0.3219348788,-1.6028192043,1.6077637672
1.8622549772,-0.2060512453,0.0464694798,-0.0676297098,-0.2422885448,-1.5651857853,1.5769701004
1.8723150492,-0.1944057494,0.1028488576,-0.1554184705,-0.0493485592,-1.5423151255,1.5716254711
1.8824930191,-0.2035794556,0.1754654050,-0.2436744124,0.1326020658,-1.4864162207,1.6013375521
1.8925030231,-0.2271789759,0.2221957743,-0.2887608707,0.2258646339,-1.4183851480,1.6576224566
1.9025670290,-0.2370751351,0.2025740743,-0.2703834474,0.2304045260,-1.3351233006,1.7277415991
1.9126080275,-0.2059648782,0.1535565555,-0.2122910172,0.1280265152,-1.2338756323,1.7702903748
1.9227069616,-0.1658823043,0.1468056440,-0.1570874602,-0.0746083558,-1.1424005032,1.7502133846
1.9327800274,-0.1351350844,0.1310419738,-0.0951605588,-0.3272358775,-1.0696215630,1.6961615086
1.9428039789,-0.1116214246,0.1028949320,-0.0247222967,-0.6223950982,-1.0132350922,1.6261858940
1.9529010057,-0.1060834974,0.1003576815,0.0580556802,-0.8334988356,-0.9329431653,1.5296559334
1.9629850388,-0.1185068488,0.0658234060,0.1165805906,-0.9962584376,-0.8816145062,1.4830037355
1.9730529785,-0.1143449396,0.0716164112,0.1549204439,-1.1152696609,-0.9324353933,1.4968118668
1.9830980301,-0.1083479077,0.1598180234,0.1638749689,-1.0156838894,-1.0727813244,1.4829130173
1.9932190180,-0.1225262731,0.2356588542,0.1044414490,-0.7955778837,-1.2033584118,1.5040287971
2.0032291412,-0.1310991794,0.3148923218,0.0247868113,-0.4703819454,-1.2754336596,1.5686799288
2.0133900642,-0.1454773694,0.3388675749,-0.0611387677,-0.1245040819,-1.2826899290,1.6195533276
2.0233788490,-0.1709155589,0.3121764362,-0.1321712285,0.1175120100,-1.2546737194,1.6863992214
2.0334420204,-0.1972231418,0.2744810879,-0.1413242966,0.1819042861,-1.1793166399,1.7660566568
2.0435428619,-0.2189599723,0.2185519636,-0.0902298242,0.1293025911,-1.0405648947,1.7979933023
2.0538759232,-0.2352158874,0.1659253240,-0.0328194089,0.0730448067,-0.8609672785,1.7524398565
2.0637190342,-0.2360108644,0.1137200892,-0.0137561737,0.0542045422,-0.6897601485,1.6718333960
2.0737271309,-0.2192494422,0.0465875566,-0.0231554098,0.0366143882,-0.5365386605,1.5975879431
2.0837910175,-0.1917789727,-0.0501829088,-0.0328267403,-0.0448461175,-0.3986410201,1.5371550322
2.0939309597,-0.1623148918,-0.1325748265,-0.0208078809,-0.2220762372,-0.2880737782,1.4820426702
2.1039080620,-0.1365307719,-0.1816268861,0.0379757695,-0.4139082730,-0.2127875239,1.4056794643
2.1140890121,-0.1264850050,-0.2118237019,0.0842666477,-0.5231241584,-0.1836877018,1.2952929735
2.1240999699,-0.1307210028,-0.2089693248,0.0784944743,-0.5668604374,-0.1898595691,1.2209751606
2.1341710091,-0.1412552148,-0.1314266026,0.0365155749,-0.5175068974,-0.2196252644,1.1466234922
2.1442360878,-0.1678280979,-0.0806919932,-0.0168776698,-0.4681547880,-0.2493477464,1.0786409378
2.1542978287,-0.1853579581,-0.0424617827,-0.0282622166,-0.5011862516,-0.2585317194,1.0159970522
2.1643638611,-0.1889487356,-0.0085528493,0.0128190937,-0.5557131767,-0.2555524409,0.8949673772
2.1743788719,-0.1853526980,-0.0255685449,0.0587543063,-0.5548007488,-0.2456415594,0.7866707444
2.1844539642,-0.1471506506,-0.0330156982,0.0609825663,-0.5325742960,-0.2310349196,0.7187172174
2.1945009232,-0.0923161209,-0.0294726491,0.0721376985,-0.4625508189,-0.1948489547,0.6412041187
2.2046329975,-0.0550704785,-0.0331102014,0.0650101751,-0.3680008650,-0.1563564241,0.5594407916
2.2147009373,-0.0354102440,-0.0523200333,0.0592708401,-0.2113315910,-0.1395837516,0.4808364511
2.2246470451,-0.0366978981,-0.0867091715,0.0201828294,-0.0070764711,-0.1861440688,0.3894466162
2.2348098755,-0.0586024560,-0.1253147125,-0.0277614780,0.1778907776,-0.2266997546,0.2683340311
2.2448658943,-0.1031387895,-0.1368903220,-0.0996445566,0.2301454544,-0.2314910442,0.1143575385
2.2549929619,-0.1374189705,-0.1381953359,-0.1307524592,0.1359673142,-0.2130740136,-0.0268277489
2.2650170326,-0.1374423951,-0.1548816264,-0.0832683593,0.0341751762,-0.1773714125,-0.1106661931
2.2750389576,-0.1229551584,-0.1171778142,-0.0256353803,-0.0539290421,-0.1211814508,-0.1626432985
2.2851710320,-0.1273137778,-0.0371577144,-0.0073642908,-0.0205084980,-0.0499759801,-0.1902229935
2.2952129841,-0.1390398741,0.0229558051,-0.0385697074,0.0844052657,0.0253330898,-0.1721597761
2.3052599430,-0.1250874698,0.0723231733,-0.0752102882,0.1597069502,0.0751334056,-0.1211876720
2.3153338432,-0.0951897055,0.1009535491,-0.0960045606,0.2051550150,0.1202923581,-0.0914484188
2.3254690170,-0.0773972720,0.1329434216,-0.0914232284,0.2241550684,0.1417425275,-0.0818863437
2.3354949951,-0.0652817637,0.1457749605,-0.0645983368,0.1513045430,0.1697622538,-0.0807915777
2.3455429077,-0.0570914038,0.1281897426,-0.0021426855,0.0196770057,0.2057785690,-0.0764929727
2.3555998802,-0.0315788276,0.0889511704,0.0753697604,-0.1245447323,0.2204706818,-0.0711408257
2.3656930923,0.0156248035,0.0416882038,0.1329880804,-0.2350627035,0.1739473939,-0.0605180003
2.3757770061,0.0614235811,0.0217960775,0.1523129791,-0.2950863838,0.0950888023,-0.0318735726
2.3859028816,0.0766678602,0.0314751863,0.1557602733,-0.3617301285,0.0361394659,-0.0329478942
2.3959388733,0.0739621073,0.0633801520,0.1549876779,-0.4200368822,-0.0049475841,-0.0722401068
2.4059381485,0.0697252005,0.1130580306,0.1395689696,-0.3577514291,-0.0448912717,-0.0977590531
2.4160790443,0.0628184825,0.1806065738,0.1147625893,-0.1569537371,-0.0636092350,-0.1456006765
2.4260559082,0.0285098664,0.2319795787,0.0812745541,0.1833654940,-0.0498734489,-0.1223206446
2.4361310005,0.0004792035,0.2766126394,0.0121501507,0.5078652501,-0.0518324673,-0.0438309014
2.4462509155,-0.0120687960,0.2559631169,-0.0732144266,0.7145702839,-0.0157743320,0.0017919773
2.4564499855,-0.0393238254,0.1665526032,-0.1754514724,0.6614921689,0.0598630384,-0.0438137241
2.4663128853,-0.0709092170,0.0744468868,-0.2372942716,0.5078842044,0.0544845164,-0.0119234351
2.4763889313,-0.0580326356,0.0156730115,-0.2201329619,0.2064669877,0.1030884758,0.0348968655
2.4865489006,-0.0442486592,-0.0548695624,-0.1276334673,-0.1876361072,0.2361954004,-0.0159029309
2.4965469837,0.0070994766,-0.1363973618,-0.0414148159,-0.4505245090,0.2686534524,-0.0561693944
2.5065741539,0.1205374300,-0.1280183792,0.0062604966,-0.4892439246,0.1942806989,-0.0190337431
2.5166821480,0.1571951658,-0.0431501865,0.0383013301,-0.3051078320,0.1375343949,-0.0180457775
2.5267291069,0.1153793484,-0.0018843113,0.0518058352,-0.0339951180,0.0286257565,0.0030669656
2.5368080139,0.1202158779,0.0512858629,0.0821862072,0.1533183157,-0.0271335132,-0.0118742995
2.5468499660,0.1177203357,0.0756106377,0.0889617056,0.2752159834,-0.0504739881,-0.0119169103
2.5569369793,0.0977440923,0.1454089582,0.0618917756,0.3446371853,-0.0539539419,0.0124861663
2.5670139790,0.0442428701,0.1969234645,0.0143322768,0.3205957711,0.0032736610,0.0337568335
2.5770478249,-0.0040424643,0.1840760708,-0.0060365973,0.2882506549,0.0370636471,0.0518327057
2.5871319771,0.0001418412,0.1625020802,-0.0165628977,0.2987594903,0.0554362647,0.0890021771
2.5972380638,0.0158075504,0.1478948295,-0.0241276808,0.3049329817,0.0789178237,0.1017534658
2.6072239876,0.0056631090,0.1178966165,0.0013373316,0.3068685532,0.0991439968,0.1091956645
2.6175560951,0.0082142623,0.0829605162,0.0297178440,0.2791821063,0.0924876258,0.1017663106
2.6273579597,0.0265800469,0.0388158560,0.0550697260,0.2131575495,0.0769033432,0.0784157142
2.6375341415,0.0344082676,-0.0236773193,0.0791308731,0.1054467186,0.0672377273,0.0423378050
2.6475269794,0.0356854014,-0.0765656531,0.0939692110,-0.0031671105,0.0417315736,0.0189930685
2.6576280594,0.0334056728,-0.0934076309,0.1015714258,-0.0723083392,0.0176172461,-0.0064843949
2.6676459312,0.0246300958,-0.0798161924,0.0903871506,-0.1212987825,0.0052612447,-0.0457646921
2.6777820587,0.0083105387,-0.0636718273,0.0800332278,-0.1413855404,-0.0152407680,-0.0712533370
2.6877961159,0.0039315345,-0.0400032401,0.0618468933,-0.1670600176,-0.0102910167,-0.0914185271
2.6979188919,-0.0053761778,0.0126344860,0.0434880666,-0.1682895869,0.0055800918,-0.0967192799
2.7079148293,-0.0217056014,0.0830074251,0.0299780779,-0.1267871559,0.0188349113,-0.0723018199
2.7180471420,-0.0274712481,0.1384260952,0.0119197788,-0.0521205105,0.0238771401,-0.0500208177
2.7280778885,-0.0252247341,0.1521365047,0.0059573473,0.0055321315,0.0235410500,-0.0160580613
2.7383041382,-0.0036418021,0.1627818048,0.0237463526,0.0652947724,0.0252897460,0.0094112810
2.7482600212,0.0160758905,0.1602431536,0.0320520215,0.1219468638,0.0174134485,0.0274435449
2.7582659721,0.0350848548,0.1356104016,0.0191397481,0.1635018140,0.0241640285,0.0306214951
2.7684078217,0.0463685207,0.0955792964,-0.0034025488,0.2029743940,0.0255629867,0.0295503717
2.7783989906,0.0460642986,0.0662405491,-0.0162689872,0.2530776262,0.0301701240,0.0178589597
2.7884678841,0.0362308584,0.0504472554,-0.0184567161,0.3063568175,0.0368290916,-0.0086962162
2.7985420227,0.0264005475,0.0354239345,-0.0022342978,0.2686791420,0.0681439340,-0.0373375155
2.8086040020,0.0213818513,0.0063236356,0.0172807388,0.0527771935,0.0978003666,-0.0818634331
2.8187608719,0.0287691616,-0.0797570646,0.0435803346,-0.2299571335,0.0888252407,-0.1030315757
2.8287339211,0.0488929562,-0.1058725715,0.0464149527,-0.4390791953,0.0826573595,-0.1178467423
2.8387970924,0.0326056741,-0.0454865396,0.0591375642,-0.5052789450,0.0852716565,-0.1167690903
2.8488841057,0.0123966755,0.0299957693,0.0495914631,-0.4153876603,0.0617484897,-0.1019384786
2.8589568138,0.0139865102,0.0801579654,0.0157789402,-0.1726065576,0.0121523067,-0.0595530719
2.8689939976,0.0080856802,0.1215233505,-0.0127593456,0.1330481768,-0.0272342488,-0.0001896142
2.8790431023,-0.0173222162,0.1149767637,-0.0283613391,0.3702954054,-0.0566838831,0.0475167893
2.8894410133,-0.0172703005,0.1253681183,-0.0165642090,0.5765814781,-0.0853770524,0.0899220333
2.8991861343,-0.0164211281,0.1672863066,-0.0165222473,0.7400157452,-0.0986820683,0.1089880094
2.9092760086,-0.0305670686,0.1695552170,-0.0111766635,0.7858164907,-0.0898001567,0.1079190150
2.9193358421,-0.0250030793,0.1738737524,0.0161939077,0.7214102149,-0.0556852631,0.0559239239
2.9294691086,-0.0083075790,0.1501395702,0.0156569891,0.5983713269,-0.0273191370,0.0145591712
2.9394550323,0.0250534378,0.1325370073,0.0096206488,0.4499063492,-0.0159871858,-0.0013238546
2.9495179653,0.0605205111,0.1036324203,0.0039443197,0.3048625886,-0.0245364644,0.0210064836
2.9596109390,0.0631150752,0.0493449271,-0.0284483619,0.2143006027,-0.0390383750,0.0337634906
2.9699158669,0.0491443090,0.0607484579,-0.0329576917,0.2133969963,-0.0549142770,0.0411883853
2.9796710014,0.0351229720,0.0948131979,-0.0257222243,0.2689553201,-0.0607471317,0.0486039557
2.9897460938,0.0271970145,0.0878861248,-0.0219136067,0.3363607228,-0.0782592818,0.0390219018
2.9997048378,0.0408731364,0.0991029739,-0.0109628616,0.3921459615,-0.1075311527,0.0315605253
3.0100209713,0.0537572019,0.0955931842,0.0110532464,0.4618920386,-0.1463063657,0.0124103995
3.0201201439,0.0521314852,0.0849589407,0.0255229287,0.5242304802,-0.1891773492,0.0261770114
3.0300841331,0.0525153838,0.1266478598,0.0343509726,0.5991718173,-0.2129625678,0.0208371077
3.0401849747,0.0334490202,0.1371187568,0.0269383602,0.6696499586,-0.2165078372,0.0335585624
3.0502159595,0.0272556357,0.1318207681,0.0091602625,0.7722226977,-0.2271386385,0.0558249876
3.0603590012,0.0241405778,0.1440111399,-0.0093113361,0.9111095667,-0.2406354845,0.0780806839
3.0703549385,0.0181858949,0.1683166921,-0.0234712549,1.0638000965,-0.2477144301,0.0897181705
3.0804569721,0.0062361332,0.1637941003,-0.0450631566,1.1800383329,-0.2381344289,0.1013734266
3.0904860497,-0.0109085916,0.1431438327,-0.0764254481,1.1380761862,-0.2033879012,0.1162666231
3.1005988121,-0.0227784999,0.1075157523,-0.0749958903,0.9739342332,-0.0212910045,-0.0524268560
3.1106159687,-0.0086937426,0.0297871828,-0.0467182584,0.8590267897,-0.0514310636,0.0357165858
3.1207280159,0.0608061068,0.0268776715,0.0123206200,0.7018474936,-0.0196678750,0.0729353949
3.1307389736,0.0723878592,0.0205066800,0.0151343169,0.5895497203,0.0049005859,0.0857177675
3.1408810616,0.0682076961,0.0033203664,-0.0255705304,0.5105906129,0.0031008217,0.0783048645
3.1508908272,0.0769640058,0.0059775412,-0.0450014658,0.4661194980,-0.0311458334,0.0931642354
3.1610419750,0.0743709505,0.0161557198,-0.0615842529,0.4246805012,-0.0495812297,0.0878567472
3.1710348129,0.0466013364,0.0243757963,-0.0499740429,0.4162414670,-0.0603766181,0.0708647147
3.1811070442,0.0071687670,0.0367390066,-0.0169231482,0.4375347793,-0.0584139377,0.0177698787
3.1911668777,-0.0214904137,0.0440159589,0.0202508979,0.5091363192,-0.0708330572,-0.0300354604
3.2013020515,-0.0397846885,0.0500458628,0.0448968820,0.6181964874,-0.0934586748,-0.0661767498
3.2112998962,-0.0431393869,0.0681217164,0.0329024009,0.8139428496,-0.1397265643,-0.1012889370
3.2214150429,-0.0251936205,0.1087139249,-0.0135387359,1.0523560047,-0.1835006922,-0.1364096403
3.2313661575,0.0001692444,0.1465597004,-0.0857494026,1.2524198294,-0.2338922173,-0.1587833911
3.2414860725,0.0272948556,0.1623507291,-0.1829707175,1.3448187113,-0.2956817448,-0.1577770412
3.2515790462,0.0525556169,0.1515784264,-0.2761029899,1.3304835558,-0.3551245630,-0.1418761015
3.2616281509,0.0604417883,0.1373763084,-0.3305744827,1.2058435678,-0.3762574196,-0.1238034964
3.2716870308,0.0555337779,0.1288424730,-0.3036734760,1.0405770540,-0.3902957439,-0.1025325656
3.2817559242,0.0574016832,0.1218860447,-0.2196512967,0.8785036206,-0.4032530189,-0.0823227018
3.2918889523,0.0474510454,0.0998308063,-0.1291690618,0.7374413013,-0.3843104839,-0.0801538229
3.3018960953,0.0265834741,0.0658648610,-0.0438648649,0.6241253614,-0.3663040996,-0.0960432440
3.3119640350,0.0055883052,0.0483639985,0.0372967534,0.5481775999,-0.3501352668,-0.1183136627
3.3220429420,-0.0056742011,0.0421026945,0.1202977151,0.5278844237,-0.3504981101,-0.1469784528
3.3321728706,-0.0039455621,0.0521010756,0.1691731066,0.5206909776,-0.3793558776,-0.1692888141
3.3421700001,0.0098774405,0.0659356192,0.1956744641,0.5433109999,-0.3992651403,-0.1608087867
3.3522229195,0.0298694484,0.0763339400,0.1901072115,0.6119524240,-0.4325653017,-0.1523484588
3.3623318672,0.0492927693,0.1145606637,0.1777201742,0.6732547283,-0.4786068797,-0.1353987008
3.3723878860,0.0650625974,0.1402903646,0.1761592478,0.8176158667,-0.5034512281,-0.0706780255
3.3823781013,0.0674241632,0.1704677641,0.1385784000,0.9822397828,-0.5271137357,-0.0144555019
3.3924918175,0.0659696311,0.1945959926,0.1049519628,1.1562974453,-0.5336877704,0.0460195579
3.4025750160,0.0516898744,0.2071065903,0.0771426409,1.3567615747,-0.5147154927,0.0831396282
3.4127058983,0.0440643616,0.2196546048,0.0707093924,1.5125602484,-0.5121828318,0.1000901163
3.4226951599,0.0422703139,0.2049314082,0.0846128911,1.5243549347,-0.5173934698,0.0990239903
3.4327559471,0.0207585059,0.1578262597,0.1177055091,1.4461067915,-0.4854113162,0.0640204623
3.4428369999,-0.0235397108,0.0941969827,0.1222210377,1.3699110746,-0.4436957836,0.0545049198
3.4529750347,-0.0427981205,0.0706874728,0.1001750082,1.3148936033,-0.3871193230,0.0173841864
3.4629850388,-0.0469462387,0.0483598560,0.0633429736,1.2288532257,-0.3245637417,-0.0377774015
3.4730081558,-0.0391392894,0.0092645586,0.0234806947,1.0700165033,-0.2393079549,-0.0939698368
3.4831328392,-0.0223948099,-0.0386835895,-0.0106098829,0.8312581182,-0.1664706320,-0.1575809121
3.4932010174,0.0132387886,-0.0677037090,-0.0261825509,0.5874451995,-0.1200181767,-0.1925351620
3.5033609867,0.0444782004,-0.0843693763,-0.0242339559,0.3768216670,-0.0826381892,-0.1988344640
3.5133359432,0.0588728786,-0.0611354932,0.0039365711,0.1975515038,-0.0865061581,-0.2263976485
3.5235009193,0.0566309616,-0.0268006697,0.0389109664,0.0738258883,-0.0928028002,-0.2125655860
3.5334479809,0.0555420332,0.0008072482,0.0534870438,0.0259286687,-0.1036107093,-0.1785812527
3.5436291695,0.0517640300,0.0360514335,0.0378612094,0.0624447912,-0.1242722496,-0.1414371431
3.5535750389,0.0494710170,0.0818952918,0.0075615468,0.2244137079,-0.1984053254,-0.0109140305
3.5643448830,0.0385209955,0.1470087171,-0.0043788729,0.3488552272,-0.1534665525,0.0421659015
3.5739960670,0.0275353156,0.1820043921,-0.0055993376,0.4195626676,-0.1804374456,0.0421344750
3.5848670006,0.0334199928,0.1435966343,0.0167426877,0.4135636687,-0.2184406221,0.0803421810
3.5942358971,0.0339356214,0.1068866551,0.0351956300,0.3864250183,-0.2779676020,0.1004935205
3.6041090488,0.0183291882,0.0623393431,0.0555462055,0.4017184675,-0.3104662299,0.1408228874
3.6139199734,-0.0086251823,0.0353317931,0.0329289846,0.4190370142,-0.3335276246,0.1609811634
3.6278300285,-0.0216772594,0.0211701691,0.0151590528,0.4405165017,-0.3471194208,0.1630915850
3.6568310261,-0.0162137039,0.0063941553,0.0159655623,0.5044776797,-0.3402287662,0.1577697992
3.6569130421,0.0003177643,0.0143492743,0.0157512240,0.6239795089,-0.3381928802,0.1471222639
3.6569380760,0.0150951454,0.0433591008,-0.0118825613,0.7091399431,-0.3173850477,0.1322458535
3.6646461487,0.0225134306,0.0474829301,-0.0162790604,0.8070425391,-0.2900924385,0.1184312403
3.6743929386,0.0264929496,0.0295066014,-0.0227707811,0.8875866532,-0.2354598194,0.0897695050
3.6844758987,0.0250941254,0.0367116556,-0.0061240373,0.9019743800,-0.1825141162,0.0536906607
3.6944780350,0.0248193014,0.0338114724,0.0144424858,0.7693873048,-0.1583027840,0.0388712361
3.7044730186,0.0234460551,0.0147985816,0.0644069165,0.5726865530,-0.1261126250,0.0315030664
3.7168719769,0.0187313221,-0.0185694396,0.1009255499,0.3973664343,-0.0980993658,0.0060784016
3.7246170044,0.0134572098,-0.0322946757,0.1035026759,0.2443166822,-0.0561824068,-0.0320845619
3.7347178459,0.0224132948,-0.0144183934,0.1120816916,0.1202794313,-0.0341293029,-0.0638960227
3.7446730137,0.0371672735,0.0090318918,0.1101108640,-0.0002698842,-0.0383102000,-0.0553731062
3.7551798820,0.0470744111,0.0171724558,0.1092526764,-0.0621367097,-0.0397040993,-0.0235041250
3.7647371292,0.0423752628,0.0305874497,0.0879193395,-0.0963732749,-0.0303492807,-0.0075639733
3.7748618126,0.0278311186,0.0537870973,0.0723625869,-0.0686502978,-0.0267992876,0.0115431417
3.7849488258,0.0144679314,0.0717690885,0.0587090068,-0.0238253288,-0.0251533873,0.0412634164
3.7950110435,0.0098881153,0.0864344984,0.0625509471,0.0360350721,-0.0341111943,0.0518617332
3.8050189018,0.0094237411,0.0793223828,0.0663766116,0.0949484557,-0.0547361821,0.0645787269
3.8151078224,0.0043339143,0.0659281611,0.0535688810,0.1474066079,-0.0700767860,0.0826083273
3.8252129555,-0.0076052891,0.0588768125,0.0542919450,0.1911169589,-0.0654366240,0.0847230107
3.8354058266,-0.0146224974,0.0406509787,0.0627736300,0.2392405570,-0.0744761899,0.0985096619
3.8454010487,-0.0137570305,0.0374036580,0.0556056909,0.2808024287,-0.0687852874,0.1016857550
3.8556261063,-0.0178843122,0.0392967463,0.0493346266,0.2923650742,-0.0517759435,0.0910733193
3.8656389713,-0.0231928881,0.0314239562,0.0528297238,0.2687817514,-0.0425775871,0.0687863305
3.8756909370,-0.0139274821,0.0231258869,0.0525196604,0.2024770230,-0.0306173284,0.0390787609
3.8857221603,-0.0107288687,0.0081549734,0.0503918342,0.1062630564,-0.0157572217,0.0061962465
3.8958349228,-0.0096832076,-0.0049572289,0.0464524440,-0.0006649913,0.0033035548,-0.0192502569
3.9058609009,-0.0019642387,-0.0034108458,0.0611551218,-0.0827698708,-0.0049583698,-0.0372846536
3.9159431458,0.0088018142,0.0014736057,0.0778965205,-0.1136271283,-0.0148608014,-0.0500233509
3.9259810448,0.0157910232,0.0159028620,0.0790302008,-0.1071209386,-0.0254280251,-0.0521546118
3.9361259937,0.0189816058,0.0305816829,0.0684175938,-0.0611614399,-0.0312755257,-0.0341186188
3.9461388588,0.0213438421,0.0427135229,0.0411850028,-0.0258462727,-0.0392548926,-0.0033396678
3.9562439919,0.0168485269,0.0551074594,0.0177907757,-0.0121003641,-0.0251883417,0.0200234465
3.9663138390,0.0073596472,0.0500530452,0.0031834068,-0.0262459069,0.0023249099,0.0274735056
3.9765591621,-0.0034088504,0.0390259027,-0.0045840321,-0.0499032997,0.0201638285,0.0285502207
3.9864280224,-0.0095140971,0.0219708830,-0.0152081428,-0.0703881979,0.0412410833,0.0338752754
3.9965150356,-0.0159110986,0.0163545012,-0.0287652798,-0.0897839963,0.0602267571,0.0423840769
4.0065908432,-0.0205947123,0.0134533346,-0.0344942398,-0.1005207971,0.0664787963,0.0392045267
4.0166301727,-0.0194378011,0.0112846345,-0.0440498777,-0.1154632643,0.0663136840,0.0338992439
4.0267291069,-0.0134237567,0.0078982711,-0.0409032293,-0.1314115077,0.0597599074,0.0264668968
4.0367612839,-0.0120982612,-0.0006819962,-0.0347781368,-0.1483827680,0.0489522666,0.0190332159
4.0468420982,-0.0134956567,-0.0035420654,-0.0257499404,-0.1611131728,0.0414131880,0.0190328825
4.0569200516,-0.0145890517,-0.0045665056,-0.0196261592,-0.1717295945,0.0360357352,0.0222182889
4.0669641495,-0.0126961488,0.0023472311,-0.0028240262,-0.1749297678,0.0359788761,0.0179730784
4.0770440102,-0.0097065950,0.0053772926,0.0042505683,-0.1706500649,0.0349620841,0.0190332830
4.0874419212,-0.0056976052,0.0152757317,0.0074074091,-0.1654003561,0.0423401706,0.0041690483
4.0972690582,-0.0037360706,0.0282180756,0.0056555094,-0.1451409012,0.0435090326,-0.0064535020
4.1072378159,-0.0009554272,0.0473451018,0.0009053768,-0.1045728847,0.0428141467,-0.0043386198
4.1173090935,0.0067298096,0.0591234714,-0.0058080731,-0.0788872242,0.0356108285,-0.0043487395
4.1274852753,0.0105200252,0.0604987741,-0.0018285690,-0.0618419833,0.0378490798,-0.0096626785
4.1374211311,0.0084177740,0.0619778633,-0.0037245331,-0.0533049516,0.0379236490,-0.0096648084
4.1475119591,0.0102487626,0.0633902401,-0.0056117950,-0.0638871491,0.0294050649,-0.0001105183
4.1575918198,0.0140438685,0.0568225980,0.0023130002,-0.0926948339,0.0292157140,0.0094528934
4.1676311493,0.0148402909,0.0468956083,0.0161234550,-0.1386122257,0.0320046432,0.0105279442
4.1778559685,0.0136486478,0.0371930227,0.0319770388,-0.2143485397,0.0281321388,0.0062980461
4.1877760887,0.0133595532,0.0255801678,0.0469645672,-0.2870464027,0.0401468575,-0.0064186812
4.1978082657,0.0089529194,0.0143264830,0.0571127944,-0.3265828788,0.0439144298,-0.0265809409
4.2079138756,0.0035311251,0.0155884847,0.0467744283,-0.3084657490,0.0461318456,-0.0361398943
4.2179818153,-0.0037865744,0.0326735154,0.0188075714,-0.2690341771,0.0517955907,-0.0340234786
4.2280321121,0.0005484101,0.0560812503,-0.0004149853,-0.2241778672,0.0479237512,-0.0372236669
4.2380380630,0.0108173685,0.0703383535,-0.0089590726,-0.1717128009,0.0314736739,-0.0266272128
4.2481880188,0.0193079226,0.0792462900,-0.0272780843,-0.1448414028,0.0137720415,-0.0107144266
4.2582650185,0.0201601647,0.0767646506,-0.0475944467,-0.1254775524,-0.0008311360,0.0020149506
4.2682962418,0.0142118046,0.0560338497,-0.0552344508,-0.1296257079,-0.0124907875,0.0094425734
4.2783989906,0.0113421576,0.0430581719,-0.0541088767,-0.1508702785,-0.0221985430,0.0136903152
4.2885169983,0.0096183037,0.0259914622,-0.0490545817,-0.1593888700,-0.0244296715,0.0083823018
4.2985010147,0.0050716987,0.0214001760,-0.0430544205,-0.1497676671,-0.0265231822,-0.0001155784
4.3085737228,0.0043977862,0.0380190238,-0.0429186411,-0.1391484290,-0.0222964138,-0.0171052795
4.3186631203,0.0014582694,0.0352380648,-0.0320332237,-0.1254744381,-0.0031671941,-0.0309025850
4.3287110329,0.0011735082,0.0315283090,-0.0230995603,-0.1117020771,0.0064476831,-0.0393957421
4.3387727737,0.0086674904,0.0436007455,-0.0200508423,-0.0840222463,0.0130352778,-0.0425848775
4.3488879204,0.0113323228,0.0521965921,-0.0297095962,-0.0627181605,0.0175069254,-0.0362169221
4.3589410782,0.0090619503,0.0533456057,-0.0413524695,-0.0457335860,0.0272881817,-0.0234747622
4.3689641953,0.0087045813,0.0586706921,-0.0422919579,-0.0340387933,0.0316564329,-0.0202910881
4.3790521622,0.0073333243,0.0553682074,-0.0295974202,-0.0361805074,0.0327403396,-0.0139192082
4.3891549110,0.0128563521,0.0440520272,-0.0158739872,-0.0681377202,0.0271473676,-0.0149742849
4.3991680145,0.0155030051,0.0313944370,-0.0001632749,-0.1161681041,0.0278027728,-0.0128381643
4.4092688560,0.0142213916,0.0152492747,0.0126616778,-0.1737964004,0.0273006335,-0.0128249815
4.4193000793,0.0129441293,0.0063200444,0.0196676664,-0.2036392540,0.0239189528,-0.0032629021
4.4293928146,0.0145726698,0.0097614974,0.0237442665,-0.2196623832,0.0259277746,0.0009904325
4.4394698143,0.0182049312,0.0188720226,0.0365901999,-0.2291914374,0.0184237864,0.0020509032
4.4495539665,0.0248578042,0.0172641501,0.0504386835,-0.2163328528,0.0132449353,0.0041681826
4.4595899582,0.0237482041,0.0138813034,0.0457420163,-0.1928357929,0.0113141434,0.0020376539
4.4697270393,0.0167006366,0.0216429830,0.0399822406,-0.1448052377,0.0106586730,-0.0000984010
4.4798088074,0.0105554601,0.0368552133,0.0292907767,-0.0883012041,0.0164507832,-0.0011716549
4.4898090363,0.0023930080,0.0478529111,0.0195291452,-0.0425028764,0.0253406800,-0.0011799107
4.4999508858,-0.0029237673,0.0544842556,0.0136545124,-0.0041672066,0.0342196599,0.0073091816
4.5099930763,-0.0014453150,0.0585419610,0.0068102302,0.0320781469,0.0388283916,0.0147355394
4.5200400352,0.0019339406,0.0570345894,-0.0058846651,0.0661623478,0.0454926863,0.0147302132
4.5301198959,0.0061272988,0.0567439273,-0.0176234432,0.0821391344,0.0488290936,0.0168516859
4.5402040482,0.0113381492,0.0487114191,-0.0322656222,0.0714561269,0.0497830398,0.0147312786
4.5502629280,0.0107014524,0.0296669453,-0.0390854068,0.0286963321,0.0568087921,0.0104991822
4.5603308678,0.0101106474,0.0178198144,-0.0380804129,-0.0214374065,0.0542486943,0.0105106337
4.5704178810,0.0105624022,0.0092255846,-0.0341305323,-0.0769821033,0.0590692796,0.0105268788
4.5804209709,0.0110463733,0.0029417651,-0.0203871913,-0.1325276494,0.0638688356,0.0073579843
4.5904979706,0.0085310740,0.0010472835,-0.0017628252,-0.1655776948,0.0604185723,0.0105491159
4.6005802155,0.0090599889,0.0067341924,0.0061269822,-0.1718302667,0.0455224477,0.0126668625
4.6106171608,0.0106503433,0.0261784457,0.0159443431,-0.1439571977,0.0330114476,0.0094686719
4.6206951141,0.0103895562,0.0469888672,0.0140304985,-0.1032134965,0.0142814377,0.0115725696
4.6307630539,0.0092817685,0.0556514971,0.0082273902,-0.0710726082,0.0029434289,0.0200551376
4.6408548355,0.0063320762,0.0609617829,0.0053111138,-0.0229516812,-0.0061307596,0.0285327770
4.6509160995,0.0014505506,0.0638809949,0.0004114927,0.0218464956,-0.0046887249,0.0263951253
4.6609621048,0.0004281018,0.0613902770,-0.0054594455,0.0538182780,-0.0001581551,0.0274510682
4.6710038185,-0.0035505362,0.0484727733,-0.0093779741,0.0729967952,0.0031634059,0.0232021958
4.6811318398,-0.0026691512,0.0336533822,-0.0123092709,0.0708177909,0.0073610805,0.0189576484
4.6912117004,-0.0038338669,0.0176095292,-0.0132892905,0.0515821278,0.0092392080,0.0072836154
4.7012357712,-0.0030261048,0.0021884630,-0.0044952808,0.0281036999,0.0090133725,0.0041040671
4.7113132477,0.0026604093,0.0039934255,0.0033224048,0.0131171858,0.0130785545,-0.0033228230
4.7213392258,0.0063945921,0.0065387860,0.0140687050,-0.0114720454,0.0170735624,-0.0086235786
4.7314577103,0.0081613483,0.0049181394,0.0189712457,-0.0328883342,0.0242854021,-0.0128606679
4.7415237427,0.0069436142,0.0069831796,0.0199904256,-0.0586203337,0.0356842615,-0.0202810355
4.7515659332,0.0046790438,0.0214941390,0.0151262702,-0.0779325292,0.0450185761,-0.0277055949
4.7617840767,0.0062608728,0.0251975469,0.0054269852,-0.1014301330,0.0469424427,-0.0266368687
4.7717070580,0.0117482366,0.0288194343,0.0015922607,-0.1227697507,0.0467620827,-0.0255688727
4.7817707062,0.0143034728,0.0334026814,0.0036015334,-0.1280201823,0.0382274501,-0.0255718026
4.7918281555,0.0159127526,0.0350102820,0.0036598267,-0.1289798468,0.0276077613,-0.0255765300
4.8018860817,0.0146718966,0.0327891409,0.0046930136,-0.1192430556,0.0150219295,-0.0160290971
4.8119897842,0.0135158459,0.0346740074,0.0017934859,-0.0839080289,0.0037073568,-0.0086115282
4.8220629692,0.0115397470,0.0438017994,0.0018069566,-0.0368142873,-0.0096547874,-0.0054447632
4.8321089745,0.0106255272,0.0552294403,0.0047042193,0.0048022391,-0.0092907334,-0.0054556821
4.8421602249,0.0067974897,0.0553110801,0.0046879472,0.0304783080,-0.0154192001,-0.0033416650
4.8521928787,0.0069102468,0.0409394093,0.0037509026,0.0337570570,-0.0227694567,0.0040860912
4.8623108864,0.0079995180,0.0304141529,0.0076687755,0.0283899903,-0.0196261276,0.0051508229
4.8724021912,0.0021363392,0.0217099227,0.0066906037,0.0133198267,-0.0070948238,-0.0054560816
4.8823800087,0.0001628295,0.0127522834,-0.0088831363,-0.0049167005,0.0023026722,-0.0043849582
4.8925070763,-0.0009767144,0.0143378004,-0.0244686790,-0.0146761732,0.0170323495,-0.0107469838
4.9025840759,-0.0012756168,0.0167910345,-0.0332320519,-0.0201305933,0.0286360085,-0.0139252003
4.9126448631,0.0032786473,0.0220818333,-0.0400391407,-0.0222763568,0.0296573304,-0.0171092749
4.9226617813,0.0117418328,0.0205266103,-0.0370612331,-0.0319012888,0.0317023732,-0.0160440113
4.9327688217,0.0153143676,0.0209466219,-0.0311859436,-0.0371996462,0.0284921974,-0.0128575396
4.9428410530,0.0110483812,0.0204076841,-0.0185195990,-0.0521261320,0.0273353197,-0.0075453315
4.9528837204,0.0117214033,0.0245644003,-0.0048686443,-0.0735007897,0.0303675309,-0.0022303946
4.9629549980,0.0085143717,0.0237565786,0.0068498077,-0.0851880759,0.0249322858,-0.0064773373
4.9730167389,0.0073116207,0.0218021162,0.0166229419,-0.1033291817,0.0247524548,-0.0096576186
4.9832172394,0.0081038075,0.0197404437,0.0264169388,-0.1074917018,0.0140982121,-0.0107236812
4.9931392670,0.0060048150,0.0234447308,0.0254684500,-0.0989405885,0.0131390076,-0.0064786691
5.0032262802,0.0058581540,0.0341104418,0.0196277313,-0.0786129460,0.0079972427,-0.0086099962
5.0132741928,0.0066913823,0.0410278738,0.0137957158,-0.0657796785,0.0049631703,-0.0033082427
5.0234432220,0.0056231627,0.0414134748,0.0118626775,-0.0433385521,0.0019689782,-0.0043772352
5.0334320068,0.0035175651,0.0409023501,0.0079703750,-0.0370360203,0.0126469228,-0.0022480381
5.0434932709,0.0003984020,0.0356159173,0.0031116428,-0.0306758583,0.0169468615,-0.0022475054
5.0535831451,0.0011560776,0.0226343311,0.0012096585,-0.0253609382,0.0191579517,0.0041221101
5.0636110306,0.0018371315,0.0184031613,0.0012118638,-0.0275921337,0.0286744926,0.0020038318
5.0737290382,0.0054690847,0.0122456476,0.0041743936,-0.0222054608,0.0233670790,-0.0054322463
5.0837497711,0.0140625993,0.0089712664,0.0022574486,-0.0167734139,0.0138715776,-0.0043765693
5.0938491821,0.0198440887,0.0133783855,-0.0016059458,-0.0316161439,0.0042200820,-0.0001307583
5.1039061546,0.0198236443,0.0109025277,-0.0006106673,-0.0390082747,-0.0032306437,0.0062381914
5.1139402390,0.0169452243,0.0122185647,-0.0015784680,-0.0453995727,-0.0043692118,0.0030547152
5.1240358353,0.0111194188,0.0183988214,-0.0045155464,-0.0454427153,-0.0001321225,0.0019950434
5.1341609955,0.0072457725,0.0256236419,-0.0074411808,-0.0443799570,-0.0001496994,-0.0022532311
5.1441569328,0.0072792182,0.0270495825,-0.0161979981,-0.0369004682,-0.0011593038,-0.0043792324
5.1542491913,0.0092158923,0.0285846889,-0.0230074711,-0.0316167027,0.0041704806,-0.0075622434
5.1643028259,0.0060911262,0.0331400037,-0.0162124820,-0.0316507891,0.0073257936,-0.0118078543
5.1743888855,0.0048967572,0.0298679732,-0.0142557202,-0.0305968728,0.0083828019,-0.0139317252
5.1844158173,0.0056652697,0.0275446698,-0.0132591901,-0.0433800444,0.0061627910,-0.0118059898
5.1945438385,0.0025166094,0.0221122839,-0.0093562184,-0.0657881200,0.0059806975,-0.0096765924
5.2045769691,0.0004286178,0.0194020588,-0.0044690548,-0.0721802413,0.0048637679,-0.0096755270
5.2146129608,-0.0016133218,0.0185732767,0.0004213871,-0.0689781383,0.0048985891,-0.0086144581
5.2247400284,0.0022782169,0.0227219593,0.0062866630,-0.0496734157,-0.0044757384,-0.0075622434
5.2348098755,0.0062587680,0.0232495349,0.0121629061,-0.0164511167,-0.0179381520,-0.0012067421
5.2448272705,0.0064772414,0.0289195050,0.0082683982,0.0177619793,-0.0239920486,0.0009051447
5.2549090385,0.0028040789,0.0358889028,0.0014197052,0.0454782695,-0.0205463842,0.0040856916
5.2649860382,-0.0008804753,0.0421435460,-0.0103056608,0.0710637867,-0.0182560664,-0.0044140536
5.2750830650,-0.0036413104,0.0378716514,-0.0200531669,0.0635501072,-0.0140626524,-0.0022872528
5.2852530479,0.0003711738,0.0315022133,-0.0161398835,0.0378836244,-0.0090090381,-0.0065254075
5.2951679230,-0.0005469575,0.0142169427,-0.0141596971,0.0185897425,-0.0006957806,-0.0075780884
5.3052368164,0.0013808989,0.0083224233,-0.0092752753,-0.0081225615,0.0022265059,-0.0118170427
5.3152837753,0.0061952444,0.0070561394,-0.0053465543,-0.0305554029,0.0041463124,-0.0128726522
5.3253870010,0.0080176154,0.0055296049,-0.0004511653,-0.0519842654,0.0124340691,-0.0149866706
5.3354420662,0.0049345689,0.0106156915,-0.0024035154,-0.0626970381,0.0165844727,-0.0149814766
5.3454532623,0.0047410736,0.0155837163,0.0034435811,-0.0734428987,0.0239182860,-0.0149750840
5.3555760384,0.0054955604,0.0126501787,0.0063923420,-0.0905843303,0.0301150624,-0.0181537010
5.3656482697,0.0052018845,0.0145170763,0.0161464028,-0.0980110914,0.0258127265,-0.0170921646
5.3757281303,0.0118555622,0.0173408072,0.0239794068,-0.1043447778,0.0194529630,-0.0075374087
5.3857698441,0.0136516998,0.0250795819,0.0269122534,-0.0872078687,0.0132222315,-0.0096684704
5.3958458900,0.0115433084,0.0301606301,0.0239789300,-0.0604964197,0.0102789067,-0.0086146574
5.4058609009,0.0144241164,0.0384887233,0.0161721520,-0.0198155697,-0.0020712370,-0.0043839598
5.4159588814,0.0164404660,0.0471405014,0.0112932147,0.0016075373,-0.0092641693,0.0030404006
5.4260597229,0.0086814510,0.0462313518,0.0093253674,0.0186299309,-0.0037892419,0.0062242094
5.4360971451,0.0009201512,0.0405758359,-0.0004280387,0.0304110888,-0.0079165427,0.0083424216
5.4462537766,-0.0000042796,0.0320785269,-0.0043236194,0.0293354373,-0.0068371631,0.0125904297
5.4562330246,-0.0010030969,0.0196515825,-0.0033212481,0.0240097828,-0.0079658777,0.0094061550
5.4663209915,-0.0040324582,0.0071522854,0.0035092654,0.0164189730,0.0035914427,0.0019812617
5.4763550758,-0.0041674925,0.0071543492,0.0064188661,0.0099793971,0.0066704564,-0.0054485584
5.4864449501,-0.0004053220,0.0051006395,0.0054696025,0.0024663536,0.0108422982,-0.0065063657
5.4965887070,0.0003740423,0.0067855455,0.0035141530,-0.0135625480,0.0128033832,-0.0096863806
5.5065569878,-0.0017434239,0.0073496029,0.0005872072,-0.0274336226,0.0127029819,-0.0064975107
5.5166320801,0.0001220115,0.0068481453,-0.0032965718,-0.0402306691,0.0115095526,-0.0096804546
5.5266838074,0.0059303427,0.0140102245,-0.0139994798,-0.0487948619,0.0146803120,-0.0001205052
5.5367779732,0.0048561068,0.0133459084,-0.0208108015,-0.0658918768,0.0166466571,-0.0011773807
5.5468249321,-0.0002099938,0.0126675162,-0.0159505196,-0.0659147799,0.0187478922,-0.0043617222
5.5567278862,0.0035573959,0.0119917151,-0.0061906753,-0.0711966231,0.0134031931,-0.0033012517
5.5667920113,0.0063956426,0.0102861673,-0.0042119203,-0.0743671209,0.0101783723,-0.0054256553
5.5769472122,0.0053571993,0.0105481446,-0.0051930724,-0.0679212064,0.0059972089,-0.0043675811
5.5872941017,0.0023847229,0.0176339895,-0.0022832332,-0.0657844990,0.0060078618,-0.0054288511
5.5971951485,0.0003617824,0.0228562020,0.0055078091,-0.0550776310,0.0018453409,-0.0075593796
5.6072282791,0.0022977411,0.0262713917,0.0074528279,-0.0326130688,-0.0032431609,-0.0043822289
5.6173300743,0.0032574616,0.0337568820,0.0035498561,-0.0188111849,0.0042894571,-0.0065038363
5.6274652481,0.0052041830,0.0296910256,0.0006373347,-0.0070711719,0.0044127619,-0.0033213587
5.6374230385,0.0071050534,0.0266906451,0.0016284407,-0.0038622487,0.0033666054,-0.0054470268
5.6475009918,0.0079702148,0.0285580903,0.0035784664,-0.0092596766,0.0097137168,-0.0011952905
5.6576070786,0.0078307288,0.0245179832,0.0074823322,-0.0167503767,0.0117347240,-0.0065002409
5.6676421165,0.0057442011,0.0135692004,0.0074969353,-0.0220849551,0.0117019657,-0.0043753046
5.6777582169,0.0056206929,0.0112571735,0.0055436315,-0.0328137651,0.0169081800,-0.0054331119
5.6877937317,0.0054513635,0.0137502961,0.0074969353,-0.0349357724,0.0158493072,-0.0022477051
5.6978459358,0.0072782123,0.0112755299,0.0045841755,-0.0445395559,0.0157652851,-0.0022451752
5.7078571320,0.0051614763,0.0096810907,0.0036093416,-0.0552332103,0.0177802332,-0.0043650512
5.7180190086,0.0099047208,0.0070757270,0.0036267461,-0.0530621521,0.0135142477,-0.0107394606
5.7280721664,0.0117323557,0.0093461648,0.0046062293,-0.0530110188,0.0081815338,-0.0149893323
5.7384500504,0.0145658972,0.0096948268,0.0016943634,-0.0530141070,0.0092611797,-0.0118012624
5.7483048439,0.0105859758,0.0110857002,-0.0031855879,-0.0433236659,0.0008708904,-0.0096843159
5.7582859993,0.0076300846,0.0193859283,-0.0012746035,-0.0390794650,0.0030383705,-0.0086237788
5.7682752609,0.0046327682,0.0209264997,0.0016418517,-0.0358786136,0.0030594096,-0.0096863806
5.7784008980,0.0045907879,0.0176414028,0.0065120878,-0.0368999615,-0.0011950566,-0.0096871117
5.7887258530,0.0075395936,0.0191893801,0.0036012949,-0.0358205810,-0.0022259662,-0.0065025045
5.7985210419,0.0055809738,0.0197645836,-0.0051700054,-0.0336773768,-0.0032606043,-0.0054425662
5.8087692261,0.0016493470,0.0242737867,-0.0042212782,-0.0315111578,-0.0064249728,-0.0054446966
5.8186798096,0.0026427328,0.0219655354,-0.0032257019,-0.0378830954,-0.0096635101,-0.0054450962
5.8286728859,0.0016817310,0.0196354706,-0.0012840807,-0.0325810015,-0.0064546671,-0.0086302366
5.8388118744,0.0046674954,0.0202475581,-0.0022404967,-0.0261693113,-0.0074946973,-0.0139410468
5.8488750458,0.0057265731,0.0199238788,-0.0022353707,-0.0240212046,-0.0084955133,-0.0075712972
5.8589401245,0.0028300181,0.0215730797,-0.0032079397,-0.0197853707,-0.0052820770,-0.0086326338
5.8689980507,0.0018561491,0.0213527810,-0.0012684643,-0.0155376280,-0.0031158619,-0.0075708311
5.8790788651,0.0028615862,0.0230824985,-0.0041962443,-0.0123254554,-0.0041347202,-0.0054488913
5.8891611099,0.0048360201,0.0199361108,-0.0080697713,-0.0155806364,0.0011354089,-0.0065072314
5.8991870880,0.0047973478,0.0206944384,-0.0070934473,-0.0124059366,0.0043800715,-0.0011964890
5.9092831612,0.0047546597,0.0165494327,-0.0109854518,-0.0209866390,0.0085356683,-0.0033158322
5.9193592072,0.0036632277,0.0123515353,-0.0061202822,-0.0316415764,0.0063008759,-0.0065008397
5.9293789864,0.0064857798,0.0070579024,0.0036445679,-0.0508083440,0.0018752351,-0.0086217821
5.9394841194,0.0113521153,0.0045030317,0.0134131135,-0.0624710694,-0.0056547197,-0.0086221816
5.9495468140,0.0094804624,0.0057152226,0.0163336806,-0.0645600557,-0.0098827537,-0.0033147670
5.9595870972,0.0076327259,0.0128055420,0.0143717350,-0.0570542067,-0.0129734855,0.0009296458
5.9697227478,0.0057930658,0.0219099205,0.0085025849,-0.0474798717,-0.0096788891,0.0051760562
5.9798121452,0.0029462024,0.0282854475,0.0065231742,-0.0272249617,-0.0073871729,0.0041107251
5.9900159836,0.0059631849,0.0319684185,0.0055651488,-0.0058722701,-0.0082686786,0.0030430639
5.9999318123,0.0080024796,0.0319405794,0.0036155405,0.0016166195,-0.0103032673,0.0062241433
6.0099620819,0.0090162503,0.0271182675,0.0085157575,-0.0027051577,-0.0050355345,0.0062278714
6.0200791359,0.0040852772,0.0153097929,0.0075374069,-0.0230226014,-0.0009830692,0.0041120569
6.0301270485,0.0020774982,0.0091939010,0.0036445083,-0.0284115095,0.0042753424,0.0041160514
6.0402107239,0.0010178023,0.0097946972,-0.0051329909,-0.0337764174,0.0073894430,0.0009351053
6.0502328873,0.0008896187,0.0142258173,-0.0100214062,-0.0317076743,0.0137533331,-0.0022476385
6.0602650642,0.0007377386,0.0138375228,-0.0119661270,-0.0296004768,0.0158889219,-0.0033107721
6.0704050064,0.0024917095,0.0144140869,-0.0119744120,-0.0274774041,0.0169616435,-0.0043725749
6.0804820061,0.0062241452,0.0150241833,-0.0070990501,-0.0221360885,0.0170346797,-0.0001254321
6.0904908180,0.0070260065,0.0186580773,0.0036063017,-0.0166944489,0.0064643277,-0.0011938922
6.1006212234,0.0060272822,0.0175091475,0.0104265036,-0.0155340582,-0.0030744497,-0.0011998845
6.1106548309,0.0080473097,0.0144627439,0.0162890963,-0.0090375431,-0.0125952503,-0.0054534851
6.1207151413,0.0062672766,0.0134376232,0.0133665027,0.0048922542,-0.0177164432,0.0040962775
6.1308698654,0.0035554140,0.0241872594,0.0065238299,0.0177388117,-0.0218693763,0.0009055442
6.1408901215,0.0028140105,0.0272223111,-0.0022559343,0.0209347624,-0.0207822733,0.0009071421
6.1509509087,0.0040122280,0.0186252873,-0.0070843277,0.0166662484,-0.0208195578,0.0009082074
6.1609592438,0.0032283298,0.0167844966,-0.0100066839,0.0155625548,-0.0176584516,-0.0012147981
6.1710557938,0.0043413052,0.0168184135,-0.0138920723,0.0080505759,-0.0134727620,-0.0001490010
6.1812362671,0.0034775890,0.0138836820,-0.0148641048,-0.0004883166,-0.0135466652,-0.0001475362
6.1911940575,0.0054862769,0.0127928574,-0.0138701377,-0.0144158490,-0.0083835945,-0.0033268179
6.2012977600,0.0015885801,0.0086956387,-0.0138700185,-0.0219638348,-0.0010774783,-0.0118153775
6.2112851143,0.0015443646,0.0054286760,-0.0080276309,-0.0358887054,0.0041202130,-0.0096856477
6.2213392258,0.0043739425,0.0068300110,-0.0070561348,-0.0477216095,0.0135946749,-0.0054309815
6.2313871384,0.0012864926,0.0131512824,-0.0061176596,-0.0370705649,0.0158237405,-0.0033089747
6.2415270805,-0.0017903066,0.0205694195,-0.0022484241,-0.0263313130,0.0095637143,-0.0011901639
6.2514600754,0.0030196093,0.0290980004,0.0026154341,-0.0113281272,0.0033212651,-0.0022588903
6.2616777420,0.0039333487,0.0280846469,0.0104111256,0.0047229035,-0.0007834653,-0.0022644829
6.2717332840,0.0029515519,0.0204099920,0.0152946534,0.0165033955,-0.0049318713,-0.0033313455
6.2817721367,0.0050128596,0.0196348373,0.0104468288,0.0294057187,-0.0143124573,0.0051538856
6.2917938232,0.0041825408,0.0218879599,0.0026399912,0.0378921479,-0.0088982508,0.0104634296
6.3019189835,-0.0006162368,0.0271039885,-0.0061453162,0.0421308875,-0.0056645069,0.0125879664
6.3119831085,-0.0035151199,0.0255094394,-0.0119873462,0.0388565324,0.0017553261,0.0157779008
6.3220748901,0.0014130705,0.0219550375,-0.0178150125,0.0388865471,-0.0014554472,0.0115291597
6.3321189880,0.0043123858,0.0124840112,-0.0177853890,0.0259963125,0.0069276514,0.0125984186
6.3422451019,0.0051886858,0.0037822558,-0.0109375892,-0.0006735399,0.0055988668,0.0072956663
6.3522558212,0.0060561495,-0.0070766462,-0.0060436307,-0.0231104046,0.0074489648,-0.0043775020
6.3623018265,0.0088892775,-0.0093805529,-0.0011648118,-0.0380380638,0.0062569343,-0.0043737735
6.3723602295,0.0088185342,-0.0020913521,0.0007538618,-0.0444189981,0.0040859249,-0.0033114383
6.3824830055,0.0058318423,0.0119260764,0.0016960920,-0.0476783589,0.0093290899,-0.0086177196
6.3935937881,0.0067613171,0.0103856754,0.0085136117,-0.0465148240,-0.0002036951,-0.0075609777
6.4028029442,0.0087440470,0.0157437809,0.0084976973,-0.0346809067,-0.0096500609,-0.0075688343
6.4126358032,0.0078517133,0.0280509740,0.0084692659,-0.0240101516,-0.0095637748,-0.0086332997
6.4226679802,0.0020668774,0.0326816365,0.0055264654,-0.0154701946,-0.0094760228,-0.0065111597
6.4330072403,0.0002302386,0.0326422155,-0.0022667823,0.0059400215,-0.0156071521,0.0009129345
6.4428181648,0.0003504761,0.0338051543,-0.0051912842,0.0240576919,-0.0133330123,-0.0001529292
6.4528732300,0.0014164530,0.0321877077,-0.0032331524,0.0357950404,-0.0132443300,-0.0022794632
6.4630298615,0.0005292826,0.0237767566,0.0016557396,0.0337116495,-0.0185742471,-0.0033440618
6.4730367661,0.0036262951,0.0113927824,0.0036470117,0.0230717920,-0.0218573920,-0.0044047991
6.4831070900,0.0057613114,0.0027890587,0.0056384625,0.0145226978,-0.0208917968,-0.0075874757
6.4931478500,0.0040435949,0.0047796327,0.0056328001,0.0156739820,-0.0293843523,-0.0097156083
6.5032672882,0.0023568876,0.0097203180,0.0075820507,0.0209775865,-0.0261831637,-0.0139618190
6.5132942200,0.0007041626,0.0127011333,0.0027107419,0.0188358724,-0.0250992570,-0.0075899400
6.5233941078,0.0029306978,0.0157141238,0.0036830129,0.0220915601,-0.0303553380,-0.0044081942
6.5333938599,0.0032309711,0.0207130183,-0.0021495400,0.0284708962,-0.0282051023,-0.0086559365
6.5435247421,0.0044998163,0.0208698828,-0.0050680218,0.0220342241,-0.0250559822,-0.0054685986
6.5552282333,0.0057037333,0.0180891994,-0.0040671406,0.0124188801,-0.0240857918,-0.0065274714
6.5643420219,0.0058799433,0.0133226961,-0.0030830679,0.0049540652,-0.0241670851,-0.0086470144
6.5740728378,0.0051113488,0.0104095815,-0.0050136624,-0.0014780015,-0.0210053790,-0.0033348077
6.5841851234,0.0052947002,0.0122543043,-0.0069600521,-0.0100575602,-0.0168075059,0.0009159305
6.5941119194,0.0054425346,0.0111088976,-0.0069549857,-0.0197155140,-0.0115933027,-0.0001408118
6.6039562225,0.0035562299,0.0068785087,-0.0011088430,-0.0421820208,-0.0064827632,-0.0001338209
6.6137080193,0.0016069830,0.0025233780,0.0057114782,-0.0443599559,-0.0022712399,-0.0022547625
6.6237812042,0.0045648115,0.0039484948,0.0086401524,-0.0475267693,-0.0054831458,-0.0022546293
6.6338610649,0.0045789378,0.0073840502,0.0096152844,-0.0326498225,0.0010272179,-0.0001315573
6.6439619064,0.0045731263,0.0119274482,0.0018005789,-0.0240927916,-0.0010197542,-0.0001352191
6.6540060043,0.0055160979,0.0175198372,0.0037360014,-0.0198658239,0.0032753921,0.0019894508
6.6641168594,0.0064882385,0.0144098699,0.0017964066,-0.0166127719,-0.0020224343,-0.0011994182
6.6741499901,0.0064952942,0.0141965654,0.0008189501,-0.0198013727,-0.0030837038,0.0030480574
6.6842589378,0.0045661191,0.0130160386,0.0008186520,-0.0155234579,-0.0041212048,0.0009227882
6.6943368912,0.0065887282,0.0100056473,-0.0011171281,-0.0047898535,-0.0104147876,-0.0022684776
6.7044029236,0.0067034597,0.0109706689,-0.0001362740,0.0069884011,-0.0145623935,-0.0033361390
6.7143998146,0.0028939254,0.0139829163,0.0027675452,0.0122915534,-0.0113397036,-0.0043976749
6.7245459557,0.0029952235,0.0101864617,0.0095928730,0.0069832345,-0.0134748928,0.0009128013
6.7346129417,0.0050830180,0.0111476621,0.0076599540,-0.0004871991,-0.0135470647,-0.0001471367
6.7448282242,0.0051818984,0.0129747447,0.0105773034,-0.0143794976,-0.0115468306,-0.0001420102
6.7548847198,0.0072290087,0.0118049961,0.0115713300,-0.0208030418,-0.0094738258,0.0009224553
6.7650418282,0.0063240649,0.0183472261,0.0037594857,-0.0187205318,-0.0041578235,-0.0001364842
6.7750177383,0.0063706832,0.0229854118,-0.0021000085,-0.0133737009,-0.0051652975,0.0009234539
6.7851071358,0.0054241205,0.0286618769,-0.0050454317,-0.0144545203,-0.0040983018,0.0030463929
6.7952060699,0.0044529187,0.0265515428,-0.0021161018,-0.0112643195,-0.0030162593,0.0019843243
6.8052430153,0.0034502193,0.0147431176,0.0018039764,-0.0123328576,-0.0030464197,-0.0012007499
6.8153018951,0.0025065548,0.0126440041,0.0037571611,-0.0122806607,-0.0083652847,-0.0033270177
6.8254060745,0.0026087805,0.0105245709,0.0037596049,-0.0186263360,-0.0137062538,-0.0001418770
6.8354229927,0.0007472530,0.0073719528,0.0066761198,-0.0261164755,-0.0116356472,0.0019846570
6.8455238342,-0.0030827068,0.0070802625,0.0037469687,-0.0240033120,-0.0095021883,0.0009236537
6.8555679321,-0.0000690326,0.0115877874,0.0047238292,-0.0314955823,-0.0074592773,-0.0011970215
6.8656878471,0.0009835408,0.0101913726,0.0018080891,-0.0325743482,-0.0063930145,0.0009266497
6.8756952286,0.0019939810,0.0117580062,-0.0011236250,-0.0293963961,-0.0042707417,-0.0033202933
6.8857769966,0.0039594369,0.0163260810,-0.0001499234,-0.0230624415,0.0021173831,-0.0086285062
6.8958468437,0.0049145790,0.0151405698,-0.0001526056,-0.0145270107,0.0021711788,-0.0118160434
6.9058971405,0.0058934549,0.0168965273,-0.0011308371,-0.0166050494,-0.0031464214,-0.0107555063
6.9159688950,0.0059240172,0.0147325937,-0.0030696569,-0.0230184719,-0.0021413446,-0.0107533755
6.9260559082,0.0040119598,0.0154321194,-0.0030861674,-0.0283372868,-0.0032084733,-0.0043806974
6.9360909462,0.0020757511,0.0179994591,-0.0021278439,-0.0358061194,-0.0032598721,-0.0022552283
6.9461441040,0.0001335338,0.0107514840,-0.0021163998,-0.0518433303,-0.0001674760,0.0051822476
6.9562821388,0.0001147732,0.0130770076,-0.0001859842,-0.0625476390,0.0029084750,0.0030629043
6.9663677216,-0.0009466700,0.0075061750,0.0037092390,-0.0732635558,0.0070528863,0.0020053631
6.9763631821,0.0028622083,0.0048641060,0.0076029124,-0.0668714419,0.0081698159,0.0020042979
6.9864549637,0.0017644063,0.0051442329,0.0056363763,-0.0605021194,0.0113594849,-0.0054275198
6.9967899323,0.0006565310,0.0113885859,0.0075616660,-0.0444872007,0.0104036760,-0.0107410578
7.0065727234,0.0025353141,0.0129247457,0.0036616148,-0.0305510126,0.0041660862,-0.0096862474
7.0165777206,0.0084106447,0.0116744256,0.0046497406,-0.0187135264,-0.0052388669,-0.0033231562
7.0267257690,0.0094692940,0.0125217550,0.0026973309,-0.0016074311,-0.0082443114,0.0009174618
7.0367660522,0.0085977325,0.0183384828,0.0007478417,0.0026866496,-0.0102736400,0.0094097499
7.0468578339,0.0087406794,0.0154408533,0.0007535042,0.0059307264,-0.0145110618,0.0062220125
7.0569248199,0.0059327157,0.0125951162,-0.0021707593,0.0090884361,-0.0102529339,0.0040997397
7.0669789314,0.0031159676,0.0146026351,-0.0002277671,0.0080474606,-0.0134858778,-0.0022733379
7.0770630836,0.0042212876,0.0156451594,-0.0021752892,0.0133516779,-0.0102493381,-0.0012112693
7.0871429443,0.0014045694,0.0225773267,-0.0031610308,0.0208445881,-0.0123138204,-0.0022752022
7.0972018242,-0.0004691846,0.0217993781,-0.0041318713,0.0218909457,-0.0101755690,-0.0012126011
7.1072268486,-0.0024095916,0.0229159258,-0.0031675277,0.0111564342,-0.0038887777,0.0009167294
7.1173257828,-0.0023837753,0.0161300115,-0.0002368866,-0.0005489578,-0.0071604708,0.0030416655
7.1273927689,-0.0023771592,0.0131188277,-0.0011993229,-0.0113024032,0.0012617094,0.0072961319
7.1374292374,-0.0004354596,0.0099975001,0.0007504047,-0.0219625011,0.0001144197,0.0083600646
7.1475310326,0.0024705871,0.0029262241,0.0046827020,-0.0262319762,0.0000845920,0.0094224000
7.1576218605,0.0034405522,0.0045809336,0.0037011327,-0.0241195578,0.0022183168,0.0083611300
7.1676669121,0.0043897675,0.0072178813,0.0075871767,-0.0230406560,0.0011662348,0.0083607305
7.1777329445,0.0044221068,0.0089086350,0.0066079320,-0.0155185582,-0.0040873829,0.0062325988
7.1877961159,0.0044977525,0.0097033605,0.0007480801,-0.0091296881,-0.0029977506,0.0019839248
7.1978678703,0.0035888746,0.0145056285,-0.0021805344,0.0047765393,-0.0060388148,0.0051642717
7.2079229355,0.0027230426,0.0184776541,-0.0080347834,0.0218920093,-0.0101617202,0.0009110037
7.2179980278,0.0047677951,0.0177402310,-0.0080127893,0.0229191910,-0.0058737649,0.0062218797
7.2280640602,0.0028717301,0.0139930323,-0.0070319949,0.0058441744,-0.0060154451,0.0072874106
7.2381129265,-0.0000565976,0.0052387863,-0.0021637259,-0.0101963114,-0.0029930233,0.0041075959
7.2482199669,0.0028638176,-0.0007282895,0.0075995149,-0.0219528638,-0.0009746801,0.0041127224
7.2582211494,0.0028169982,0.0008840935,0.0144136967,-0.0422837026,0.0041255397,-0.0001267637
7.2683038712,0.0007851020,0.0033575932,0.0163419060,-0.0433743186,0.0062247766,-0.0022494362
7.2783980370,0.0026790358,0.0106937587,0.0134024443,-0.0337499194,0.0041728108,-0.0043765027
7.2884712219,0.0055764588,0.0191546436,0.0065597715,-0.0113479430,0.0054427390,-0.0022572926
7.2985067368,0.0084621431,0.0239419490,0.0016892374,0.0057500843,0.0035044905,0.0030463929
7.3086400032,0.0074519152,0.0260034874,0.0007133306,0.0153732048,0.0014956681,0.0072885421
7.3186841011,0.0064871134,0.0193655863,-0.0041512428,0.0196971130,-0.0037443677,0.0115320226
7.3287181854,0.0075000981,0.0108000934,-0.0099605499,0.0196896568,-0.0026916200,0.0104720853
7.3388099670,0.0055602649,0.0041950587,-0.0099562583,0.0165101085,-0.0048346659,0.0115336208
7.3488769531,0.0056022899,0.0023817702,-0.0099526821,0.0100814756,-0.0027954171,0.0072882092
7.3589391708,0.0026797808,0.0004425777,-0.0099522052,-0.0016814405,-0.0008174872,0.0009213900
7.3689770699,0.0016702161,0.0032882078,-0.0041256128,-0.0070049390,-0.0019256282,0.0009227216
7.3790841103,0.0036212660,0.0060344171,-0.0041284738,-0.0101828892,-0.0040479014,0.0051696645
7.3891372681,0.0026569820,0.0126603730,-0.0051226197,-0.0080512157,-0.0040354514,0.0041065970
7.3992481232,0.0046328800,0.0164148696,-0.0002415358,-0.0123303821,-0.0030117321,0.0041081952
7.4092898369,0.0056461813,0.0191947520,0.0016950788,-0.0122840963,-0.0072428291,0.0062306011
7.4193449020,0.0076701390,0.0191049483,0.0016960324,-0.0058498997,-0.0103768371,0.0051656030
7.4293799400,0.0048079649,0.0209765323,-0.0002558409,-0.0026946384,-0.0061107194,0.0041040671
7.4394798279,0.0029295504,0.0219339151,0.0026613893,-0.0015944876,-0.0092705600,0.0062258076
7.4496378899,0.0040100710,0.0210097637,-0.0002489864,0.0069443001,-0.0091681620,0.0104707535
7.4595971107,0.0040918710,0.0210542753,-0.0031747995,0.0058984766,-0.0112994900,0.0104699545
7.4697208405,0.0032003492,0.0152379163,0.0007349075,-0.0005139904,-0.0103018694,0.0094108153
7.4798331261,0.0042734677,0.0083882324,-0.0002238332,-0.0005145231,-0.0103087937,0.0083490126
7.4898548126,0.0033959865,0.0093157515,0.0046463432,-0.0015804786,-0.0103327613,0.0062264730
7.4999427795,0.0054400982,0.0112063512,0.0075785937,0.0006054435,-0.0156399086,0.0030378706
7.5099649429,0.0036370426,0.0111825354,-0.0002141176,0.0091194622,-0.0134356106,0.0040978086
7.5200190544,-0.0001568340,0.0180682745,-0.0031693755,0.0197481383,-0.0090983873,0.0040972764
7.5300660133,-0.0000713050,0.0230772551,-0.0041402755,0.0197591633,-0.0101595232,0.0040968768
7.5403137207,0.0029437325,0.0173949357,-0.0031430898,0.0175929479,-0.0069951555,0.0040990072
7.5502181053,0.0020075149,0.0116633009,-0.0021476923,0.0079781115,-0.0060109170,0.0051635392
7.5602979660,0.0000690341,0.0107401665,0.0046590986,0.0005193958,-0.0071302438,0.0062266733
7.5704021454,0.0020629957,0.0097405557,0.0066129984,-0.0048364596,-0.0050481185,0.0072910720
7.5804381371,0.0040463777,0.0086988956,0.0105194272,-0.0080165407,-0.0071980888,0.0072908062
7.5904850960,0.0031096532,0.0065907612,0.0095568122,-0.0198087506,-0.0020025272,0.0062345960
7.6005558968,-0.0008239180,0.0044292305,0.0153811993,-0.0198716000,0.0043773414,0.0083613964
7.6107678413,-0.0037976720,0.0119653940,0.0065863552,-0.0124225533,0.0065430906,0.0051759230
7.6207261086,-0.0009524964,0.0157251470,0.0075571956,-0.0071391081,0.0119085610,0.0073008589
7.6307649612,-0.0000984922,0.0137353241,0.0055992426,0.0024837712,0.0098642521,0.0062348624
7.6408610344,0.0017268368,0.0108286776,0.0036724033,0.0034880489,0.0162534416,0.0083613964
7.6509122849,0.0005845919,0.0050277039,0.0056203427,0.0034859180,0.0162257459,0.0041141873
7.6609601974,-0.0025083490,0.0020688756,0.0026844563,-0.0050399257,0.0150970975,0.0051775877
7.6710557938,0.0002960198,0.0000560639,0.0007406892,-0.0060893977,0.0129457293,0.0019906492
7.6811490059,0.0011631333,0.0009214339,-0.0021792827,-0.0146365473,0.0139390882,0.0030551148
7.6913299561,0.0010585830,0.0045938380,-0.0022021113,-0.0220599473,0.0096355528,0.0041178493
7.7012348175,0.0009809592,0.0032864625,-0.0021956144,-0.0348548405,0.0084626973,0.0041205119
7.7113218307,0.0009053692,0.0019068868,0.0046148719,-0.0455054864,0.0062263743,0.0009370361
7.7213668823,0.0028058186,0.0033701996,0.0075181546,-0.0454964340,0.0051445980,-0.0022489035
7.7314519882,0.0037669621,0.0077776257,0.0104230465,-0.0454559773,0.0008800118,-0.0054366407
7.7415037155,0.0037521056,0.0121765826,0.0055301012,-0.0433744527,0.0062105949,-0.0043727080
7.7515568733,0.0017746136,0.0166285746,0.0006385864,-0.0358783193,0.0030806484,-0.0065014390
7.7616462708,-0.0002025731,0.0231298432,-0.0003604470,-0.0251862593,0.0010449281,-0.0075669698
7.7717332840,0.0057264650,0.0219629928,-0.0032621799,-0.0133599332,-0.0073130699,-0.0033267513
7.7817549706,0.0067988345,0.0179754198,-0.0051984368,-0.0048010657,-0.0093535837,-0.0022681449
7.7918109894,0.0039481865,0.0159952417,-0.0013053595,-0.0069326069,-0.0093518533,0.0009181942
7.8018922806,0.0001084365,0.0081435330,-0.0032575903,-0.0080215745,-0.0072460910,-0.0001422765
7.8120369911,0.0001560718,0.0070704371,-0.0051958738,-0.0091099814,-0.0051405299,-0.0012025476
7.8219871521,0.0011703455,0.0088907275,-0.0100648580,-0.0037961770,-0.0029788420,-0.0022646161
7.8321628571,0.0001764715,0.0107675418,-0.0071520982,-0.0070401989,0.0012443322,-0.0012000842
7.8421659470,0.0021262548,0.0096988846,-0.0071547804,-0.0017178720,0.0023173199,-0.0065098945
7.8522081375,0.0020595237,0.0105929784,-0.0013145983,-0.0059774108,0.0012196314,-0.0065099611
7.8622961044,0.0069298716,0.0095893387,-0.0013006508,0.0079282839,-0.0018283564,-0.0043914164
7.8723812103,0.0069419341,0.0135246925,-0.0061667142,0.0132237123,0.0024685208,-0.0033281492
7.8824100494,0.0039983401,0.0175072215,-0.0061957417,0.0057756500,0.0002881908,-0.0022655483
7.8925671577,0.0020162396,0.0126469210,-0.0013138830,-0.0102483230,0.0022759743,-0.0011973543
7.9025759697,0.0039136009,0.0056040380,0.0035772147,-0.0348135866,0.0041835965,-0.0011901638
7.9126119614,0.0018963114,0.0002668725,0.0064791860,-0.0518994704,0.0051101102,0.0009374355
7.9226722717,0.0028215803,0.0036011434,0.0093791904,-0.0540358573,0.0050637713,-0.0033092413
7.9328031540,0.0047626058,0.0118315071,0.0064366283,-0.0443826728,-0.0001700725,-0.0054390375
7.9428586960,0.0067223134,0.0181703139,0.0034959139,-0.0379330292,-0.0043027662,0.0030516526
7.9528732300,0.0057674060,0.0178084616,0.0025114240,-0.0283268988,-0.0041982373,0.0062347958
7.9629950523,0.0047944272,0.0185148548,0.0025054635,-0.0176545456,-0.0040911781,0.0083557367
7.9730348587,0.0067916447,0.0164615940,0.0044573369,-0.0026953574,-0.0061175767,0.0030421985
7.9831070900,0.0068452330,0.0154103190,0.0054338994,-0.0112339854,-0.0062129181,-0.0001410781
7.9931411743,0.0039668242,0.0075284317,0.0064099254,-0.0122917667,-0.0072827768,-0.0001418105
8.0033493042,0.0040567266,0.0064183623,0.0025186362,-0.0090813264,-0.0083365897,-0.0033285492
8.0133075714,0.0041541057,0.0111784115,0.0025040926,-0.0090689957,-0.0093981922,-0.0033284822
8.0233554840,0.0042141574,0.0168434456,-0.0043187914,-0.0112543851,-0.0040841205,0.0009219226
8.0334072113,-0.0006437853,0.0147325806,-0.0092048822,-0.0091679851,0.0012376077,0.0009259839
8.0434761047,-0.0006741613,0.0145908538,-0.0111626564,-0.0124002630,0.0044065029,0.0030519853
8.0535564423,0.0002255485,0.0163613353,-0.0131232915,-0.0167169012,0.0085938573,-0.0001316239
8.0635948181,0.0050091082,0.0131852850,-0.0121264635,-0.0316657573,0.0095451390,0.0030580440
8.0736913681,0.0048926407,0.0079193339,-0.0101877032,-0.0519541726,0.0104014119,-0.0011836390
8.0837469101,0.0037811145,0.0024458545,-0.0014351188,-0.0658156574,0.0092261592,-0.0001189072
8.0938110352,0.0056540044,0.0018414577,0.0004982771,-0.0519142523,0.0061299009,-0.0054331785
8.1038970947,0.0065867687,0.0091239139,0.0024206461,-0.0412221923,0.0040941807,-0.0064987093
8.1140108109,0.0045949304,0.0106508695,0.0062987627,-0.0380276740,0.0052173692,-0.0011895646
8.1239833832,0.0016498239,0.0132068861,0.0043195309,-0.0251816511,0.0010575115,-0.0054421006
8.1339101791,0.0026665672,0.0071490202,0.0014002741,-0.0112674357,-0.0030791764,-0.0075712977
8.1439552307,0.0037011660,0.0100003500,-0.0015140354,0.0037059216,-0.0061109187,-0.0043912167
8.1543083191,0.0008082099,0.0159586929,-0.0054304777,0.0228934381,-0.0038070853,-0.0022715405
8.1643714905,0.0028054200,0.0259590726,-0.0044600544,0.0303947628,-0.0069317725,-0.0033368047
8.1743659973,0.0027939796,0.0203867797,-0.0005462943,0.0196414776,0.0014974658,0.0019793306
8.1844816208,0.0007850461,0.0107752085,0.0004467191,0.0014784541,0.0034540901,0.0009231211
8.1944999695,0.0007287271,0.0077973343,0.0053106369,-0.0123880133,0.0022663870,-0.0001371499
8.2045726776,0.0056020850,0.0056778230,0.0092266025,-0.0155787468,0.0011774204,-0.0001368837
8.2146949768,0.0066137360,0.0045057163,0.0063072266,-0.0208575577,-0.0041825906,-0.0011985528
8.2247018814,0.0017304838,0.0091415066,0.0072475495,-0.0176545754,-0.0041338550,0.0019860552
8.2347240448,0.0017720581,0.0099438392,0.0091813030,-0.0122892093,-0.0072694607,0.0019823266
8.2448205948,0.0028252683,0.0146920681,0.0082044424,0.0005376395,-0.0092796152,0.0019780658
8.2549266815,0.0029126673,0.0166428126,0.0091844024,0.0080201887,-0.0102618551,0.0040996065
8.2649097443,0.0030096851,0.0128016211,0.0052977623,0.0047570178,-0.0038961011,0.0083508100
8.2750253677,-0.0008985430,0.0118272603,0.0033299150,-0.0027885679,0.0034660744,0.0083560031
8.2851123810,-0.0009397671,0.0117456820,-0.0005650102,-0.0113676749,0.0076424433,0.0094220666
8.2952003479,-0.0010143771,0.0037609155,-0.0044494448,-0.0241726357,0.0075232666,0.0083638597
8.3052330017,0.0008257523,-0.0042966958,0.0004361094,-0.0327432156,0.0106109362,0.0051821815
8.3153162003,0.0007008061,-0.0065942984,0.0004213275,-0.0317004025,0.0127006518,-0.0011877671
8.3254146576,0.0015791067,0.0008435083,0.0013686838,-0.0305698942,0.0063370285,-0.0022530316
8.3354549408,0.0044663223,0.0024714249,-0.0005807458,-0.0252004005,0.0031928341,-0.0033168977
8.3454895020,0.0044370526,0.0080934726,-0.0035331426,-0.0123948576,0.0033046869,-0.0033200935
8.3555879593,0.0034406267,0.0167309400,-0.0055060564,-0.0028136559,0.0055040587,-0.0043836264
8.3656444550,0.0034200593,0.0206150357,-0.0074596582,0.0068357759,0.0013785555,0.0009208574
8.3756875992,0.0063342610,0.0236109160,-0.0103879152,0.0089356788,0.0045739496,-0.0001405454
8.3857860565,0.0063103782,0.0217645299,-0.0084328232,0.0068440321,0.0003112936,-0.0001421433
8.3958511353,0.0072923908,0.0150304679,-0.0074385582,0.0036496231,-0.0007905890,-0.0022664138
8.4058923721,0.0082712667,0.0111808069,-0.0025390564,0.0015372038,-0.0029243135,-0.0012051442
8.4160175323,0.0053814845,0.0111316964,0.0013366163,-0.0112251965,-0.0073230565,-0.0075735613
8.4260540009,0.0044748606,0.0070639178,0.0071930708,-0.0208085813,-0.0095358770,-0.0086340318
8.4361019135,0.0006251045,0.0029518830,0.0110797705,-0.0176396854,-0.0063318284,-0.0096950354
8.4461545944,-0.0002516426,0.0085962638,0.0081319632,-0.0101277092,-0.0105175190,-0.0107608326
8.4562473297,-0.0011309973,0.0143652484,0.0061651291,0.0058604991,-0.0082495045,-0.0097012268
8.4663581848,-0.0020353228,0.0202156529,-0.0006671725,0.0111775007,-0.0060462705,-0.0043924819
8.4763603210,-0.0049463725,0.0193323940,-0.0045703230,0.0121998610,-0.0017637082,-0.0001449397
8.4864540100,-0.0010357677,0.0165325589,-0.0025981842,0.0143543584,-0.0038809211,-0.0022701421
8.4965209961,0.0029016777,0.0108435005,-0.0015856205,0.0143432273,-0.0028410901,-0.0054546171
8.5065622330,0.0019254469,0.0080201402,0.0023235502,0.0058269710,-0.0050445898,-0.0065153539
8.5165929794,0.0029497414,0.0041416213,0.0033021392,-0.0005974537,-0.0029855000,-0.0075744269
8.5266942978,0.0029940240,0.0060520731,0.0033023776,-0.0027226564,-0.0040859180,-0.0107598333
8.5367717743,0.0030336238,0.0089337789,0.0013496102,0.0036400352,0.0002344614,-0.0075735613
8.5468425751,0.0030837960,0.0108584762,-0.0025553284,0.0047178166,-0.0008172209,-0.0075743604
8.5569400787,0.0040873261,0.0118169747,-0.0044928966,0.0047010118,0.0013458653,-0.0012020150
8.5669736862,0.0021181784,0.0137962550,-0.0025695143,0.0047010118,0.0013458653,-0.0012020150
8.5771121979,0.0030745871,0.0138496384,0.0003607096,0.0068241907,0.0024398917,0.0009210571
8.5871372223,0.0020563274,0.0100233406,0.0013383449,0.0089360774,0.0045666918,-0.0012020150
8.5971946716,0.0020064905,0.0100910217,0.0032913508,0.0057130400,0.0066537447,-0.0022618864
8.6072349548,0.0019192816,0.0091683380,0.0023134174,0.0088723479,0.0109326458,-0.0011987526
8.6173276901,0.0028146252,0.0111779012,0.0042654099,0.0067797690,0.0066703232,-0.0012006833
8.6273975372,0.0037364035,0.0044646207,0.0033054771,0.0174947307,0.0025333688,0.0009181277
8.6374340057,0.0066724950,0.0065557826,0.0023481073,0.0154036703,-0.0017366109,-0.0001448731
8.6475315094,0.0047015520,0.0066245403,0.0042880001,0.0025544511,0.0023817015,-0.0022631516
8.6578655243,0.0027278594,0.0026815201,0.0023478093,-0.0070665637,0.0044253450,-0.0011964890
8.6676893234,0.0007316180,0.0025279580,-0.0025413213,-0.0177479722,0.0054000616,-0.0001314907
8.6790380478,0.0036057204,0.0052081272,-0.0064416109,-0.0199254248,0.0096327569,0.0009325753
8.6878700256,0.0015444503,0.0059792548,-0.0054899631,-0.0177901015,0.0096652471,0.0030556475
8.6979417801,0.0034045062,0.0106998608,-0.0035447655,-0.0081345188,0.0044376622,0.0019883190
8.7077741623,0.0053059543,0.0126006640,-0.0025717197,-0.0006848583,0.0066387649,0.0041111247
8.7178344727,0.0071881907,0.0116516873,0.0032702507,0.0036025103,0.0045620315,0.0051697311
8.7278938293,0.0042118626,0.0136411972,0.0071613016,0.0025881128,-0.0007592305,0.0041055321
8.7383365631,0.0052156830,0.0107884780,0.0130079212,0.0069343126,-0.0081358533,0.0062250756
8.7481708527,0.0043217288,0.0050156601,0.0120518031,0.0058442811,-0.0060439408,0.0030409999
8.7582454681,0.0034063279,0.0079443231,0.0091247382,-0.0005610213,-0.0061203074,-0.0001431420
8.7681427002,-0.0004470639,0.0069261268,0.0032658400,-0.0006361222,0.0012997924,-0.0012012159
8.7782478333,-0.0043544387,0.0107318461,-0.0026105223,-0.0038388129,0.0012722954,-0.0012008831
8.7884712219,-0.0024022341,0.0126191638,-0.0055270968,-0.0017056214,0.0012770891,-0.0033250204
8.7985172272,0.0005129025,0.0096380152,-0.0074523864,-0.0049188044,0.0023176528,-0.0022624857
8.8086242676,0.0043949308,0.0085695945,-0.0064800559,-0.0091676116,0.0001375892,-0.0054478925
8.8188056946,0.0053849006,0.0045391396,-0.0074452935,-0.0134020122,-0.0030621325,-0.0022628184
8.8287801743,0.0073657306,0.0063490197,-0.0045191823,-0.0155373337,-0.0030946231,-0.0043858904
8.8388175964,0.0054288777,0.0110774003,0.0003292979,-0.0112243714,-0.0072948942,-0.0033268179
8.8488798141,0.0045204246,0.0099789724,0.0022814693,-0.0080022132,-0.0093958620,-0.0043904842
8.8589696884,0.0046297060,0.0138002150,0.0042209448,-0.0005090367,-0.0114319818,-0.0012078738
8.8690204620,0.0037485107,0.0186734535,0.0061623873,0.0047999751,-0.0093326122,-0.0118261632
8.8790750504,0.0028503768,0.0138418563,0.0051892223,0.0026431074,-0.0060790945,0.0019802628
8.8891429901,0.0009433523,0.0167411342,-0.0055356203,0.0090240408,-0.0039080856,0.0009179279
8.8991794586,-0.0029526458,0.0188063234,-0.0065229712,0.0175471157,-0.0027855632,-0.0012080736
8.9092741013,0.0029367849,0.0190050378,-0.0055247722,0.0196941569,-0.0038002275,0.0030380706
8.9193429947,0.0048759775,0.0133357681,-0.0064658104,0.0196000673,0.0057695089,0.0062283380
8.9294157028,0.0018794060,0.0105969235,-0.0055007515,0.0196203068,0.0036336537,0.0041036676
8.9394817352,0.0037789501,0.0097927451,-0.0035293279,0.0131889060,0.0067666629,0.0051696645
8.9495496750,0.0056740837,0.0030644613,-0.0005845009,0.0046737147,0.0045770118,0.0062325317
8.9595909119,0.0026562668,0.0011049324,0.0023267092,-0.0060370388,0.0076339217,0.0009260505
8.9697055817,0.0015911580,-0.0048907027,0.0062246146,-0.0209757760,0.0075172754,0.0030533837
8.9798097610,0.0024704530,-0.0051678419,0.0062123956,-0.0252983794,0.0127568441,-0.0011896313
8.9898233414,-0.0006171308,0.0013552011,0.0042298855,-0.0210623555,0.0159702152,-0.0022509010
8.9998245239,0.0021316863,0.0069763660,0.0051770033,-0.0168240406,0.0192183387,0.0019967079
9.0100860596,0.0019281924,0.0106672272,0.0022340240,-0.0168240406,0.0192183387,0.0019967079
9.0200939178,0.0036817573,0.0114927106,0.0041749896,-0.0103864865,0.0160831325,0.0009329082
9.0300903320,0.0064820768,0.0094612725,0.0032058777,-0.0039400393,0.0119088944,0.0030527844
9.0401878357,0.0083687538,0.0143082738,0.0051559033,-0.0017147288,0.0023731131,0.0019841243
9.0502910614,0.0074253352,0.0143393986,0.0051581087,0.0037077330,-0.0060475357,0.0051639387
9.0603008270,0.0065276558,0.0134078451,0.0051472606,-0.0004909793,-0.0124315992,0.0083487462
9.0703878403,0.0017486260,0.0094789416,0.0051498236,-0.0080130780,-0.0071779811,0.0104768788
9.0804796219,-0.0020966337,0.0064625442,0.0051339688,-0.0090549868,-0.0104105929,0.0041034678
9.0904932022,-0.0029848323,0.0083015896,0.0012276591,-0.0059079286,-0.0050914614,0.0019817275
9.1006183624,-0.0010055221,0.0082395002,0.0002652229,-0.0016715061,-0.0018853482,-0.0001410116
9.1106586456,-0.0029683739,0.0062533915,0.0002633156,-0.0038276017,0.0002110922,-0.0012012160
9.1207437515,-0.0040048985,0.0071557872,0.0021971287,-0.0060071852,0.0044160904,-0.0043843593
9.1307888031,-0.0030814514,0.0070648976,0.0021916451,-0.0060077179,0.0044091661,-0.0054461616
9.1408977509,0.0007889465,0.0060095005,0.0041560950,-0.0017039962,0.0012409367,-0.0086325007
9.1509284973,0.0027234450,0.0069743283,0.0041702809,0.0036407020,0.0002057659,-0.0118197715
9.1609497070,0.0046901787,0.0080112889,0.0031962218,0.0121758925,0.0003236774,-0.0054528858
9.1710233688,0.0047440948,0.0120370165,-0.0026562987,0.0228775404,-0.0027868946,-0.0086425543
9.1811351776,0.0008936942,0.0142480433,-0.0065521179,0.0314389914,-0.0048212167,-0.0065214126
9.1911926270,0.0039223554,0.0135309286,-0.0104311286,0.0261390321,-0.0080023631,0.0009109371
9.2014989853,0.0030090108,0.0089173131,-0.0113824187,0.0218213573,-0.0027360949,0.0009161303
9.2112779617,0.0010563926,0.0071300417,-0.0103999553,0.0121548809,0.0035668083,0.0041071298
9.2213487625,0.0010180519,0.0072027743,-0.0065085469,0.0014866572,0.0024010763,0.0019833255
9.2315139771,0.0028991781,0.0052515380,0.0003244699,-0.0060386369,0.0076131485,-0.0022593564
9.2415065765,0.0008446284,0.0021990652,0.0012782038,-0.0177874919,0.0085644303,-0.0033174301
9.2515649796,0.0027086705,0.0019838104,0.0022593560,-0.0231550913,0.0117008351,-0.0033145007
9.2616291046,0.0045698890,0.0056056790,0.0061382474,-0.0231337063,0.0095574558,-0.0065003736
9.2717103958,0.0044725062,0.0102416053,0.0090421261,-0.0199104846,0.0074703367,-0.0054404354
9.2817773819,0.0053996341,0.0109772719,0.0080552520,-0.0241746027,0.0074528265,-0.0022529648
9.2918281555,0.0033848479,0.0098017752,0.0070698084,-0.0134809464,0.0054378789,-0.0001330887
9.3019409180,0.0023518212,0.0145614929,0.0060728611,-0.0060206875,0.0065922262,0.0041123894
9.3119564056,0.0032598383,0.0145535283,0.0050934972,0.0057502175,0.0035186717,0.0051696645
9.3220338821,0.0042076232,0.0127083696,0.0031581940,0.0143194972,0.0004314687,0.0083508771
9.3321199417,0.0041938620,0.0128972121,0.0002489508,0.0206897780,0.0036634810,0.0072890748
9.3422060013,0.0031711950,0.0092166625,0.0012307585,0.0196213983,0.0036403781,0.0051656701
9.3521718979,0.0060645761,0.0035375583,0.0022261562,0.0111152623,0.0003689511,0.0030425978
9.3623590469,0.0060359100,0.0025985206,0.0012650312,0.0014699847,0.0045285425,0.0030476579
9.3723516464,0.0040305378,0.0054421350,-0.0036215363,-0.0070787612,0.0055011287,0.0009267163
9.3823947906,0.0010525332,0.0063163750,-0.0075482307,-0.0038775103,0.0055647120,0.0062339306
9.3924713135,0.0019649945,0.0150512904,-0.0095040379,0.0089376215,0.0046017128,0.0041065970
9.4025621414,0.0058376016,0.0219650120,-0.0143851815,0.0174751841,0.0046832054,0.0051662689
9.4126243591,0.0047755735,0.0201464295,-0.0114541827,0.0089189792,0.0067583406,0.0094166743
9.4226808548,0.0037215732,0.0134092718,-0.0075485287,0.0036030700,0.0045618322,0.0051699309
9.4327802658,0.0056068385,0.0085787997,-0.0055819927,0.0036014728,0.0045410590,0.0019845241
9.4428234100,0.0065276893,0.0124468915,-0.0046234904,-0.0060039368,0.0044433880,-0.0001367504
9.4528722763,0.0084589282,0.0036480615,0.0061161937,-0.0090769585,-0.0083096921,0.0009194592
9.4630212784,0.0085946107,0.0026008750,0.0061342539,-0.0015321169,-0.0156715997,0.0009139997
9.4730205536,0.0068124952,0.0083990358,0.0061090412,0.0017012274,-0.0188266467,0.0009116029
9.4830808640,0.0060307095,0.0104048885,0.0061179819,0.0188100934,-0.0218757670,-0.0012164625
9.4931392670,0.0033180534,0.0134852454,0.0031869235,0.0262911785,-0.0228645988,-0.0001570571
9.5033311844,0.0015858904,0.0156932734,-0.0016796171,0.0305492003,-0.0217592530,0.0009040795
9.5132780075,-0.0031546124,0.0130225569,-0.0026421128,0.0230052657,-0.0143905533,0.0019714744
9.5233840942,-0.0049963472,0.0083382800,-0.0006948291,0.0144229345,-0.0102486052,-0.0022716736
9.5333662033,-0.0039794920,0.0045443438,0.0051691355,0.0004756935,-0.0029427563,-0.0022644829
9.5434865952,-0.0000430673,0.0025524015,0.0042224946,-0.0101919966,-0.0041015642,-0.0033264849
9.5535774231,0.0000007645,0.0004619250,0.0022660317,-0.0112809641,-0.0019958029,-0.0043869559
9.5636529922,0.0010183238,0.0061935335,0.0022643628,-0.0016076975,-0.0082726739,-0.0033290817
9.5736961365,0.0050098607,0.0120235197,-0.0016393244,0.0058744536,-0.0092476569,-0.0001460715
9.5837602615,0.0060747424,0.0140328631,-0.0035722433,0.0100924224,-0.0038849828,0.0030413328
9.5938367844,0.0022162988,0.0160689652,-0.0065118847,0.0143833077,-0.0059558568,0.0051628067
9.6044349670,0.0032167591,0.0162010565,-0.0084599433,0.0164536498,0.0004288058,0.0051654698
9.6139774323,0.0012447656,0.0124690458,-0.0055258451,0.0121739488,0.0014456006,0.0041052657
9.6243515015,-0.0007505409,0.0038147646,-0.0035561500,0.0025138110,0.0066463547,0.0009245192
9.6340131760,0.0001066596,-0.0029894260,0.0032756748,-0.0081904987,0.0097223055,-0.0011948245
9.6440067291,-0.0009984850,-0.0059951060,0.0061825933,-0.0071693892,0.0139412852,-0.0065022381
9.6540327072,-0.0021294646,-0.0012029893,0.0081130089,-0.0060814871,0.0118216751,-0.0075653717
9.6641216278,0.0016746343,0.0006203690,0.0081203999,-0.0092512080,0.0086392649,-0.0033198269
9.6742115021,0.0025788106,0.0034720378,0.0061626257,0.0003641341,0.0076690754,-0.0022609544
9.6842527390,0.0035191968,0.0093251094,0.0022552432,0.0100162560,0.0035212683,-0.0001403457
9.6943454742,0.0035197407,0.0162643604,-0.0016467749,0.0196523722,0.0004221478,-0.0001443405
9.7044277191,0.0064556794,0.0183899663,0.0003124894,0.0154080382,-0.0017097127,0.0041031353
9.7144603729,0.0035815507,0.0146659873,0.0003192843,0.0133163910,-0.0059723682,0.0041015372
9.7245550156,0.0046001347,0.0148208793,0.0003256620,0.0132873096,-0.0038618133,0.0019766011
9.7346181870,0.0056321183,0.0139692761,0.0003315629,0.0090395678,-0.0060280282,0.0009147987
9.7446699142,0.0037353865,0.0120811090,-0.0025940714,0.0058513382,-0.0071392329,-0.0022688773
9.7547435760,0.0038019724,0.0092099234,-0.0035516201,0.0026371693,-0.0061338888,-0.0065147546
9.7648305893,0.0028732873,0.0102039687,0.0022953572,-0.0005843770,-0.0039975680,-0.0001428092
9.7748537064,-0.0000246606,0.0092049800,0.0052103223,-0.0005630720,-0.0061195744,-0.0001438744
9.7849473953,0.0000318744,0.0072668940,0.0052123489,0.0069333268,-0.0081710741,0.0009166629
9.7950172424,-0.0008736431,0.0121985041,0.0003344835,0.0154266804,-0.0038663405,-0.0012069418
9.8050622940,-0.0018081024,0.0104091465,-0.0016125619,0.0175816305,-0.0059552575,0.0009144658
9.8151493073,0.0001972884,0.0086513758,-0.0025665937,0.0228853151,-0.0027256417,0.0009147321
9.8252286911,0.0002274074,0.0088497326,-0.0025594411,0.0218039658,-0.0016655705,0.0019758686
9.8353614807,0.0002188504,0.0051331371,0.0003753127,0.0121774375,0.0003586980,-0.0001442739
9.8459501266,-0.0017419934,-0.0025768576,0.0052600922,0.0036517531,-0.0008126935,-0.0054504890
9.8555879593,-0.0017245925,-0.0016289594,0.0052598538,-0.0048847431,-0.0008803378,-0.0043865563
9.8657417297,-0.0007461078,0.0012723861,0.0071973624,0.0047184024,-0.0008245443,-0.0086357631
9.8757095337,0.0002580554,0.0100434367,0.0042689862,0.0057770093,0.0002734768,-0.0043882877
9.8857870102,0.0031751550,0.0139518827,0.0023159208,-0.0006621145,0.0033807866,-0.0075714970
9.8958625793,0.0011838943,0.0080771409,0.0033050003,-0.0038714893,0.0044484478,-0.0022611539
9.9059047699,-0.0008065656,0.0060963351,0.0052407803,-0.0017038900,0.0012622420,-0.0054476261
9.9159822464,0.0040775472,0.0080340263,0.0062320651,0.0025843317,-0.0008432532,-0.0086351633
9.9260425568,0.0041037621,0.0051611792,0.0033198418,0.0036739642,-0.0029279091,-0.0043896185
9.9361219406,0.0031423464,0.0071054399,0.0013526500,0.0015173359,-0.0008383929,-0.0065116258
9.9461603165,0.0001970202,0.0061052069,-0.0015782892,-0.0060077179,0.0044091661,-0.0054461616
9.9562673569,0.0050493898,0.0069960635,-0.0005906998,-0.0070956182,0.0065287761,-0.0043830276
9.9663658142,0.0069502378,0.0078796297,-0.0025333343,-0.0049580075,0.0065462198,-0.0043823617
9.9763631821,0.0078600245,0.0049046073,-0.0025376258,-0.0060155485,0.0054620467,-0.0065062325
9.9864778519,0.0068164663,0.0048377961,-0.0015654146,-0.0081629083,0.0065123979,-0.0054444303
9.9965276718,0.0067775892,0.0028035420,0.0023364844,-0.0070494395,0.0023261749,0.0019857888
10.0065660477,0.0057852576,0.0076133907,0.0003662528,0.0004295427,0.0013025223,-0.0022636177
10.0167284012,0.0057959603,0.0105776321,0.0023055496,0.0079633594,-0.0049982509,-0.0022686776
10.0269727707,0.0077970298,0.0116238482,0.0003720344,0.0111658620,-0.0049706865,-0.0022690771
10.0368099213,0.0068656290,0.0117250569,-0.0015759050,0.0122452416,-0.0060015963,0.0009155311
10.0468931198,0.0049898708,0.0118303336,-0.0035236059,0.0090796221,-0.0091854725,0.0051625404
10.0571937561,0.0060282918,0.0080124624,-0.0035039363,0.0058574635,-0.0070845042,0.0062262071
10.0669832230,0.0070313038,0.0090250522,-0.0015482485,0.0004748954,-0.0028784408,0.0072897407
10.0771913528,0.0051034736,0.0060871933,0.0003893794,-0.0059055071,-0.0050425259,0.0094138775
10.0872459412,0.0061265836,0.0040561911,0.0013805450,-0.0059127770,-0.0039898446,0.0083540063
10.0972032547,0.0061203660,0.0069377050,-0.0015503942,0.0014596526,0.0056036608,0.0051715290
10.1072378159,0.0051091099,0.0108429026,-0.0035196720,0.0067954287,0.0056644473,0.0072934693
10.1173286438,0.0011049703,0.0108822212,-0.0006075083,0.0014262293,0.0087800790,0.0041109915
10.1273698807,-0.0019457071,0.0070051197,0.0052333297,0.0014485205,0.0066434918,0.0019870540
10.1376476288,-0.0000471167,0.0031178261,0.0091372551,-0.0006431267,0.0023808363,0.0019854561
10.1480379105,0.0047948146,0.0021182077,0.0081738057,-0.0006470410,0.0023822344,0.0019840579
10.1578121185,0.0028186336,0.0089270175,0.0042662444,0.0014893468,0.0024285733,0.0062307348
10.1677684784,-0.0001187950,0.0167156216,-0.0006315290,0.0025913622,-0.0007319332,0.0083531402
10.1775817871,-0.0011406607,0.0128250178,-0.0006326018,-0.0006744722,0.0055991998,0.0072953333
10.1876964569,0.0017353528,0.0108542424,0.0013328613,-0.0017621610,0.0077116191,0.0072969310
10.1976575851,-0.0012821398,0.0098582096,0.0022898735,-0.0049864491,0.0097848903,0.0041133882
10.2077713013,-0.0003897316,0.0068628490,0.0032609524,-0.0070938887,0.0065637305,0.0009256511
10.2178497314,0.0034553453,0.0067848954,0.0032715620,-0.0081716692,0.0076154126,0.0009264500
10.2279338837,0.0034188933,0.0057250168,-0.0006233631,-0.0081287911,0.0033499603,-0.0022604219
10.2378969193,0.0004408852,0.0085155852,-0.0006436287,-0.0155864423,0.0022444823,0.0009263168
10.2480401993,0.0014025950,0.0044293795,0.0013024629,-0.0166419595,0.0011667012,-0.0001352192
10.2583255768,0.0014140353,0.0042590089,-0.0016169130,-0.0134485634,0.0022902889,0.0051735258
10.2681646347,0.0014022187,0.0099832155,-0.0035889922,-0.0070366291,0.0012857444,0.0051708631
10.2782611847,0.0004014716,0.0099110864,0.0022520842,-0.0070574032,0.0034146754,0.0062337308
10.2883071899,0.0003790938,0.0030259939,0.0012875022,-0.0038295444,0.0013330154,0.0083569363
10.2983560562,0.0022974059,0.0049898401,0.0013018072,0.0057495786,0.0034904422,0.0009229879
