0.0000000000,0.1012081206,-0.0021671620,-0.0790622011,0.5914776921,0.8896561861,0.6757856607
0.0097910166,0.1085162014,0.0009195836,-0.0675933138,0.5869060755,0.9204641581,0.6874819994
0.0199110508,0.1062217355,-0.0044684974,-0.0658791438,0.6280040145,0.8667556643,0.6948773265
0.0299320221,0.1108660102,-0.0075964299,-0.0505230799,0.6505846977,0.8500178456,0.7012330890
0.0401920080,0.1156024188,-0.0211242400,-0.0468013063,0.6794282198,0.8470370173,0.6937927008
0.0502210855,0.1223673820,-0.0285520516,-0.0469780937,0.6880819201,0.8354336619,0.6927229166
0.0606490374,0.1125709116,-0.0290590487,-0.0454039350,0.6881647110,0.8269322515,0.6905945539
0.0721300840,0.1126114056,-0.0371465646,-0.0438670889,0.6988222003,0.8280448914,0.6842216253
0.0806370974,0.1116590202,-0.0334147774,-0.0414716974,0.7009336948,0.8301647305,0.6810367703
0.0907371044,0.1057855636,-0.0354083739,-0.0391981974,0.6944909692,0.8343874216,0.6863495111
0.1005340815,0.1066803262,-0.0402953587,-0.0390190855,0.6879779696,0.8460427523,0.6927291155
0.1106311083,0.1024866253,-0.0393596254,-0.0468470827,0.6686168313,0.8618800640,0.7065452933
0.1208900213,0.0990997478,-0.0384693705,-0.0490580574,0.6525591016,0.8671225905,0.7182306051
0.1308000088,0.1034318358,-0.0423942767,-0.0494609848,0.6482735276,0.8692627549,0.7267271876
0.1408240795,0.1047698706,-0.0413389765,-0.0509875789,0.6557360888,0.8704019785,0.7288502455
0.1508820057,0.1012843400,-0.0284489952,-0.0594422594,0.6685629487,0.8683918715,0.7288460135
0.1609510183,0.0968054309,-0.0143750878,-0.0660259500,0.6792880893,0.8632154465,0.7341489196
0.1711360216,0.1011048034,-0.0146722170,-0.0648361221,0.6878501177,0.8612164855,0.7415783405
0.1811259985,0.1093309596,-0.0166658722,-0.0597846285,0.7082461119,0.8497782350,0.7500615716
0.1912280321,0.1106865406,-0.0144446464,-0.0615885630,0.7422967553,0.8608042598,0.7681089640
0.2012540102,0.1029740199,-0.0080024572,-0.0750825182,0.7751231194,0.8877776861,0.7925352454
0.2113150358,0.0890070871,0.0037722024,-0.0788407102,0.8090208769,0.9148088098,0.8243941069
0.2214170694,0.0883598626,0.0053226384,-0.0727767721,0.8429440260,0.9396880269,0.8520069122
0.2314580679,0.0853616148,0.0034394297,-0.0715907589,0.8810005784,0.9773249030,0.8774992228
0.2415540218,0.0859575048,0.0019761357,-0.0733531490,0.9053525925,0.9978510737,0.9008623958
0.2516170740,0.0901779011,-0.0030539599,-0.0732818618,0.9209712148,1.0373241901,0.9125579596
0.2616400719,0.1049856246,-0.0165033005,-0.0703984275,0.9179666638,1.1303824186,1.0304639339
0.2717190981,0.1677966118,-0.0092188092,-0.0558352247,0.9004755616,1.1715916395,1.0273035765
0.2817640305,0.1394905448,-0.0319534503,-0.0505554453,0.9174218774,1.0735360384,0.9380606413
0.2918521166,0.0848092437,-0.0507661067,-0.0466533080,0.9154404998,1.0551133156,0.8817765713
0.3019970655,0.1036730111,-0.0705921948,-0.0486587062,0.9059013724,1.0487056971,0.8881458640
0.3121070862,0.1129201651,-0.0601880215,-0.0383368507,0.9017090201,1.0400626659,0.8700920343
0.3220030069,0.1428420246,-0.0880170763,-0.0365459695,0.9102575183,1.0390688181,0.8690280914
0.3321700096,0.1424442530,-0.0805804431,-0.0329156294,0.9135307670,1.0316351652,0.8637145162
0.3422300816,0.1382792145,-0.0885358453,-0.0275261179,0.9178122282,1.0294538736,0.8488467932
0.3522640467,0.1371721327,-0.0924119949,-0.0213511959,0.9263215661,1.0315673351,0.8361040950
0.3623540401,0.1526812166,-0.1087087989,-0.0129629737,0.9369112849,1.0390046835,0.8233633637
0.3723980188,0.1525988281,-0.1143143773,-0.0049001938,0.9506897330,1.0474960804,0.8053135276
0.3824690580,0.1514881253,-0.1324108839,0.0146247381,0.9388083816,1.0611313581,0.7968289256
0.3925850391,0.1455363035,-0.1437759399,0.0260111317,0.9227513671,1.0651385784,0.7819697857
0.4026050568,0.1556051522,-0.1547343433,0.0305622444,0.9120209813,1.0691174269,0.7554284334
0.4127000570,0.1559565067,-0.1507256627,0.0348402485,0.9145169258,1.0306559801,0.7118747830
0.4227300882,0.1519855261,-0.1534256041,0.0526421294,0.9159924984,0.9879683256,0.6725672483
0.4328850508,0.1544093192,-0.1561341882,0.0722947344,0.9173727632,0.9548649788,0.6385728121
0.4428631067,0.1728582978,-0.1693793237,0.0933344588,0.8932284117,0.9130281210,0.6013960838
0.4529410601,0.1694812179,-0.1774103045,0.1059578285,0.8615799546,0.8743169308,0.5652836561
0.4630010128,0.1706228852,-0.1867299080,0.1145465598,0.8321858644,0.8239238858,0.5249193311
0.4731891155,0.1714269817,-0.2021122277,0.1289218962,0.8262501955,0.7747640610,0.4792389572
0.4832640886,0.1798497140,-0.2192384601,0.1389284432,0.8139843345,0.7181077003,0.4314324856
0.4932711124,0.1790309250,-0.2253290117,0.1562179625,0.7899607420,0.6634844542,0.3857539296
0.5032930374,0.1808522642,-0.2318160534,0.1695511639,0.7520174980,0.6129713058,0.3379561901
0.5134210587,0.1794004440,-0.2378176749,0.1808666289,0.7141222954,0.5582407117,0.2944047153
0.5234030485,0.1788477898,-0.2353191972,0.1789156497,0.6879299283,0.5067756176,0.2476657927
0.5334510803,0.1768138409,-0.2167918384,0.1717399657,0.6789616942,0.4405910075,0.1987922490
0.5435630083,0.1707017422,-0.1974970698,0.1607739031,0.6796392202,0.3702395260,0.1488521844
0.5536431074,0.1604179442,-0.1793399751,0.1440971792,0.6684467196,0.3136614561,0.1116638035
0.5637400150,0.1517398059,-0.1615545750,0.1347002685,0.6401849985,0.2569538951,0.0776662230
0.5737431049,0.1503804922,-0.1498282552,0.1357251108,0.6117240191,0.2204896510,0.0564192571
0.5838431120,0.1512774825,-0.1490848362,0.1396777928,0.5810539722,0.1926120073,0.0532281920
0.5939120054,0.1533603370,-0.1407895088,0.1484395564,0.5577588081,0.1743768156,0.0542867966
0.6040060520,0.1626432240,-0.1458047926,0.1585933864,0.5333477855,0.1614570171,0.0585348047
0.6140090227,0.1688933372,-0.1514813006,0.1605210006,0.5238650441,0.1497574896,0.0670257658
0.6241030693,0.1752318442,-0.1611094475,0.1604990065,0.5133215189,0.1369607300,0.0712684393
0.6341691017,0.1797219217,-0.1746430993,0.1682768166,0.5113902092,0.1167899519,0.0723206550
0.6442770958,0.1803266704,-0.1733627915,0.1658628285,0.5288583636,0.0765322745,0.0584913939
0.6542770863,0.1806863546,-0.1634425372,0.1592160761,0.5420942903,0.0330598988,0.0457247347
0.6643640995,0.1736689806,-0.1574668586,0.1400276124,0.5360779166,-0.0063713300,0.0276564527
0.6744390726,0.1709714234,-0.1545968801,0.1228817329,0.5108721256,-0.0481057279,0.0074678273
0.6844770908,0.1706471741,-0.1491627395,0.1106155142,0.4673972428,-0.0772807226,-0.0148331504
0.6946231127,0.1675669849,-0.1520363688,0.1070541367,0.4024142623,-0.0895895883,-0.0254407860
0.7046110630,0.1694321930,-0.1575420946,0.1023764238,0.3266578913,-0.0913191810,-0.0264843479
0.7147070169,0.1752291322,-0.1597536951,0.0946129784,0.2775694430,-0.0917548686,-0.0275339000
0.7247260809,0.1801442802,-0.1506145895,0.0965235457,0.2617391348,-0.1100368723,-0.0434647277
0.7348390818,0.1804318726,-0.1590074450,0.1014424190,0.2695856094,-0.1482577622,-0.0572891980
0.7449020147,0.1838679314,-0.1742533594,0.1083999500,0.2567410171,-0.1452267468,-0.0636566207
0.7550090551,0.1893719137,-0.1925245821,0.1085542068,0.2548363209,-0.1686497778,-0.0732240230
0.7650400400,0.1923023164,-0.2021008730,0.1058747992,0.2542496920,-0.2164117843,-0.0743089244
0.7751750946,0.1713584065,-0.1954928339,0.1044512019,0.2582603991,-0.1909381151,-0.0785444155
0.7851760387,0.1790579855,-0.1739081144,0.0944242701,0.2829940915,-0.2110205442,-0.0997974426
0.7952380180,0.1589126587,-0.1679125726,0.0804009065,0.2780627012,-0.2525916994,-0.1221147329
0.8052970171,0.1377145946,-0.1626187563,0.0680535063,0.2535763979,-0.2592908144,-0.1401614398
0.8153640032,0.1279059350,-0.1559157223,0.0455090627,0.2409514189,-0.2786461413,-0.1624656767
0.8255259991,0.1056061089,-0.1504704356,0.0330502614,0.2201698273,-0.2289896905,-0.1677455902
0.8355070353,0.0993534923,-0.1520363837,0.0307983980,0.1902635992,-0.2271979153,-0.1783550978
0.8458400965,0.0862857699,-0.1611464322,0.0275224671,0.1393666863,-0.1533386707,-0.1740574837
0.8556640148,0.0819361508,-0.1531893611,0.0159973130,0.1252474040,-0.1290775388,-0.1772271842
0.8658920527,0.0702764690,-0.1401526630,0.0081461305,0.1347601861,-0.1206030324,-0.1920900941
0.8757820129,0.0641276538,-0.1031336635,0.0107234353,0.1743219644,-0.2373240590,-0.2452483773
0.8858669996,0.0599564575,-0.0823485106,0.0112565393,0.1715245694,-0.2800972760,-0.2919877172
0.8959890604,0.0546736978,-0.0762948394,0.0160302147,0.1323867440,-0.2094425559,-0.3068076968
0.9061501026,0.0592283569,-0.0856606066,0.0154509181,0.0685897395,-0.1249044314,-0.2748953700
0.9160490036,0.0461375676,-0.0910598934,0.0313239917,0.0596793368,-0.0866513252,-0.2546997964
0.9261480570,0.0532798432,-0.0847859085,0.0349551067,0.0915188119,-0.0682374239,-0.2398337722
0.9361931086,0.0475460850,-0.0675142258,0.0373257026,0.1296305060,-0.1443657428,-0.2494376749
0.9464660883,0.0469986461,-0.0559782051,0.0436004624,0.1245564744,-0.0613123402,-0.1984286010
0.9563450813,0.0426338278,-0.0537855215,0.0481785163,0.1447743922,-0.0558856204,-0.2069254220
0.9665110111,0.0551223420,-0.0536004119,0.0489141569,0.1647251993,-0.1288301349,-0.1921017319
0.9764680862,0.0316496752,-0.0448291861,0.0485801920,0.1535995752,-0.0844512209,-0.2058801353
0.9866420031,0.0436384045,-0.0403853320,0.0339507684,0.1598125696,-0.1725365967,-0.2165442258
0.9966810942,0.0267307144,-0.0366710909,0.0457515344,0.1271110773,-0.1037886962,-0.2069454044
1.0067150593,0.0400430523,-0.0392845981,0.0448950753,0.1266369522,-0.1632627398,-0.2144075185
1.0167551041,0.0293030422,-0.0456601866,0.0440373644,0.1076891050,-0.1900317818,-0.2260958701
1.0270010233,0.0362484418,-0.0448558293,0.0334680304,0.0688125119,-0.1436365098,-0.2186284214
1.0368750095,0.0257859807,-0.0481990911,0.0277845487,0.0645349473,-0.1425920129,-0.2154414207
1.0468270779,0.0276265722,-0.0437847637,0.0355705246,0.0842492878,-0.1933789551,-0.2197201252
1.0570460558,0.0310967844,-0.0383846723,0.0456237420,0.0946558565,-0.1655403972,-0.1952874810
1.0672420263,0.0226298254,-0.0307685249,0.0516588911,0.1231117845,-0.1279815882,-0.1687299013
1.0771681070,0.0268917661,-0.0218227766,0.0597172007,0.1647218168,-0.1253229529,-0.1421941668
1.0872570276,0.0351831578,-0.0105021270,0.0669119582,0.2014731914,-0.1704196483,-0.1103738546
1.0973430872,0.0269794744,-0.0025847298,0.0673294291,0.2246123403,-0.1362209320,-0.1039918512
1.1075410843,0.0422956906,0.0035560238,0.0425133929,0.2398092151,-0.1603839993,-0.0870177299
1.1174070835,0.0308448952,-0.0036755395,0.0374221429,0.2393258512,-0.2175767124,-0.0700573847
1.1274130344,0.0239993911,-0.0180798061,0.0331686959,0.2078250349,-0.1626819074,-0.0710836425
1.1375850439,0.0441711210,-0.0269910507,0.0210182890,0.1907520294,-0.1628171951,-0.0689557791
1.1478120089,0.0226038974,-0.0332507379,0.0185681209,0.1747487634,-0.1628942937,-0.0593959577
1.1576840878,0.0161370020,-0.0331204943,0.0110023255,0.1777759790,-0.1471382231,-0.0880574286
1.1677030325,0.0301615279,-0.0352137573,0.0024918551,0.1963921040,-0.1947802603,-0.0965804085
1.1777950525,0.0159444790,-0.0442341678,0.0075930590,0.1921502203,-0.1992692798,-0.1284355521
1.1880800724,0.0370062850,-0.0601651482,0.0118655795,0.1822229624,-0.1675787270,-0.1369113326
1.1979570389,0.0279066842,-0.0632258058,0.0190470442,0.2014824152,-0.1739431620,-0.1624025702
1.2079930305,0.0318633877,-0.0590893365,0.0186071619,0.2069501579,-0.1877797991,-0.1762140542
1.2181000710,0.0229648631,-0.0509206466,0.0209928975,0.2007370293,-0.2081609666,-0.2017058283
1.2282010317,0.0284205955,-0.0542872064,0.0305860862,0.1893060952,-0.2390961349,-0.2112733722
1.2382370234,0.0303037148,-0.0519491322,0.0363689288,0.1785149723,-0.2275529206,-0.2165738642
1.2482950687,0.0327007137,-0.0661634058,0.0527150854,0.1633121520,-0.2010954767,-0.2070011348
1.2583570480,0.0332347415,-0.0783731937,0.0583703741,0.1558752805,-0.2043298930,-0.2048772573
1.2683360577,0.0188193601,-0.0690819472,0.0452676639,0.1558838636,-0.2054399550,-0.2123097926
1.2785021067,0.0075668669,-0.0568096861,0.0293506011,0.1732428819,-0.2351720184,-0.2388740331
1.2885260582,-0.0039450848,-0.0463076085,0.0123595828,0.2139957696,-0.1476100236,-0.2091126144
1.2986750603,-0.0169413406,-0.0367261171,0.0097694034,0.1913767457,-0.1253377348,-0.1804271787
1.3086210489,-0.0362095572,-0.0058697131,0.0020512575,0.1535083354,-0.0712484643,-0.1336710453
1.3188090324,-0.0443446077,0.0081715239,-0.0097678667,0.1241504475,-0.0150176818,-0.0954107493
1.3287841082,-0.0491161384,0.0194424465,-0.0295852795,0.0959479958,0.0327546336,-0.0539690368
1.3388600349,-0.0494825281,0.0319690146,-0.0281414166,0.0859193280,0.0775306299,-0.0082867676
1.3489431143,-0.0498840846,0.0416764170,-0.0130398041,0.1016953886,0.1034244746,0.0363185853
1.3590281010,-0.0493865348,0.0466926210,0.0117853517,0.1214611009,0.1569494903,0.0819976553
1.3690791130,-0.0560297705,0.0401641019,0.0276983008,0.1304434985,0.2221216410,0.1383032054
1.3791960478,-0.0708194673,0.0337022394,0.0249314532,0.1353338510,0.2691570520,0.1850446165
1.3891980648,-0.0810901821,0.0386665501,0.0200029835,0.1363134235,0.3861431777,0.2243884206
1.3993231058,-0.0914092660,0.0454820283,0.0077933902,0.1484909952,0.4500606656,0.2467150241
1.4093550444,-0.0842306912,0.0474701114,0.0053234929,0.1109045744,0.4766118228,0.3008903861
1.4194780588,-0.1155380905,0.0326747894,0.0123420591,0.0772733763,0.5327430367,0.3295955062
1.4294730425,-0.0944905281,0.0310255866,0.0036453838,0.0452415124,0.5345984697,0.3317289948
1.4396049976,-0.0832719207,0.0309269093,-0.0002612835,-0.0102374582,0.5342661142,0.3551024795
1.4496130943,-0.0740745664,0.0198990591,0.0074739689,-0.0575994849,0.5741824508,0.3561947942
1.4597760439,-0.0470671393,0.0038805041,0.0134126777,-0.0720503330,0.5252319574,0.3540503979
1.4697490931,-0.0411473252,0.0052252444,0.0203675851,-0.0888495743,0.4974761605,0.3508552015
1.4798901081,-0.0427805223,0.0064404733,0.0254795775,-0.0876700655,0.4857521355,0.3412928581
1.4898670912,-0.0315659083,0.0010194624,0.0404334292,-0.0744026229,0.4402608275,0.3444529772
1.4999960661,-0.0287204701,-0.0050701243,0.0604552850,-0.0848336890,0.4169017076,0.3561237454
1.5099980831,-0.0247050244,-0.0218915939,0.0757234916,-0.0958609879,0.3468625546,0.3698953688
1.5200790167,-0.0202846248,-0.0397202298,0.0901989564,-0.1018424481,0.3055036664,0.3815560043
1.5299770832,-0.0146872131,-0.0428013280,0.0930240378,-0.0749463886,0.2833794653,0.3698583543
1.5400190353,-0.0061298632,-0.0347631313,0.0997736081,-0.0093748318,0.2349687815,0.3432725370
1.5501641035,-0.0061891996,-0.0262730476,0.1017011628,0.0379665829,0.1960386932,0.3304995000
1.5605620146,-0.0156884510,-0.0213461835,0.1027949080,0.0703028217,0.1633375436,0.3166711926
1.5704150200,-0.0003489578,-0.0182389393,0.0924666151,0.0888923705,0.1189264059,0.3155830503
1.5804810524,0.0006616390,-0.0266663786,0.0920493826,0.0850110799,0.0807414725,0.3229975402
1.5905250311,0.0009479797,-0.0341943912,0.0937159881,0.0605607107,0.0721427873,0.3389265835
1.6006430387,0.0002039945,-0.0428783521,0.1089878306,0.0484699570,0.0009575563,0.3410176933
1.6106899977,0.0102110477,-0.0469009541,0.1257409751,-0.0266560875,-0.0621154830,0.3696728349
1.6207680702,-0.0243997592,-0.0691320151,0.1269736588,-0.1130226627,-0.0703459829,0.3622580767
1.6307940483,0.0017297840,-0.0981030464,0.1128683910,-0.1841678619,-0.1083686650,0.3219087124
1.6409080029,0.0008571720,-0.1160990447,0.1056481227,-0.2181785703,-0.1260723025,0.2560769618
1.6509360075,-0.0019543790,-0.1132509112,0.1022810563,-0.2310870737,-0.1203306541,0.1775101274
1.6609770060,0.0118092271,-0.1031075269,0.0960000977,-0.2503854036,-0.1156711876,0.1042532250
1.6710650921,0.0197190028,-0.1002911031,0.0857898816,-0.2792124450,-0.1173092350,0.0543551110
1.6811140776,0.0423585437,-0.0978572071,0.0824901685,-0.3046621382,-0.1346267015,0.0363023393
1.6916511059,0.0672284961,-0.0975563750,0.0812800154,-0.3138712049,-0.1739680469,0.0362853594
1.7015850544,0.0817454159,-0.0856363550,0.0889833197,-0.3249880373,-0.2355602980,0.0436900146
1.7112650871,0.0880578458,-0.0679391325,0.1017949805,-0.3466646373,-0.3078006804,0.0595866889
1.7215410471,0.0852492154,-0.0563078448,0.1197719797,-0.3981651068,-0.3855652511,0.0818587095
1.7315740585,0.0792372227,-0.0589404255,0.1283171475,-0.5073251128,-0.4606420994,0.1052073687
1.7414000034,0.0635098815,-0.0706240088,0.1338762939,-0.6924217343,-0.5194473267,0.1222137883
1.7514500618,0.0518245064,-0.0909373462,0.1271810830,-0.9095892906,-0.5732969642,0.1286133677
1.7615910769,0.0179705601,-0.1158663481,0.1213741526,-1.0203497410,-0.5989810228,0.0808477029
1.7719570398,0.0147464843,-0.1142539978,0.1058631167,-0.9721607566,-0.6203988194,-0.0136744753
1.7819120884,0.0117039951,-0.0985055119,0.1146677956,-0.8504431248,-0.6316857934,-0.1177673265
1.7917340994,0.0176202636,-0.0880138725,0.1410679519,-0.7723534703,-0.6549431682,-0.2091132104
1.8018300533,0.0306687038,-0.1085199639,0.1744261086,-0.7614696622,-0.6796754003,-0.2738980651
1.8118740320,0.0421435200,-0.1275058091,0.1989905536,-0.8038458824,-0.7132163644,-0.3163760304
1.8220770359,0.0482215248,-0.1375674456,0.2108240426,-0.8973292112,-0.7577039003,-0.3418577015
1.8321421146,0.0499143265,-0.1303055733,0.2235138118,-1.0323300362,-0.8120701909,-0.3620240092
1.8423000574,0.0532812141,-0.1282868534,0.2292962968,-1.1735748053,-0.8823928237,-0.3800738454
1.8522840738,0.0554863475,-0.1247683167,0.2339747250,-1.3083347082,-0.9623245001,-0.4161824286
1.8623480797,0.0489125215,-0.1144938618,0.2278345525,-1.3351756334,-1.0563644171,-0.4820541143
1.8724100590,0.0394657217,-0.0935611129,0.2109915316,-1.2703043222,-1.1444160938,-0.5659961700
1.8825190067,0.0368956290,-0.0691187978,0.1981939375,-1.1586923599,-1.2120156288,-0.6679909825
1.8925549984,0.0263687354,-0.0673696697,0.1864461005,-1.0781333447,-1.2692542076,-0.7667877674
1.9026570320,0.0322421752,-0.0846602023,0.1913556755,-1.0445505381,-1.3236165047,-0.8496437669
1.9126811028,0.0380037986,-0.1078398526,0.2010186017,-1.0617988110,-1.4153828621,-0.9048972130
1.9227690697,0.0445013009,-0.1226442754,0.2142820656,-1.1406656504,-1.4267587662,-0.9165626764
1.9328050613,0.0524299406,-0.1294738501,0.2153384984,-1.2351677418,-1.4753382206,-0.9176269770
1.9429481030,0.0708672106,-0.1323941648,0.1993338168,-1.3606201410,-1.5231221914,-0.9176189899
1.9529390335,0.0752082765,-0.1491182446,0.1708938777,-1.4988771677,-1.5710682869,-0.9250387549
1.9630250931,0.0852026790,-0.1561511159,0.1485627592,-1.6038703918,-1.6390765905,-0.9622090459
1.9730610847,0.0871374160,-0.1590262353,0.1352212727,-1.6654716730,-1.6718004942,-1.0163614750
1.9832890034,0.0850269198,-0.1541908085,0.1212765202,-1.6328288317,-1.7401105165,-1.1215219498
1.9932810068,0.0880484581,-0.1476571858,0.1109554991,-1.5306178331,-1.8291242123,-1.2405145168
2.0032949448,0.0854784399,-0.1339297891,0.1258453429,-1.4052263498,-1.8870189190,-1.3371989727
2.0133461952,0.0828465819,-0.1229903996,0.1327004135,-1.3320492506,-1.9516266584,-1.4168838263
2.0234310627,0.0756230205,-0.1103645861,0.1187237129,-1.3088166714,-2.0354924202,-1.4540945292
2.0334739685,0.0495102108,-0.0974524617,0.0845334157,-1.3287882805,-2.0676717758,-1.4806514978
2.0435299873,0.0306850243,-0.0854432881,0.0446704850,-1.3906204700,-2.0746130943,-1.4859482050
2.0536231995,0.0184481926,-0.0785736740,0.0261964425,-1.5010591745,-2.0212128162,-1.4476687908
2.0636630058,0.0085933255,-0.0673848093,0.0113860006,-1.6017618179,-1.9804120064,-1.4019654989
2.0737562180,0.0031613014,-0.0504752956,0.0111739272,-1.6233960390,-1.9496647120,-1.3764598370
2.0839300156,-0.0056138136,-0.0036637750,0.0093996758,-1.5459494591,-1.9033057690,-1.3679620028
2.0939068794,-0.0145627437,0.0640930831,-0.0012631183,-1.3859473467,-1.8955616951,-1.3711847067
2.1039252281,-0.0203689728,0.1104685366,-0.0320830718,-1.1979057789,-1.9173601866,-1.3861085176
2.1139841080,-0.0251641292,0.1440137625,-0.0772614256,-1.0794206858,-1.9206660986,-1.4010059834
2.1241090298,-0.0339353867,0.1533303261,-0.1225943938,-1.0572906733,-1.8905198574,-1.3638335466
2.1341571808,-0.0385970213,0.1415553093,-0.1362319887,-1.1013888121,-1.8522568941,-1.2947852612
2.1442790031,-0.0286549795,0.1197360158,-0.1281477511,-1.2066038847,-1.7834781408,-1.1832352877
2.1542501450,-0.0278755147,0.1086156964,-0.1123907939,-1.3608609438,-1.7192950249,-1.0599963665
2.1644148827,-0.0264969040,0.1062532067,-0.0966080800,-1.4427413940,-1.6353670359,-0.9346413016
2.1743850708,-0.0321140923,0.1291527152,-0.1123660579,-1.3696541786,-1.5770138502,-0.8709232807
2.1844658852,-0.0471108593,0.1795360446,-0.1452841461,-1.1659865379,-1.5592422485,-0.8592863083
2.1945271492,-0.0636107922,0.2243189812,-0.1673611104,-0.9115828872,-1.4933611155,-0.8603799343
2.2046170235,-0.0502769686,0.2430608869,-0.1870765388,-0.6945129037,-1.4288049936,-0.8519084454
2.2146859169,-0.0348578729,0.2099523544,-0.1774158180,-0.5500127077,-1.3625602722,-0.8126251698
2.2247920036,-0.0055457377,0.1582847834,-0.1690275967,-0.4895795286,-1.3215584755,-0.7892604470
2.2347788811,-0.0130334524,0.1134666800,-0.1860385239,-0.5073259473,-1.2512798309,-0.7276365757
2.2449340820,-0.0174403805,0.0779550076,-0.1838930547,-0.6025075912,-1.2296136618,-0.6946858168
2.2549428940,0.0108501287,0.0338763632,-0.1550786793,-0.7222459912,-1.2047224045,-0.6224408746
2.2650508881,0.0233230572,0.0037593278,-0.1377662122,-0.7376877666,-1.2610884905,-0.6214033365
2.2751631737,0.0378586613,0.0021314058,-0.1458733380,-0.6619003415,-1.2637553215,-0.6437214613
2.2852060795,0.0282433610,0.0287521519,-0.1877785027,-0.5135167241,-1.2701706886,-0.6872960925
2.2951960564,0.0198115986,0.0361537375,-0.2155520618,-0.4720025957,-1.2616040707,-0.7308349609
2.3052811623,0.0171176773,-0.0006057589,-0.2245683968,-0.4195883870,-1.1690315008,-0.7615942359
2.3153471947,0.0267424565,-0.0431518517,-0.2259548604,-0.3111914098,-1.1283298731,-0.8486695290
2.3254241943,0.0351016782,-0.0450425707,-0.2094122469,-0.3284180760,-1.0063849688,-0.8379862309
2.3354439735,0.0161064547,-0.0668251514,-0.1958399713,-0.4108679891,-0.9783797860,-0.8262712955
2.3455572128,0.0250521582,-0.0865510702,-0.2012811005,-0.5845423341,-0.8991219997,-0.8060134053
2.3556230068,0.0159040671,-0.0859301090,-0.2037719786,-0.7339831591,-0.8949762583,-0.7836759090
2.3657569885,0.0153171988,-0.0715110898,-0.2002401054,-0.8335334659,-0.8638537526,-0.7592136860
2.3757729530,0.0078392597,-0.0482399426,-0.1920487583,-0.7131302953,-0.9520727396,-0.7805241346
2.3858671188,0.0094258161,0.0213775076,-0.1743219793,-0.0843355954,-0.8683568239,-0.8262993097
2.3958780766,-0.0487557687,0.1899671555,-0.1996473372,0.4990507662,-0.2807791829,-0.5097380280
2.4075131416,-0.1844080687,0.4210094810,-0.3086952865,-0.0037316754,0.0645294711,-0.2546061277
2.4162631035,-0.2772023082,0.2508690953,-0.5993925333,-0.3678709865,0.2109791636,0.0736555681
2.4263949394,-0.2010659575,0.2507691979,-0.6823564768,-0.2460417449,0.3060287237,0.1671104133
2.4364628792,-0.1564199924,0.4470379949,-0.5430690646,0.0298526790,0.3560501933,0.1458286941
2.4466562271,-0.0328013338,0.3668203354,-0.4062533081,0.1928447932,0.3850416243,0.1426163912
2.4572050571,0.0184051376,0.2211372256,-0.2844924629,0.2731045187,0.3646870852,0.1680687517
2.4668591022,0.0500141345,0.0958247781,-0.2181505859,0.2921423912,0.3842298985,0.2105456442
2.4764289856,0.0851668715,0.0216633119,-0.1742325723,0.2705037892,0.4173492491,0.2742764056
2.4864339828,0.0909301043,-0.0200809203,-0.1370529830,0.2255243361,0.5437527299,0.3550476730
2.4964530468,0.0767584443,-0.0382698737,-0.1306194365,0.2197300941,0.7014300823,0.4602453411
2.5065150261,0.0281047206,-0.0183384977,-0.1593061388,0.2149763554,0.9696290493,0.5899200439
2.5165729523,-0.0334474482,0.0362189449,-0.2305934727,0.2790781856,1.1797018051,0.6632733941
2.5266520977,-0.0733313560,0.1044236422,-0.3085093200,0.2867739201,1.3720835447,0.7026540637
2.5367121696,-0.1192392111,0.1699933410,-0.3537559807,0.3456461132,1.4641829729,0.7536527514
2.5467560291,-0.1215209067,0.2017577887,-0.3544267118,0.3587459326,1.5442186594,0.8057175279
2.5568509102,-0.0980335176,0.2016652226,-0.3344350159,0.3915877938,1.5714284182,0.8662441969
2.5670189857,-0.0576058961,0.1851128936,-0.3085537255,0.4108131528,1.5730172396,0.9214536548
2.5771250725,-0.0264093298,0.1812798381,-0.2974400222,0.4289897084,1.5712194443,0.9469317794
2.5872211456,-0.0080464510,0.1817609072,-0.2991055548,0.4908933043,1.5718916655,0.9670906067
2.5971789360,-0.0038446807,0.1867229342,-0.3054749668,0.5726124048,1.6195214987,1.0021334887
2.6075050831,0.0006586587,0.1846883893,-0.3084968030,0.6746391654,1.6641666889,1.0403546095
2.6174581051,0.0080775293,0.1749382615,-0.2953010499,0.8133937120,1.7718559504,1.0966477394
2.6274871826,0.0022428310,0.1663507819,-0.2938795388,0.9688879848,1.9137009382,1.1614488363
2.6375222206,-0.0122789172,0.1706351042,-0.3013593853,1.0854939222,2.1030311584,1.2379640341
2.6475880146,-0.0300728399,0.1721006036,-0.3026450574,1.1692005396,2.1655826569,1.2804459333
2.6576719284,-0.0422515310,0.1481697559,-0.2805133760,1.2166833878,2.2213962078,1.3144388199
2.6677370071,-0.0405969955,0.1336871386,-0.2489452064,1.2245769501,2.2874743938,1.3484474421
2.6777720451,-0.0316170789,0.1237716079,-0.1974153221,1.2591189146,2.2485015392,1.3462959528
2.6878619194,-0.0272619743,0.1019471288,-0.1358369291,1.2659461498,2.2072961330,1.3643242121
2.6979451180,-0.0179623086,0.0689083934,-0.0904867426,1.2901051044,2.1395754814,1.3610994816
2.7080080509,-0.0029976168,0.0530939735,-0.0652627721,1.2912243605,2.1330664158,1.3377363682
2.7180471420,0.0013924738,0.0406336822,-0.0388480201,1.3056255579,2.0777468681,1.2962932587
2.7281889915,-0.0003342392,0.0493262149,-0.0149940616,1.3403931856,2.0153284073,1.2782026529
2.7382481098,-0.0154228872,0.0507835783,0.0082517499,1.3491293192,1.9951242208,1.2601417303
2.7482700348,-0.0214704964,0.0781090558,0.0309397802,1.3681432009,2.0131559372,1.2336009741
2.7583179474,-0.0132337036,0.0649310350,0.0491863117,1.3463262320,2.0583992004,1.2038983107
2.7684640884,-0.0140721342,0.0441747643,0.0705569610,1.2886376381,2.1715502739,1.2220200300
2.7784481049,-0.0228924248,0.0232829787,0.0841580853,1.2788884640,2.0791158676,1.2166665792
2.7885589600,-0.0317097269,0.0299030580,0.0960968956,1.2784559727,1.9093021154,1.2112729549
2.7986140251,-0.0392154343,0.0240953304,0.1016804799,1.2448582649,1.8549256325,1.2165648937
2.8087239265,-0.0409106947,0.0194459893,0.1048022732,1.2629646063,1.7497446537,1.1719123125
2.8187170029,-0.0230274219,0.0142053394,0.1115127429,1.2721838951,1.6795798540,1.1389575005
2.8288259506,-0.0266949851,0.0141955046,0.1236719117,1.2985906601,1.5977878571,1.0900672674
2.8388600349,-0.0312824883,0.0145418672,0.1296940148,1.3217524290,1.5201908350,1.0379946232
2.8489921093,-0.0300199706,0.0054692659,0.1442621052,1.3256031275,1.4530917406,0.9944263101
2.8589930534,-0.0220137257,-0.0006751685,0.1555831730,1.3070464134,1.3858386278,0.9572342634
2.8690690994,-0.0111687807,-0.0215420686,0.1724555790,1.2693914175,1.3078421354,0.9253509045
2.8791210651,-0.0101683019,-0.0388500653,0.1821216047,1.2273167372,1.2446417809,0.8902903795
2.8892860413,-0.0112161664,-0.0535913967,0.1846453846,1.1896202564,1.1697036028,0.8392961621
2.8992540836,-0.0201352257,-0.0628160536,0.1937425435,1.1689640284,1.0980768204,0.7851138711
2.9094030857,-0.0231537838,-0.0634758472,0.1978636682,1.1559637785,1.0073411465,0.7192403078
2.9193990231,-0.0173200089,-0.0625071079,0.1970345676,1.1266633272,0.9462359548,0.6629419327
2.9295339584,-0.0125924377,-0.0688552260,0.1921759546,1.0709763765,0.8563060760,0.6151301861
2.9395260811,-0.0066104853,-0.0726464987,0.2049303353,1.0638269186,0.7135021091,0.5301177502
2.9496579170,0.0118800374,-0.0613122694,0.2062716186,1.0461068153,0.5587548614,0.4174942970
2.9596619606,0.0075109280,-0.0709469467,0.1961340010,1.0141732693,0.4390522242,0.3282511830
2.9702172279,0.0062214113,-0.1009083986,0.1773321927,0.9092727304,0.3602538109,0.2634687126
2.9799499512,0.0006105280,-0.1117440611,0.1885195673,0.7538067102,0.3236296773,0.2252659947
2.9902110100,-0.0076265656,-0.1163921207,0.1993929446,0.5927533507,0.3125070035,0.1998181641
2.9999551773,-0.0136979846,-0.1255133897,0.1944104135,0.4510232210,0.2899032235,0.1775436848
3.0100688934,-0.0184733886,-0.1182878911,0.1912117898,0.3670135140,0.2581969500,0.1467570066
3.0201611519,-0.0120161204,-0.1018306166,0.1715148389,0.3876883984,0.2155948281,0.0947021320
3.0301480293,-0.0167992432,-0.0733957142,0.1548922360,0.4671613872,0.1628812850,0.0405038744
3.0402159691,-0.0190012474,-0.0414326452,0.1512721479,0.5403515697,0.0984468907,-0.0126360422
3.0502939224,-0.0107815890,-0.0431186073,0.1529013216,0.5814782381,0.0391148627,-0.0540862791
3.0603940487,-0.0077758753,-0.0525051020,0.1518365443,0.5823126435,-0.0459867157,-0.0881068334
3.0704622269,-0.0021880888,-0.0681755394,0.1587250531,0.5070216060,-0.0956485420,-0.1178428903
3.0804839134,-0.0019324744,-0.0808347762,0.1520001590,0.4261158407,-0.1177985892,-0.1518109739
3.0906372070,0.0023878790,-0.0885308534,0.1344577968,0.3546006680,-0.1186515987,-0.1868326068
3.1006259918,0.0019231116,-0.0910563171,0.1324041188,0.2948885262,-0.1245688796,-0.2006235272
3.1107571125,0.0033656335,-0.0978172868,0.1351829469,0.2862907946,-0.1194353700,-0.2154839635
3.1207609177,0.0058858967,-0.0958590806,0.1243344173,0.3112058938,-0.1575407386,-0.2346227020
3.1308660507,0.0078171762,-0.0839679390,0.1204262599,0.3414764404,-0.1977779120,-0.2622572482
3.1409161091,-0.0008690381,-0.0836169422,0.1019525751,0.3592769504,-0.1649238169,-0.2919741571
3.1509470940,-0.0018549586,-0.0735219568,0.0912235603,0.3529066741,-0.1693553180,-0.3121489286
3.1610250473,-0.0064191245,-0.0723901615,0.1020319089,0.3010532260,-0.2121276259,-0.2930446565
3.1710991859,-0.0189000387,-0.0728240162,0.1078168973,0.2401043922,-0.2010571361,-0.3036416471
3.1812250614,-0.0115583567,-0.0474473871,0.1000033841,0.2113834023,-0.2108775973,-0.3068256676
3.1912310123,-0.0198386628,-0.0386994071,0.0931248292,0.2128712982,-0.2521781623,-0.2962286770
3.2013111115,-0.0102689592,-0.0182546712,0.0775988325,0.2161217332,-0.2563182414,-0.2845515609
3.2114009857,-0.0074648880,-0.0121497558,0.0650458559,0.2470679283,-0.2560548782,-0.2856211066
3.2214951515,-0.0076761567,-0.0020212648,0.0475799069,0.2427186966,-0.2475630492,-0.2792445123
3.2315061092,-0.0138343899,-0.0084985318,0.0359341130,0.2233969271,-0.2360113114,-0.2718012333
3.2415652275,-0.0183234531,-0.0239024721,0.0290646777,0.1985490173,-0.2053943574,-0.2622233629
3.2516400814,-0.0123021035,-0.0228382163,0.0328263268,0.1928879321,-0.1724875420,-0.2526493073
3.2618110180,0.0012217140,-0.0306187160,0.0296871886,0.1756172329,-0.1523729414,-0.2367086858
3.2718420029,0.0117328437,-0.0257764421,0.0245160088,0.1830807477,-0.1511912942,-0.2282155901
3.2818732262,0.0193228703,-0.0167896412,0.0222847685,0.2237419337,-0.1614627093,-0.2303529233
3.2919960022,0.0270992499,-0.0016317932,0.0162244067,0.2549240887,-0.1845206171,-0.2282487601
3.3021230698,0.0251430850,-0.0038612080,0.0072698230,0.2561953366,-0.2046282887,-0.2218888700
3.3121709824,0.0252318066,-0.0119645866,0.0051850909,0.2262470126,-0.1973860860,-0.2101978511
3.3221700191,0.0341342650,-0.0201555528,0.0109024877,0.2038484812,-0.1986287832,-0.2080693841
3.3322360516,0.0468144678,-0.0324847661,0.0136440033,0.1738218665,-0.1840080321,-0.2038072646
3.3423380852,0.0455480181,-0.0469385646,0.0113752717,0.1534186900,-0.1714317799,-0.2006109357
3.3523790836,0.0391820632,-0.0478935055,0.0148211950,0.1544298828,-0.1661520749,-0.2059175521
3.3624382019,0.0288130026,-0.0276479535,-0.0013376838,0.1565386951,-0.1640953124,-0.2186578363
3.3725061417,0.0261092763,-0.0161911510,-0.0009236104,0.1768642068,-0.1692647785,-0.2250363827
3.3826398849,0.0313602053,-0.0191195570,-0.0004133350,0.1865898520,-0.1808107793,-0.2186734378
3.3926482201,0.0307245832,-0.0188775770,0.0049692625,0.1897433102,-0.1754085571,-0.2080535442
3.4027030468,0.0308289211,-0.0174585395,0.0171177611,0.1852882653,-0.1562500447,-0.1931784451
3.4128110409,0.0196824055,-0.0179148354,0.0271439776,0.1646229327,-0.1171146184,-0.1846592724
3.4228181839,0.0121218236,-0.0349877514,0.0322326049,0.1193589121,-0.0728951693,-0.1771934330
3.4329800606,-0.0005461895,-0.0455677919,0.0293952450,0.1094085425,-0.0390961878,-0.1877920181
3.4429512024,-0.0093845157,-0.0332005285,0.0216009840,0.1049858034,-0.0243629795,-0.2005246431
3.4530889988,-0.0266521294,-0.0200375430,0.0167705044,0.1205019131,-0.0827123076,-0.2196701169
3.4630851746,-0.0122145442,0.0020303237,0.0258243307,0.1304539889,-0.1177184880,-0.2313691229
3.4732561111,-0.0151916770,0.0115631772,0.0417396650,0.1402275264,-0.1346245110,-0.2335036397
3.4832410812,-0.0031993114,0.0084745688,0.0441547856,0.1459470391,-0.1727243513,-0.2260927260
3.4934091568,-0.0064730966,0.0075456235,0.0515251383,0.1814073026,-0.1968198270,-0.2261137664
3.5033540726,-0.0162935574,0.0013103219,0.0473132953,0.2264155596,-0.2155538350,-0.2303820103
3.5135211945,-0.0465689339,0.0150503693,0.0420781597,0.2644092739,-0.1727366000,-0.2239994854
3.5235090256,-0.0773237646,0.0268827192,0.0269412622,0.2670336664,-0.1142428070,-0.2069820166
3.5335741043,-0.1037829518,0.0278172158,0.0136116976,0.2223972380,-0.0241627097,-0.1644537300
3.5436229706,-0.1324076355,0.0203811564,0.0203841552,0.1477346867,0.0817516670,-0.0943033397
3.5537710190,-0.1562753916,0.0055485475,0.0385212526,0.0592479594,0.1833699048,-0.0135333948
3.5694470406,-0.1752532721,-0.0001407309,0.0475477204,-0.0205273796,0.2680852711,0.0672273040
3.6048989296,-0.1832896471,-0.0013350515,0.0738924369,-0.0777163655,0.3349537551,0.1469101310
3.6050381660,-0.1634819806,-0.0104552032,0.1099080071,-0.1197209358,0.3775569499,0.2276384830
3.6050701141,-0.1469298303,-0.0176229440,0.1467865407,-0.1357955188,0.3873331547,0.2839227617
3.6050920486,-0.1293940246,-0.0197571479,0.1700107157,-0.0974050388,0.3921416402,0.3189544082
3.6141409874,-0.1088769734,-0.0253431685,0.1806083620,-0.0716283023,0.3777259588,0.3518564403
3.6242671013,-0.1008847356,-0.0141536938,0.1804605424,-0.0510676801,0.3492639363,0.3528977036
3.6340022087,-0.1025399864,-0.0262642317,0.1764465868,-0.0596931279,0.3576358259,0.3465332985
3.6440360546,-0.1169172823,-0.0463084318,0.1782391965,-0.0916511118,0.3520004749,0.3391082585
3.6581530571,-0.1362991929,-0.0570975505,0.1906372011,-0.1568668783,0.3630544543,0.3316977620
3.6643781662,-0.1615050733,-0.0666635484,0.1980773509,-0.2337447405,0.3654143512,0.3083585501
3.6745328903,-0.1681358814,-0.0741809160,0.2006101310,-0.3276664317,0.3644071519,0.2797133327
3.6843972206,-0.1561230421,-0.0798027292,0.2011800110,-0.4226125181,0.3591607809,0.2531895041
3.6943650246,-0.1253369451,-0.0756488815,0.2056516111,-0.5076562762,0.3254755139,0.2457616925
3.7047700882,-0.0726255476,-0.0739552975,0.2122263014,-0.5359557271,0.2731311619,0.2298154235
3.7144351006,-0.0087329773,-0.0782932788,0.2218719423,-0.5562013388,0.2697433531,0.2255716771
3.7245240211,0.0027767993,-0.0750534162,0.2324098647,-0.5615320206,0.1613066196,0.2010966837
3.7345700264,-0.0144076971,-0.0711590946,0.2390948832,-0.5930883288,0.1141974255,0.1787833869
3.7446541786,-0.0517620482,-0.0733425915,0.2341207564,-0.5949279666,0.0820303038,0.1299248934
3.7547640800,-0.0728737414,-0.0552880503,0.2371094525,-0.6037619114,0.0019972543,0.0725500211
3.7648730278,-0.1117407084,-0.0453749038,0.2568435967,-0.6499011517,-0.0813786611,0.0406659245
3.7749319077,-0.1077298224,-0.0495207272,0.2720876634,-0.6725518703,-0.1656037867,0.0098374421
3.7849631310,-0.0498970486,-0.0480656363,0.2887736261,-0.6787706614,-0.2909862697,-0.0082730521
3.7950792313,0.0113711329,-0.0436780266,0.3000703156,-0.6535473466,-0.4659921825,-0.0306646433
3.8051280975,0.0627529919,-0.0458752476,0.3061281741,-0.6184227467,-0.6706218719,-0.0530739464
3.8151850700,0.0877403021,-0.0518635325,0.3146500289,-0.6152788401,-0.8787146211,-0.0754764527
3.8254170418,0.0890365839,-0.0629053414,0.3245223463,-0.6451272964,-0.9894397259,-0.0925133601
3.8355069160,0.0842465460,-0.0744231194,0.3229922950,-0.6745887995,-1.2468144894,-0.1436007768
3.8455440998,0.0658237338,-0.0878977627,0.3138828576,-0.8299481273,-1.4001020193,-0.1733682007
3.8555970192,0.0321564339,-0.1137392521,0.3007069528,-0.9921252728,-1.5144585371,-0.2445246726
3.8657269478,0.0271216612,-0.1373852938,0.2678160369,-1.1332061291,-1.6042675972,-0.3220442832
3.8757851124,0.0044883466,-0.1477860510,0.2227438986,-1.2104721069,-1.6734685898,-0.4165593386
3.8858680725,0.0091980966,-0.1471594125,0.1744464934,-1.2291456461,-1.7326705456,-0.5206400752
3.8959910870,0.0265286248,-0.1386961788,0.1541328728,-1.1942582130,-1.8115235567,-0.6183738112
3.9060220718,0.0644776821,-0.1349288970,0.1472695172,-1.1998277903,-1.8990865946,-0.6959279776
3.9160370827,0.0877988935,-0.1403533369,0.1486152112,-1.2908018827,-1.9818625450,-0.7384181619
3.9262170792,0.0876293778,-0.1338765323,0.1530678570,-1.3656978607,-2.0707390308,-0.7618039846
3.9362170696,0.0906601846,-0.0908297300,0.1529256403,-1.3816262484,-2.1879377365,-0.8138866425
3.9462361336,0.0775661245,-0.0349875055,0.1200142130,-1.3452384472,-2.3079392910,-0.8776634336
3.9563200474,0.0472556241,0.0147566227,0.0671048984,-1.2546340227,-2.4073545933,-0.9488766193
3.9666008949,0.0160107482,0.0472382940,0.0099167461,-1.1517246962,-2.4567840099,-1.0190063715
3.9765880108,-0.0046676383,0.0478782095,-0.0330334678,-1.0841450691,-2.4924230576,-1.0424009562
3.9865489006,-0.0197191034,0.0190641023,-0.0590581074,-1.0697798729,-2.4373905659,-1.0837872028
3.9965901375,-0.0176035967,0.0206124820,-0.0722589865,-1.1206395626,-2.3702220917,-1.1293981075
4.0066642761,-0.0230072010,0.0025630030,-0.0620294586,-1.1961539984,-2.2903001308,-1.1388956308
4.0167388916,-0.0271441061,0.0027086767,-0.0303730145,-1.2573601007,-2.2513873577,-1.1101920605
4.0268011093,-0.0013505990,0.0009097786,0.0073979134,-1.2777900696,-2.2332239151,-1.0634574890
4.0369348526,0.0292221885,0.0109966425,0.0191350803,-1.2528121471,-2.2741463184,-1.0263212919
4.0468997955,0.0338293873,0.0391665436,-0.0185789838,-1.1945179701,-2.3392789364,-1.0040718317
4.0569949150,0.0223679971,0.0641942024,-0.1007449999,-1.1256433725,-2.3959350586,-0.9977467656
4.0671701431,0.0090103419,0.0785456598,-0.1775246561,-1.0594319105,-2.3995749950,-0.9935165644
4.0770921707,-0.0085308878,0.1153606772,-0.2187194526,-0.9911480546,-2.3979382515,-0.9967184663
4.0871901512,-0.0246281642,0.1280202270,-0.2173174322,-0.9083933234,-2.3482801914,-0.9776026607
4.0972929001,-0.0387417711,0.1370847523,-0.2012426555,-0.7715268135,-2.2662270069,-0.9446806312
4.1071767807,-0.0322974958,0.1524998546,-0.1877139509,-0.6100679040,-2.1881270409,-0.9000871181
4.1172437668,-0.0495779850,0.1496093571,-0.2205627263,-0.4958726168,-2.0784826279,-0.8363533616
4.1272702217,-0.0631830096,0.1318953037,-0.2638070881,-0.4295159578,-1.9872806072,-0.7704931498
4.1377172470,-0.0526383854,0.1030110121,-0.2766005099,-0.3920048475,-1.8943039179,-0.7194913626
4.1476430893,-0.0393867232,0.0830304325,-0.2912258804,-0.3983601928,-1.7900892496,-0.6759031415
4.1575670242,-0.0242879409,0.0637454391,-0.2981788218,-0.4717931151,-1.7024520636,-0.6439867020
4.1677131653,-0.0141978888,0.0494682230,-0.2880224288,-0.6199699044,-1.6112296581,-0.6131119728
4.1778030396,-0.0049757385,0.0443839170,-0.2796644866,-0.8511376381,-1.5451587439,-0.5854135156
4.1878771782,-0.0022349083,0.0259373821,-0.2636278570,-1.0669145584,-1.5246775150,-0.5726067424
4.1980133057,-0.0023159408,0.0123115806,-0.2934370935,-1.1199769974,-1.5561065674,-0.6023393869
4.2079601288,-0.0102888374,0.0310970284,-0.3633770645,-1.0503941774,-1.4717766047,-0.6182411909
4.2181529999,-0.0211721975,0.0684286952,-0.4015503824,-0.9627566934,-1.3799921274,-0.6543187499
4.2281260490,-0.0025778436,0.0515279807,-0.3901028335,-0.8868429065,-1.2892801762,-0.6765915155
4.2381958961,0.0171607118,0.0276268758,-0.3565817773,-0.7544046640,-1.1913490295,-0.6436604857
4.2482652664,0.0265329462,0.0313964523,-0.3224296272,-0.2689863741,-1.0719147921,-0.7148630023
4.2584028244,-0.0088454513,0.1783446968,-0.3052351773,0.2609102428,-0.7035101652,-0.7424203157
4.2684459686,-0.0292648096,0.1331351995,-0.3586936891,0.3446954787,-0.5422198772,-0.6913954616
4.2784619331,-0.0139072565,0.0221726336,-0.3400441110,-0.2153763324,-0.2266379148,-0.3619379103
4.2885289192,-0.0565761365,-0.1137145758,-0.3562672436,-0.9360765815,0.1522659957,0.1300467402
4.2986688614,-0.0907944441,-0.0550541840,-0.5261646509,-1.1574894190,0.2083854526,0.2458670884
4.3086361885,-0.1114296913,0.1633641422,-0.6663450003,-0.6724154949,0.2520927191,0.1151647344
4.3186330795,-0.1329868436,0.3600956202,-0.6689033508,-0.0400539972,0.2926071286,-0.0516780503
4.3287773132,-0.0753144026,0.4191773236,-0.5796655416,0.2687329054,0.3608007431,-0.0963170901
4.3388800621,0.0072452403,0.2615454793,-0.4587278664,0.2568794489,0.3735964596,-0.0708245113
4.3489289284,0.0262644272,0.1363227367,-0.3502204716,0.1419763565,0.3387422562,-0.0548864938
4.3590879440,0.0529288016,0.0428314842,-0.2755288780,-0.0056293365,0.3761921525,0.0279900134
4.3690309525,0.0702183247,-0.0317446850,-0.2179799974,-0.1415134668,0.4159147739,0.1182975397
4.3792080879,0.0738642812,-0.0815364420,-0.1734438241,-0.2470113635,0.5122035146,0.2181815356
4.3892030716,0.0468426310,-0.0817973018,-0.1666610539,-0.2391738743,0.6933038235,0.3170154393
4.3993091583,0.0073025203,-0.0257860683,-0.2064056695,-0.0918153077,0.9019960761,0.3924699724
4.4093379974,-0.0416769423,0.0924832225,-0.2823747098,0.1292323470,1.1035691500,0.4169388413
4.4194231033,-0.0698147416,0.2056106031,-0.3114646971,0.3486142457,1.2573467493,0.4360723197
4.4295420647,-0.0745617747,0.2288857102,-0.3203664124,0.5357164145,1.3325369358,0.4880892634
4.4394950867,-0.0793887973,0.2325227857,-0.3195784986,0.6135707498,1.4494992495,0.5836897492
4.4496030807,-0.0815229118,0.2176911831,-0.3299841583,0.6421840787,1.4735286236,0.6505884528
4.4597549438,-0.0686525106,0.1872075796,-0.3413214386,0.6236279607,1.5183546543,0.7153852582
4.4697132111,-0.0683019459,0.1681250334,-0.3489868939,0.5932662487,1.5682103634,0.7536424994
4.4798469543,-0.0491005816,0.1597117782,-0.3450017869,0.5958817601,1.6277929544,0.7749075294
4.4897651672,-0.0385974087,0.1544371545,-0.3331604898,0.6249303222,1.7120544910,0.8025478721
4.4999971390,-0.0428169407,0.1544821262,-0.3142974079,0.6783770323,1.8113831282,0.8301906586
4.5100040436,-0.0443028547,0.1482995152,-0.2940802276,0.7369433045,1.9331079721,0.8684621453
4.5200538635,-0.0452081002,0.1416201591,-0.2842690051,0.7859845757,2.0474126339,0.9205349088
4.5301132202,-0.0454925336,0.1373582780,-0.2762887180,0.8264773488,2.1626899242,0.9704868197
4.5402851105,-0.0520484485,0.1383546591,-0.2712431252,0.8553566337,2.2650980949,1.0151262283
4.5502958298,-0.0450747050,0.1311719120,-0.2497451007,0.8920668364,2.3314692974,1.0554987192
4.5604100227,-0.0429692008,0.1225763559,-0.2149241865,0.9182342291,2.3850362301,1.0990526676
4.5703792572,-0.0474280156,0.1193505526,-0.1805907786,0.9381824136,2.4205026627,1.1415382624
4.5805549622,-0.0494342782,0.1069606543,-0.1418851912,0.9765799046,2.4241874218,1.1670135260
4.5905299187,-0.0390027054,0.0922690928,-0.0920398608,0.9883608818,2.4201169014,1.1776245832
4.6007328033,-0.0285978932,0.0781541169,-0.0506055132,1.0174033642,2.3969712257,1.1691112518
4.6106162071,-0.0306640062,0.0597073473,-0.0284034982,1.0305005312,2.3672778606,1.1542282104
4.6207561493,-0.0363986529,0.0447011925,-0.0039738184,1.0467472076,2.3417458534,1.1223573685
4.6307830811,-0.0288992096,0.0361817516,0.0198401436,1.0781489611,2.2939665318,1.0756059885
4.6409578323,-0.0355649218,0.0213428475,0.0429623351,1.0655809641,2.2681550980,1.0394951105
4.6509480476,-0.0408377498,0.0173207261,0.0730886683,1.0405597687,2.2072114944,1.0023086071
4.6610622406,-0.0383754708,0.0152782528,0.0937131867,1.0126219988,2.1187717915,0.9831591249
4.6710672379,-0.0350579359,0.0229266919,0.1116538867,0.9803515673,2.0366823673,0.9671987295
4.6811299324,-0.0466194935,0.0304875411,0.1250056326,0.9426896572,1.9609948397,0.9639851451
4.6911849976,-0.0483727194,0.0252337493,0.1406944096,0.8936504722,1.8491238356,0.9596943259
4.7012863159,-0.0540254004,0.0090321628,0.1665373147,0.8391445875,1.7510892153,0.9692153931
4.7114119530,-0.0479524843,-0.0053173271,0.1939388216,0.8315683007,1.6554951668,0.9649237990
4.7213921547,-0.0311205257,-0.0067651537,0.2103610933,0.8569276929,1.5727505684,0.9340838790
4.7314348221,-0.0221055616,-0.0127012404,0.2159040272,0.8982115388,1.4974972010,0.8915631175
4.7415552139,-0.0108512966,-0.0180642270,0.2204550207,0.9646113515,1.3638947010,0.8171536326
4.7516860962,-0.0068373554,-0.0287929140,0.2172609866,0.9914696813,1.2351969481,0.7342621088
4.7616400719,-0.0228201468,-0.0542137586,0.2003212273,0.9562973380,1.1197654009,0.6535166502
4.7717471123,-0.0257637519,-0.0696648955,0.1870853603,0.8644248247,1.0176129341,0.5696060658
4.7817897797,-0.0255846996,-0.0832042098,0.1784643233,0.7639504075,0.9229090810,0.5005673766
4.7918281555,-0.0185127575,-0.0850156844,0.1793945134,0.6900301576,0.8412045240,0.4368377626
4.8020329475,-0.0173074324,-0.0796101242,0.1948126256,0.6482232809,0.7502932549,0.3826512396
4.8120160103,-0.0162650514,-0.0805104524,0.2248149812,0.5934024453,0.6817235947,0.3550247848
4.8220729828,-0.0173170585,-0.0887481570,0.2294873297,0.5653143525,0.6081242561,0.3337591887
4.8321161270,-0.0263999719,-0.0815783441,0.2283194959,0.5723810792,0.5412043333,0.3135508597
4.8422122002,-0.0348550119,-0.0596592538,0.2311628759,0.6038908362,0.4840212166,0.2890929282
4.8522830009,-0.0416166522,-0.0433606468,0.2156717479,0.6492971182,0.4236937463,0.2518877089
4.8623280525,-0.0536236502,-0.0277443789,0.1915785968,0.6797146797,0.3685748577,0.2199984640
4.8724241257,-0.0542846359,-0.0130999507,0.1734715402,0.6567272544,0.3171719611,0.1785680801
4.8824820518,-0.0484809019,-0.0242759548,0.1583582461,0.5911384225,0.2580727041,0.1530720294
4.8925299644,-0.0314549841,-0.0390847586,0.1529749930,0.5146448016,0.2222717702,0.1350219995
4.9026570320,-0.0258362312,-0.0517230146,0.1435720623,0.4359175265,0.1971166134,0.1254732311
4.9127187729,-0.0258437712,-0.0582600944,0.1398973167,0.3806459904,0.1742742211,0.1137965322
4.9227762222,-0.0315014459,-0.0583270900,0.1420051754,0.3616528511,0.1517145783,0.0968013033
4.9328188896,-0.0329896845,-0.0507334433,0.1461091340,0.3704063892,0.1293968111,0.0797996148
4.9428892136,-0.0342630781,-0.0498187654,0.1434691250,0.3940024972,0.1167590544,0.0627985224
4.9531803131,-0.0225398559,-0.0428111069,0.1312378943,0.4519471228,0.0842114314,0.0383467823
4.9629907608,-0.0251624007,-0.0401387326,0.1132717356,0.5108783245,0.0590453595,0.0054034782
4.9731788635,-0.0305175204,-0.0421134196,0.0963643417,0.5183994770,0.0526068360,-0.0158383604
4.9833450317,-0.0269827563,-0.0557780676,0.0921701416,0.5035901666,0.0385794342,-0.0317685902
4.9932317734,-0.0135237901,-0.0677936673,0.0918917879,0.4621339738,0.0211504437,-0.0455707572
5.0033187866,-0.0115351407,-0.0755305886,0.0827639326,0.4004977942,-0.0060329754,-0.0636192635
5.0133552551,-0.0044110143,-0.0896932334,0.0775352940,0.3558812737,-0.0278187636,-0.0901626572
5.0234212875,0.0029554046,-0.0925574601,0.0761982426,0.3326457143,-0.0536748618,-0.1188382432
5.0334882736,-0.0001707101,-0.0909430385,0.0826218948,0.2848301232,-0.0765466243,-0.1453843713
5.0435571671,-0.0001512194,-0.1074632183,0.0773699507,0.2272680104,-0.0846293196,-0.1687333584
5.0536122322,0.0057936586,-0.1128008217,0.0779309496,0.1931636035,-0.0904141665,-0.1963328272
5.0637149811,0.0128815444,-0.1047665179,0.0774809346,0.1901635528,-0.1118145287,-0.2197023332
5.0737848282,0.0202170890,-0.0879603624,0.0722201094,0.2213388383,-0.1361761987,-0.2547613978
5.0838298798,0.0142450007,-0.0718728378,0.0592550263,0.2590846121,-0.1762788743,-0.2717797756
5.0939040184,0.0114839943,-0.0594093688,0.0600815043,0.2763278484,-0.1943190545,-0.2951528430
5.1039953232,0.0019535995,-0.0606084205,0.0560249910,0.2538531721,-0.1881626248,-0.2972676456
5.1140289307,-0.0085608093,-0.0660333410,0.0431623682,0.2186874896,-0.1937810332,-0.2983244359
5.1240830421,-0.0063430988,-0.0707281902,0.0312868580,0.1961606145,-0.1823057383,-0.2983129919
5.1341781616,0.0005620992,-0.0638984889,0.0310200080,0.1874747425,-0.1675548255,-0.3025497496
5.1442160606,0.0132572325,-0.0639036745,0.0307352170,0.1916527003,-0.1590987444,-0.3131645620
5.1543951035,0.0160603803,-0.0590016209,0.0303921327,0.1925926208,-0.1463718414,-0.3152814507
5.1644949913,0.0060285009,-0.0464412831,0.0338294134,0.1690183282,-0.1370486468,-0.3184562027
5.1744751930,-0.0042610490,-0.0368570797,0.0459601507,0.1337912679,-0.1362379193,-0.3099544048
5.1844482422,-0.0145034520,-0.0304485522,0.0532148108,0.1070981473,-0.1342658401,-0.2972050607
5.1946058273,-0.0159428734,-0.0211967118,0.0448773727,0.1143126711,-0.1087650731,-0.3014404774
5.2046761513,-0.0108080534,-0.0205142014,0.0501713380,0.1259008944,-0.0938223451,-0.3035595417
5.2147030830,-0.0047235214,-0.0217990987,0.0398699865,0.1238239110,-0.1003255919,-0.3216120005
5.2248029709,0.0062715984,-0.0279994868,0.0325290188,0.1260428578,-0.1100013852,-0.3439151645
5.2348470688,0.0019254958,-0.0243819766,0.0320070609,0.1500120014,-0.1597174108,-0.3524419367
5.2449197769,-0.0077847266,0.0017985509,0.0452242717,0.1708035618,-0.2104061544,-0.3429163396
5.2549738884,-0.0111882417,0.0135794161,0.0508218035,0.2053550929,-0.2493042797,-0.3333867788
5.2650728226,-0.0104301004,0.0150435744,0.0604472980,0.2330871224,-0.2468360662,-0.3174656034
5.2751340866,-0.0273868758,0.0185957588,0.0631702766,0.2436365485,-0.2339133322,-0.3025971353
5.2851719856,-0.0514605232,0.0114854602,0.0580204353,0.2432477176,-0.1945869625,-0.2919594049
5.2952799797,-0.0888062865,0.0159905739,0.0458137020,0.2330259234,-0.1318905652,-0.2643198073
5.3053340912,-0.1288339645,0.0340624042,0.0324096307,0.2035348862,-0.0617975071,-0.2154345512
5.3154277802,-0.1540675163,0.0422343351,0.0393103585,0.1482404172,0.0295264162,-0.1304300576
5.3256368637,-0.1636326015,0.0422124900,0.0586737022,0.0984084085,0.1081866100,-0.0422487929
5.3355212212,-0.1572214514,0.0293562599,0.0789200887,0.0380737744,0.1697568297,0.0427411310
5.3455619812,-0.1494774967,0.0179575719,0.1018712744,-0.0455883630,0.2174673527,0.1489661038
5.3556361198,-0.1431442201,0.0062256935,0.1363674700,-0.0862640217,0.2346705198,0.2381764650
5.3657751083,-0.1271499991,0.0070926207,0.1630340517,-0.0936790630,0.2329194844,0.3050708175
5.3757691383,-0.1130736470,0.0090499772,0.1780106127,-0.0871609449,0.2236968875,0.3464742303
5.3858451843,-0.0930747688,-0.0054541868,0.1764964759,-0.0893042609,0.2259595096,0.3708972931
5.3959779739,-0.0838578641,-0.0268202610,0.1622682512,-0.0978693068,0.2291092277,0.3772720993
5.4060292244,-0.0795473456,-0.0423473231,0.1577331126,-0.1031724587,0.2258865386,0.3783336282
5.4161157608,-0.0910992324,-0.0501180775,0.1657446921,-0.1153813750,0.2724474669,0.3751745224
5.4261760712,-0.1276592016,-0.0545042641,0.1646794975,-0.2024174780,0.3310809433,0.3709787130
5.4362769127,-0.1635362208,-0.0549543910,0.1585239470,-0.2964917719,0.3473066390,0.3816280365
5.4463253021,-0.1653694212,-0.0600680821,0.1455464065,-0.3618135154,0.3689775765,0.3752846718
5.4563951492,-0.1399323344,-0.0588964485,0.1344802678,-0.4205545187,0.3738110960,0.3816731870
5.4663290977,-0.1183729768,-0.0524220653,0.1408705413,-0.4864305258,0.3445653319,0.3784899116
5.4765090942,-0.0582938232,-0.0678566396,0.1464716494,-0.5212543011,0.3037736118,0.3529949784
5.4865798950,-0.0320887901,-0.0739138722,0.1510223448,-0.5476672649,0.2746026814,0.3083915710
5.4966511726,-0.0377458371,-0.0668198839,0.1612929404,-0.5942173004,0.2314474136,0.2616630197
5.5067090988,-0.0519890524,-0.0750204846,0.1783469617,-0.6731634736,0.2262366712,0.2192085087
5.5167489052,-0.0730434656,-0.0899932683,0.1981733739,-0.7670092583,0.2166380584,0.1746315211
5.5267620087,-0.0958607793,-0.0961296409,0.2353727520,-0.8563545942,0.1860846728,0.1650827527
5.5369338989,-0.0896650255,-0.0882268846,0.2658991516,-0.8681091666,0.0808636397,0.1544157863
5.5468401909,-0.0302537102,-0.0616314672,0.2716238201,-0.7875826359,-0.0745041072,0.1405143589
5.5567798615,0.0338577889,-0.0476201288,0.2556447089,-0.6414999962,-0.2760843635,0.1117080078
5.5668940544,0.0931581259,-0.0421398990,0.2365774214,-0.5038942099,-0.4853531420,0.0542314053
5.5769720078,0.1202215254,-0.0706738234,0.2269976437,-0.4144344628,-0.6822534204,0.0052669914
5.5872850418,0.1294332445,-0.0987850577,0.2393114269,-0.4000267684,-0.8436356187,-0.0287948381
5.5973091125,0.1195349693,-0.1146177351,0.2635067999,-0.4744720757,-0.9770826697,-0.0532634296
5.6073608398,0.1018200517,-0.1141156852,0.2788070142,-0.6179357171,-1.0401283503,-0.0914832577
5.6173877716,0.0677885711,-0.1124443263,0.2607878149,-0.7958081365,-1.1853449345,-0.1552188993
5.6275191307,0.0133770080,-0.1167389899,0.2404492795,-0.9989527464,-1.2574907541,-0.2072314918
5.6375417709,-0.0197737236,-0.1297352165,0.2051108181,-1.1543134451,-1.3059169054,-0.2656148970
5.6476330757,-0.0327907391,-0.1311995685,0.1917937100,-1.2157887220,-1.3514004946,-0.3240209520
5.6576609612,-0.0216342378,-0.1143164039,0.1841481030,-1.1704169512,-1.4109572172,-0.4058218598
5.6677579880,0.0050585843,-0.0997651219,0.1667728126,-1.0726701021,-1.4785809517,-0.4929479957
5.6777038574,0.0239152443,-0.0892119706,0.1581638157,-0.9843978286,-1.5590640306,-0.5864471197
5.6880521774,0.0486685149,-0.0810866058,0.1602061093,-0.9719563127,-1.6337857246,-0.6714315414
5.6979498863,0.0586806051,-0.0751750469,0.1803205907,-1.0513038635,-1.7058969736,-0.7213524580
5.7080287933,0.0647115558,-0.0740650892,0.2105318010,-1.1827574968,-1.7952960730,-0.7489705086
5.7181038857,0.0610409938,-0.0480048619,0.2281568944,-1.3366504908,-1.8816944361,-0.7744573951
5.7281942368,0.0496339612,-0.0311565064,0.2087686360,-1.4904813766,-1.9744653702,-0.8010096550
5.7381930351,0.0480970554,-0.0241193734,0.1758040488,-1.5727519989,-2.0729701519,-0.8265217543
5.7482981682,0.0605898239,-0.0147972973,0.1383751333,-1.4700651169,-2.2049939632,-0.8701475263
5.7583618164,0.0725284815,0.0081255166,0.0930722579,-1.2161403894,-2.3083581924,-0.9520216584
5.7684192657,0.0549503826,0.0485234596,0.0722137317,-0.9415006638,-2.3477017879,-1.0073245764
5.7784810066,0.0496656001,0.0674176514,0.0857748017,-0.7230376601,-2.4233570099,-1.0233452320
5.7885499001,0.0450941436,0.0561784841,0.1100334749,-0.5962163210,-2.5101125240,-0.9915667176
5.7986469269,0.0361561291,0.0441291369,0.1377542317,-0.5259691477,-2.5951354504,-0.9438471198
5.8086662292,0.0328319184,0.0453651883,0.1463088095,-0.5024968386,-2.6986756325,-0.9067417979
5.8187432289,0.0096591981,0.0374567844,0.0670674071,-0.6171329618,-2.7589125633,-0.8780732751
5.8288989067,-0.0426247157,-0.0012395350,-0.0674121752,-0.8742198944,-2.7695708275,-0.8663334846
5.8388590813,-0.0642337650,-0.0501645468,-0.1590052545,-1.2508244514,-2.6752269268,-0.8640657663
5.8490867615,-0.0706741214,-0.0862272680,-0.1844639480,-1.5755326748,-2.5423049927,-0.8734731674
5.8590149879,-0.0588811375,-0.0887880921,-0.1802674830,-1.7242455482,-2.4028506279,-0.9307040572
5.8690609932,-0.0796125233,-0.0346796177,-0.1700907648,-1.6714762449,-2.2427592278,-1.0219522715
5.8791451454,-0.1003787816,0.0301099755,-0.1586580575,-1.4431067705,-2.1382255554,-1.0814187527
5.8892240524,-0.0994213521,0.0725159645,-0.1335592568,-1.1363174915,-2.0814368725,-1.0825301409
5.8992619514,-0.0715258420,0.1111349761,-0.0927521959,-0.8137570024,-2.1060695648,-1.0613882542
5.9094471931,-0.0237489361,0.1455791593,-0.0658724084,-0.5543464422,-2.2182083130,-1.0317797661
5.9194221497,-0.0046472275,0.1739301383,-0.0644878522,-0.4237221181,-2.3643186092,-0.9947221875
5.9295558929,0.0093905302,0.1655191481,-0.1195877567,-0.5144832134,-2.4623169899,-0.9310401082
5.9394960403,-0.0129522411,0.1231026351,-0.2038809955,-0.8716052175,-2.4978098869,-0.8513337374
5.9496889114,-0.0363628604,0.0341092981,-0.2878921926,-1.4700579643,-2.4110634327,-0.7407113314
5.9596643448,-0.0642178655,-0.0786458254,-0.3728189766,-1.9404951334,-2.3201546669,-0.6513543725
5.9697113037,-0.0789932609,-0.1336424649,-0.4561006129,-1.9604663849,-2.1401917934,-0.6894841790
5.9797840118,-0.1072708368,0.0197837688,-0.5051252842,-1.5972390175,-1.8639140129,-0.7903088331
5.9900531769,-0.1467116475,0.2064008117,-0.5473616123,-1.0333648920,-1.5879224539,-0.8784434795
5.9999990463,-0.1524470448,0.2801519036,-0.5698856711,-0.2738656104,-1.3465547562,-1.0059322119
6.0100202560,-0.1110895872,0.3676407337,-0.5776944757,0.2967920303,-1.1015410423,-0.9719772339
6.0200891495,-0.1240442991,0.3313384056,-0.6019407511,0.7249847054,-0.9012510777,-0.7713061571
6.0301079750,-0.1487931609,0.2864926457,-0.5928616524,0.9173898697,-0.1611860096,-0.3037938476
6.0401983261,-0.2512219548,0.4071376026,-0.7564123869,-0.0291987397,0.5024051070,0.2138753235
6.0503568649,-0.2715759277,0.2700905800,-1.0897594690,-0.6354910731,0.6358590126,0.5007816553
6.0603370667,-0.3037993312,0.1618363261,-1.2602887154,-0.7060869336,0.7596132159,0.5348378420
6.0707421303,-0.1683587432,0.3687875867,-1.0010945797,-0.7441639900,0.8301941752,0.5072759986
6.0802288055,-0.0545551814,0.2394591570,-0.7056474686,-0.6491449475,0.9376589060,0.5880030394
6.0902919769,0.0291788559,0.1831088662,-0.5353138447,-0.2451402247,1.0907746553,0.5837297440
6.1003351212,-0.0077134394,0.2160421610,-0.5080815554,0.3013579547,1.4035162926,0.6219708323
6.1104550362,-0.0438423790,0.2412139177,-0.5421745777,0.6957737207,1.6640304327,0.6655345559
6.1205759048,-0.0722899437,0.2301949263,-0.5631017685,0.8303441405,1.8703906536,0.7261273265
6.1305580139,-0.0941098332,0.1902680397,-0.5663816333,0.8006275296,2.0700254440,0.7888807058
6.1406321526,-0.1078870296,0.1596620083,-0.5471816063,0.6923847198,2.2255816460,0.8686193824
6.1507768631,-0.1205655932,0.1661188602,-0.4943452179,0.5996635556,2.3240072727,0.9536360502
6.1607708931,-0.1189269722,0.1914697886,-0.4419718683,0.5584600568,2.3930807114,1.0248229504
6.1709580421,-0.1173638105,0.2303887010,-0.3890182674,0.5782300234,2.4466612339,1.0789965391
6.1809110641,-0.1163898706,0.2475872636,-0.3372575939,0.6690765023,2.4337165356,1.0874605179
6.1909790039,-0.1031252146,0.2327547073,-0.2951887548,0.7681346536,2.4537713528,1.1012487411
6.2010550499,-0.0913591981,0.2046841979,-0.2481674850,0.9120594859,2.4700646400,1.1288262606
6.2111577988,-0.0704478621,0.1877273321,-0.1971491277,1.0334548950,2.4977700710,1.1468598843
6.2211990356,-0.0636922717,0.1709776223,-0.1628793180,1.1120845079,2.5336103439,1.1680948734
6.2312479019,-0.0685499907,0.1471381783,-0.1387507617,1.1242418289,2.5996637344,1.1925461292
6.2413682938,-0.0829863995,0.1255997419,-0.1056490913,1.0909793377,2.6186184883,1.2148616314
6.2514300346,-0.0940758586,0.0953019857,-0.0696199909,1.0202904940,2.6458318233,1.2520561218
6.2614750862,-0.1077364236,0.0772909224,-0.0416168943,0.9334286451,2.6899578571,1.3009424210
6.2716102600,-0.1147859991,0.0855048597,-0.0166798010,0.9285537601,2.6443226337,1.3062298298
6.2816848755,-0.1177563593,0.1088744402,0.0132369632,0.9512804747,2.6126751900,1.3040841818
6.2916860580,-0.1184495017,0.1243419945,0.0512544736,1.0116708279,2.5494332314,1.2881102562
6.3017883301,-0.1068567708,0.1155099273,0.0693032369,1.0600264072,2.5157604218,1.2668467760
6.3118667603,-0.1042767987,0.0987244248,0.0788963661,1.1080820560,2.4045505524,1.2338632345
6.3219752312,-0.1018227637,0.0768503547,0.1102543697,1.1184196472,2.3302261829,1.2125868797
6.3320178986,-0.0828697681,0.0573494174,0.1321900189,1.1330214739,2.2558624744,1.1796302795
6.3420763016,-0.0658460930,0.0423267819,0.1622963846,1.1639277935,2.1519021988,1.1424080133
6.3521480560,-0.0605501048,0.0374721922,0.1781896651,1.1805819273,2.0848872662,1.0945893526
6.3622121811,-0.0676225349,0.0263633467,0.1790243089,1.2266327143,1.9597835541,1.0488569736
6.3727021217,-0.0758106709,0.0158305503,0.2115912735,1.2449214458,1.9426681995,1.0031864643
6.3884267807,-0.0765493810,0.0017080040,0.2281225622,1.2717375755,1.8205778599,0.9574622512
6.3927779198,-0.0854821652,-0.0102663310,0.2297200859,1.2537415028,1.6982284784,0.9319225550
6.4025373459,-0.0982172638,-0.0290262662,0.2503938973,1.2235618830,1.6203806400,0.9127785563
6.4126663208,-0.0813333243,-0.0343188010,0.2600837052,1.1948295832,1.5042902231,0.8851211071
6.4225111008,-0.0634282082,-0.0478384160,0.2606314719,1.1381369829,1.4091355801,0.8511108756
6.4330821037,-0.0629327446,-0.0473097824,0.2558806241,1.0537004471,1.3137736320,0.8224161267
6.4431490898,-0.0525438525,-0.0453403853,0.2742683589,1.0173937082,1.2070704699,0.7798997164
6.4527502060,-0.0379557051,-0.0532682203,0.2848618925,1.0249277353,1.0910892487,0.7203791738
6.4626989365,-0.0278148372,-0.0572041534,0.2809402049,1.0645328760,0.9689742327,0.6534137130
6.4727401733,-0.0299757738,-0.0522719435,0.2673800290,1.0763818026,0.8476353288,0.5800859332
6.4828162193,-0.0268393774,-0.0611440055,0.2637291253,1.0508828163,0.7259838581,0.5088912845
6.4930720329,-0.0203903336,-0.0753821135,0.2582581341,0.9997758865,0.6041572690,0.4451354444
6.5039601326,-0.0155870048,-0.0737207979,0.2557554543,0.9656736851,0.4887695611,0.3696988821
6.5133080482,-0.0261741001,-0.0636803210,0.2523999512,0.9591944814,0.3864325285,0.3059414625
6.5233268738,-0.0230975170,-0.0588382445,0.2453033030,0.9267822504,0.3156458437,0.2337126732
6.5540871620,-0.0299908239,-0.0769349635,0.2421788275,0.8794682622,0.2416501939,0.1774123907
6.5542569160,-0.0263299067,-0.1102457494,0.2450129092,0.8214733601,0.1686504185,0.1253621131
6.5543317795,-0.0062045776,-0.1336292922,0.2420977652,0.7549222708,0.0977115333,0.0754390210
6.5685911179,0.0117842825,-0.1431744248,0.2343589365,0.7023333907,0.0172901228,0.0170125309
6.5737800598,0.0228809696,-0.1378691196,0.2218472064,0.6509400010,-0.0758755058,-0.0446052924
6.5836930275,0.0231749695,-0.1255086511,0.2113986313,0.5834785700,-0.1628728658,-0.1147078127
6.5939922333,0.0174923819,-0.1286674142,0.2020556629,0.5021246076,-0.2477560639,-0.1678195000
6.6037659645,0.0037972010,-0.1336437613,0.1966951191,0.4216617942,-0.3144666255,-0.2018115520
6.6136980057,-0.0045604729,-0.1239833832,0.1923026145,0.3354225159,-0.3366355896,-0.2315310985
6.6238570213,-0.0166515429,-0.1103122309,0.1907438934,0.2522350550,-0.3427157998,-0.2389459461
6.6339340210,-0.0288399477,-0.0884199440,0.1987753808,0.2179170549,-0.3260310888,-0.2378670871
6.6440582275,-0.0400194265,-0.0674553812,0.1824388206,0.2788400352,-0.3362058997,-0.2527537048
6.6540050507,-0.0560378172,-0.0409435518,0.1496110857,0.3725646436,-0.3173693419,-0.2559534907
6.6641283035,-0.0585666336,-0.0183570199,0.1295306385,0.4588939846,-0.3060393333,-0.2612783611
6.6742701530,-0.0397973992,-0.0215102173,0.1056602821,0.4757044017,-0.2793304920,-0.2559602857
6.6840867996,-0.0356495716,-0.0284728669,0.0924571380,0.4677154422,-0.3334538937,-0.2464291006
6.6941537857,-0.0371883251,-0.0259199925,0.0792149529,0.4195923805,-0.3232079148,-0.2379173636
6.7042303085,-0.0325019695,-0.0101423906,0.0689257607,0.3751197159,-0.3586748242,-0.2474799901
6.7146472931,-0.0296225566,-0.0211399905,0.0537886247,0.3261147439,-0.3676761985,-0.2602121532
6.7249460220,-0.0286723692,-0.0247890912,0.0473257527,0.2866326571,-0.3691642284,-0.2729454041
6.7349662781,-0.0368686952,-0.0511776097,0.0358572826,0.2604969144,-0.3174333870,-0.2782219052
6.7455730438,-0.0200827736,-0.0543998815,0.0281781182,0.2343147248,-0.2615211904,-0.2930521965
6.7550220490,-0.0124311177,-0.0666910782,0.0183970556,0.2128080875,-0.2458479702,-0.3015333116
6.7650952339,-0.0079431860,-0.0597290508,0.0026166672,0.1953274906,-0.2057139277,-0.3068174720
6.7750101089,-0.0057470822,-0.0403137542,-0.0064872270,0.1726791710,-0.1826229841,-0.3152945936
6.7850122452,-0.0164365787,-0.0308729969,-0.0049808985,0.1385145783,-0.1807440668,-0.3067903817
6.7951002121,-0.0231277663,-0.0285001360,-0.0005162722,0.1088395044,-0.2011364251,-0.3025458157
6.8051390648,-0.0279003400,-0.0264845528,0.0029363865,0.0583471432,-0.1675311923,-0.2887140214
6.8156261444,-0.0172648150,-0.0276623629,0.0073347921,-0.0015239138,-0.1563128829,-0.2780752480
6.8254661560,-0.0105729876,-0.0359688886,0.0116762752,-0.0131684002,-0.1647927314,-0.2610876560
6.8353810310,-0.0099602072,-0.0293775611,0.0091223950,0.0323335715,-0.1262096614,-0.2632035613
6.8454351425,-0.0075371736,-0.0164038502,0.0114599699,0.0825654492,-0.1332065165,-0.2642805874
6.8555221558,-0.0030629211,-0.0069258180,0.0138518447,0.1434770077,-0.1423627287,-0.2855366170
6.8655757904,0.0006368881,0.0058678272,0.0056005949,0.1884192377,-0.1547584087,-0.2940488756
6.8756418228,-0.0092646508,0.0083700968,0.0227153525,0.2023893744,-0.1629659981,-0.2696351409
6.8856801987,-0.0093580065,0.0031592580,0.0408690199,0.1905812621,-0.1544010788,-0.2420204878
6.8994231224,-0.0125796674,-0.0051062373,0.0511608943,0.1735620648,-0.1586349607,-0.2175969034
6.9279642105,-0.0382284708,0.0050613540,0.0486510620,0.1757875979,-0.1669784486,-0.1984905303
6.9280881882,-0.0717308670,0.0307999589,0.0441360697,0.1820438802,-0.1508343667,-0.1719390750
6.9281129837,-0.0999950022,0.0457140021,0.0326716527,0.1566361189,-0.0615513586,-0.1145500913
6.9362201691,-0.1173559129,0.0498135798,0.0415287241,0.1283059418,0.0001737881,-0.0486805290
6.9461097717,-0.1130332053,0.0265651606,0.0668903217,0.0964924991,0.0905729234,0.0256991629
6.9562511444,-0.1202978194,0.0157302208,0.0705121383,0.0647617355,0.1724707186,0.0979504511
6.9661521912,-0.1303042769,0.0027712318,0.0797878131,0.0171226598,0.2435432374,0.1585198641
6.9762310982,-0.1340565979,-0.0094446139,0.0859759077,-0.0174478330,0.2881325185,0.2084554583
6.9910211563,-0.1253544241,-0.0131035643,0.1018623933,-0.0453696661,0.3071891367,0.2392641753
6.9967823029,-0.1041408479,-0.0168267973,0.1196774468,-0.0614085570,0.3114318252,0.2605063319
7.0067462921,-0.0898082405,-0.0206507109,0.1315744221,-0.0806077868,0.3125242889,0.2913054824
7.0168190002,-0.0705112815,-0.0236871354,0.1405635774,-0.1166994795,0.2942949533,0.3104179204
7.0267710686,-0.0705560446,-0.0241350047,0.1397588551,-0.1431911886,0.2749728560,0.3114747107
7.0367088318,-0.0861842930,-0.0219575651,0.1262144744,-0.1689327657,0.2874465585,0.3061784804
7.0466842651,-0.1148455441,-0.0279347114,0.1183446273,-0.2238899767,0.3399932683,0.3019719124
7.0567569733,-0.1460270584,-0.0355456285,0.1297642291,-0.3139868677,0.3848334551,0.3020171821
7.0667300224,-0.1775240898,-0.0449381955,0.1536635458,-0.4101829231,0.4011925757,0.3360269368
7.0768289566,-0.1593510807,-0.0578327514,0.1746843159,-0.4530832767,0.4232115746,0.3530375957
7.0871763229,-0.0853372514,-0.0611630715,0.1646712124,-0.4219431877,0.4032051265,0.3349691033
7.0973339081,-0.0394041575,-0.0465219282,0.1555968225,-0.3543492258,0.3653538823,0.2977700830
7.1070632935,-0.0116652278,-0.0362401716,0.1573224962,-0.3091475368,0.3262719512,0.2648249865
7.1171550751,0.0067393160,-0.0442601107,0.1669771969,-0.3138594627,0.2623643279,0.2340020984
7.1271848679,0.0042414344,-0.0692233816,0.1796532571,-0.3880265057,0.2074908912,0.2170037329
7.1373009682,-0.0173652191,-0.0991868079,0.1835164130,-0.5210569501,0.1690313816,0.1925969273
7.1473321915,-0.0416174568,-0.1198486686,0.1882243454,-0.6596921086,0.1570014805,0.1607725620
7.1574220657,-0.0736365914,-0.1156448722,0.1780405343,-0.7675301433,0.1589037776,0.1087727472
7.1674690247,-0.0945966542,-0.1033852249,0.1785750091,-0.7830362320,0.1077114940,0.0896383971
7.1775851250,-0.0445853807,-0.0849425644,0.1999439299,-0.7097529173,0.0349214487,0.0566676669
7.1876120567,0.0367627107,-0.0832224190,0.2013838589,-0.5933748484,-0.0789724290,0.0088008726
7.1977500916,0.0694926381,-0.0874727964,0.1953600943,-0.4970720410,-0.2132088095,-0.0401333794
7.2078309059,0.0808958113,-0.0873261839,0.1935339272,-0.4698460102,-0.2694021761,-0.0698993951
7.2179532051,0.0923887789,-0.1008286923,0.2095846832,-0.4762285352,-0.4873632491,-0.1284055859
7.2279300690,0.0949631333,-0.0965108573,0.2464297712,-0.6005898118,-0.6445139050,-0.1411939561
7.2380909920,0.0607757531,-0.0896131247,0.2783745825,-0.7413594127,-0.7626370788,-0.1677621901
7.2481660843,0.0561312698,-0.0832896382,0.2889604270,-0.8842685223,-0.8808196187,-0.2007014304
7.2583389282,0.0176494401,-0.0696907341,0.2866751254,-1.0291746855,-1.0128562450,-0.2400171310
7.2684259415,-0.0147003857,-0.0719652176,0.2775132358,-1.1177591085,-1.1199207306,-0.2676538229
7.2785282135,0.0010607218,-0.0601450019,0.2645302117,-1.1208782196,-1.2369592190,-0.3123070598
7.2885398865,0.0230897348,-0.0479970388,0.2614215910,-1.0394743681,-1.3755480051,-0.3580555618
7.2985911369,0.0467160754,-0.0417425446,0.2507703602,-0.9194412231,-1.5350710154,-0.4112556577
7.3086853027,0.0485079251,-0.0402446501,0.2520006001,-0.8165420294,-1.6883431673,-0.4591388106
7.3187932968,0.0529110841,-0.0506208800,0.2611775696,-0.7637576461,-1.8463106155,-0.5091356635
7.3288183212,0.0569280945,-0.0705356002,0.2556384504,-0.7722022533,-1.9644708633,-0.5559115410
7.3388681412,0.0475098602,-0.0783028305,0.2281661928,-0.8524188399,-2.0556275845,-0.5962850451
7.3489532471,0.0361142643,-0.0890149176,0.2019493282,-0.9947916865,-2.1219651699,-0.6525570750
7.3590011597,0.0283294227,-0.1090453267,0.1640571058,-1.1813097000,-2.1493995190,-0.7045515776
7.3690910339,0.0101733031,-0.1172768176,0.1210533008,-1.3786706924,-2.1599364281,-0.7544121742
7.3791828156,0.0000925413,-0.1013444662,0.0827768072,-1.4448060989,-2.1673650742,-0.8287249804
7.3892068863,0.0025807577,-0.0404320918,0.0476637110,-1.3733958006,-2.2667968273,-0.8765728474
7.3993749619,-0.0003470099,0.0158629455,0.0578792319,-1.2590793371,-2.2832531929,-0.9498742223
7.4094080925,0.0268643871,0.0631911457,0.0660495982,-1.1100320816,-2.3565731049,-1.0030397177
7.4218840599,0.0423066244,0.0646226406,0.0905752406,-0.9681602120,-2.4561519623,-1.0052491426
7.4297051430,0.0440495946,0.0821340680,0.1020161137,-0.8516872525,-2.5772168636,-1.0138326883
7.4402270317,0.0389463417,0.0761958063,0.0700009689,-0.8337982893,-2.6576347351,-1.0032594204
7.4501543045,0.0118181231,0.0349187292,-0.0098352795,-0.9682953954,-2.6545593739,-1.0021606684
7.4602570534,-0.0047722631,-0.0144455703,-0.0833546892,-1.2034169436,-2.6228170395,-1.0265065432
7.4695940018,-0.0164710451,-0.0523602329,-0.1313984692,-1.5213233232,-2.5301768780,-1.0391227007
7.4798040390,-0.0243495423,-0.0663100779,-0.1482789218,-1.8343038559,-2.3960914612,-1.0485324860
7.4896192551,-0.0344524719,-0.0515658520,-0.1327073276,-1.9774140120,-2.2808303833,-1.0802903175
7.4997148514,-0.0457689203,-0.0113331648,-0.0955110565,-1.9412410259,-2.1650557518,-1.1110339165
7.5098018646,-0.0561170019,0.0449378826,-0.0584016219,-1.7767401934,-2.0733053684,-1.0929819345
7.5199270248,-0.0572244264,0.0978084505,-0.0227414742,-1.4830870628,-2.0886266232,-1.0697046518
7.5300049782,-0.0241654832,0.1330955029,-0.0027624732,-1.1739997864,-2.1514401436,-1.0273407698
7.5401229858,0.0105121406,0.1612284482,-0.0183869377,-0.9165711999,-2.2784099579,-0.9913682938
7.5501232147,0.0117300423,0.1686442792,-0.0683778897,-0.7803344727,-2.4519953728,-0.9447714090
7.5601902008,0.0036318279,0.1630956531,-0.1075227037,-0.7876954675,-2.5651266575,-0.8726236820
7.5704441071,0.0033752597,0.1366289854,-0.1353081167,-0.9353330731,-2.6317751408,-0.8067880273
7.5805492401,-0.0254274625,0.0766912997,-0.1640486419,-1.1556181908,-2.6905417442,-0.7366827130
7.5905361176,-0.0519559719,0.0325550474,-0.1995685995,-1.4100561142,-2.6447794437,-0.7004940510
7.6006479263,-0.0903759599,-0.0101834806,-0.2997832000,-1.5923172235,-2.4541609287,-0.6769930124
7.6108679771,-0.1168052554,-0.0148849459,-0.3679923713,-1.5285294056,-2.3266458511,-0.7342826128
7.6207709312,-0.1137362719,0.0240900554,-0.3938700855,-1.3378254175,-2.0856773853,-0.8117219806
7.6308422089,-0.0963954926,0.0957928896,-0.3953647316,-0.9540387988,-1.8367257118,-0.8998238444
7.6409201622,-0.0830636024,0.1311388016,-0.4125423133,-0.3127823770,-1.6152974367,-0.9975615740
7.6509499550,-0.0658190846,0.2378855348,-0.4377611578,0.2064792961,-1.5695799589,-1.0284624100
7.6610412598,-0.1132873893,0.2605004907,-0.4532307088,1.1228208542,-1.2091189623,-1.0019701719
7.6711401939,-0.1461644173,0.3208520710,-0.5573894978,1.4662662745,0.1198892742,-0.4057246745
7.6812200546,-0.3656396270,0.6572667360,-0.8801974654,0.1188260913,0.6406075954,0.2181535512
7.6912412643,-0.5931401253,0.2037425339,-1.5281804800,-0.6918947697,0.5085152388,0.4115406573
7.7016401291,-0.3230264783,0.2753909230,-1.4574804306,-0.7828401327,0.6370846629,0.3978245854
7.7111368179,-0.1746788621,0.3928974569,-1.0035161972,-0.5293701291,0.6867236495,0.3478796780
7.7211837769,-0.0260930676,0.2442856431,-0.6388269663,-0.1247014850,0.6644183397,0.2904286385
7.7312650681,0.0412694179,0.1961705387,-0.4269197881,0.1753114760,0.6473568082,0.2011537999
7.7413640022,0.0542814098,0.0961457193,-0.2938484848,0.3510532081,0.6817305088,0.1926319599
7.7514071465,0.0714854598,-0.0168229900,-0.2692649066,0.5572615266,0.8750424385,0.2712479234
7.7617692947,0.0046176291,0.0144645600,-0.3433470428,0.6853305101,1.1981922388,0.3510117233
7.7715029716,-0.0756347775,0.0883707106,-0.4428751767,0.6741752625,1.4650855064,0.4520205855
7.7816238403,-0.1073087454,0.0717279613,-0.4737465084,0.4961557984,1.7722727060,0.6093654633
7.7916979790,-0.1496302485,0.0786123276,-0.4694020450,0.3282918930,2.0243792534,0.7677409649
7.8017768860,-0.1541309059,0.1017188430,-0.4454137981,0.2700333893,2.2008912563,0.9026924372
7.8118000031,-0.1596918404,0.1593046486,-0.4280138910,0.3215785325,2.2804512978,0.9929715395
7.8219299316,-0.1476507485,0.2401582003,-0.3937064707,0.4605979323,2.3603665829,1.0205830336
7.8319778442,-0.1283950210,0.2649749219,-0.3705448806,0.6131267548,2.3679184914,0.9982517958
7.8420510292,-0.1201274693,0.2582485080,-0.3520244062,0.7571656704,2.3712711334,0.9939697385
7.8520841599,-0.1130484343,0.2451438904,-0.3276114166,0.8714836240,2.3584127426,0.9843786359
7.8621778488,-0.0975784063,0.2234795392,-0.2807990611,0.9577207565,2.3793544769,0.9886143804
7.8722610474,-0.0835107565,0.1882207394,-0.2292606533,1.0281859636,2.3768639565,1.0002739429
7.8823432922,-0.0828005075,0.1709994972,-0.1830446422,1.0126059055,2.4427788258,1.0406591892
7.8923978806,-0.1006859243,0.1497846544,-0.1511575282,0.9648724198,2.5221931934,1.0789357424
7.9024801254,-0.0951905847,0.1081915498,-0.1090933457,0.9440414310,2.5795664787,1.1182562113
7.9125013351,-0.0888389051,0.0852084756,-0.0706074610,0.9368051887,2.6646544933,1.1586483717
7.9225831032,-0.0976595730,0.0871942043,-0.0396286026,1.0062458515,2.6578679085,1.1639363766
7.9327373505,-0.0929856002,0.0881736875,-0.0256693140,1.0562183857,2.6763079166,1.1586242914
7.9427170753,-0.0932413638,0.0987520516,-0.0075421697,1.0897222757,2.6329157352,1.1309872866
7.9528379440,-0.0913102776,0.0931434631,0.0067653889,1.0290050507,2.6206166744,1.1161313057
7.9628992081,-0.0892095715,0.0699007809,0.0306844339,0.9817315936,2.5447483063,1.0980547667
7.9730138779,-0.0813883245,0.0507842936,0.0536598787,0.9783235192,2.4586710930,1.0831493139
7.9830198288,-0.0855345577,0.0495332815,0.0777016506,0.9939253926,2.3918406963,1.0650613308
7.9930911064,-0.0861816108,0.0614133514,0.1020126566,1.0138970613,2.3144035339,1.0416570902
8.0032682419,-0.0693015084,0.0622692741,0.1297520101,1.0477002859,2.2413170338,1.0161287785
8.0133152008,-0.0567916408,0.0538677312,0.1471721232,1.0616490841,2.2328541279,1.0012552738
8.0232944489,-0.0476541519,0.0518210270,0.1640282571,1.1130051613,2.1109652519,0.9534003735
8.0333776474,-0.0458854623,0.0464667119,0.1814562380,1.1227903366,1.9857021570,0.9320999980
8.0433721542,-0.0585669242,0.0286356546,0.1934886873,1.1027787924,1.8516838551,0.9097403884
8.0535106659,-0.0560431145,0.0096454350,0.1982548535,1.0429713726,1.7480839491,0.8863432407
8.0635910034,-0.0425162502,-0.0214471184,0.2132703364,0.9813333154,1.6135914326,0.8470051289
8.0736351013,-0.0198057014,-0.0375432633,0.2307357490,0.8895500898,1.5053555965,0.8066264987
8.0839529037,-0.0154225705,-0.0622734390,0.2418242991,0.7999291420,1.3939211369,0.7609362602
8.0939741135,-0.0155445365,-0.0749374628,0.2477134168,0.7702570558,1.2638545036,0.7067279220
8.1039085388,-0.0093598543,-0.0730512738,0.2633154690,0.7821118832,1.1425917149,0.6450800300
8.1166658401,-0.0056966119,-0.0631866157,0.2790082395,0.8238872886,1.0173251629,0.5802370906
8.1242179871,-0.0035020583,-0.0540836714,0.2715124190,0.8549802303,0.8930194378,0.5143355727
8.1348705292,-0.0096589951,-0.0437939726,0.2778155506,0.8765932322,0.7559133172,0.4505519867
8.1442356110,-0.0084650097,-0.0453571640,0.2814178765,0.8383387923,0.6300099492,0.3952852786
8.1712388992,-0.0118856756,-0.0523948930,0.2703968585,0.7753365636,0.5251802206,0.3506547213
8.1713371277,-0.0113525419,-0.0544221215,0.2427857220,0.7013214827,0.4530526996,0.2911767662
8.1802549362,-0.0218201000,-0.0610856377,0.2325835526,0.6346668005,0.3927868605,0.2508145571
8.1854705811,-0.0189555604,-0.0701933503,0.2438331544,0.5925483704,0.3338095546,0.2125710398
8.1944217682,0.0001333928,-0.0924960077,0.2541746199,0.5385264158,0.2905755341,0.1637204140
8.2045927048,0.0061947680,-0.1144633293,0.2400942743,0.5060366392,0.2296016514,0.1318442374
8.2145299911,0.0100114020,-0.1133591682,0.2143694460,0.5109071136,0.1666792929,0.0765984282
8.2245416641,0.0145909758,-0.0987371057,0.1761315167,0.5284568071,0.1154363304,0.0054278462
8.2345733643,-0.0057818615,-0.0967193246,0.1574341953,0.5395143628,0.0737908855,-0.0498098433
8.2447214127,-0.0139583079,-0.0966341048,0.1554385722,0.5537119508,0.0385527350,-0.1029209942
8.2547988892,-0.0138822524,-0.0976006836,0.1467408836,0.5551345348,0.0011485715,-0.1454105973
8.2647991180,-0.0202384014,-0.0820758939,0.1526812613,0.5491093993,-0.0383791290,-0.1783445776
8.2750358582,-0.0144459335,-0.0648873746,0.1567552984,0.5143424273,-0.0844415650,-0.1985328048
8.2851276398,-0.0184361655,-0.0587491654,0.1473626792,0.4604866803,-0.1411085576,-0.1921766400
8.2951879501,-0.0301640350,-0.0619419925,0.1329808533,0.4223423004,-0.1690641046,-0.1974906474
8.3052663803,-0.0260033030,-0.0401289128,0.1264059842,0.3992398977,-0.2063835114,-0.1943180263
8.3153066635,-0.0401863195,-0.0388772152,0.1139698848,0.3951910734,-0.2287217677,-0.1975144148
8.3254489899,-0.0491890348,-0.0220712386,0.0976835117,0.3975245357,-0.2489037365,-0.2038958818
8.3354759216,-0.0476863720,-0.0197476409,0.0882214531,0.4163554907,-0.2116419226,-0.2102533132
8.3455266953,-0.0346031226,-0.0161941014,0.0865673646,0.4364344180,-0.1924290806,-0.2198050022
8.3556070328,-0.0235699434,-0.0271797739,0.0936694369,0.4311344326,-0.1956529021,-0.2187423259
8.3656797409,-0.0155594377,-0.0355116241,0.0909331068,0.3861797452,-0.1834092885,-0.2335899919
8.3757781982,-0.0046947026,-0.0628226697,0.0891010985,0.3187825084,-0.1669928282,-0.2293174118
8.3858947754,-0.0029073679,-0.0841446817,0.0782397613,0.2256025076,-0.1338378042,-0.2271535993
8.3959131241,-0.0149542866,-0.0955842137,0.0651924238,0.1583306789,-0.1313520223,-0.2441248596
8.4060783386,-0.0220713336,-0.0833142400,0.0510420427,0.1135959625,-0.1414379478,-0.2664163113
8.4160270691,-0.0280088652,-0.0557981543,0.0417402610,0.0998760462,-0.1575854868,-0.2834091485
8.4261617661,-0.0240853447,-0.0399919115,0.0354278907,0.1149436831,-0.1713865250,-0.3046558499
8.4361944199,-0.0129118292,-0.0092056664,0.0321961269,0.1804887354,-0.2165805697,-0.3259300292
8.4462461472,-0.0171007235,0.0086169271,0.0456603989,0.2469761521,-0.2477566004,-0.3142826855
8.4563045502,-0.0045706355,0.0184993185,0.0739312991,0.3109396398,-0.2395961285,-0.2877509594
8.4663896561,0.0107159438,-0.0031331149,0.0857646093,0.3587298095,-0.2145866454,-0.2590820193
8.4763927460,0.0013197636,-0.0332971029,0.0799481496,0.3522323370,-0.2039158344,-0.2410234660
8.4865684509,-0.0140126972,-0.0520551912,0.0749979243,0.3020666242,-0.2032929212,-0.2410104275
8.4966735840,-0.0126641868,-0.0723815262,0.0544430837,0.2497220337,-0.1996433884,-0.2622320056
8.5067300797,-0.0181509424,-0.0767001063,0.0327559933,0.2048717290,-0.1980375051,-0.2813321948
8.5167779922,-0.0216839481,-0.0570820235,0.0314322338,0.1707553416,-0.2027039677,-0.3004387319
8.5267677307,-0.0124872504,-0.0494651012,0.0320877656,0.1344985366,-0.2062869817,-0.3131729066
8.5368680954,-0.0004004115,-0.0491323136,0.0346315131,0.0648734048,-0.1802911162,-0.3014629185
8.5469055176,-0.0131828962,-0.0368659459,0.0475947484,0.0007961513,-0.1742974073,-0.2727750838
8.5570125580,-0.0319142677,-0.0171435736,0.0546039566,-0.0302264243,-0.1647981852,-0.2387838364
8.5670461655,-0.0575622953,0.0084998189,0.0537780747,-0.0250276700,-0.1485387981,-0.1931196749
8.5771236420,-0.0815833509,0.0451905318,0.0489999875,-0.0020239502,-0.0980708897,-0.1325787604
8.5872106552,-0.0985663831,0.0615815260,0.0538932309,0.0141723305,-0.0061769192,-0.0560874455
8.5971994400,-0.1106689721,0.0549570359,0.0723211989,0.0113309510,0.0697157159,0.0331438966
8.6075468063,-0.1157275885,0.0376540609,0.0916019306,-0.0213486999,0.1399469972,0.1075131968
8.6176128387,-0.1372081488,0.0209602006,0.0911359414,-0.0743144676,0.2110693157,0.1829496920
8.6275482178,-0.1603560597,0.0291874595,0.0874705538,-0.1281502843,0.2619468570,0.2466967255
8.6374950409,-0.1468676627,0.0147230653,0.1062357649,-0.1797025800,0.2968108356,0.2923840582
8.6476583481,-0.1160824895,-0.0097737731,0.1239851341,-0.2097872347,0.3190732896,0.3295657933
8.6574821472,-0.1001106650,-0.0246325694,0.1308734119,-0.1959595978,0.3245890141,0.3433688581
8.6677141190,-0.0900736749,-0.0312393866,0.1280279458,-0.1299110651,0.3368864059,0.3507908285
8.6777744293,-0.0801726580,-0.0206541829,0.1407648623,-0.0787453353,0.3426399827,0.3507795632
8.6878862381,-0.0889325142,-0.0146445753,0.1554154456,-0.0734901205,0.3512369394,0.3603387177
8.6981124878,-0.1049021482,-0.0224934630,0.1611505449,-0.1328806281,0.4208057821,0.3688831031
8.7082080841,-0.1272704005,-0.0408343486,0.1676012576,-0.2441491038,0.4496898651,0.3912235498
8.7181911469,-0.1528709531,-0.0553354584,0.1835272610,-0.3637718856,0.4616826177,0.4379790723
8.7284288406,-0.1559588611,-0.0502118431,0.1905738413,-0.4233542681,0.4454671741,0.4719636738
8.7384710312,-0.1019529998,-0.0324348919,0.2027287781,-0.3810278773,0.3758808374,0.4835977554
8.7485723495,-0.0146681992,-0.0120149525,0.2114447057,-0.2816285789,0.2523032427,0.4378534257
8.7583723068,0.0240640622,0.0015437634,0.2039141357,-0.1650507897,0.1182227954,0.3857291341
8.7685489655,0.0190621000,0.0031354907,0.1782048047,-0.1106914133,0.0165763292,0.3463779986
8.7783231735,0.0093296142,-0.0329471938,0.1675349176,-0.1105351970,-0.1066401452,0.3261414170
8.7885723114,-0.0153173236,-0.0800426602,0.1794013083,-0.1698017120,-0.1571331471,0.3102042675
8.7985401154,-0.0377252139,-0.1143049300,0.2009352744,-0.2572329938,-0.1666231155,0.2741227746
8.8086681366,-0.0611349083,-0.1407577693,0.2135337889,-0.3407816887,-0.1390285045,0.2242531925
8.8186492920,-0.0915360749,-0.1440557241,0.2082753479,-0.4520215988,-0.1169602275,0.1775730401
8.8289346695,-0.1080479324,-0.1319222897,0.2155706584,-0.5539881587,-0.1680199504,0.1319160759
8.8389787674,-0.0406992175,-0.1178205907,0.2367889583,-0.6310032010,-0.2591274977,0.0947266370
8.8490600586,0.0602142774,-0.1042294800,0.2486124337,-0.6337121725,-0.4176143408,0.0394346155
8.8591032028,0.1483678222,-0.0789363384,0.2501014769,-0.5772145987,-0.6276603937,-0.0286401752
8.8691902161,0.1673672646,-0.0559747480,0.2354124486,-0.4661554694,-0.8510452509,-0.0999204814
8.8792047501,0.1630737782,-0.0457785390,0.2144554555,-0.3788808882,-1.0437883139,-0.1595013142
8.8893136978,0.1400213242,-0.0681886226,0.1841615736,-0.3390341401,-1.1879914999,-0.1967464238
8.8994569778,0.1180879474,-0.0895639956,0.1763778031,-0.3649219275,-1.2691599131,-0.2424364239
8.9096784592,0.0821375549,-0.0890794992,0.1741913855,-0.4233306348,-1.3007739782,-0.2934037447
8.9195947647,0.0376945250,-0.0903280675,0.1648590863,-0.5065283775,-1.3082350492,-0.3496607542
8.9298133850,0.0021664030,-0.1064515561,0.1668272316,-0.6837676167,-1.3026322126,-0.3920848966
8.9398326874,-0.0343236066,-0.1179186702,0.1836487949,-0.9579837322,-1.3081268072,-0.3792772889
8.9496889114,-0.0480295457,-0.1105490178,0.1879951656,-1.2040292025,-1.3546620607,-0.3516312838
8.9597072601,-0.0159840304,-0.0573906414,0.1917195022,-1.3566284180,-1.4620770216,-0.3473989964
8.9706029892,0.0458796881,-0.0137594016,0.1834583580,-1.3634226322,-1.6362115145,-0.3559786379
8.9801340103,0.0802954435,0.0182776488,0.1731947958,-1.1448689699,-1.8288233280,-0.4081573486
8.9899921417,0.1021248028,0.0627281666,0.1457783878,-0.8207175136,-2.0174944401,-0.4858452082
8.9999856949,0.0954386070,0.0858280957,0.1197623834,-0.5696691871,-2.1526188850,-0.5528699160
9.0102167130,0.0693530515,0.0384521820,0.0636106953,-0.5125792623,-2.2075810432,-0.5964456201
9.0203819275,0.0526189990,-0.0310884677,0.0410863385,-0.5969707370,-2.1998353004,-0.5974830985
9.0304508209,0.0251693893,-0.0881142616,0.0457824692,-0.7495837212,-2.0952594280,-0.6281842589
9.0402755737,0.0035520135,-0.0804467201,0.0415891036,-0.9216239452,-1.9685220718,-0.6514364481
9.0505828857,-0.0298445839,-0.0740488470,0.0344726071,-1.0442763567,-1.8710290194,-0.6694071889
9.0606584549,-0.0570286475,-0.0391409658,0.0285574421,-1.1022479534,-1.8376492262,-0.6799939871
9.0705165863,-0.0401758589,-0.0042702523,0.0387629494,-1.1039108038,-1.8843173981,-0.6747078300
9.0805416107,-0.0069091790,0.0312096514,0.0544430241,-1.0075840950,-2.0170569420,-0.6567476392
9.0906343460,0.0384073518,0.0672880113,0.0583233461,-0.8054863214,-2.1628255844,-0.6632425785
9.1007108688,0.0607688688,0.1008462012,0.0504847988,-0.5528315306,-2.3485372066,-0.6793256998
9.1107549667,0.0681319237,0.1135616601,0.0523686036,-0.3398149014,-2.5197806358,-0.7017630935
9.1208209991,0.0592424087,0.0820381939,0.0304692611,-0.2811065018,-2.6287050247,-0.7241311669
9.1308174133,0.0243582409,0.0182614066,-0.0391233936,-0.3986743987,-2.6117279530,-0.7294018269
9.1410102844,-0.0153325526,-0.0400747322,-0.0914020911,-0.6217026114,-2.5087161064,-0.7430984974
9.1510448456,-0.0201654155,-0.0929621756,-0.0940034166,-0.7962035537,-2.3490436077,-0.7567778230
9.1610822678,-0.0404163040,-0.0735906959,-0.0953276530,-0.8419014215,-2.1576910019,-0.8033877015
9.1711578369,-0.0746032000,0.0016666384,-0.1202198640,-0.7682852745,-2.0523660183,-0.8596291542
9.1812572479,-0.0979048312,0.0452198721,-0.1272192299,-0.6129038930,-2.0084252357,-0.8384120464
9.1912870407,-0.0657221079,0.0877793431,-0.1200369373,-0.3831532598,-2.0370726585,-0.8204340935
9.2013654709,-0.0362438597,0.1228368282,-0.1173841134,-0.1186003387,-2.1301088333,-0.7971875668
9.2114229202,-0.0150721995,0.1444182694,-0.1195162907,0.0980712473,-2.2361230850,-0.7473909855
9.2215499878,0.0027396358,0.1430685520,-0.1277549565,0.2187827826,-2.3515195847,-0.7060689330
9.2315549850,-0.0035172128,0.1206279695,-0.1708401740,0.2097895592,-2.4096331596,-0.6561911106
9.2416181564,-0.0282073040,0.0840793550,-0.2286507785,0.1133952737,-2.4815545082,-0.6540790796
9.2516946793,-0.0376226343,0.0454818048,-0.2709273994,-0.0963265300,-2.4271483421,-0.6539986730
9.2616405487,-0.0360215344,-0.0221524201,-0.3201393187,-0.3969843686,-2.3501369953,-0.6453894377
9.2716045380,-0.0389742292,-0.0982365012,-0.3285172284,-0.8130564690,-2.1485919952,-0.5857223868
9.2817239761,-0.0264720339,-0.1520501077,-0.2831710875,-1.1690853834,-1.9752209187,-0.5335172415
9.2921628952,0.0060763932,-0.1887355745,-0.2060288489,-1.1634802818,-1.8943835497,-0.5111802816
9.3020439148,0.0041684485,-0.1119619608,-0.1744652092,-0.1370975971,-1.7674609423,-0.6472880840
9.3120870590,-0.1103012562,0.4030869007,-0.1772124469,1.8676481247,-0.9788212180,-0.8544540405
9.3221626282,-0.3568722010,0.6175450683,-0.6625514030,2.8459489346,-0.6194025874,-0.7451565862
9.3322410583,-0.3022884130,0.4379464984,-0.8122009635,1.1254472733,0.0630830452,-0.1986141652
9.3423261642,-0.2433867455,-0.1122567654,-0.8478065729,-0.5137901306,0.3048910201,0.3519337773
9.3523683548,-0.3475912809,-0.3184529841,-1.1594692469,-0.7724674940,0.4582781792,0.4635649920
9.3624305725,-0.3102066517,0.1521889567,-1.1879339218,-0.6701306105,0.5650911331,0.2714059055
9.3724975586,-0.1959633231,0.0975024998,-0.9595714808,-0.5081675649,0.6970553398,0.2767396867
9.3826255798,-0.0688140988,0.0217673518,-0.7153576612,-0.3155141175,0.7474371791,0.2597277761
9.3925943375,-0.0248151440,0.0523192324,-0.5322504044,-0.1697308123,0.7865225673,0.2002495229
9.4027385712,0.0181592088,-0.0369763635,-0.4059090316,-0.1583916992,0.8257631063,0.1822170615
9.4127674103,0.0363157950,-0.1209982932,-0.3108035028,-0.2883462310,0.9085791707,0.2014038116
9.4228572845,0.0339040123,-0.1755644679,-0.2547934353,-0.4818238020,1.0483981371,0.2599192560
9.4329118729,0.0148261162,-0.1850334704,-0.2301371992,-0.5701799989,1.1349200010,0.3035186529
9.4429531097,-0.0108541278,-0.1119924486,-0.2276872694,-0.4452082515,1.2315566540,0.3109697998
9.4530315399,-0.0382121243,0.0143070547,-0.2503820360,-0.1401391625,1.3506166935,0.2610472441
9.4631042480,-0.0761967301,0.1033659875,-0.2965984046,0.1540773958,1.4876633883,0.2175060064
9.4731559753,-0.1033660173,0.1370801032,-0.3248418272,0.3068565428,1.5770273209,0.2111410499
9.4832258224,-0.1061427295,0.1071363688,-0.3308726251,0.2952018976,1.6780891418,0.2664083838
9.4933137894,-0.0856472850,0.0727756321,-0.3075669706,0.2326234728,1.7502092123,0.3450334072
9.5034341812,-0.0818724036,0.0706051290,-0.2913393676,0.1743403673,1.8191639185,0.4204691052
9.5134429932,-0.0830599070,0.0942069888,-0.2655129135,0.1735057533,1.9066717625,0.4980243444
9.5234985352,-0.0754622817,0.1218135059,-0.2560363710,0.2551511228,1.9616926908,0.5277632475
9.5335998535,-0.0763582289,0.1395719647,-0.2502163351,0.3591933548,2.0168073177,0.5415677428
9.5436754227,-0.0828545094,0.1494238079,-0.2393644154,0.4301411808,2.0726878643,0.5543183684
9.5537166595,-0.0891649127,0.1432292163,-0.2274862230,0.4518451691,2.1440746784,0.5702754855
9.5637645721,-0.0894796252,0.1254450977,-0.2225461304,0.4352120161,2.2077684402,0.5968564153
9.5738391876,-0.1024158597,0.1113814414,-0.2160710990,0.3886575699,2.2754518986,0.6245087981
9.5839691162,-0.1094388962,0.0949116051,-0.2032711804,0.3207649589,2.3430182934,0.6627841592
9.5939779282,-0.1154036522,0.0907022357,-0.1754621565,0.2818247378,2.3970501423,0.7021076083
9.6040401459,-0.1084486544,0.0990397334,-0.1491229832,0.2728096247,2.4470767975,0.7382376790
9.6141319275,-0.1011563092,0.1006878316,-0.1261735857,0.2971708775,2.4677064419,0.7775283456
9.6241884232,-0.0928985029,0.0971946120,-0.0949296728,0.3580005765,2.4695355892,0.8136135340
9.6342630386,-0.0823651403,0.1002597213,-0.0630031005,0.4488481879,2.4577758312,0.8411914110
9.6442193985,-0.0708887130,0.0975552499,-0.0372705236,0.5376517773,2.4374649525,0.8623976111
9.6544084549,-0.0623199977,0.0823053122,-0.0089385277,0.6254807115,2.4064614773,0.8719159961
9.6645030975,-0.0531005971,0.0661694705,0.0131099457,0.6962915659,2.3689029217,0.8750630021
9.6745185852,-0.0488134064,0.0449127294,0.0298428163,0.7469323874,2.3204793930,0.8665315509
9.6845855713,-0.0422421657,0.0281174220,0.0508930907,0.7578606606,2.2939157486,0.8463415504
9.6946687698,-0.0432568528,0.0144242672,0.0741819367,0.7302979827,2.2744576931,0.8282882571
9.7047386169,-0.0463437401,0.0075352225,0.0928344354,0.7139195800,2.2030212879,0.7974636555
9.7147560120,-0.0432153605,0.0036136839,0.1138047799,0.6921394467,2.1390407085,0.7783249021
9.7248497009,-0.0423345231,0.0045304033,0.1312270463,0.6735373735,2.0771684647,0.7528159022
9.7349157333,-0.0378761031,0.0063631865,0.1364070475,0.6559303999,2.0227811337,0.7347425818
9.7450428009,-0.0331794731,-0.0004919140,0.1402035654,0.6601675153,1.9186912775,0.7134544253
9.7550230026,-0.0277186427,0.0065475437,0.1562730968,0.6688374281,1.7988146544,0.7059597969
9.7650871277,-0.0181062464,0.0109281866,0.1750555336,0.6955756545,1.6853731871,0.6846596599
9.7751998901,0.0014554685,0.0040958556,0.1966607869,0.7328220606,1.5878701210,0.6527475119
9.7852935791,0.0146796526,-0.0161273144,0.2084454596,0.7381201386,1.4837421179,0.6240255833
9.7953529358,0.0168995243,-0.0393113755,0.2180248797,0.7081801295,1.3814077377,0.5921280980
9.8053646088,0.0181939434,-0.0540409647,0.2361459434,0.6664080620,1.2885546684,0.5655471683
9.8154916763,0.0294149797,-0.0691621900,0.2405215204,0.6353715658,1.1882290840,0.5177239776
9.8255796432,0.0323938392,-0.0778766125,0.2282578051,0.6128815413,1.0869033337,0.4677745104
9.8355836868,0.0223908257,-0.0691500157,0.2139136493,0.6211450696,1.0049251318,0.4146415293
9.8456325531,0.0136086764,-0.0486898385,0.2191671431,0.6322389245,0.8528635502,0.3497925997
9.8557729721,-0.0024601244,-0.0332592092,0.2206669748,0.6068379879,0.7228972912,0.3051385880
9.8657712936,-0.0120339571,-0.0193065964,0.2048330605,0.5736937523,0.6204719543,0.2636864185
9.8759155273,-0.0042599165,-0.0153802903,0.1929961145,0.5405272841,0.5201831460,0.2243582010
9.8859949112,-0.0033399337,-0.0205532573,0.1919925511,0.5072377324,0.4327100813,0.1977773905
9.8960685730,-0.0084417788,-0.0310448520,0.1783611476,0.4641453922,0.3653393090,0.1754569113
9.9060783386,-0.0068101906,-0.0467949621,0.1843568385,0.4433077276,0.3141487539,0.1637566388
9.9161834717,-0.0011427725,-0.0537430607,0.1962007582,0.4543640912,0.2748671472,0.1456836164
9.9261951447,0.0030671633,-0.0480321459,0.1857083738,0.4739507735,0.2355699986,0.1138051152
9.9362964630,0.0008691227,-0.0452221893,0.1791873276,0.4743704796,0.1918472797,0.0798056051
9.9463281631,-0.0025334083,-0.0455609821,0.1737926900,0.4523423612,0.1522210389,0.0532467030
9.9563970566,-0.0058362209,-0.0462636910,0.1683285534,0.3961440623,0.1144188046,0.0266971160
9.9664669037,-0.0047979676,-0.0485319458,0.1648249328,0.3474197984,0.0767230242,0.0065168128
9.9765787125,-0.0043192231,-0.0511785261,0.1613443792,0.3296674192,0.0360387117,-0.0253529698
9.9865875244,-0.0011288250,-0.0472865216,0.1512170732,0.3332895935,-0.0076421900,-0.0572296754
9.9968605042,-0.0016219342,-0.0442646705,0.1459967196,0.3457342684,-0.0799233094,-0.0933701023
10.0067300797,0.0056807972,-0.0566932224,0.1508612931,0.3214294612,-0.1046169400,-0.1050560474
10.0173072815,0.0000994778,-0.0752321929,0.1477993429,0.3439371586,-0.1163415015,-0.1432923824
10.0270929337,0.0204648655,-0.0646132082,0.1468416154,0.3623075783,-0.1407867968,-0.1741015613
10.0369167328,-0.0023143911,-0.0693498701,0.1438070834,0.3730624914,-0.1504018605,-0.1985304803
10.0469207764,-0.0063198232,-0.0635305345,0.1320532858,0.3529337943,-0.1666458845,-0.2218935192
10.0571765900,-0.0121043650,-0.0725734383,0.1242178902,0.3168687224,-0.1893269718,-0.2346372753
10.0671730042,-0.0183290560,-0.0646325499,0.1144552454,0.2829537392,-0.2141805887,-0.2580007315
10.0772285461,-0.0294924099,-0.0609183423,0.0987583622,0.2425099015,-0.2263373882,-0.2781707048
10.0872688293,-0.0394739248,-0.0555301122,0.0850202665,0.2234125584,-0.2382593602,-0.2909133434
10.0973882675,-0.0417552032,-0.0445795022,0.0760840997,0.2041025013,-0.2289542705,-0.3025835752
10.1073637009,-0.0298839528,-0.0308786593,0.0662957057,0.2011039257,-0.2502982318,-0.3174596429
10.1178112030,-0.0328962393,-0.0345346741,0.0652300343,0.2074545026,-0.2449234575,-0.3153349757
10.1275510788,-0.0302544702,-0.0371923707,0.0709241852,0.1997535676,-0.2216406912,-0.3142586052
10.1375808716,-0.0268197376,-0.0515034907,0.0795378312,0.2049762905,-0.2098676562,-0.3057596684
10.1477031708,-0.0203073043,-0.0589690469,0.0940146670,0.2208895236,-0.2001653761,-0.3036348522
10.1577596664,-0.0149640916,-0.0613443814,0.0948089585,0.2403023690,-0.2213284522,-0.3206391335
10.1677141190,-0.0123127131,-0.0625452697,0.0937247500,0.2661253810,-0.2423741966,-0.3280878663
10.1778697968,-0.0201736856,-0.0394205637,0.0828436241,0.2481637001,-0.2605904937,-0.3312778175
10.1879386902,-0.0208222438,-0.0352625139,0.0593652353,0.1926431656,-0.2578573525,-0.3259535432
10.1980218887,-0.0188402850,-0.0471144058,0.0406810269,0.1329111159,-0.2604251504,-0.3142598867
10.2081604004,-0.0208928753,-0.0447366647,0.0345342979,0.0953762084,-0.2415062189,-0.2919448614
10.2182083130,-0.0380062796,-0.0328824483,0.0252604708,0.0788126811,-0.1853089929,-0.2759855986
10.2282190323,-0.0573995598,-0.0192393847,0.0129575962,0.0750261992,-0.1257967800,-0.2568418384
10.2383623123,-0.0826267898,0.0052749994,0.0091980929,0.0765106529,-0.0586579703,-0.2143367380
10.2483472824,-0.1056641638,0.0241361074,0.0121391052,0.0843397528,0.0149932150,-0.1580269933
10.2584991455,-0.1139818579,0.0353682153,0.0227635130,0.0653128028,0.1076752171,-0.0762173459
10.2684793472,-0.1170371026,0.0366935991,0.0439932570,0.0295490511,0.1673286855,0.0077057807
10.2786140442,-0.1072705388,0.0223764218,0.0592527017,-0.0039633699,0.2142085731,0.0820636302
10.2885808945,-0.1125697345,0.0332294814,0.0704072937,-0.0222629085,0.2336271554,0.1553409100
10.2987365723,-0.1024061888,0.0431160070,0.0961956605,-0.0435697958,0.2327051759,0.2052504122
