0.0000000000,-0.0198396351,0.0024375482,-0.0578270331,-1.0534284115,0.1859265864,0.2721134722
0.0099910498,-0.0741597638,0.0841232985,-0.0772825852,-1.2635169029,0.3884309828,0.3657062948
0.0198140144,-0.1355403811,0.1132651120,-0.0675838366,-1.4851942062,0.5723872185,0.3966466188
0.0298800468,-0.1528003663,0.1079619378,-0.0562250391,-1.8214511871,0.7934403419,0.4117056727
0.0399390459,-0.1121360883,0.0568935424,-0.0676281825,-2.5927617550,0.9754271507,0.3886317611
0.0501160622,-0.0426225252,-0.0761179477,-0.0356759205,-3.8057651520,1.1332026720,0.1734733880
0.0603820086,0.0674609020,-0.2033620924,-0.0109774852,-5.1680374146,1.0671900511,0.0113311540
0.0705300570,0.1885029823,-0.2061637193,-0.0316180363,-6.2331113815,0.7529900670,0.1186863780
0.0809290409,0.2262010723,-0.0446026474,-0.0896108523,-6.9619460106,0.4489139020,0.5147712827
0.0903650522,0.1612638831,0.1564518064,-0.1244837418,-7.3243875504,0.3278415203,0.9841179848
0.1005300283,0.0482926480,0.3117840290,-0.2192233056,-7.3546690941,0.2774517834,1.2707860470
0.1106129885,-0.0712046549,0.4652211666,-0.2417664379,-7.3298416138,0.2573670149,1.4119889736
0.1205990314,-0.1419205517,0.5450823903,-0.3080141842,-6.8592209816,0.1603231728,1.5211883783
0.1306480169,-0.1408484727,0.5898375511,-0.3288103640,-6.0383625031,0.0452916510,1.6568326950
0.1407819986,-0.1188004240,0.6588066220,-0.3315742314,-5.1802296638,0.0585321523,2.0494856834
0.1508430243,-0.1373358369,0.7621975541,-0.2787239254,-4.5130085945,0.1750944555,2.5962009430
0.1611490250,-0.1498210281,0.7911016941,-0.1175672784,-4.1941919327,0.2285342515,3.0421028137
0.1709100008,-0.1584463269,0.7587195039,0.0087648844,-4.0205802917,0.2797375023,3.3393878937
0.1810560226,-0.1458873898,0.7380577326,0.1059558019,-3.7918317318,0.3640405536,3.5942027569
0.1911180019,-0.1303074956,0.8049554229,0.1466139704,-3.6249935627,0.4475527406,3.8108091354
0.2012530565,-0.1482173949,0.8524387479,0.1209216937,-3.4436419010,0.4639197886,3.9626090527
0.2112450600,-0.1597252637,0.7698069215,0.0525090918,-3.3588986397,0.4271939993,4.0751204491
0.2213600874,-0.1591354758,0.6443815231,-0.0234688893,-3.3332216740,0.2101222724,4.1100440025
0.2313790321,-0.1363615394,0.5188531280,-0.0866402760,-3.3336994648,-0.1700519472,4.0641970634
0.2415480614,-0.1005671397,0.4301857948,-0.1108667627,-3.2329900265,-0.6375388503,3.9991691113
0.2516640425,-0.0755982175,0.3705624938,-0.0913449898,-3.1193253994,-1.0100450516,4.0000162125
0.2616020441,-0.0438588597,0.3030824661,-0.0446934476,-2.8651082516,-1.0346839428,3.9489727020
0.2717480659,0.0692774430,0.2593404055,0.0521281585,-2.5524625778,-1.0250537395,4.0306568146
0.2817690372,0.0098804329,0.2370332927,0.1435161382,-2.2623617649,-1.4128965139,4.3722877502
0.2918440104,-0.1195020005,0.2124466747,0.1621377021,-1.8739638329,-1.7150467634,4.5429883003
0.3019180298,-0.1258093268,0.2484221905,0.1147660241,-1.3470107317,-1.8001177311,4.4599933624
0.3119690418,-0.1948511153,0.2860605121,0.0537961945,-0.7988251448,-1.7730786800,4.2921032906
0.3220300674,-0.2754691839,0.2707162499,0.0567934141,-0.3072569370,-1.7400766611,4.1380329132
0.3322080374,-0.3592256904,0.1886514276,0.1237200126,-0.1640707552,-1.6566486359,4.0477852821
0.3421620131,-0.4187589884,0.0295507181,0.1128283367,-0.2948193252,-1.5001782179,3.9725086689
0.3522360325,-0.4180420041,-0.1395952851,0.1003157720,-0.6532371044,-1.5219149590,3.8855211735
0.3622829914,-0.3971909881,-0.2334562689,0.1093377694,-1.1795336008,-1.6160243750,3.8272087574
0.3723640442,-0.3571075201,-0.2844129801,0.0457918867,-1.5855021477,-1.7909327745,3.7465276718
0.3823710680,-0.2730861306,-0.3245323300,0.0126021719,-1.8593931198,-2.1549086571,3.6221861839
0.3925880194,-0.1789589375,-0.3249573112,0.0378393158,-1.9758464098,-2.5796401501,3.4075202942
0.4027580023,-0.1391006559,-0.2461925894,0.0815538988,-1.9200341702,-2.8338742256,3.2353661060
0.4174860716,-0.1559808105,-0.1249613911,0.0619560108,-1.6555553675,-2.9374473095,2.9443144798
0.4230130911,-0.1586178392,-0.0833389312,0.0931754336,-1.1997170448,-2.9612758160,2.7477562428
0.4328759909,-0.1701584309,-0.1069933921,0.1452639252,-0.5325664878,-2.8744151592,2.6446359158
0.4427620173,-0.2146453112,-0.1524412781,0.1823533326,0.0942537412,-2.5944550037,2.5925881863
0.4527350664,-0.2862254977,-0.1608748585,0.1487967521,0.4431270659,-2.1668765545,2.4440612793
0.4630020857,-0.3192842603,-0.1981897503,0.0991540179,0.4887664616,-1.8334223032,2.2615861893
0.4729650021,-0.2912429571,-0.2727371454,0.0515670404,0.3156079948,-1.7109432220,2.0748147964
0.4832750559,-0.2587817311,-0.3575835228,0.0375062451,0.0371208414,-1.7261483669,1.9060522318
0.4934910536,-0.2484814376,-0.4099758863,0.0608905777,-0.2372569144,-1.7229810953,1.7829548120
0.5032119751,-0.2430548519,-0.4237825274,0.0419465527,-0.3689891994,-1.6799325943,1.7267345190
0.5133000612,-0.2231236547,-0.3779507875,-0.0016702793,-0.3858651221,-1.7038946152,1.6545244455
0.5233680010,-0.2120224088,-0.2893235683,-0.0045645619,-0.4246566892,-1.6767257452,1.4793511629
0.5334609747,-0.1829939932,-0.2645170391,0.0083605265,-0.4530329406,-1.7312808037,1.2871454954
0.5435360670,-0.1643508524,-0.2762019932,0.0306047425,-0.4450124800,-1.7948256731,1.1320891380
0.5535360575,-0.1749622673,-0.2831619382,0.0443768129,-0.4301999807,-1.7879537344,1.0269706249
0.5636010170,-0.2045875639,-0.2441823632,0.0566117987,-0.4076649249,-1.6980128288,0.9579923153
0.5737510920,-0.2310954183,-0.2056737989,0.0856304988,-0.3473826647,-1.5408937931,0.8890385628
0.5837420225,-0.2282266468,-0.2043686062,0.0993653163,-0.2430240065,-1.4140034914,0.8444808722
0.5938479900,-0.2057269663,-0.2206394821,0.1118325815,-0.1692858636,-1.3202873468,0.7977898121
0.6039160490,-0.1999133080,-0.2235533148,0.1399822384,-0.1483150125,-1.1804542542,0.7341461778
0.6139600277,-0.2057789415,-0.2173358351,0.1485902220,-0.1153695732,-1.0650467873,0.6513751149
0.6240140200,-0.2084982842,-0.2138697654,0.1222874746,-0.1015215963,-0.9615326524,0.5601078868
0.6340960264,-0.1863850802,-0.2266383916,0.0637283549,-0.0618242472,-0.9871988893,0.4762028158
0.6441650391,-0.1616836637,-0.2039683014,0.0602470264,-0.0802555829,-1.0696887970,0.3806060553
0.6542019844,-0.1636578292,-0.1764826924,0.0832121000,-0.1536056995,-1.1050525904,0.2627473474
0.6643410921,-0.1570662111,-0.1851181537,0.0838961825,-0.1892781556,-1.1705247164,0.1958280951
0.6743659973,-0.1351960748,-0.1874253005,0.1172885522,-0.2492970079,-1.2541189194,0.1490824223
0.6844340563,-0.1364176720,-0.1496723145,0.1599876434,-0.3434895873,-1.2287274599,0.1013398767
0.6944600344,-0.1148366854,-0.1572783142,0.1898954064,-0.3794428110,-1.2631489038,0.0779722333
0.7045450211,-0.1029604599,-0.1533424705,0.2146526724,-0.4215899408,-1.2080075741,0.1289765537
0.7145990133,-0.1268501133,-0.1181579381,0.1855176836,-0.4412352741,-1.0549938679,0.1885187179
0.7246590853,-0.1396109909,-0.0703089088,0.1278861314,-0.4403156340,-0.9340562820,0.1832707524
0.7347670794,-0.1263310760,-0.0349136442,0.1088106260,-0.4076128304,-0.8955019712,0.1938996911
0.7448080778,-0.1271375269,-0.0011876064,0.1126611456,-0.3639253378,-0.7826644778,0.1907591671
0.7550470829,-0.1341396421,-0.0023826496,0.0614292845,-0.2379053533,-0.6861895919,0.1716629714
0.7649540901,-0.1119702980,-0.0048952834,0.0192823634,-0.0993065387,-0.6722244620,0.1748195440
0.7750359774,-0.0947235152,0.0106204906,-0.0059746290,0.0115155866,-0.6577320695,0.1333884895
0.7850650549,-0.0739806816,-0.0069788531,-0.0508616939,0.0894112065,-0.7667800784,0.0664204434
0.7951840162,-0.0535446294,-0.0091803810,-0.0218083039,0.0241365992,-0.8589781523,0.0090538189
0.8052040339,-0.0500670560,-0.0359148234,0.0129187917,-0.1632709056,-0.9057142138,-0.0726801977
0.8152760267,-0.0332790501,-0.0883879811,0.0297474489,-0.3493856490,-0.9710887074,-0.0854071751
0.8253440857,-0.0094792154,-0.0840189606,0.0626923665,-0.4537855387,-0.9864968657,-0.0301741455
0.8353900909,0.0071835020,-0.0602527112,0.1018192396,-0.5278984308,-0.9370166659,0.0091559505
0.8456289768,0.0127202962,-0.0521648079,0.0992595777,-0.5573809743,-0.8668483496,0.0697219595
0.8556619883,0.0165932272,-0.0474303812,0.1000269279,-0.5346956253,-0.7833725810,0.1483310163
0.8655990362,-0.0215645935,-0.0139692863,0.0752978548,-0.4896930158,-0.5863708854,0.1951358169
0.8756790161,-0.0331205018,0.0013772709,-0.0037625215,-0.3913549781,-0.4953117967,0.1962181181
0.8857719898,-0.0038372779,0.0201906133,-0.0269993916,-0.3326970041,-0.4928433299,0.1707212776
0.8957899809,-0.0361444242,0.0928880423,-0.0565815344,-0.2777740955,-0.4385659695,0.1218916848
0.9059500694,-0.0542924292,0.1169881970,-0.1390777081,-0.1514461637,-0.4801554382,0.0836140066
0.9159650803,-0.0374402888,0.1124594361,-0.1634788960,-0.0863606483,-0.5857934356,0.0686795264
0.9261800051,-0.0238912608,0.1067990512,-0.1422623843,-0.1265069395,-0.6288575530,0.0272577889
0.9361029863,-0.0035260820,0.0782176107,-0.1393194050,-0.1276829839,-0.7255728841,0.0049120039
0.9461870193,0.0038495755,0.0963782817,-0.1293876022,-0.1020734534,-0.7265837193,-0.0216395799
0.9562380314,0.0077660778,0.1104095429,-0.0903116241,0.1109746322,-0.6864472032,-0.0099938419
0.9663360119,0.0330398194,0.0974124819,-0.0454597846,0.3776681423,-0.6733070016,0.0207380373
0.9763530493,0.0228625629,0.1193655878,-0.0010599279,0.6462956071,-0.5338439345,0.0568406507
0.9864029884,-0.0053036115,0.1194337755,-0.0087342644,1.0320687294,-0.3688124418,0.1141607985
0.9964920282,-0.0180856492,0.1304113716,-0.0396733657,1.2122619152,-0.2451293916,0.1269184053
1.0065879822,0.0164943431,0.0815061778,-0.0482578054,1.0003960133,-0.2981619239,0.0887211561
1.0166389942,0.0475412719,-0.0438320786,-0.0653902069,0.4918287396,-0.4519834518,0.1248746216
1.0266950130,0.0361556523,-0.1433962733,-0.0496814623,-0.0549005046,-0.6280627251,0.2162414342
1.0367890596,-0.0446056612,-0.1182956249,-0.0256666318,-0.5681891441,-0.5252577662,0.2344736904
1.0468330383,-0.0773128793,-0.0744195431,-0.0885937586,-0.6877167821,-0.5240275860,0.2578643858
1.0569469929,-0.0412406214,-0.0260115098,-0.0925065652,-0.6820066571,-0.5622947812,0.2397932261
1.0669730902,-0.0686665103,0.0571455806,-0.1005413309,-0.6109891534,-0.4114556611,0.1697719991
1.0770800114,-0.0853235051,0.0643337220,-0.1406823844,-0.3279867470,-0.3265157342,0.1240851954
1.0870950222,-0.0716134235,0.0462446064,-0.1403333396,0.0230870731,-0.2174556106,0.1059984118
1.0971720219,-0.0738699362,0.0276644994,-0.1220786348,0.3990764320,-0.0369060859,0.1155492961
1.1073750257,-0.0884165689,-0.0135325333,-0.1460119933,0.7666574121,0.1308080852,0.1208497882
1.1172970533,-0.0973510668,-0.0300025176,-0.1644832343,1.0050697327,0.3004330695,0.1038851887
1.1273770332,-0.1080594584,-0.0213315319,-0.1567914933,1.2242592573,0.4709455073,0.0858629793
1.1374530792,-0.0888086483,-0.0363866836,-0.1234162226,1.3308653831,0.5873700976,0.0604108833
1.1474860907,-0.0782325193,-0.0515569299,-0.0858756676,1.2485636473,0.7041903138,0.0233275630
1.1575630903,-0.0481857546,-0.1200958937,-0.0944074765,0.9206233621,0.7282016277,-0.0859424695
1.1676330566,-0.0055671833,-0.1806318313,-0.1423954219,0.3633070290,0.6376355886,-0.2100759298
1.1777009964,0.0487939231,-0.2024920434,-0.1713819951,-0.2220935971,0.4783450365,-0.2588495910
1.1879470348,0.0843325332,-0.1636439115,-0.0901394263,-0.6305665970,0.3489840925,-0.1855463535
1.1978369951,-0.0096281078,-0.0138135990,-0.0955142155,-0.5141941905,0.5616915822,-0.1037111506
1.2079380751,-0.0088444855,0.0616162866,-0.1191568151,0.1294770837,0.5566101670,0.0447750613
1.2179880142,0.0610416643,0.2063522190,-0.0282636061,0.5345287323,0.5020992756,0.0924259424
1.2282340527,0.1044905856,0.3085328937,0.0087416386,0.9906840324,0.2427242249,0.0603265241
1.2381060123,0.1487783343,0.2887775302,0.1241378412,1.3840028048,-0.1372697055,0.0026997160
1.2481700182,0.1316692978,0.2729756236,0.2065917999,1.5359208584,-0.3898696601,-0.0473699085
1.2582290173,0.1148479059,0.1645212620,0.2305825502,1.6423125267,-0.5657005906,0.0204703901
1.2685030699,0.1207711771,-0.0093202135,0.2554217279,1.4666352272,-0.8185828924,0.0405622758
1.2785670757,-0.0361749418,-0.1379178613,0.2622039020,0.7407200933,-0.2715847790,-0.0439241119
1.2884080410,-0.1418651193,-0.3217185140,-0.0184049979,0.2096483856,0.1191680729,0.0583391413
1.2985410690,-0.1636311859,-0.3690181971,-0.2469531745,-0.0565060787,0.3772824407,0.1307379752
1.3087819815,-0.1423101276,-0.2917042971,-0.3149559796,-0.0431489125,0.5367643237,0.1616063416
1.3186930418,-0.1023132131,-0.1251945049,-0.2872557938,0.1020037606,0.6384211779,0.0979123190
1.3287140131,-0.0675241277,-0.0759164840,-0.2263592929,0.3175131977,0.7432935238,-0.0549880154
1.3388400078,-0.0515606292,-0.1192214340,-0.1696876734,0.3427682221,0.8785594702,-0.1738483459
1.3490450382,-0.0788118765,-0.1014216095,-0.1840589494,0.1369166821,1.0675266981,-0.3722589314
1.3589320183,-0.1140441820,-0.1573174149,-0.3088614047,0.3119255006,1.1715389490,-0.4402065575
1.3689709902,-0.0967646763,-0.1598564237,-0.3082552254,0.5161940455,1.1323342323,-0.3797550201
1.3790700436,-0.1286091059,-0.0290417802,-0.2474064082,0.6586347818,1.1875491142,-0.4020614028
1.3892440796,-0.1340054125,0.0275837053,-0.1625379771,0.8955814838,1.1806043386,-0.4828219712
1.3992050886,-0.0987690613,0.0331244320,-0.0804487243,1.0540459156,1.1240941286,-0.5742051601
1.4092559814,-0.0634413883,0.0178138483,-0.0664388314,1.1087404490,0.9871985912,-0.6496745348
1.4193459749,-0.0596841462,-0.0025051073,-0.0155175114,1.1404004097,0.9151752591,-0.6720163226
1.4293720722,-0.0714073107,-0.0296590757,0.0384958610,1.1093931198,0.9213196039,-0.6645728946
1.4394559860,-0.0713756010,-0.0651310235,0.0512045249,0.9555161595,0.9424315691,-0.6379783154
1.4495160580,-0.0724423453,-0.1104924232,0.0405792817,0.7042362690,0.9900740385,-0.6432002187
1.4595559835,-0.1021683738,-0.1621402353,0.0176948532,0.4949909747,1.1027824879,-0.6526469588
1.4695730209,-0.1423578113,-0.1876541525,0.0065500354,0.3308686614,1.2911400795,-0.6748092771
1.4797190428,-0.1686333865,-0.2115085870,-0.0116827274,0.1653721035,1.5078722239,-0.7373051643
1.4897739887,-0.1641360372,-0.2494934350,-0.0320145264,-0.0285126846,1.6818633080,-0.8072470427
1.4998379946,-0.1569800228,-0.2938643098,-0.0543752685,-0.1944345385,1.8337609768,-0.8857021928
1.5099030733,-0.1743065566,-0.3201847672,-0.0825655237,-0.3133312762,1.9785788059,-0.9737283587
1.5199750662,-0.2051559538,-0.2923710346,-0.1282041520,-0.3586532176,2.1281182766,-1.0872547626
1.5300300121,-0.2225957364,-0.2318076640,-0.1942825764,-0.2685570717,2.1785862446,-1.2794387341
1.5401200056,-0.2488337606,-0.1807009131,-0.2085581869,-0.0182889141,2.2209646702,-1.4621105194
1.5501019955,-0.2712022662,-0.1702057570,-0.1993472427,0.4126274884,2.2400565147,-1.5524626970
1.5602550507,-0.2821800113,-0.1602378637,-0.1414585561,0.8939967752,2.2334909439,-1.5770096779
1.5703870058,-0.3043169975,-0.1052266806,-0.0779213086,1.3599367142,2.2743802071,-1.6259495020
1.5803850889,-0.2983863950,-0.0396975428,-0.0213590041,1.8205969334,2.3063824177,-1.7290450335
1.5904440880,-0.2679958344,0.0144220451,0.0111584878,2.2618074417,2.2542371750,-1.8555387259
1.6005240679,-0.2148463577,0.0170764197,0.0651735291,2.6120755672,2.1172759533,-2.0117805004
1.6106270552,-0.1670671552,-0.0401456803,0.1630039960,2.7132959366,1.9123229980,-2.1722395420
1.6206459999,-0.1549336165,-0.1075310856,0.2242627889,2.5637869835,1.8094862700,-2.2837419510
1.6307259798,-0.1679949611,-0.1835032851,0.2279585749,2.2847347260,1.7468243837,-2.4068708420
1.6407810450,-0.1936721653,-0.2439751774,0.2355232984,1.9419504404,1.7599567175,-2.5373783112
1.6508079767,-0.2154132575,-0.2713695765,0.2367478162,1.6331515312,1.7904531956,-2.6540825367
1.6608999968,-0.2330568880,-0.2627936602,0.2529820502,1.2530289888,1.8010057211,-2.8047561646
1.6709680557,-0.2483155578,-0.2563811541,0.2645096481,0.8494396806,1.8114918470,-2.9341881275
1.6810940504,-0.2405209392,-0.2664328814,0.2491840869,0.4848103821,1.7693947554,-3.0434818268
1.6911280155,-0.2242741436,-0.2594714165,0.2187737972,0.1169530079,1.7317142487,-3.1219801903
1.7012100220,-0.2034743875,-0.2506808043,0.1346529275,-0.1030089185,1.6339690685,-3.1718776226
1.7112389803,-0.1722945422,-0.2379973084,0.0142782545,-0.1011564210,1.4505400658,-3.1528573036
1.7213280201,-0.1470817178,-0.2161903530,-0.0852123871,0.1697275341,1.2625592947,-3.0532109737
1.7313960791,-0.1537060589,-0.2145055681,-0.1405891627,0.7049506307,1.1064097881,-2.9822828770
1.7415059805,-0.2157664150,-0.1325333267,-0.0896346346,1.3144235611,0.9931051135,-2.9495785236
1.7515829802,-0.2801913023,0.0301419366,0.0156182861,1.8321402073,0.9781978130,-3.0006861687
1.7616040707,-0.3111760616,0.1269350499,0.1068557724,2.3583471775,0.9638628364,-3.1377990246
1.7717339993,-0.2937648296,0.1569981426,0.2069679648,2.8373317719,0.8707042933,-3.2579498291
1.7817959785,-0.2445667833,0.1592621058,0.2704356611,3.0746595860,0.7194396257,-3.3409059048
1.7918369770,-0.1988553256,0.1139338464,0.3283458650,2.9479086399,0.4780398607,-3.4153199196
1.8018670082,-0.1750816554,0.0308863986,0.3791378438,2.5064997673,0.2202016711,-3.4737355709
1.8119170666,-0.1634757370,-0.0656280667,0.3849887550,1.8174474239,0.0737864077,-3.5246002674
1.8220030069,-0.1634995192,-0.1663500220,0.3906640708,1.0796405077,0.0013670690,-3.5531175137
1.8320820332,-0.1498974413,-0.2625461817,0.3834734857,0.4285596013,-0.0977310240,-3.5583107471
1.8421680927,-0.1303441375,-0.2976236939,0.3348107040,-0.1111206636,-0.2371903807,-3.5561199188
1.8522880077,-0.1212045476,-0.2565011382,0.2292672545,-0.4085910618,-0.3736728430,-3.5847816467
1.8623180389,-0.1184760258,-0.1535756737,0.1229204759,-0.3348310888,-0.4954421520,-3.6443219185
1.8723630905,-0.1191065535,-0.0002602475,0.0003372647,0.0928351581,-0.5770928860,-3.7209208012
1.8824040890,-0.1254673451,0.1601564735,-0.0675385967,0.7963882089,-0.6052348018,-3.7720797062
1.8924729824,-0.1332323700,0.2802361250,-0.1006235257,1.7822191715,-0.5775936842,-3.7829337120
1.9025449753,-0.1389981359,0.3562157154,-0.1274100393,2.8454229832,-0.4961385131,-3.7810394764
1.9126369953,-0.1465836316,0.4012779593,-0.0885614529,3.6270565987,-0.3222972751,-3.7163810730
1.9227070808,-0.1722026169,0.4404582381,0.0412201509,3.7285685539,-0.1110875681,-3.5188069344
1.9327930212,-0.1931392103,0.4028175473,0.1777368933,3.3113903999,-0.0029236828,-3.2956697941
1.9428600073,-0.1826214343,0.2873351574,0.2453531772,2.4864675999,-0.1058378145,-3.1649105549
1.9528470039,-0.1268763542,0.1672491282,0.2140613347,1.4071489573,-0.3866226077,-3.1212422848
1.9629960060,-0.0569232292,0.0793421715,0.1265639812,0.3130097389,-0.7852559686,-3.0680737495
1.9730540514,-0.0099753141,0.0659158081,0.0418797359,-0.5483098626,-1.1974616051,-2.9671895504
1.9830690622,-0.0165895671,0.1259195060,-0.0315230265,-0.9621562958,-1.5347336531,-2.8769998550
1.9931399822,-0.0433404036,0.2407472581,-0.0650149956,-0.8218144178,-1.6900020838,-2.7932322025
2.0033841133,-0.0577506609,0.3693947792,-0.1079739705,-0.0878131315,-1.6607818604,-2.7127072811
2.0136320591,-0.0508966856,0.5030283332,-0.1532230228,1.1971908808,-1.4518911839,-2.6662085056
2.0234241486,-0.0521287210,0.5897572637,-0.1421912163,2.7746882439,-1.0389046669,-2.6303014755
2.0333089828,-0.0861958042,0.6071591377,-0.0744759217,4.2087512016,-0.5752688050,-2.4456818104
2.0434579849,-0.1467547864,0.4681777954,0.0202485546,5.0511221886,-0.0537915230,-2.0357809067
2.0535850525,-0.2021391839,0.2559551597,0.0628541932,5.3573031425,-0.0234365482,-1.6960675716
2.0636339188,-0.1027312055,0.0852539390,0.1341464072,5.3893499374,-0.5615546107,-1.7611142397
2.0736770630,0.1652448624,0.1673652977,-0.0501966253,4.7403960228,-1.0971032381,-1.9841938019
2.0837690830,0.3839892745,0.3862965107,-0.2867952883,4.3880758286,-2.1404240131,-1.8784455061
2.0938429832,0.4565175772,0.5403231978,-0.4090121090,3.7263238430,-2.6447300911,-1.5238894224
2.1039719582,0.3433341980,0.5974784493,-0.6556265354,3.0360226631,-2.4308891296,-1.1636575460
2.1139531136,0.2808930278,0.5965819955,-0.9364032149,1.4697593451,-1.7199198008,-1.0121289492
2.1240460873,0.3780266047,1.0799176693,-0.9808771014,1.7447477579,-2.3007521629,-0.6302410960
2.1341061592,0.1337164789,1.2328205109,-0.8941577077,1.8262331486,-1.4499734640,0.0412201434
2.1441709995,-0.4953285754,0.8679345846,-0.6897768378,2.2274568081,-0.2845451236,-0.1175695062
2.1542348862,-0.8354766369,0.2371099442,-0.3233492076,2.7227172852,0.8690490723,-0.2647106051
2.1643280983,-0.6774762869,-0.1088671833,-0.0784770623,2.4059710503,1.6053634882,-0.0158014633
2.1743400097,-0.3195035160,-0.1620397419,0.0876832828,1.6723721027,1.7659252882,0.2053200006
2.1844530106,-0.0433418639,-0.2980482280,0.1742068082,1.0193077326,1.6507757902,0.1820687503
2.1942138672,0.1616569310,-0.5107465982,0.2285642773,0.4614442587,1.2936633825,0.0259470493
2.2044138908,0.3291946650,-0.6572355032,0.2543679178,0.0395651981,0.6859308481,-0.0177831203
2.2144460678,0.4240771234,-0.6294726729,0.2686794698,-0.3749667406,-0.0090265833,0.0584245622
2.2263021469,0.4125803113,-0.4595541954,0.2930203378,-0.7674012184,-0.5693707466,0.0826655924
2.2348561287,0.3093035221,-0.2931010723,0.2985226810,-0.9214817286,-0.9584597945,0.0145553760
2.2448649406,0.2222407609,-0.1535568386,0.2201220542,-0.7660604715,-1.2443040609,-0.0939303488
2.2548890114,0.1525065750,0.0438771099,0.1114247665,-0.6626522541,-1.2400021553,-0.2234923989
2.2650270462,0.0498423986,0.2280617207,0.0277083740,-0.5969558358,-0.9889240861,-0.3730973601
2.2750310898,-0.0721595213,0.2744409144,-0.0739640966,-0.5148251057,-0.6740222573,-0.5205515623
2.2851610184,-0.1361852735,0.2292455286,-0.1974366754,-0.5127004385,-0.4631569386,-0.5682277083
2.2951660156,-0.1159217879,0.1451538056,-0.2304152697,-0.5839314461,-0.2733093500,-0.4863569736
2.3052139282,-0.0575069673,-0.0060055391,-0.2297995538,-0.6535659432,-0.2342581004,-0.2622802258
2.3153071404,0.0124827418,-0.0413287133,-0.2085427493,-0.7950309515,-0.2642872632,0.0414158851
2.3253650665,0.0077597001,0.0620572120,-0.1517282575,-1.0157409906,-0.1733115315,0.1317702830
2.3354911804,-0.0752781555,0.0778308064,-0.0923585072,-1.1018656492,0.0002151853,0.0087094055
2.3455109596,-0.1099487469,-0.0120314797,-0.0313104764,-1.0793262720,0.0901900828,-0.0549593195
2.3555631638,-0.0578678735,-0.0977788121,0.0234245881,-1.0944652557,0.1114098877,-0.0347693637
2.3657369614,0.0176429246,-0.1384987384,0.0601462945,-1.2114750147,0.0756691992,0.0108998548
2.3756971359,0.0719317272,-0.1368020922,0.0809144601,-1.3886553049,-0.0252478309,0.0682315901
2.3857719898,0.0965362564,-0.0899974257,0.0833628997,-1.5452438593,-0.1566599160,0.1404080540
2.3957781792,0.0795589164,-0.0102575561,0.0677646026,-1.5996365547,-0.2615875900,0.2316832840
2.4058971405,0.0302191470,0.1081538647,0.0320821628,-1.5268001556,-0.2814121842,0.3484527767
2.4160220623,-0.0444766171,0.2288654298,-0.0226415172,-1.4144879580,-0.1961489320,0.4185466468
2.4260470867,-0.1189865991,0.2719554305,-0.0742857233,-1.2706389427,-0.0723865107,0.3293808401
2.4361000061,-0.1274303645,0.1864313930,-0.0968947187,-1.1559776068,0.0858896747,0.2020132840
2.4462289810,-0.0733877346,0.0138471583,-0.1170815602,-1.0100322962,0.1078881845,0.1255376935
2.4563200474,0.0142555926,-0.1360622197,-0.1218572035,-0.8878637552,0.0568001680,0.1010619700
2.4663090706,0.0837609842,-0.1160109192,-0.1130637899,-0.7340382338,-0.0566715337,0.2305057049
2.4763660431,0.1191428974,0.1083762497,-0.0988364592,-0.5605019331,0.1152592227,0.6542045474
2.4864420891,0.0767027214,0.4163789749,-0.0874160305,-0.4925780594,0.3879589140,1.0514363050
2.4965450764,-0.0796228871,0.5658848882,-0.0751135722,-0.5435422063,0.8972681165,1.1175361872
2.5065779686,-0.2207123786,0.5467824340,-0.1293246001,-1.2273628712,1.5173257589,1.2783510685
2.5165359974,-0.1939346343,0.3686035275,-0.1001468077,-2.1724278927,1.7907689810,1.3562365770
2.5266990662,-0.0803087577,0.1528197378,-0.0661197081,-3.2600960732,1.7017415762,1.3649626970
2.5368280411,0.0423795693,0.0228922833,-0.0353902355,-4.4146137238,1.2519532442,1.3023868799
2.5469629765,0.1270196587,-0.0195558798,-0.0754406825,-5.4412899017,0.7268820405,1.4021943808
2.5569028854,0.1792876273,-0.0108090183,-0.0985492840,-6.1188569069,0.1937425137,1.5868524313
2.5670390129,0.1911621094,0.0611415356,-0.1243036166,-6.3392014503,-0.2757474780,1.8075280190
2.5770189762,0.1661437601,0.2146395892,-0.1558179110,-6.2043924332,-0.6134518981,2.0727746487
2.5871791840,0.1105879918,0.3685791492,-0.1750516146,-5.8252277374,-0.7370795608,2.2955944538
2.5971720219,0.0321459882,0.4518305659,-0.1866082400,-5.2368507385,-0.7628949285,2.4302814007
2.6073110104,-0.0377979465,0.5025151372,-0.1605655998,-4.4424991608,-0.6841503382,2.5394842625
2.6173210144,-0.0941056386,0.4970470667,-0.0982544199,-3.5068068504,-0.5481949449,2.6083302498
2.6273889542,-0.1249028221,0.5209486485,-0.0217100754,-2.7344877720,-0.3982448280,2.7642934322
2.6374440193,-0.1398309618,0.5726287961,0.0475591049,-2.3901913166,-0.2366397083,3.0031929016
2.6475780010,-0.1471995711,0.5811702609,0.1339723617,-2.4465634823,-0.1334331632,3.2846355438
2.6575729847,-0.1545244306,0.5769835114,0.1614548713,-2.8684740067,-0.0846347213,3.5226092339
2.6677100658,-0.1598159224,0.5515875816,0.1728242189,-3.4931228161,-0.1531131119,3.6214809418
2.6777081490,-0.1392582357,0.4929034114,0.1739878207,-4.1147780418,-0.3123677075,3.6268682480
2.6877920628,-0.0988038927,0.4463548064,0.1265780479,-4.4374628067,-0.5956132412,3.5811512470
2.6978440285,-0.0539703183,0.4366729259,-0.0008993529,-4.2224411964,-0.9663048983,3.5617995262
2.7079820633,-0.0191025939,0.4416266084,-0.1118462458,-3.4564070702,-1.3681013584,3.5667133331
2.7179830074,-0.0126326736,0.4908391237,-0.1030189171,-2.3229808807,-1.6866414547,3.6427145004
2.7281179428,-0.0336284079,0.5569660068,-0.0491224900,-1.0971298218,-1.8569525480,3.7081499100
2.7381210327,-0.0792293772,0.5391265750,0.0109322881,0.1018121988,-1.9016865492,3.7035775185
2.7481889725,-0.1079743430,0.4335765839,0.1226565465,1.0527143478,-1.9006007910,3.7351906300
2.7582511902,-0.1356522292,0.3643483520,0.2349010259,1.2944020033,-1.8384519815,3.8296601772
2.7683200836,-0.1738228649,0.2696248293,0.2922650278,0.9631203413,-1.7922998667,3.8658683300
2.7784490585,-0.2023041099,0.1065782756,0.3380194604,0.3273822367,-1.8278806210,3.8171682358
2.7884359360,-0.1990500838,-0.0473729521,0.4047300518,-0.5886910558,-1.9001846313,3.7196791172
2.7985129356,-0.1892328709,-0.1470326334,0.4387573898,-1.5345274210,-2.0905666351,3.6168310642
2.8085699081,-0.1878262013,-0.1777702123,0.4552422464,-2.3131010532,-2.3567245007,3.5478789806
2.8187060356,-0.2086973041,-0.1357283741,0.4000779092,-2.8059144020,-2.5981788635,3.4671864510
2.8287169933,-0.2340776771,-0.0600111037,0.2759543359,-2.8673934937,-2.8582808971,3.3662014008
2.8387398720,-0.2512916923,0.0298594702,0.1713747531,-2.5426003933,-3.1142187119,3.2237110138
2.8488531113,-0.2677518725,0.0913649052,0.0903180465,-1.8966728449,-3.3622386456,3.0514116287
2.8589901924,-0.2772042155,0.1463804692,0.0183410272,-1.1546194553,-3.5118041039,2.8780744076
2.8690052032,-0.2766045332,0.1501191705,-0.0448688641,-0.3377313018,-3.5660922527,2.7334351540
2.8790640831,-0.2586867213,0.0471038073,0.0006901242,0.3990887105,-3.6107349396,2.7109284401
2.8891220093,-0.2236914486,-0.0687306672,0.0748350844,0.7870295048,-3.6646730900,2.7065558434
2.8992459774,-0.1808187217,-0.1830765754,0.1039600000,0.8067421913,-3.8227694035,2.6809875965
2.9092679024,-0.1650990695,-0.2543169260,0.1632067114,0.6407540441,-3.9827930927,2.6087474823
2.9193191528,-0.2546217442,-0.2324795276,0.2560320199,0.3395974636,-3.8618841171,2.5154459476
2.9293909073,-0.3812836409,-0.2038023025,0.3234088719,0.0216602329,-3.4526419640,2.4010567665
2.9394919872,-0.4603807926,-0.2212681323,0.3228110969,-0.2699288428,-3.0114684105,2.2665026188
2.9495260715,-0.4754548073,-0.2812823653,0.2149967700,-0.4736942351,-2.7074563503,2.1339812279
2.9595930576,-0.4481753707,-0.3337949514,0.0839886889,-0.5405089259,-2.6493804455,2.0172300339
2.9696578979,-0.4333271980,-0.3354132771,0.0192318782,-0.4729990959,-2.6823282242,1.9184492826
2.9803969860,-0.4395359159,-0.2781534195,-0.0424389020,-0.2018547952,-2.6967058182,1.7909566164
2.9900770187,-0.4519335628,-0.1890877038,-0.0886361971,0.2064426839,-2.6625175476,1.6050552130
2.9997811317,-0.4470800161,-0.1242808253,-0.0985212103,0.6754719019,-2.6170995235,1.4329490662
3.0099339485,-0.4064240456,-0.1243344694,-0.0896134749,1.0011032820,-2.6386027336,1.2788947821
3.0200691223,-0.3542881012,-0.2296360284,-0.0013477587,1.0187996626,-2.7107176781,1.0983481407
3.0300669670,-0.3346616030,-0.3636403084,0.0881875977,0.7540494204,-2.7083613873,1.0007309914
3.0401349068,-0.3456202149,-0.4435969889,0.1664621383,0.4026487172,-2.5722682476,1.0253099203
3.0502119064,-0.3941721916,-0.4366607964,0.1906572133,0.0050406428,-2.1925814152,1.0415275097
3.0602989197,-0.3995889425,-0.3975511491,0.1041091308,-0.2374603599,-1.8510848284,1.0141532421
3.0703558922,-0.3272848129,-0.3489015698,0.0472899303,-0.3797967136,-1.7095644474,0.9399341345
3.0804119110,-0.2814217210,-0.2705311775,-0.0026853464,-0.4478547573,-1.5296162367,0.8009439707
3.0904800892,-0.2704238892,-0.2479341775,-0.0985029116,-0.3313121498,-1.4543675184,0.6310641170
3.1006159782,-0.2706589103,-0.2275521010,-0.1295611709,-0.0996107757,-1.3660947084,0.5142512321
3.1106150150,-0.2886645794,-0.1958161741,-0.1656529158,0.2232692689,-1.2175835371,0.4006309807
3.1206760406,-0.2692272067,-0.1632796675,-0.1998157352,0.5282936096,-1.2040088177,0.2837629020
3.1307680607,-0.2315991968,-0.1137737781,-0.1804484576,0.6615579128,-1.1984941959,0.1372035295
3.1408162117,-0.1793546528,-0.1386519223,-0.1151901856,0.5808843374,-1.2512037754,-0.0273813549
3.1508660316,-0.1606280655,-0.1793129593,-0.0466545001,0.2775417864,-1.2298771143,-0.0931252092
3.1607520580,-0.1751692742,-0.2249702662,-0.0416123047,-0.0180813726,-1.1219391823,-0.0675132573
3.1710128784,-0.1752076000,-0.2313332409,-0.0172553435,-0.1639908999,-0.9325022697,0.0515398905
3.1811108589,-0.1631504744,-0.1427401453,-0.0338251963,-0.2381566167,-0.6631545424,0.1249577180
3.1911489964,-0.1477905959,-0.0400070995,-0.0818205252,-0.1305864900,-0.4263816774,0.1664588302
3.2011990547,-0.1202499196,0.0056247874,-0.1119767204,0.0135597754,-0.2178842574,0.2164315730
3.2112469673,-0.1194730327,0.0014182789,-0.1626056880,0.0596279353,-0.0221432503,0.2313828170
3.2213768959,-0.1142711565,-0.0160807502,-0.2034880966,-0.0145143904,0.1354654878,0.2548392117
3.2315170765,-0.0989008471,-0.0302697551,-0.2186157554,-0.1040645167,0.2323249280,0.2580957413
3.2415361404,-0.0642023608,-0.0486480743,-0.2303047627,-0.1370359808,0.2214248627,0.2580997348
3.2516050339,-0.0411323793,-0.0184378754,-0.2166909426,-0.0930711925,0.1993805468,0.2357797772
3.2617380619,-0.0196989086,-0.0062120692,-0.1622557491,0.0958584547,0.1945206821,0.2134298682
3.2717499733,0.0077714422,0.0197696853,-0.1302210540,0.3631625772,0.1400638223,0.1283908784
3.2818078995,0.0412435047,0.0474288315,-0.0836686268,0.6490900517,0.0320360996,-0.0607353151
3.2918460369,0.0673986748,0.0491668433,-0.0380101576,0.9212736487,-0.0888096318,-0.2445560098
3.3018970490,0.0949717835,0.0183469821,-0.0097226882,1.1098231077,-0.2748850286,-0.3933480978
3.3119699955,0.0919672921,-0.0204186570,0.0356948003,1.1451840401,-0.3991603851,-0.4603124857
3.3220238686,0.0885207132,-0.1072502583,0.0843283758,0.9621279836,-0.4471850097,-0.4199412167
3.3321051598,0.0897958353,-0.2030144781,0.0996770486,0.5502557755,-0.4454725981,-0.2563187480
3.3421630859,0.0578889959,-0.2307340056,0.0894037113,0.0209222976,-0.3288838863,-0.0554466806
3.3522319794,-0.0140813496,-0.1603813618,0.0493979082,-0.4796851277,-0.1011071727,0.0722100809
3.3622760773,-0.0312130954,-0.0787242204,0.0348367319,-0.7182736993,0.0728381872,0.2178235352
3.3724219799,0.0118355844,-0.0068281726,0.0081514930,-0.8206799626,0.1809228510,0.3325778246
3.3824548721,0.0302586649,0.0663351268,-0.0056251669,-0.8538987637,0.3028932810,0.3687490821
3.3925809860,0.0204756949,0.1011252850,-0.0242969170,-0.6404657960,0.4121358991,0.4006034136
3.4024538994,0.0339066498,0.1051066965,-0.0502648726,-0.1972191632,0.3778774738,0.4110915661
3.4126448631,0.0336719863,0.1138799638,-0.0293494239,0.2178885490,0.3814341128,0.4003699422
3.4227361679,0.0520405881,0.1115169972,-0.0215552226,0.5828899145,0.2695191503,0.3227096200
3.4327809811,0.0862245634,0.0593650192,-0.0014148139,0.8821802139,0.0016115473,0.1685389429
3.4427771568,0.0844202712,-0.0164978933,0.0428663716,1.0861635208,-0.2330769300,0.0292746015
3.4529700279,0.0729331449,-0.0788785964,0.0852361545,1.1246153116,-0.4576495886,-0.1269317716
3.4630320072,0.0516023152,-0.1179432422,0.1321458369,0.8822806478,-0.5659580231,-0.3021197915
3.4731020927,0.0167721603,-0.1794501394,0.1048160419,0.4938010871,-0.5735309720,-0.4549239874
3.4829120636,-0.0284671690,-0.2397314459,0.0079940176,0.0336621404,-0.4549257755,-0.5258892179
3.4932479858,-0.0551068075,-0.2500569820,-0.0595049635,-0.3223274052,-0.2846405804,-0.4588204622
3.5033011436,-0.0190248992,-0.2198708504,-0.0530549660,-0.4452720881,-0.1465537548,-0.2718439698
3.5133681297,0.0372810476,-0.1301466972,-0.0433497801,-0.3762352467,-0.1010134295,-0.0520463511
3.5233778954,0.0401151888,0.0486630350,-0.0043378854,-0.3014247715,0.1072737947,0.0584654398
3.5334680080,0.0467525832,0.1558970958,-0.0033506535,-0.0646654963,0.1266722530,0.1125667617
3.5435349941,0.0731078461,0.1862075478,0.1022963151,0.1501066983,0.1070203334,0.2282376289
3.5535941124,0.0543030612,0.1877195984,0.1121955141,0.3480866551,0.1657488942,0.3450145721
3.5636479855,0.0425427668,0.1377193481,0.0945333466,0.5663983226,0.2181774080,0.4447947741
3.5737390518,0.0500189178,0.1166744977,0.0308301076,0.8147867918,0.2470543385,0.4723528922
3.5838170052,0.0429667346,0.0958832949,-0.0254759565,1.1046640873,0.2865216434,0.4415091574
3.5938730240,0.0415914766,0.0468702167,-0.0843906775,1.3535021544,0.2636671960,0.3458726406
3.6038970947,0.0539124720,-0.0366697162,-0.1148016825,1.4591643810,0.1467776597,0.1780218035
3.6140441895,0.0675493553,-0.1257704943,-0.0811420456,1.4153133631,0.0402251184,0.0059682801
3.6240711212,0.0891465023,-0.2088735849,-0.0204503909,1.3453446627,-0.0155108469,-0.1490657777
3.6341729164,0.0989709571,-0.2568636835,0.0113702631,1.2966275215,-0.0590998717,-0.2595022619
3.6458201408,0.0766035989,-0.2514263093,-0.0122481966,1.2217627764,0.0621043853,-0.2849040926
3.6548728943,0.0892685726,-0.2785116732,-0.0488794222,1.1457539797,-0.0214080848,-0.2976680994
3.6649188995,0.0608779304,-0.2389024049,-0.0262555256,0.8009717464,-0.0137471687,-0.2880198061
3.6750469208,0.0157023165,-0.1955775768,-0.0253820196,0.5047087073,0.0517482162,-0.2613668740
3.6844770908,0.0359625928,-0.2276106924,-0.0054879570,0.2299952209,-0.0098839877,-0.2326612025
3.6943089962,0.0503382199,-0.2198346406,0.0161181316,-0.1139317974,0.0202480815,-0.1953958571
3.7045998573,0.0542427413,-0.2280695289,0.0263995156,-0.3093322217,0.0326189995,-0.1518060416
3.7144851685,0.0334149711,-0.1969357282,0.0575669035,-0.3297688067,0.1592230201,-0.0731644928
3.7245349884,0.0104910228,-0.1182431132,0.0577790961,-0.1603395343,0.2947953045,-0.0126170563
3.7346839905,0.0280388687,-0.0419335216,0.0125290966,0.0823847055,0.3541385233,-0.0243288390
3.7446851730,0.0497477762,-0.0163357686,0.0045894003,0.2785713971,0.3681079745,-0.0976359472
3.7547850609,0.0436923616,-0.0325758308,-0.0036145828,0.3547516763,0.4298602939,-0.1677031666
3.7648038864,0.0335943811,-0.1200755984,-0.0343706980,0.3136864305,0.4780008197,-0.2154497951
3.7749571800,0.0153732989,-0.2048060149,-0.0700151697,0.0802869797,0.5523818135,-0.2121679783
3.7849631310,-0.0216342118,-0.2178075761,-0.1224825755,-0.1930712909,0.6718123555,-0.2438926846
3.7950749397,-0.0684851333,-0.2097725123,-0.2143531293,-0.2332914174,0.8483458757,-0.2926370502
3.8049159050,-0.0600855835,-0.2199077755,-0.2346111387,-0.1181469709,0.8587698340,-0.3128350675
3.8151650429,-0.0687746927,-0.1580910832,-0.1810940951,-0.1219108105,0.9150027633,-0.3085588515
3.8252701759,-0.0806232616,-0.1270886809,-0.1477390975,-0.0658898056,0.9649214745,-0.3765039742
3.8352890015,-0.0587443002,-0.1565010399,-0.0947236791,0.1178097203,0.9469280839,-0.4530091584
3.8453631401,-0.0413012989,-0.1259532124,-0.0505860224,0.2701910734,0.9669700861,-0.5124973059
3.8554229736,-0.0367503054,-0.1021560580,-0.0414590612,0.3975756764,0.9228523970,-0.6144844294
3.8656659126,-0.0354764946,-0.1077297479,-0.0238240734,0.5210557580,0.8414943814,-0.7271083593
3.8757319450,-0.0426038392,-0.1316589266,0.0254367813,0.6615793109,0.7646390200,-0.8227443099
3.8857910633,-0.0510413535,-0.1543139964,0.0882573351,0.7930721641,0.7376875281,-0.9013648033
3.8958740234,-0.0592932589,-0.1896093637,0.1561473757,0.8284959793,0.8192031980,-0.9777826667
3.9059150219,-0.0669481680,-0.2273853272,0.1896745712,0.7148517966,0.9737686515,-1.0424453020
3.9159920216,-0.0938390419,-0.2576746047,0.1745752841,0.4533088505,1.1883999109,-1.1357100010
3.9260411263,-0.1214026138,-0.2858562171,0.1256321222,0.1183548421,1.3800441027,-1.2385231256
3.9361429214,-0.1178184673,-0.3301978707,0.0708003268,-0.1575214863,1.4291714430,-1.3085073233
3.9462270737,-0.1256567687,-0.3224400878,0.0377914533,-0.4309044480,1.4445722103,-1.3466540575
3.9562201500,-0.1781928986,-0.2549487650,0.0157248601,-0.6666623950,1.5352113247,-1.4506052732
3.9662990570,-0.2167150825,-0.2308150083,0.0060216999,-0.7314799428,1.6071907282,-1.5535484552
3.9764041901,-0.2183193415,-0.2266679555,-0.0155352736,-0.6843990088,1.5912634134,-1.6183381081
3.9865322113,-0.2318076342,-0.1927467436,-0.0202916637,-0.5993343592,1.6168508530,-1.7139096260
3.9965381622,-0.2553567886,-0.1478008181,-0.0406744853,-0.3973511457,1.6901607513,-1.8073626757
4.0066051483,-0.2361426204,-0.1011608094,-0.0522516146,-0.0976675227,1.7048403025,-1.9104259014
4.0166683197,-0.2023080438,-0.0642285496,-0.0290584341,0.2554082572,1.7156519890,-2.0273079872
4.0268278122,-0.1850567907,-0.0488516241,-0.0026267550,0.6477199197,1.7511627674,-2.1516199112
4.0368089676,-0.1678896993,-0.0721642524,0.0226161107,1.0307472944,1.7547737360,-2.2738223076
4.0468273163,-0.1614701599,-0.1014421731,0.0469638333,1.3518397808,1.7632942200,-2.3737084866
4.0569319725,-0.1985121220,-0.1122778207,0.0659601316,1.6891463995,1.8591533899,-2.4448866844
4.0670089722,-0.2548769712,-0.1231621057,0.0915132985,1.9885858297,2.0043177605,-2.5521316528
4.0770978928,-0.2816222310,-0.1598093063,0.1681038290,2.1454784870,2.1001005173,-2.7188260555
4.0871191025,-0.2769653797,-0.2362448126,0.2762399614,2.0394752026,2.1232764721,-2.9279608727
4.0972681046,-0.2786638737,-0.3171717525,0.3487521112,1.6320112944,2.1969444752,-3.1263771057
4.1072678566,-0.2605543137,-0.3976320624,0.3385036290,1.0922902822,2.2643744946,-3.2907862663
4.1174731255,-0.2268786281,-0.4384631515,0.3016997278,0.5832117796,2.2579741478,-3.4276323318
4.1273589134,-0.2049048990,-0.4137750864,0.2575984895,0.2165254354,2.2060601711,-3.5751552582
4.1373310089,-0.1852985471,-0.3382333517,0.1620456129,0.1501160562,2.1141726971,-3.7461338043
4.1475362778,-0.1605181545,-0.2529692054,0.0924509391,0.4137987494,1.9865477085,-3.9819843769
4.1576251984,-0.1594726890,-0.1668809205,0.0686271414,0.8881716728,1.9213002920,-4.2093625069
4.1675548553,-0.1638372391,-0.0778222233,0.0621665940,1.5451083183,1.9588106871,-4.3815217018
4.1777281761,-0.1664323062,-0.0059543983,0.0503399000,2.3840665817,1.9410830736,-4.4815526009
4.1878418922,-0.1609082073,0.0716085881,0.0954109058,3.2098708153,1.8546366692,-4.5253396034
4.1978759766,-0.1597178727,0.1669604033,0.1832750589,3.6328201294,1.7150206566,-4.5350728035
4.2079257965,-0.1590658277,0.2302115411,0.2828675210,3.6496040821,1.6377146244,-4.5340538025
4.2180151939,-0.1346617490,0.1665251702,0.3487206399,3.4469311237,1.6238086224,-4.6051497459
4.2281351089,-0.0791469738,-0.0095366975,0.4495115578,3.0029251575,1.5175802708,-4.6794157028
4.2381448746,0.0145596955,-0.1548372656,0.4872244895,2.2218627930,1.1874902248,-4.6231069565
4.2481908798,0.1152024344,-0.2180397660,0.4451613128,1.3571494818,0.5809989572,-4.5339989662
4.2582559586,0.1409372240,-0.1753435880,0.4107287824,0.7600048184,-0.1076944992,-4.5543661118
4.2684183121,0.0736195073,-0.0164608490,0.3203134835,0.7053499818,-0.6271975040,-4.7404265404
4.2784152031,-0.0042212210,0.2207793444,0.2387810498,1.0749714375,-0.9910713434,-4.8978481293
4.2884502411,-0.0537518747,0.4987744689,0.1864922792,1.6228859425,-1.0316494703,-4.8576598167
4.2985510826,-0.1235112771,0.6963360310,0.1252473146,2.3420686722,-0.6911246181,-4.6952171326
4.3085799217,-0.2326488942,0.7494453788,0.1094996557,3.1502368450,-0.1766704321,-4.5029792786
4.3186659813,-0.3185130060,0.6854151487,0.1024116501,3.8572902679,0.2006515414,-4.3766164780
4.3287339211,-0.2823502123,0.4932633042,0.2209259421,4.4151787758,0.3315459192,-4.4149174690
4.3389978409,-0.1346062571,0.2137051076,0.4200879037,4.6392779350,0.0332636163,-4.0817184448
4.3489017487,0.0469299518,0.0275439490,0.4625835121,4.1377344131,-0.5655720234,-3.3046529293
4.3589749336,0.1755462736,-0.0910773426,0.3912746608,3.0592706203,-1.3123484850,-2.4744253159
4.3690280914,0.2191411108,-0.0955408365,0.1987618357,1.6206446886,-2.1298243999,-1.9148992300
4.3791089058,0.1670805961,-0.0304103624,0.0142280078,0.6035440564,-2.8577673435,-1.6962739229
4.3891501427,0.0574719124,0.1448916048,-0.0951822773,0.0000732876,-3.3357191086,-1.6092927456
4.3992171288,-0.0682176277,0.3733115196,-0.0813644901,-0.2707979083,-3.3597431183,-1.6761292219
4.4092721939,-0.1989385933,0.5604070425,-0.0348909274,-0.1563630253,-3.1816763878,-1.8597607613
4.4193372726,-0.2983897030,0.6965097785,0.0113738393,0.2561528981,-2.7273583412,-2.2238357067
4.4294729233,-0.3639594316,0.6802112460,0.0282178745,1.0053260326,-2.1125242710,-2.6686105728
4.4394807816,-0.3218189180,0.5794821978,0.0036031820,2.5182456970,-1.5555802584,-2.9256720543
4.4492859840,-0.1766142100,0.6193789840,0.0499344692,3.2991955280,-1.1980851889,-2.6846654415
4.4596099854,-0.1509232372,0.6330861449,-0.7019645572,3.7590701580,0.2118795663,-2.3591675758
4.4696731567,-0.0318456180,1.0008636713,-1.4851676226,1.3594608307,-0.4049032032,-0.9774656296
4.4797420502,0.1037479416,2.0785999298,-1.0524327755,1.0808020830,-0.4180597365,0.4708924294
4.4898862839,-0.4500639141,1.6501286030,-1.0528006554,1.5440114737,0.3343825042,0.6835099459
4.4998798370,-0.9136865735,0.6629197598,-0.7287983894,1.2215306759,0.6459204555,0.2367300540
4.5099449158,-0.6085747480,0.1520074755,-0.4838404953,1.0057295561,0.6660758853,0.1996323466
4.5200881958,-0.1292516142,0.0331651419,-0.2601981461,0.6826821566,0.5381807685,0.3833417296
4.5300703049,0.1385992914,-0.1195090562,0.0005328275,0.3539725542,0.4251437187,0.2495831400
4.5402140617,0.2648375928,-0.3195076585,0.2122461349,0.1100940928,0.2525762022,-0.0148290768
4.5502219200,0.3211807311,-0.4359084964,0.3212537467,-0.2611583173,0.1231222674,-0.1687618494
4.5602979660,0.3498045802,-0.4421121478,0.3718472421,-0.7279452085,-0.0474156514,-0.1485543251
4.5703573227,0.3410826921,-0.4195084870,0.3806641996,-0.9653829932,-0.3123089075,-0.0976604447
4.5804500580,0.2927400768,-0.3491954505,0.3937577307,-0.9403349161,-0.4656031132,-0.0446534194
4.5904912949,0.1988975257,-0.2028405517,0.4179765284,-0.9067837000,-0.5095998645,-0.0022114194
4.6006250381,0.0757710412,-0.0997546464,0.4403479397,-0.8197937012,-0.4639463723,-0.1147614047
4.6106028557,-0.0305305626,-0.0566717833,0.3941696584,-0.4679344893,-0.3358065188,-0.2995397747
4.6207227707,-0.0751511082,0.0322684199,0.3010666072,0.0574938916,-0.1678127050,-0.4631063342
4.6307630539,-0.0953705236,0.2096075863,0.1900527030,0.6383070350,0.0184583049,-0.5013849139
4.6408891678,-0.1114436910,0.4136252701,-0.0147380615,0.9493770599,0.0778425336,-0.4356027544
4.6508889198,-0.1325481385,0.5548974276,-0.2099689692,0.8440134525,0.1614893675,-0.3219218254
4.6610050201,-0.1280407459,0.5671011209,-0.3512071669,0.6046552062,0.0923188105,-0.1944797337
4.6710567474,-0.0727482364,0.4399379194,-0.3248550594,0.2596119344,0.1337354183,-0.0520887002
4.6811628342,-0.0200768318,0.2330269367,-0.2657549083,-0.0010201791,0.0604737327,0.1273849308
4.6911759377,0.0146093760,0.0901462883,-0.1685945839,-0.3912250400,0.0270915404,0.2495720834
4.7012910843,-0.0037005150,-0.0205365550,-0.0874258652,-0.8491414785,0.0347499922,0.2475685924
4.7112569809,0.0006140567,-0.1315767616,-0.0237678066,-1.2128932476,0.0165716540,0.2253544927
4.7216310501,0.0415128879,-0.1979800910,0.0635690913,-1.4031268358,-0.0636872277,0.2136829197
4.7315039635,0.0763950124,-0.1690142304,0.1252167970,-1.4663308859,-0.1470590830,0.2051618844
4.7415180206,0.0772997215,-0.0468324572,0.1715275794,-1.4518784285,-0.1004867926,0.1680185050
4.7515897751,0.0457218103,0.0559005588,0.1901282221,-1.2875632048,0.0043052016,0.0714064091
4.7617311478,0.0039097467,0.1422111243,0.1888114959,-1.0363378525,0.1681415439,-0.0368790515
4.7714781761,-0.0384596772,0.2126325220,0.1730121523,-0.7349524498,0.3301005661,-0.1749090254
4.7816009521,-0.0587629862,0.2391218394,0.1488400251,-0.4567335844,0.4634839296,-0.2704749703
4.7917308807,-0.0627912506,0.2411462516,0.0874081478,-0.2866071165,0.5253624916,-0.2842906415
4.8025121689,-0.0658620521,0.2662929893,-0.0142868543,-0.1975149363,0.4764895141,-0.2503591180
4.8120870590,-0.0668904111,0.2886323333,-0.0848853961,-0.2328242958,0.3868951797,-0.1113000214
4.8220591545,-0.0687470064,0.2533743978,-0.1254927963,-0.5812240839,0.3466327190,0.2019990385
4.8321218491,-0.0784701928,0.1287441105,-0.1219250336,-1.1648011208,0.3482305408,0.5780236125
4.8421959877,-0.0836619660,-0.0109135052,-0.1240490451,-1.9681633711,0.4485107958,0.9233623743
4.8522758484,-0.0529299565,-0.1100582629,-0.0820193663,-3.0918259621,0.5618678927,1.2624185085
4.8623647690,0.0154803488,-0.1380607039,0.0214746818,-4.2186203003,0.4555510283,1.6013654470
4.8724107742,0.0810611919,0.0324202627,0.1565741450,-5.2638864517,0.3122363985,2.0156626701
4.8824472427,0.0840284005,0.3914052248,0.3236468732,-6.2407193184,0.3619557321,2.3249189854
4.8925142288,-0.0162126925,0.6540926099,0.3537086546,-6.8464298248,0.6287999749,2.2381379604
4.9026131630,-0.1542435139,0.7887049317,0.1789781600,-6.6812539101,0.8562309742,2.0715072155
4.9126482010,-0.2111990899,0.9534725547,-0.1517929882,-5.4788637161,0.5798407197,2.1729965210
4.9227490425,-0.1982833892,1.0851771832,-0.4455539882,-3.5067214966,0.3944410384,2.5047461987
4.9327449799,-0.1156313941,1.1925091743,-0.4738411605,-1.5805624723,0.1168917343,2.9235291481
4.9428663254,-0.0931864604,1.2490637302,-0.3187885582,-0.5204001069,-0.2131500989,3.4497473240
4.9529628754,-0.1642091423,1.1486330032,-0.0567796603,-0.5437025428,-0.4148796797,3.9508221149
4.9630370140,-0.2746582031,0.8370575309,0.1384477764,-0.8398737311,-0.6556507349,4.3627548218
4.9730439186,-0.3270533979,0.6395068169,0.2751698792,-1.4026296139,-1.0142527819,4.9615731239
4.9831447601,-0.3043800592,0.5468888283,0.4294504225,-2.3067505360,-1.2790488005,5.5955643654
4.9932131767,-0.2895514071,0.5010703802,0.5310943723,-3.3268496990,-1.3798284531,5.9896998405
5.0032930374,-0.2766851187,0.6260975599,0.6277555227,-4.1475934982,-1.3717892170,6.0440640450
5.0133018494,-0.2473970354,0.8780686855,0.6429985166,-4.4777073860,-1.4508420229,5.9166932106
5.0234150887,-0.2094839066,1.0448875427,0.5131155849,-4.1292066574,-1.6178363562,5.8761730194
5.0334839821,-0.1942755878,0.9803634286,0.2472278625,-3.1516592503,-1.7158247232,5.9746236801
5.0435509682,-0.2187841684,0.7949732542,0.0285771713,-2.2129855156,-1.8794056177,5.9923539162
5.0535969734,-0.2970052660,0.5606101155,0.0506704673,-1.6296465397,-2.1662955284,5.8009376526
5.0636529922,-0.3819825053,0.2671266794,0.0865620598,-1.0485860109,-2.5539939404,5.4491410255
5.0737509727,-0.4247690141,0.0632169098,0.1110410318,-0.5309371352,-3.0014259815,5.1344938278
5.0838289261,-0.4442273378,-0.0525431782,0.1669850498,-0.0848605931,-3.3347597122,4.8390340805
5.0936532021,-0.4320794344,-0.1423942000,0.2114150673,0.5305972695,-3.5234842300,4.6880068779
5.1039552689,-0.4004114866,-0.1614574343,0.3028263748,1.1410377026,-3.6296780109,4.6708097458
5.1140213013,-0.3986461759,-0.1630191952,0.3749288619,1.6278272867,-3.5362679958,4.6749811172
5.1240901947,-0.4118741155,-0.2067321688,0.4091367424,1.9031014442,-3.4271633625,4.6027636528
5.1341352463,-0.4617067575,-0.2680361271,0.3846946061,1.7484611273,-3.2367515564,4.3947863579
5.1442489624,-0.5228634477,-0.3839622736,0.3360516727,1.2587335110,-2.9444663525,4.1487193108
5.1542291641,-0.5552135110,-0.5431123972,0.3137665093,0.5097553134,-2.6560208797,3.9865977764
5.1643939018,-0.5397294164,-0.6893144250,0.2235243469,-0.3976649046,-2.5277643204,3.8796505928
5.1744060516,-0.4851889014,-0.8009828925,0.1548261195,-1.0838531256,-2.6425499916,3.7937614918
5.1844820976,-0.3928688765,-0.8071519732,0.1296728998,-1.4809935093,-2.9544703960,3.6811559200
5.1945238113,-0.3491462469,-0.6619675159,0.1008977517,-1.6072146893,-3.1512482166,3.4517409801
5.2046623230,-0.3540987968,-0.5088734031,0.0578786954,-1.3553707600,-3.1694190502,3.0938417912
5.2146439552,-0.3766178489,-0.4103666544,0.0433789715,-0.8812311292,-3.1160452366,2.6700906754
5.2247858047,-0.3959008455,-0.3722367883,0.0672152266,-0.3198437393,-2.9231498241,2.3716788292
5.2347898483,-0.3777222037,-0.3967254758,0.0379640684,0.1601257622,-2.6943004131,2.1635591984
5.2448997498,-0.3530256748,-0.4357986748,0.0200973377,0.4848279357,-2.5150430202,2.0435829163
5.2549152374,-0.3428573608,-0.4647207260,0.0199808106,0.5708242059,-2.2634265423,1.9491853714
5.2650651932,-0.3346374631,-0.5079481602,0.0853904113,0.4440942109,-2.0873901844,1.7772940397
5.2750639915,-0.3367843032,-0.5086105466,0.1214697585,0.0537608042,-1.8102642298,1.5142054558
5.2852001190,-0.3237592578,-0.5170379877,0.0418713316,-0.3604986966,-1.5972896814,1.2086188793
5.2951917648,-0.2809213400,-0.5191267133,-0.0279378071,-0.7546684742,-1.4686679840,0.9581992030
5.3053321838,-0.2522999048,-0.4966792762,-0.1088560000,-1.0138467550,-1.3882954121,0.7756757736
5.3153290749,-0.2251947373,-0.4326166213,-0.1848011464,-1.0009582043,-1.2965863943,0.6652905345
5.3254060745,-0.1996317357,-0.3119089603,-0.2033025473,-0.8444958329,-1.1548204422,0.5538327098
5.3353548050,-0.1777221411,-0.1892841607,-0.1752156466,-0.5156748891,-0.9583081603,0.4710277617
5.3455300331,-0.1113319919,-0.1680789739,-0.1510408372,-0.1441567242,-0.8709226251,0.3563027978
5.3556652069,-0.0658937618,-0.1393768042,-0.0785093680,0.1355790198,-0.7808294296,0.2915061414
5.3656377792,-0.0529658087,-0.1052838713,-0.0609394684,0.5107377172,-0.6236035824,0.3052927852
5.3756489754,-0.0440249331,-0.0909526795,-0.0271408930,0.8390036821,-0.4720387161,0.3275841177
5.3858013153,-0.0508623607,-0.0390288383,0.0053897714,0.9600600600,-0.3042715490,0.3456877470
5.3958840370,-0.0394168980,-0.0572187454,0.0308209881,0.7882202268,-0.2012910396,0.2587149739
5.4062252045,-0.0401317962,-0.1386705488,0.0636884794,0.3382879496,-0.1467684060,0.1102046072
5.4161043167,-0.0433757193,-0.2196453363,0.0669006929,-0.2489444464,-0.1271437109,0.0009978227
5.4262380600,-0.0511663444,-0.2710026503,0.0412870273,-0.7781038880,-0.1479866654,-0.0455973744
5.4362921715,-0.0426664241,-0.2451491505,0.0096313572,-1.0574822426,-0.1705192029,-0.0349191017
5.4460420609,-0.0237738993,-0.1154761463,-0.0809411183,-0.9878703356,-0.0881859809,-0.0317102559
5.4561171532,0.0021739698,0.0180660654,-0.1086760536,-0.6192004681,-0.0262248777,0.0266260207
5.4665889740,0.0359420888,0.1414733380,-0.0784983411,-0.1664761156,0.0632261783,0.1199940518
5.4766283035,0.0789617971,0.2008177489,-0.0441095009,0.2953673303,0.0919705331,0.1666096896
5.4866919518,0.1255586892,0.1665745825,0.0027727701,0.7110657096,0.0384338088,0.1866515726
5.4965410233,0.1431838423,0.1101397425,0.0494006500,0.9145646691,-0.0340863317,0.1833784282
5.5066099167,0.1271463186,0.0453036875,0.0780893192,0.8765816092,-0.0803635418,0.1345221996
5.5166378021,0.0960349515,-0.0593753904,0.0940271243,0.5993183851,-0.1078891158,0.0273368191
5.5267429352,0.0607738607,-0.1541797668,0.0819099769,0.1832831204,-0.1324312091,-0.0872440934
5.5368008614,0.0309000704,-0.2300133556,0.0729889497,-0.2084512562,-0.1299860328,-0.1635914445
5.5468759537,0.0098276827,-0.2616555393,0.0575500354,-0.4990729988,-0.0952546746,-0.1433261186
5.5570111275,0.0209152196,-0.2304461449,0.0050261831,-0.6186482310,-0.0897857472,-0.1209967285
5.5670180321,0.0238666628,-0.1273722500,-0.0159141198,-0.5765473843,-0.0298374575,-0.0965560973
5.5769791603,0.0377422683,-0.0139913401,-0.0132240439,-0.2763657570,0.0518105365,-0.0190799478
5.5871510506,0.0861428455,0.0642191023,0.0131969070,0.0617845915,0.0710750446,0.0413663499
5.5972471237,0.1265568882,0.1283252090,0.0089084720,0.4044650197,0.0626326203,0.0773751512
5.6072468758,0.1434404999,0.1150274128,0.0276026353,0.6566130519,0.0352212377,0.0921626166
5.6173429489,0.1369193941,0.0619865507,0.0577747449,0.7134130001,0.0123917563,0.0953243896
5.6274361610,0.1149341539,-0.0135388812,0.0743565187,0.6366862655,-0.0000888812,0.0741016567
5.6374988556,0.0862412527,-0.0718089491,0.0814201459,0.4081415832,0.0136391819,0.0444345772
5.6475582123,0.0743650272,-0.1313031167,0.0493359193,0.0944265276,0.0063708825,0.0009768504
5.6576099396,0.0775967911,-0.2125734240,0.0338567123,-0.2101446986,-0.0613425821,-0.0488831811
5.6676831245,0.0530521385,-0.2631190121,0.0339236483,-0.4757111073,-0.0833224505,-0.1348324567
5.6778149605,-0.0087185409,-0.2299193889,0.0314703807,-0.6028330326,0.0331492350,-0.1655351669
5.6878051758,-0.0322297700,-0.1664019376,0.0419875011,-0.4769562781,0.1481527984,-0.1092343405
5.6978368759,0.0040491917,-0.0798419565,0.0509022102,-0.2513568401,0.2174204737,-0.0402384326
5.7079739571,0.0465494506,0.0079520503,0.0265384540,0.1161468700,0.2888797224,0.0117320931
5.7180233002,0.0703196004,0.0671543032,0.0302874669,0.5802996755,0.3019143045,0.0870082006
5.7280821800,0.0853303149,0.1470704526,0.0149845695,1.0185235739,0.3465688527,0.1644305587
5.7379112244,0.0949190333,0.1846513003,0.0158836469,1.4305101633,0.3463523388,0.2301571071
5.7482089996,0.1148839667,0.1503335387,0.0679511651,1.6516455412,0.3298069239,0.3256545961
5.7583451271,0.1568929106,0.0841252357,0.1023630723,1.5973645449,0.2095405161,0.3425962329
5.7683439255,0.1712613255,-0.0148478290,0.1462063938,1.2422283888,0.0743920058,0.2704165876
5.7784070969,0.1635127217,-0.1361081153,0.1461141855,0.7055726647,-0.0541509837,0.1526291668
5.7885208130,0.1631065160,-0.2620280683,0.0980761871,0.1539334953,-0.1785871834,0.0337855965
5.7985153198,0.1541443616,-0.3404656649,0.0263324007,-0.2945894599,-0.2616693676,-0.0648895204
5.8086009026,0.1290456802,-0.3665192127,-0.0076755667,-0.5634909272,-0.2686223388,-0.1200382560
5.8187160492,0.1007142738,-0.3029920161,-0.0051650191,-0.7908445597,-0.1592201442,-0.1241736710
5.8289790154,0.0871863440,-0.2279051393,-0.0440394059,-0.8382570744,-0.0079320911,-0.1293950677
5.8389039040,0.1001093462,-0.1973242015,-0.0484614745,-0.7774585485,0.1019123867,-0.1261699796
5.8488841057,0.1307654530,-0.1268364638,-0.0268936530,-0.6128258705,0.1832786202,-0.0730811954
5.8589258194,0.1621770412,-0.0736163110,0.0064682579,-0.2215677351,0.1188757867,-0.0594091974
5.8690347672,0.1497680098,0.0197021831,0.0698944554,0.2311467379,0.1009138301,-0.0032577752
5.8791379929,0.1371050626,0.1056541055,0.1217630133,0.7290045023,0.0527681410,0.0825974792
5.8891572952,0.1531962305,0.1139012426,0.1888904124,1.1156749725,-0.0835177973,0.1440155655
5.8992071152,0.1615035683,0.0706037134,0.2326845676,1.2698301077,-0.2383195013,0.1184168607
5.9092860222,0.1414988190,-0.0057663159,0.2294823676,1.1969194412,-0.3123519123,0.0907916278
5.9194149971,0.1140339449,-0.1159181744,0.1791789085,0.9529238343,-0.3539579213,0.0579167642
5.9294271469,0.0862034038,-0.2057681531,0.1112379059,0.5920591354,-0.3425936997,0.0059859236
5.9394779205,0.0495483987,-0.2697740495,0.0316767320,0.1313645542,-0.2749189138,-0.0639429614
5.9495549202,0.0262101386,-0.2923224270,-0.0236157551,-0.2439875007,-0.2008966208,-0.0882320553
5.9596571922,0.0184833501,-0.2868342400,-0.0678397790,-0.4095159173,-0.0835148022,-0.0902537256
5.9697017670,0.0278514121,-0.2129028589,-0.0860564485,-0.4993840158,0.0439960212,-0.1050324067
5.9797401428,0.0508415215,-0.1113808006,-0.0782454386,-0.5746251941,0.2035646439,-0.1049338728
5.9898347855,0.0758240297,-0.0964372605,-0.0165602341,-0.6113097072,0.2447999716,-0.0783589855
5.9999680519,0.1011523679,-0.1086988896,0.0751489028,-0.7110703588,0.1935013533,-0.0008482139
6.0099940300,0.1177671030,-0.0854500085,0.1192623004,-0.7801176310,0.0561344437,0.0171512924
6.0200190544,0.0969570354,-0.0378762931,0.1648129970,-0.7001224160,-0.0449769907,0.0255751386
6.0300989151,0.0887911990,-0.0105102202,0.2021418363,-0.4797247946,-0.2053166032,0.0381806791
6.0402278900,0.1036301926,0.0205710698,0.2354969531,-0.2425788492,-0.3337245882,0.0433644541
6.0502610207,0.1198808029,-0.0075433985,0.2432446033,-0.0708640814,-0.4323206842,-0.0108801425
6.0601239204,0.1321599036,-0.0693485886,0.2004290372,-0.0049784090,-0.5126448870,-0.0502232201
6.0703687668,0.1224514917,-0.1207691580,0.1070773229,-0.0490891412,-0.4793034196,-0.0852347314
6.0804400444,0.0980560258,-0.1794693917,0.0040324545,-0.1515223980,-0.3739709258,-0.0671054646
6.0905070305,0.0828145221,-0.2112977952,-0.0640482679,-0.2021346986,-0.2178921103,0.0158056635
6.1005792618,0.0589543693,-0.1821344346,-0.0886041895,-0.1519356817,-0.0047439532,0.0912879705
6.1106500626,0.0254414771,-0.0724105686,-0.1027831212,-0.0360959023,0.2586147189,0.1306766570
6.1207861900,0.0590314381,-0.0154174408,-0.0793965235,0.1184025705,0.3906397820,0.1551232040
6.1307840347,0.0927671865,-0.0045842365,-0.0635983720,0.1906200349,0.4251426160,0.1423805207
6.1408400536,0.0851834491,0.0015463097,-0.0607407466,0.1784860343,0.4654332101,0.1540846974
6.1508841515,0.0782063678,-0.0137307486,-0.0085036540,0.1017145589,0.4607673287,0.1923266351
6.1610450745,0.0825970247,-0.0261032116,-0.0167157426,0.0745633394,0.4023091495,0.2135394365
6.1710438728,0.0791779831,0.0109940032,-0.0216684714,0.1486708671,0.3563581705,0.2273010612
6.1811289787,0.0869010165,0.0683243722,0.0063284254,0.2819913924,0.2565107644,0.1953635812
6.1911821365,0.0956949070,0.0825233608,0.0133084869,0.4494973123,0.1502564847,0.1113858521
6.2013039589,0.0929586366,0.0088407258,0.0599017367,0.4911077023,0.0384011194,-0.0118482672
6.2112922668,0.0813803747,-0.1204493791,0.0833955035,0.3841474354,-0.0502419323,-0.1191070750
6.2213740349,0.0726811364,-0.2430859059,0.0695262775,0.1486135721,-0.0891369358,-0.2358653098
6.2315187454,0.0489134900,-0.3217366636,0.0799111947,-0.1758856773,-0.0883704796,-0.3345298469
6.2415051460,0.0341551416,-0.3634896278,0.1062760577,-0.4518766701,-0.0251953676,-0.3652189076
6.2516002655,0.0452205651,-0.3515539467,0.0867561921,-0.4974880815,0.0564773940,-0.3088912070
6.2617430687,0.0572470538,-0.2687273622,0.0714821443,-0.3588761389,0.1803173870,-0.2164891660
6.2717571259,0.0621227138,-0.1470551044,0.0862322673,-0.1243254095,0.3144125938,-0.1442794055
6.2818517685,0.0808966830,-0.0452419072,0.1021865234,0.0542128757,0.3915384710,-0.1092470586
6.2918920517,0.1137170866,0.0190819073,0.1155994758,0.1267936081,0.3935795128,-0.0561745204
6.3018941879,0.1653536707,0.0275098253,0.1257954389,0.1160630062,0.2938542068,-0.0392335504
6.3119993210,0.2048698217,0.0085373679,0.1500987560,0.0680568665,0.1863402426,-0.0275952742
6.3220691681,0.2218730003,-0.0165287089,0.1497644931,0.1069760323,0.0330966339,0.0147915995
6.3321332932,0.1914364845,0.0207622219,0.1356426030,0.2156450003,-0.0503644347,0.0879864544
6.3421888351,0.1644218117,0.0553310961,0.0973271951,0.3798746765,-0.1443504542,0.0995756015
6.3522858620,0.1517079622,0.0235943664,0.0719111785,0.4223001599,-0.2258503735,0.0740409419
6.3623790741,0.1317375451,-0.0769078881,0.0837781057,0.2673022747,-0.3091939986,0.0305065140
6.3724317551,0.0939181522,-0.2066981345,0.0405526385,-0.0932726860,-0.3276486397,-0.0384280793
6.3822560310,0.0403238647,-0.3148320615,-0.0443634167,-0.3528701961,-0.1951428652,-0.0361725837
6.3925461769,-0.0383522399,-0.3566844463,-0.0954186097,-0.4241662323,0.1059179157,0.0149622411
6.4026160240,-0.1000897810,-0.2504346967,-0.1509738415,-0.3071772456,0.4692015648,0.0809465796
6.4126610756,-0.0651466176,-0.1353327781,-0.1622354835,-0.0284244251,0.6616349816,0.0905281007
6.4227161407,0.0190237258,-0.0640427619,-0.1425953358,0.2753168046,0.6988489032,0.0203894973
6.4327888489,0.0563306920,-0.0465971380,-0.0537854210,0.4996268749,0.6759877801,-0.0433868170
6.4428691864,0.0481081717,-0.0539069325,0.0005566694,0.6290284395,0.6459374428,-0.1060802937
6.4529681206,0.0180419777,-0.0602563173,0.0261470303,0.6494647264,0.6242159009,-0.2101526409
6.4629931450,-0.0133628752,-0.0801420957,0.0225848779,0.6380723715,0.5830763578,-0.3205985725
6.4731268883,-0.0310779121,-0.0783365518,0.0049271798,0.6625154018,0.4818905890,-0.4119700491
6.4831910133,-0.0401708372,-0.0583698899,0.0249353275,0.7144863009,0.4032474160,-0.5001501441
6.4931941032,-0.0171643998,-0.0636308938,0.0517540798,0.7792240381,0.3302719891,-0.5501075983
6.5032439232,0.0170896146,-0.0765125602,0.0860404000,0.8404509425,0.2880734801,-0.5947409272
6.5134029388,0.0518854968,-0.0919473320,0.1239873990,0.8292254806,0.2334650904,-0.6552878618
6.5234632492,0.0938316658,-0.1003792137,0.1296271831,0.7764214277,0.1777420342,-0.6680421829
6.5335397720,0.1117111519,-0.1353066415,0.1306113750,0.7704788446,0.1320906579,-0.6638162732
6.5435142517,0.0789266303,-0.1473020464,0.1303759962,0.7391108274,0.1731588542,-0.6701595187
6.5536189079,0.0396849029,-0.1477620453,0.1050681099,0.7696711421,0.3188721240,-0.6584147215
6.5636978149,0.0101298783,-0.1706692129,0.1221526489,0.8473364115,0.4489625394,-0.6647400260
6.5737638474,-0.0185877588,-0.1501519531,0.1203344688,0.7482873201,0.6399967074,-0.6890408397
6.5837931633,-0.0066556833,-0.1440186650,0.0548823699,0.5456137061,0.7309804559,-0.7845062017
6.5939331055,-0.0006990336,-0.1556186825,0.0241740569,0.2506276071,0.7704256177,-0.8491813540
6.6039719582,-0.0018009447,-0.1595173031,-0.0137828970,0.0335443765,0.8129848242,-0.8660938144
6.6140751839,0.0077266791,-0.1712177545,-0.0018375895,-0.0810746104,0.8554955125,-0.8649816513
6.6240367889,0.0316258185,-0.1337625533,0.0103570437,-0.0765741915,0.9382593036,-0.8713126779
6.6341648102,0.0612163655,-0.0641416460,-0.0138442898,0.0421820208,1.0121593475,-0.9254576564
6.6441979408,0.0916133001,-0.0249737035,-0.0427588597,0.2200496644,1.0452412367,-0.9722054005
6.6543450356,0.1331725270,-0.0500210375,-0.0501017943,0.4211630821,0.9958301187,-1.0083823204
6.6643352509,0.1498297602,-0.0955718905,-0.0388768092,0.5859382153,0.9513580799,-1.0519796610
6.6744351387,0.1238429621,-0.1114156395,-0.0349214450,0.7235684991,0.9533791542,-1.0891766548
6.6844701767,0.0840641931,-0.1197362095,-0.0170343295,0.8577771783,0.9765309095,-1.1359190941
6.6945838928,0.0454557650,-0.1170810610,0.0674815997,0.8567894101,0.9679573774,-1.1476029158
6.7043681145,0.0293716881,-0.1149198562,0.1254194528,0.7084351778,0.9722762108,-1.0997799635
6.7147469521,0.0418075435,-0.1777805239,0.1558404714,0.5105596781,0.9113063812,-1.0721534491
6.7247419357,0.0179938171,-0.1854579598,0.1840664893,0.2318267375,0.9313568473,-1.0412820578
6.7348718643,-0.0077710054,-0.1391950995,0.1788326055,0.0754395276,0.9895437360,-1.0210391283
6.7448787689,-0.0062301657,-0.1060632020,0.1623903066,0.0613394156,1.0116552114,-1.0284570456
6.7549619675,0.0189676378,-0.0730363876,0.1206531152,0.0997011811,1.0160754919,-1.0528860092
6.7650771141,0.0461694114,-0.0514993817,0.0682681426,0.1582465470,1.0290921926,-1.0879341364
6.7750730515,0.0521118157,-0.0385182053,0.0288410410,0.3006425798,1.0885232687,-1.1144856215
6.7851271629,0.0647195056,-0.0528527647,0.0083534932,0.5069549084,1.1601825953,-1.1410450935
6.7952151299,0.0958644226,-0.0779649168,0.0002334930,0.6880690455,1.1890832186,-1.1824867725
6.8052902222,0.1143383458,-0.0947375149,0.0110251522,0.8150743246,1.1832811832,-1.2664058208
6.8153400421,0.1091412976,-0.1116357893,0.0254568085,0.9175767303,1.1741353273,-1.3418241739
6.8254179955,0.0976965502,-0.1355634779,0.0228738412,0.9614571333,1.1569589376,-1.4310339689
6.8354768753,0.0653302744,-0.1406481117,0.0554107055,0.8976978660,1.1251044273,-1.5117304325
6.8456130028,0.0321084373,-0.1376218349,0.1000881419,0.7781364322,1.1271121502,-1.5318737030
6.8556108475,0.0219299290,-0.1629657894,0.1483404189,0.5829808116,1.1114886999,-1.5509443283
6.8656578064,0.0208962653,-0.1700757295,0.1811021119,0.3633464575,1.0905265808,-1.5424052477
6.8757381439,0.0221262071,-0.1733300835,0.1935554296,0.1875445396,1.0625673532,-1.5264476538
6.8858160973,0.0175261591,-0.1712342054,0.1907038242,0.1024460047,1.0353373289,-1.5200680494
6.8959231377,-0.0041840575,-0.1053862125,0.1826952845,0.0562132560,1.0700188875,-1.5094209909
6.9059491158,0.0007013775,-0.0386684686,0.1434577256,0.1117456183,1.0650603771,-1.5306738615
6.9160480499,0.0229032133,-0.0095285317,0.1160494313,0.2481396794,0.9767806530,-1.5827807188
6.9260931015,0.0114249680,0.0094442824,0.0994050130,0.4162039757,0.9226695299,-1.6444340944
6.9361491203,-0.0303431656,-0.0032261149,0.0990222916,0.6043850183,0.8834933639,-1.7209509611
6.9462080002,-0.0723505542,-0.0095760366,0.1350125819,0.7200184464,0.8427197337,-1.7825853825
6.9563069344,-0.0971851274,0.0085787037,0.1484178454,0.8192794919,0.8402235508,-1.8102185726
6.9663419724,-0.0934306905,-0.0077681676,0.1353997141,0.9605068564,0.8030576110,-1.8410657644
6.9764780998,-0.0781771466,-0.0430802256,0.1501149088,1.0269212723,0.7757309079,-1.8899390697
6.9864249229,-0.0722535774,-0.0658621341,0.1727829129,0.9925021529,0.7994607687,-1.9472546577
6.9966120720,-0.0582138784,-0.0783500820,0.1902089864,0.9693595767,0.8689035177,-2.0066747665
7.0066189766,-0.0200296547,-0.0996931344,0.2546192110,0.8948920369,0.9497994781,-2.0310380459
7.0166778564,0.0523772947,-0.1384273916,0.2992260754,0.5396918058,1.0391852856,-2.0043582916
7.0265169144,0.1567122489,-0.2403954417,0.2767045200,0.1658609211,0.8541679978,-2.0510747433
7.0368099213,0.1697387844,-0.2761936188,0.2323095351,-0.1634980589,0.7034112215,-2.1105270386
7.0469460487,0.0719493106,-0.1718465835,0.1751972586,-0.4521682858,0.7525434494,-2.1624565125
7.0569448471,0.0000485278,-0.0506080538,0.1578862816,-0.5348277092,0.8006249666,-2.1634731293
7.0669970512,-0.0001603865,0.0059532984,0.1449288279,-0.3993474841,0.8048755527,-2.1815578938
7.0770468712,0.0189436767,0.0197804440,0.1396057159,-0.1511627287,0.7430108190,-2.2379269600
7.0871582031,0.0273564551,0.0365561098,0.1265902072,0.1721716672,0.6360785365,-2.3092031479
7.0972471237,0.0129772518,0.0483568758,0.0876637325,0.7292865515,0.5214238763,-2.4134581089
7.1072821617,-0.0067394874,0.0754934400,0.0532075390,1.4673182964,0.4558910429,-2.5495882034
7.1174111366,-0.0163193848,0.1459108442,0.0618647560,2.2392280102,0.4171332717,-2.6931464672
7.1274261475,-0.0083674695,0.2246675938,0.1012562141,2.9106822014,0.3947792649,-2.7899510860
7.1375670433,0.0157184098,0.2635554671,0.1418954879,3.4069824219,0.3906255364,-2.7900793552
7.1475372314,0.0516537540,0.2136127204,0.2359916121,3.6149306297,0.4121778905,-2.6924355030
7.1576480865,0.0793173686,0.1094310135,0.3506034315,3.4126017094,0.3799547255,-2.4811022282
7.1676540375,0.1225199178,-0.0137007972,0.4246501625,2.7548716068,0.3219758272,-2.1921548843
7.1778192520,0.1620498151,-0.1464651972,0.4449057281,1.7910597324,0.0251580197,-1.9956254959
7.1878290176,0.1860743910,-0.2011302263,0.4008475244,0.6281535029,-0.3273727894,-1.9402939081
7.1979007721,0.1347660571,-0.2173122913,0.3873690069,-0.4013668001,-0.5787589550,-2.0112984180
7.2079629898,0.0607102029,-0.1920015365,0.3414561450,-1.0140768290,-0.6769246459,-2.0876412392
7.2180881500,0.0278574619,-0.1045473963,0.2732068002,-1.2086952925,-0.6418529153,-2.1438496113
7.2281088829,0.0219680760,-0.0002133982,0.1920859367,-0.9745798111,-0.5799633265,-2.2415623665
7.2382159233,0.0226188395,0.0864568800,0.1547432691,-0.4064873457,-0.5143571496,-2.3797078133
7.2482209206,0.0193124805,0.1536763757,0.1405966431,0.3902767003,-0.4775527716,-2.5221734047
7.2583332062,0.0239974353,0.2244122475,0.0838868245,1.3304293156,-0.4763785899,-2.6254060268
7.2683620453,0.0322364084,0.2675082088,0.0222326145,2.3659062386,-0.4032983184,-2.7318129539
7.2784509659,0.0245485697,0.3022055030,0.0651349649,3.2485423088,-0.3047288656,-2.7925105095
7.2884721756,0.0082572196,0.4101257324,0.0904592499,3.6446604729,-0.2128177881,-2.7341656685
7.2986087799,0.0070862868,0.5164768696,0.1245981082,3.6988613605,-0.1864490360,-2.6683347225
7.3086042404,0.0661888644,0.4744969606,0.1658595353,3.5657567978,0.0960086212,-2.7838964462
7.3187708855,0.2142194510,0.3059872389,0.2159353048,3.2546827793,-0.0635155290,-2.7477960587
7.3287668228,0.3541677594,0.1166254729,0.2552789152,2.5858459473,-0.7014265060,-2.2064263821
7.3389048576,0.4066028297,-0.1098969132,0.3273555934,1.7363853455,-1.5314800739,-1.7617313862
7.3486361504,0.3492504358,-0.2756502032,0.3567165434,0.7779161334,-2.3633401394,-1.6111292839
7.3588562012,0.2199329883,-0.2314517051,0.2426461130,0.0420937352,-2.8476343155,-1.6685215235
7.3688449860,0.0637176484,-0.0098225018,0.0956893787,-0.1736436188,-3.0531983376,-1.8235920668
7.3789882660,-0.0376699083,0.2591958642,0.0944566354,-0.1754782647,-2.7826437950,-2.1504905224
7.3891658783,-0.1122571304,0.4333161712,0.0161855444,0.2348832190,-2.2286086082,-2.6780295372
7.3993449211,-0.1385467499,0.4072235227,0.0020809986,1.1168994904,-1.5632872581,-3.2066972256
7.4093470573,-0.1122516915,0.2195094079,0.1573937088,2.0959007740,-0.9759328365,-3.4551160336
7.4193868637,-0.0468206741,-0.0562857538,0.4250788391,2.9843080044,-0.7026634812,-3.4191038609
7.4294428825,0.0622511171,-0.3497902155,0.6760964394,3.9933645725,-0.8434764147,-3.0955812931
7.4395098686,0.1703092605,-0.4483644366,0.7320830226,4.5062131882,-1.1850899458,-2.4715442657
7.4496378899,0.1828015894,-0.3034659326,0.5900574327,3.8974773884,-1.5309462547,-1.8089994192
7.4596428871,0.0775688365,-0.1745475680,0.3450866640,2.6827285290,-1.7996733189,-1.3618078232
7.4696903229,-0.0743764266,-0.1896442622,0.1000884995,1.1295452118,-2.2867476940,-1.2384876013
7.4797759056,-0.2318657488,-0.2674686015,-0.0173645392,0.3946092725,-2.6804924011,-1.8936276436
7.4898428917,-0.3768033981,-0.3555559218,-0.9138949513,0.4032091498,-1.9417829514,-1.8762725592
7.4999132156,-0.2856477201,0.3609417081,-1.8276939392,-2.4214673042,-3.9159374237,-0.6119387150
7.5099658966,-0.0845305845,2.1075847149,-1.2684576511,-1.6977247000,-3.2634577751,1.8229085207
7.5200691223,-0.7718721628,2.4683294296,-1.4055167437,0.6245101094,-0.3030506968,1.4712802172
7.5301837921,-1.5969319344,1.7524187565,-0.9694481492,1.5306699276,0.9021380544,0.3864924610
7.5401711464,-0.9477994442,0.8459405899,-0.4820740521,1.4657902718,1.0661591291,-0.0837861076
7.5502347946,-0.0658677742,0.4524435699,-0.1872653216,1.7152851820,1.0943512917,0.0000468746
7.5603017807,0.1990610510,0.3588899076,0.0276518092,1.5448740721,1.1612458229,-0.0901293531
7.5704078674,0.2172693163,0.1310442835,0.1574890167,1.4101514816,1.2614910603,-0.6464269757
7.5804519653,0.2701383829,-0.1124111861,0.2735842168,1.3895213604,1.2638993263,-1.2261627913
7.5905160904,0.3536553979,-0.2529791594,0.3898411691,1.3077465296,1.1214339733,-1.1593197584
7.6005830765,0.4420544207,-0.3051101565,0.5175444484,0.9555099010,0.7301064134,-0.6540094614
7.6107177734,0.4727056324,-0.3291428089,0.5762034059,0.5236109495,0.0887740180,-0.1413713694
7.6206879616,0.4353626966,-0.2836989462,0.5667857528,0.3434326053,-0.4470619857,0.1026205197
7.6307830811,0.3262571096,-0.1812643558,0.4694216549,0.3744256794,-0.7728668451,0.0536078364
7.6408538818,0.1860674173,-0.1124391705,0.3613083661,0.5158970952,-1.0562378168,-0.1451260298
7.6509637833,0.0597269647,-0.0604378730,0.2372066528,0.6501700282,-1.1467336416,-0.2089140713
7.6609888077,-0.0468448587,0.0147770504,0.0308755264,1.0283174515,-1.0695437193,-0.1059770286
7.6707773209,-0.1365750879,0.1697686166,-0.1875472516,1.4103877544,-0.8499745727,0.0214524306
7.6811242104,-0.2484237999,0.3469622731,-0.3626920283,1.4831056595,-0.5434876084,0.0608736090
7.6911921501,-0.3717547357,0.4370424151,-0.4410203993,1.1872003078,-0.0897799507,0.0643606782
7.7013230324,-0.4562683403,0.4035467505,-0.4093050063,0.5162202716,0.3066808283,0.0902122483
7.7113161087,-0.4261265397,0.2964748740,-0.3552064002,-0.3043927550,0.5130508542,0.1298088580
7.7214579582,-0.2902157903,0.1832048446,-0.2884046137,-1.4212913513,0.9002534747,0.3097299039
7.7315168381,-0.1224051043,-0.0267023575,-0.1619020551,-2.3108720779,0.8557386994,0.3704566360
7.7415161133,0.0237208400,-0.2093750685,0.0432891473,-2.7171063423,0.7133597136,0.3970336318
7.7516059875,0.1413314492,-0.2858804166,0.1657202393,-2.6710412502,0.6028226614,0.6326854825
7.7617292404,0.1979020983,-0.1295137852,0.2385943681,-2.7829000950,0.6019099951,0.9682419300
7.7717680931,0.1612555236,0.0861941725,0.2767222822,-2.8900518417,0.6515983939,1.0840313435
7.7818560600,0.0891400650,0.2098259479,0.1556519419,-2.6557288170,0.6946403980,1.0245325565
7.7918729782,0.0092701707,0.3425124288,0.0009878493,-2.4271609783,0.7945457101,1.2315756083
7.8019428253,-0.1076024696,0.5076793432,-0.1593016237,-2.3284363747,0.9727239609,1.5746005774
7.8120098114,-0.2422758788,0.5380963683,-0.3281283677,-1.9608236551,1.1492998600,1.7996964455
7.8220777512,-0.3182099462,0.5342967510,-0.3939451277,-1.8034833670,1.3234021664,1.9271594286
7.8321318626,-0.3099730611,0.4932569861,-0.3175227940,-1.9185930490,1.3122287989,1.9951379299
7.8422651291,-0.2160088569,0.3398765922,-0.1691303104,-2.0772690773,1.1778090000,2.0970439911
7.8523001671,-0.1002235487,0.2790449262,-0.0243835822,-2.4531807899,0.9982846379,2.2446391582
7.8623437881,-0.0183316078,0.3239992857,0.0870617852,-2.8862605095,0.8726902008,2.2776021957
7.8724050522,0.0316209458,0.2715982795,0.1395791322,-2.9098851681,0.8813626766,2.1746177673
7.8824939728,0.0570415221,0.2028033584,0.1472973377,-2.6347358227,0.9007504582,2.1756196022
7.8925561905,0.0627371445,0.2706648707,0.0952561721,-2.3762032986,0.9900296330,2.3401777744
7.9026203156,0.0405950360,0.3648132682,0.0524620637,-1.9903405905,1.1513695717,2.4824414253
7.9126701355,-0.0014423557,0.4335471988,-0.0082371021,-1.5252035856,1.3826938868,2.5111074448
7.9227662086,-0.0608334430,0.4484102130,-0.0491236821,-0.9947286844,1.5853580236,2.4505515099
7.9328079224,-0.1116859317,0.4209915400,-0.0594554320,-0.5791361928,1.7546231747,2.4664568901
7.9428849220,-0.1524668783,0.3962640166,-0.0487884656,-0.4509430528,1.8552206755,2.5885815620
7.9529361725,-0.1848300695,0.3335528374,-0.0123149538,-0.5833199024,1.8653246164,2.6884307861
7.9630460739,-0.1900358349,0.2591846585,0.0206756815,-1.0017619133,1.7707197666,2.7352087498
7.9731049538,-0.1601952463,0.1597050875,0.0492514595,-1.6656289101,1.5633207560,2.7363343239
7.9830751419,-0.1011573076,0.0565077513,0.0634346828,-2.4058861732,1.2069005966,2.7681982517
7.9932117462,-0.0215035286,-0.0269005429,0.0426350459,-3.1147065163,0.8055359125,2.8626782894
8.0032882690,0.0397022329,-0.0748512298,0.0445065722,-3.7732491493,0.3990190327,3.0760641098
8.0132989883,0.0821160749,-0.1070832163,0.0992544517,-4.1868581772,0.0468856171,3.3276383877
8.0249805450,0.0935782269,-0.1182394773,0.1920150071,-4.1726341248,-0.2942712009,3.5504422188
8.0334272385,0.0957438424,-0.0427179486,0.2973808944,-3.7565777302,-0.5865551233,3.7328212261
8.0435409546,0.0933135822,0.1795842499,0.3405195177,-3.2113258839,-0.6753443480,3.8685486317
8.0537490845,0.0788356140,0.4384166598,0.3065359890,-2.5090765953,-0.5765123367,3.7643635273
8.0637063980,0.0369532816,0.6061567664,0.2384702116,-1.4234225750,-0.5111280084,3.5496370792
8.0737466812,0.0041360953,0.6765041351,0.1210226044,-0.2281984687,-0.4036618471,3.4580721855
8.0838851929,-0.0708544180,0.6000517011,0.0855363831,0.7169252038,-0.2531157434,3.4738342762
8.0939397812,-0.1710995883,0.4231077433,0.0845309719,1.1730269194,-0.0744475275,3.5757403374
8.1040134430,-0.2456161231,0.2039543241,0.0788759217,1.2142968178,0.0694585070,3.6214592457
8.1140089035,-0.2719065547,-0.0106577417,0.1359554678,0.8548069000,0.0512629226,3.5907487869
8.1241455078,-0.2235848159,-0.1578617841,0.2075302154,0.0412244797,-0.1232268512,3.6322784424
8.1342229843,-0.1241843626,-0.2938696146,0.2681307495,-1.0064597130,-0.3655303121,3.6770203114
8.1442499161,-0.0245923903,-0.4274480343,0.3191844523,-1.9148863554,-0.8730062842,3.7130987644
8.1542940140,0.0790652707,-0.4310765862,0.3946257532,-2.6672031879,-1.4050499201,3.8404388428
8.1644096375,0.1463208348,-0.3152341843,0.4814222157,-3.1944582462,-1.9245039225,3.9698529243
8.1744174957,0.1369408518,-0.0878331810,0.5177231431,-3.2705855370,-2.2097578049,3.9368143082
8.1845531464,0.0710879043,0.1187907308,0.4430843294,-2.7977266312,-2.2316451073,3.6892843246
8.1945371628,-0.0044325492,0.2490315884,0.3165399134,-1.9874606133,-2.0622560978,3.3578813076
8.2046403885,-0.0705912039,0.2717817426,0.1720404178,-1.0365468264,-1.8644404411,3.1294519901
8.2146863937,-0.1142347381,0.1752474159,0.1071763262,-0.2048179656,-1.8042082787,2.9530122280
8.2247848511,-0.1543247551,0.0370591730,0.1060259566,0.2261251807,-1.7919460535,2.7915153503
8.2348175049,-0.1712491363,-0.0928692371,0.1105203852,0.3458368182,-1.8171976805,2.6640570164
8.2449426651,-0.1659513563,-0.2026174217,0.1070394143,0.3126660585,-1.9175418615,2.6162343025
8.2549409866,-0.1515183896,-0.2621672153,0.1298776418,0.0982746929,-2.0349769592,2.6310954094
8.2650690079,-0.1387166828,-0.2882646918,0.1671962291,-0.3854166269,-2.1189639568,2.6035695076
8.2750730515,-0.1149090454,-0.3492327332,0.2239349633,-0.9074136615,-2.2150194645,2.5664906502
8.2851848602,-0.0710074827,-0.4165330529,0.2690318525,-1.2575378418,-2.4196307659,2.5749716759
8.2952108383,-0.0865634009,-0.3733742237,0.3105625808,-1.4490264654,-2.4771823883,2.6302061081
8.3053541183,-0.1667474359,-0.2434948832,0.3047183454,-1.4944466352,-2.2060422897,2.6144258976
8.3151979446,-0.2106971592,-0.1267564148,0.2248805314,-1.3372980356,-1.8138655424,2.5009694099
8.3254814148,-0.1721455902,-0.0746205598,0.1506746560,-0.9572330713,-1.6237903833,2.3385126591
8.3354368210,-0.1261845082,-0.0488449186,0.0961637124,-0.5675265789,-1.5463969707,2.1314005852
8.3455810547,-0.1203650758,-0.0526574999,0.0272390470,-0.1979477406,-1.4852836132,1.8956178427
8.3556365967,-0.1339560002,-0.1113759428,-0.0314997807,0.1688967943,-1.4696892500,1.6799868345
8.3657159805,-0.1544691771,-0.1595797390,-0.0676628724,0.4502368569,-1.4362084866,1.5557016134
8.3757476807,-0.1654773206,-0.2179852277,-0.0709761754,0.6027143598,-1.4280791283,1.4590437412
8.3858566284,-0.1681011170,-0.2695106268,-0.0488362685,0.5844751596,-1.4235142469,1.3698595762
8.3958654404,-0.1632881612,-0.3018117547,-0.0165706649,0.4208650589,-1.3969861269,1.2637349367
8.4060239792,-0.1442464441,-0.3275347054,-0.0010185622,0.1855215132,-1.3489395380,1.1364028454
8.4163293839,-0.1068810150,-0.3220310211,0.0105072474,-0.0132990833,-1.3250344992,1.0005549192
8.4260864258,-0.0743752643,-0.3062727451,0.0414830670,-0.1198508292,-1.2417763472,0.8933818340
8.4361553192,-0.0458818562,-0.2896719575,0.0608613119,-0.1198597178,-1.1393750906,0.8127354980
8.4462184906,-0.0397278555,-0.2817307115,0.0860747322,0.0251035932,-0.9101046324,0.7926390171
8.4563541412,-0.0495117791,-0.2761046588,0.0526524410,0.2658007741,-0.6492052674,0.7757192850
8.4663610458,-0.0716910288,-0.2231219560,0.0055113053,0.4575478435,-0.4049406350,0.7142083049
8.4764213562,-0.0872171447,-0.1679270118,-0.0397956148,0.5173770785,-0.2057560235,0.5879391432
8.4864377975,-0.0611355789,-0.1990529448,-0.0944318548,0.4847405851,-0.1517567039,0.4510023296
8.4965639114,-0.0305822399,-0.2505614161,-0.0947618857,0.2877781093,-0.2051366270,0.3395371139
8.5066299438,-0.0389784463,-0.2737480402,-0.0900925770,0.0088905618,-0.1751561016,0.2663587928
8.5166893005,-0.0532961972,-0.2886748314,-0.0758324042,-0.2722410262,-0.1346114725,0.1889387071
8.5267686844,-0.0559878834,-0.2628837228,-0.0441128388,-0.4403389394,-0.0845634863,0.1157422513
8.5369052887,-0.0477413423,-0.1904111058,-0.0258136764,-0.5175002217,-0.0583274886,0.0117190434
8.5469388962,-0.0308574345,-0.1355894059,0.0215643272,-0.4847463071,-0.0287043471,-0.0456116237
8.5569696426,-0.0070931218,-0.1019276530,0.0554779395,-0.3919065595,-0.0278790332,-0.0435117222
8.5670328140,0.0183639619,-0.0953584462,0.1013759002,-0.2396293879,0.0076483339,-0.0063696792
8.5771017075,0.0348013155,-0.0802785009,0.1190906987,-0.1088626012,0.0599999540,0.0360952206
8.5871772766,0.0488481633,-0.0230212640,0.0969018564,0.0188072138,0.1004863977,0.0530718081
8.5972385406,0.0773677304,-0.0004708307,0.0791139230,0.2323577106,0.0907408968,0.0625699088
8.6073389053,0.1051967815,0.0032220348,0.0935805663,0.4114374518,0.0052398378,0.0539873354
8.6173429489,0.0983729437,0.0325509757,0.0851326212,0.4534879625,-0.0354617201,0.1017348245
8.6274185181,0.1042317823,0.0052015050,0.0605424270,0.3908043504,-0.0611987785,0.1442098320
8.6384735107,0.1130966023,-0.0568422824,0.0777385458,0.1607682705,-0.1075951010,0.1718527228
8.6487312317,0.1182842925,-0.0877729207,0.0795893297,-0.1804822683,-0.1327688992,0.1857301891
8.6583023071,0.1138980463,-0.1086327583,0.0872789249,-0.4673447013,-0.1555394530,0.1698649377
8.6683826447,0.1109803393,-0.1214123815,0.0869681463,-0.6553153992,-0.1424159259,0.1561158299
8.6779222488,0.1265472919,-0.1402819306,0.1075059995,-0.7895812988,-0.1639023870,0.1327802092
8.6882791519,0.1293878108,-0.1610764116,0.1324320585,-0.8833426237,-0.1808177233,0.1051888093
8.6977453232,0.1228624657,-0.1964964420,0.1299010068,-0.9407223463,-0.2093297839,0.0404196642
8.7079715729,0.1043226197,-0.2235514373,0.1121607646,-0.9517965913,-0.2811635137,-0.0583607107
8.7178621292,0.0687096193,-0.2087339610,0.0713151321,-0.8876641393,-0.2960258126,-0.1454522014
8.7280130386,0.0390347354,-0.1726422161,0.0381559953,-0.6979192495,-0.2754278481,-0.1699114740
8.7380132675,0.0372967832,-0.1375165731,0.0168443546,-0.4487557113,-0.2178929001,-0.1423408389
8.7481451035,0.0625712946,-0.1015219539,-0.0028555773,-0.2908707559,-0.2099673450,-0.1147701889
8.7580451965,0.0863289312,-0.0403036028,-0.0012021444,-0.2794211507,-0.1788965762,-0.0839637369
8.7682714462,0.1108146980,-0.0171917211,-0.0007925414,-0.3838772774,-0.1914118379,-0.0733254775
8.7782840729,0.1273128539,-0.0189267825,0.0216564760,-0.6198630929,-0.1762325615,-0.0329096764
8.7883949280,0.1241605356,-0.0317446142,0.0393565521,-0.9274581671,-0.1499375701,0.0181479156
8.7983856201,0.1142140701,-0.0503813177,0.0638572797,-1.2447152138,-0.1172701642,0.0830142573
8.8085174561,0.1170400456,-0.0458291918,0.0813778266,-1.5030738115,-0.1054073796,0.1329903454
8.8185491562,0.1101845577,-0.0157827865,0.0816863403,-1.6409400702,-0.0840857774,0.1701983660
8.8286819458,0.1072191074,0.0204639304,0.0400760993,-1.5073701143,-0.0985864252,0.2083819658
8.8386840820,0.0915212706,0.0536972433,0.0090909218,-1.1669400930,-0.0966758728,0.2082983404
8.8488130569,0.0591235273,0.0837563425,-0.0302566066,-0.6561200023,-0.0617743507,0.1572197080
8.8588180542,0.0256022904,0.0811035484,-0.0735658184,-0.0162580945,-0.0171518214,0.1220388934
8.8691062927,0.0053645470,0.0566674620,-0.0920390263,0.6347838640,0.0862387493,0.1346668154
8.8791255951,0.0088507626,0.0104291895,-0.0880007520,1.2266002893,0.1385198087,0.1993110478
8.8892517090,0.0548257343,-0.0205198657,-0.0785348788,1.5431764126,0.1809745878,0.2650834024
8.8992519379,0.1093396619,-0.0357517749,-0.0659941807,1.5743484497,0.1577424258,0.2406436354
8.9093914032,0.1466948539,-0.0701874048,-0.0088166380,1.2983295918,0.1145254448,0.1663662046
8.9193830490,0.1444068700,-0.1174488515,0.0517929420,0.7629408240,0.0766921118,0.1261348426
8.9294652939,0.1328664571,-0.2031201869,0.0736057386,0.0987044945,0.0113165723,0.1029112712
8.9395322800,0.1081287935,-0.2536135316,0.0728945360,-0.4962449372,-0.0460609682,0.0743653774
8.9496078491,0.0630283430,-0.2248762399,0.0713330135,-0.8810008764,0.0088901659,0.0670579299
8.9595651627,0.0265253279,-0.1646820754,0.0618074760,-0.9771080613,0.0144178895,0.0670844987
8.9697227478,0.0026607013,-0.1014632136,0.0765860900,-0.8865155578,0.0257301982,0.0532637537
8.9798612595,-0.0124362614,-0.0704415292,0.0684623346,-0.6196333170,0.0161678530,0.0192136448
8.9898586273,-0.0065851114,-0.0546112806,0.0630439147,-0.1796518862,-0.0129591394,0.0074075856
8.9999208450,0.0100023840,-0.0187896919,0.0634308681,0.3794088662,0.0060155503,0.0529327914
9.0099945068,0.0352451913,0.0065733655,0.0854910240,0.9584024549,-0.0481755137,0.0793036744
9.0201396942,0.0481016748,0.0324464291,0.0530718192,1.4453725815,-0.0800622776,0.0696086437
9.0301523209,0.0230563972,0.0266062785,0.0228900537,1.6607178450,-0.0593791008,0.0239069331
9.0402164459,-0.0110176709,-0.0274547469,0.0305544958,1.5481350422,-0.0085492115,-0.0036453318
9.0503139496,-0.0218987968,-0.1389829665,0.0398764238,1.1025080681,0.0488874502,-0.0364192575
9.0603408813,-0.0076427362,-0.2787339687,0.0276115760,0.5056865215,0.0710352957,-0.0712967440
9.0703945160,-0.0168360379,-0.3353462219,-0.0142580653,-0.0778711811,0.1549317837,-0.0923426449
9.0804491043,-0.0354432948,-0.2749529779,-0.0664680377,-0.4389074147,0.2905751765,-0.1240380481
9.0905313492,-0.0149942543,-0.1578557640,-0.0824813619,-0.5494483709,0.4571244717,-0.1451627910
9.1005992889,0.0406836383,-0.0671017617,-0.0847900286,-0.4446350634,0.5395283699,-0.1780624837
9.1106834412,0.0864370540,-0.0413683206,-0.0573743954,-0.2176471949,0.5710625648,-0.2025257349
9.1206979752,0.0771590546,-0.0285647940,0.0123116588,0.0359747224,0.6082952023,-0.2025726736
9.1308002472,0.0382030718,0.0026461347,0.0600052103,0.3395220637,0.6705271602,-0.1781972945
9.1409311295,0.0154736135,0.0191871691,0.0565806851,0.6452475190,0.7261201739,-0.1984205395
9.1509342194,0.0291480515,-0.0063641802,0.0104819154,0.9591452479,0.7105742097,-0.2367327809
9.1609869003,0.0453784578,-0.0205309521,-0.0166718140,1.2430040836,0.6022511125,-0.3058771491
9.1710700989,0.0045546987,0.0006839199,-0.0330392495,1.5613136292,0.5706127882,-0.3771143258
9.1812038422,-0.0401441343,0.0026657148,-0.0396185294,1.9850151539,0.5677239895,-0.4111992419
9.1912202835,-0.0514607914,0.0207261015,-0.0362326875,2.3200674057,0.5727104545,-0.4208380282
9.2011718750,-0.0303214099,0.0188735593,-0.0350140706,2.4997618198,0.5281558633,-0.4973565638
9.2113246918,-0.0223518517,-0.0373641998,-0.0109445238,2.4705893993,0.4519265890,-0.5950728059
9.2214384079,-0.0296298172,-0.0971599370,0.0116371727,2.1837286949,0.4243787527,-0.6926988363
9.2315235138,-0.0364395268,-0.1805281937,0.0265763626,1.7762485743,0.3989471793,-0.7924171686
9.2415866852,-0.0479092486,-0.2731317282,0.0618731603,1.3300405741,0.4051280618,-0.8740594983
9.2516212463,-0.0633881018,-0.3285123706,0.0868486986,0.8916476369,0.4835522771,-0.9524821043
9.2617454529,-0.0863808319,-0.3219077289,0.0795347914,0.5495208502,0.6466727257,-1.0266407728
9.2717685699,-0.1071222350,-0.2830066085,0.0518141016,0.3629874289,0.8300087452,-1.1379907131
9.2816400528,-0.1188494489,-0.2573019564,0.0372831449,0.3484891951,0.9913635850,-1.2706300020
9.2919082642,-0.1252460331,-0.2498939186,0.0422825441,0.4196041226,1.1278835535,-1.4213553667
9.3019580841,-0.1309851259,-0.2439837307,0.0406559333,0.5101881027,1.2379986048,-1.5795321465
9.3121128082,-0.1345407814,-0.2390299588,0.0015958763,0.5859709978,1.3341685534,-1.7408968210
9.3220548630,-0.1269230098,-0.2856324315,-0.0619061366,0.6656718850,1.3569219112,-1.9384003878
9.3321647644,-0.1320860833,-0.3203714490,-0.0860214010,0.7984863520,1.2984830141,-2.1285252571
9.3422145844,-0.1733469218,-0.2872574925,-0.1036672965,1.0399937630,1.2569577694,-2.3112361431
9.3522872925,-0.2232640833,-0.2169058174,-0.1230718270,1.3771573305,1.2556678057,-2.4727158546
9.3623485565,-0.2334003299,-0.1678901464,-0.1050798669,1.7269263268,1.2746906281,-2.6278181076
9.3724689484,-0.2105522007,-0.1770730764,-0.0396958962,2.0856881142,1.2481229305,-2.7893159389
9.3825082779,-0.1848224252,-0.2005820423,0.0508603677,2.4131495953,1.1513737440,-2.9317283630
9.3925914764,-0.1693330854,-0.2012353688,0.1374837309,2.6424584389,1.0504803658,-3.0900449753
9.4026117325,-0.1631455272,-0.1970323473,0.1867168695,2.8171911240,0.9627389908,-3.2738249302
9.4127082825,-0.1730278581,-0.1813318878,0.2023362666,2.9835906029,0.8547635078,-3.4576122761
9.4228076935,-0.2042399496,-0.1604160815,0.2329076082,3.1335024834,0.7967430353,-3.6063301563
9.4328517914,-0.2353285402,-0.1721274406,0.2950914800,3.2922220230,0.7123628855,-3.7412610054
9.4428768158,-0.2505123615,-0.1912645251,0.3537358940,3.3344867229,0.6407881379,-3.8719096184
9.4529409409,-0.2469175905,-0.1973107904,0.3759700954,3.2262654305,0.5700066090,-4.0046420097
9.4630479813,-0.2144732922,-0.2220443636,0.3860557973,3.0173203945,0.4312536716,-4.1745457649
9.4731159210,-0.1812235564,-0.2600869536,0.4153579772,2.5047729015,0.3428486884,-4.3528418541
9.4831457138,-0.1558612436,-0.3257769644,0.4255923331,1.7656033039,0.1881190389,-4.4727158546
9.4932403564,-0.1280116290,-0.4313570559,0.4468303025,0.9144116640,-0.0733676851,-4.5416474342
9.5032873154,-0.1421285719,-0.4730466604,0.4725520313,0.0430560708,-0.3456006050,-4.6042075157
9.5133838654,-0.2077692598,-0.3890650868,0.4556021988,-0.5634591579,-0.5285027623,-4.6657290459
9.5234184265,-0.2331427783,-0.2361489683,0.3418746293,-0.7095189095,-0.6556871533,-4.7729969025
9.5335083008,-0.2115608305,-0.0469781905,0.2103772908,-0.3939372897,-0.7387732267,-4.9196472168
9.5435771942,-0.1789590567,0.1317774504,0.1154887304,0.2245119959,-0.6940659285,-5.0758676529
9.5536441803,-0.1560659856,0.2758812904,0.0991759524,1.0445530415,-0.5295885205,-5.1970381737
9.5636882782,-0.1357762963,0.3680647612,0.0893649086,1.9201775789,-0.3706755340,-5.2693815231
9.5737466812,-0.1096205637,0.3622905016,0.2262756377,2.6291160583,-0.1871555001,-5.2503581047
9.5838460922,-0.0800818130,0.2681691647,0.3726154268,2.7798635960,-0.1989074349,-4.9764595032
9.5939216614,-0.0360900052,0.1606956571,0.3892988861,2.1368861198,-0.4389709234,-4.4794936180
9.6037302017,-0.0044755540,0.0599338859,0.3931809962,0.6052547693,-0.8230745792,-4.0524525642
9.6140823364,-0.0112109538,-0.0036690370,0.3914531171,-1.4116036892,-1.3601326942,-3.8133041859
9.6241321564,-0.0522578098,-0.0160179269,0.4320363700,-3.0088150501,-2.0297756195,-3.6401591301
9.6342229843,-0.1063041463,0.1096426696,0.3590450585,-3.7388379574,-2.5499742031,-3.5160031319
9.6442203522,-0.1411561668,0.3083344102,0.1628918201,-3.4899604321,-2.7880711555,-3.5873260498
9.6543521881,-0.1351485699,0.5646887422,-0.0516515151,-2.3585901260,-2.5968222618,-3.7627148628
9.6643581390,-0.1127114967,0.8635109067,-0.1889374703,-0.7864418626,-1.9862854481,-4.0165786743
9.6744270325,-0.0725181550,1.0919054747,-0.2675336897,1.6527876854,-1.2277247906,-4.5371007919
9.6844701767,0.0560506992,1.1960422993,-0.3774813712,4.0812711716,-0.6595788598,-4.7912044525
9.6945886612,0.1143892705,1.2797056437,-0.2694139183,5.2303514481,-0.3526316881,-3.6817631721
9.7046279907,0.0401612855,0.8892661333,-0.1091832295,5.5125904083,-0.2409355938,-2.7144808769
9.7147111893,-0.1007253453,0.3554482460,-0.0137641216,5.2848887444,-0.4920541048,-2.1910815239
9.7247762680,-0.1351117343,0.0382534713,0.0518421158,4.6328330040,-0.7877549529,-1.7525399923
9.7348337173,-0.0684580728,-0.0023458139,0.1502711922,3.3264269829,-1.1690599918,-1.1981396675
9.7449102402,0.0239440743,0.1095686704,0.2065339833,1.7762639523,-1.7249736786,-0.7329550385
9.7549705505,0.0849670246,0.2092067450,0.2326996475,0.6063003540,-2.2155191898,-0.5162959695
9.7650299072,0.0860465541,0.3461511433,0.2243533880,-0.2063891739,-2.3802404404,-0.6053638458
9.7750902176,0.0329790376,0.4860934615,0.1689592749,-0.8413288593,-2.0926952362,-1.0584471226
9.7852325439,-0.0652344450,0.4217306077,0.0396109447,-0.8393740654,-1.6898673773,-1.7717751265
9.7952356339,-0.1152997240,0.2612384260,-0.0952510014,-0.4390988350,-1.1930024624,-2.2664270401
9.8052949905,-0.0938486680,0.1161619872,-0.1202102080,0.0823582262,-0.8342005610,-2.2908015251
9.8153705597,-0.0205336716,0.0966088325,-0.1126722470,0.3039119244,-0.7692087889,-1.8958361149
9.8255147934,0.0425492339,0.1531254500,-0.0851806179,0.2773846388,-0.9784608483,-1.5678377151
9.8355121613,0.0521209352,0.2089882940,-0.1081326976,0.6389377713,-1.1589301825,-1.4140588045
9.8455696106,0.0496046059,0.3541742861,-0.1975023597,0.9493911266,-1.3586101532,-1.3717664480
9.8555793762,-0.0217047539,0.3221164942,-0.3337554038,1.6648187637,-1.2931888103,-1.4101401567
9.8657455444,-0.1576225013,0.2446563691,-0.8440689445,2.2290592194,-0.8871808052,-0.4353486001
9.8757743835,-0.2705554962,0.6478655338,-0.8769837022,1.9530814886,-0.7566044331,0.7582487464
9.8858318329,-0.4911758304,0.9780131578,-0.7854533792,1.6465181112,-0.0799146742,0.9625315666
9.8958883286,-0.6933290958,0.5434336662,-0.5820160508,1.4519139528,0.3508979678,0.4106606841
9.9060430527,-0.4624274969,0.1700417250,-0.2761282027,0.9659072161,0.3778737783,0.1538407654
9.9160404205,-0.1101715788,0.1440237612,0.0755701885,0.1398004740,0.3891117871,0.2177640945
9.9258575439,0.1186600700,0.1430505663,0.1492234021,0.0396610722,0.3652478158,0.1094745696
9.9359855652,0.2017745823,0.1535814553,0.1673606187,-0.1812052578,0.3457068801,-0.1506198645
9.9460840225,0.2151897997,0.0983348340,0.2440108806,-0.2260662019,0.3375783861,-0.3608487248
9.9560203552,0.2602928579,0.0591407269,0.2429997474,0.0274589993,0.1721610576,-0.3578109741
9.9664888382,0.2851918340,0.1482022852,0.2525175512,0.2854035497,-0.0044751735,-0.2910714746
9.9764642715,0.2572943568,0.2105630189,0.3162949979,0.8296234608,-0.1060111225,-0.3188671470
9.9864635468,0.1995121688,0.2374246269,0.3410886824,1.4383046627,-0.0407728627,-0.4049944282
9.9966678619,0.1148108616,0.2435052246,0.3209693134,1.7837280035,0.0928792134,-0.5494200587
10.0072240829,0.0405103974,0.1426057965,0.2533490360,1.9699136019,0.1423747241,-0.6938471198
10.0168313980,0.0180961881,-0.0218729805,0.1818691045,1.7898932695,0.1102311686,-0.6630253196
10.0270843506,0.0194968376,-0.1564590782,0.0446861610,1.4916239977,-0.0371788591,-0.4135008752
10.0368480682,0.0280668829,-0.1798742265,-0.1559024304,1.3070285320,-0.3328259587,0.0578370728
10.0468750000,-0.0145985987,-0.0150491735,-0.2945579588,0.8716573715,-0.4280954897,0.3509565592
10.0569906235,-0.1506529599,0.0339941680,-0.4119430482,0.5705617070,-0.3075967729,0.3574640155
10.0670900345,-0.2513118684,-0.0457104594,-0.4554082453,0.2369837910,0.0774390623,0.4575511813
10.0770874023,-0.2739233971,-0.0799491704,-0.3797383010,-0.3290490210,0.2326488942,0.6096096635
10.0871391296,-0.2238857597,0.0357050896,-0.2589999735,-1.1545968056,0.1900405139,0.7138526440
10.0972347260,-0.1807473153,0.1837388128,-0.1376035661,-2.1832988262,0.4934419394,0.6165798903
10.1073026657,-0.1508242339,0.0994044393,-0.0782527104,-2.5337789059,0.7361281514,0.3885035217
10.1174488068,-0.0846443102,0.0000695152,0.0326862559,-2.3541228771,0.8079165816,0.4171623290
10.1274394989,-0.0101311114,0.1631586701,0.0850840434,-2.0881636143,0.9146570563,0.8089531660
10.1375379562,-0.0003322863,0.4210747480,0.0154651022,-1.6197859049,1.0560261011,1.1953996420
10.1475772858,-0.0473851450,0.6716256142,-0.1586338133,-1.2748588324,1.3661023378,1.4205676317
10.1577234268,-0.1745035201,0.8067412376,-0.3542879522,-0.9635191560,1.7220607996,1.5671945810
10.1676931381,-0.2970110476,0.7588956952,-0.4872315824,-0.6985421181,2.0265128613,1.8507798910
10.1779756546,-0.3382642865,0.6588004827,-0.5239793062,-0.8609062433,2.1662781239,2.1853575706
10.1879024506,-0.2880201340,0.5100396872,-0.4551441967,-1.4026888609,2.1464562416,2.4753572941
10.1979103088,-0.1861360371,0.3557139039,-0.3364941776,-2.1540710926,2.0585875511,2.6995437145
10.2079486847,-0.0930280909,0.1982405931,-0.2519605458,-2.8868763447,1.8177245855,2.8684346676
10.2180471420,-0.0061595938,0.1305575222,-0.1567004174,-3.6002025604,1.3371467590,3.0255219936
10.2281637192,0.1002003774,0.1901351660,-0.0468336716,-4.1129822731,0.7632575035,3.2494056225
10.2382144928,0.1747321635,0.3717073202,0.0072114086,-4.4156527519,0.4198932350,3.5582945347
10.2481689453,0.1369749904,0.4882012010,0.0545774326,-4.2637042999,0.2809524536,3.6898498535
10.2583284378,0.0345954373,0.5256629586,0.0362632498,-3.7128994465,0.3724136651,3.6345422268
10.2684621811,-0.0853176638,0.5266302824,-0.0192382112,-2.8353788853,0.6595994830,3.5410239697
10.2784290314,-0.1934887320,0.5225244761,-0.0475523844,-1.9053434134,1.0394458771,3.5930056572
10.2885084152,-0.2719912231,0.5546215177,-0.0341188088,-1.3512388468,1.4576725960,3.8510909081
10.2985658646,-0.3166474700,0.5068769455,0.0023233511,-1.0350310802,1.6518031359,4.0709004402
