0.0000000000,-0.0044344068,-0.0021653553,0.0031358700,-0.0008738381,0.0023739096,0.0092743291
0.0099210739,-0.0037144723,0.0041579003,-0.0001147289,0.0140103027,0.0071058143,0.0078529995
0.0200890303,-0.0049113333,0.0061535384,-0.0017620821,0.0235761106,0.0054013911,0.0143686896
0.0298060179,-0.0053188205,0.0016959343,0.0009234052,0.0181306563,0.0062362920,0.0115503324
0.0397239923,-0.0035038891,-0.0034494293,0.0046323044,0.0038910012,0.0082629574,0.0094791595
0.0496860743,-0.0038260522,-0.0083811507,0.0064361198,-0.0026686313,0.0064687859,0.0062796376
0.0631270409,-0.0028357210,-0.0084020235,0.0079544885,-0.0048815403,0.0006812043,0.0011668010
0.0696520805,0.0009221731,-0.0067268615,0.0047270758,-0.0047433218,-0.0022528004,-0.0063062948
0.0794000626,0.0021088419,-0.0047008065,0.0021594267,0.0049676280,-0.0031055445,-0.0096879434
0.0894820690,0.0033528802,-0.0054737520,0.0037581425,0.0158114880,-0.0051172962,-0.0092708934
0.0996090174,0.0042711794,-0.0029336070,0.0033106308,0.0203899946,-0.0126985172,-0.0152291823
0.1092330217,0.0026437340,0.0022927369,0.0007485251,0.0129331425,-0.0163859297,-0.0161871221
0.1192100048,0.0037254987,-0.0000097718,0.0026430588,0.0031811800,-0.0132511230,-0.0189322084
0.1291420460,0.0025767384,-0.0087353066,0.0034942131,-0.0123919211,-0.0089788800,-0.0169673301
0.1390320063,0.0017401872,-0.0092067905,0.0025159221,-0.0144245345,-0.0004620908,-0.0190622695
0.1490000486,-0.0017868283,-0.0035471511,0.0023183923,0.0003685262,0.0005682862,-0.0128693553
0.1589150429,-0.0022387507,-0.0002951588,0.0054956181,0.0144301057,-0.0033050152,-0.0120256003
0.1688780785,-0.0056449175,0.0092513449,0.0018277268,0.0143552711,-0.0005704814,-0.0112524843
0.1787919998,-0.0093313158,0.0082070753,-0.0009841223,0.0036850499,0.0055984650,-0.0136137083
0.1888840199,-0.0097405612,0.0042458060,-0.0039281147,-0.0038271951,0.0036916416,-0.0078048226
0.1986529827,-0.0090123117,-0.0002275634,0.0001041393,-0.0137862619,0.0006090326,-0.0111133009
0.2085210085,-0.0024401846,-0.0035384153,-0.0041161673,-0.0195232444,0.0048546437,-0.0081649153
0.2185770273,-0.0008778574,0.0029982957,-0.0025747914,-0.0090549793,0.0012069123,-0.0060337875
0.2284190655,-0.0036439004,0.0131028779,-0.0023920436,0.0049804118,-0.0067849676,-0.0044726422
0.2382800579,-0.0021801891,0.0164359882,-0.0008249779,0.0149084087,-0.0116921086,-0.0056904396
0.2481939793,-0.0042295456,0.0093140453,-0.0000487466,-0.0114792548,0.2236972451,-0.2099399865
0.2580879927,-0.1485959888,-0.0189346261,-0.0162430909,-0.0442957915,0.3914564252,-0.4162859321
0.2682679892,-0.1898775697,-0.0365189649,-0.0479618199,-0.0312521607,0.1532481015,-0.1718178988
0.2780070305,-0.0491419435,-0.0143720768,-0.0329972394,-0.0119603127,-0.0167561099,0.0086155627
0.2879210711,0.0301934183,0.0024997438,0.0020272832,-0.0058448943,0.0073814513,-0.0090963226
0.2978570461,-0.0150030553,-0.0026985598,0.0052296026,-0.0080229156,-0.0059593879,-0.0041678771
0.3077679873,0.0053836703,0.0002433915,0.0016585093,-0.0069595161,-0.0015268226,-0.0059766956
0.3177120686,-0.0019434991,0.0035936455,-0.0048698084,-0.0131996572,0.0046181553,-0.0036691329
0.3276190758,-0.0059301257,0.0084725283,-0.0061392090,-0.0078581553,0.0009595046,0.0064242473
0.3375780582,0.0066060424,0.0071508619,-0.0020873446,0.0004225005,0.0001869216,0.0036886814
0.3474750519,0.0188759863,0.0068724821,0.0027839642,0.0067664161,-0.0030075402,0.0039981408
0.3573960066,0.0193989873,0.0076384130,0.0083529456,0.0110122934,-0.0060677784,0.0092239948
0.3673120737,0.0168624818,0.0051742750,0.0085547669,0.0014278437,-0.0035457651,0.0059986408
0.3772510290,0.0143715143,0.0036150846,0.0079959137,-0.0061396169,0.0005571010,0.0054293904
0.3871450424,0.0104879439,-0.0016669187,0.0097146733,-0.0074903728,-0.0005273382,0.0066930605
0.3970850706,0.0108120441,-0.0044456688,0.0076099732,-0.0040805507,0.0041430471,0.0064134616
0.4070219994,0.0128429532,-0.0019266013,0.0034431915,0.0030852170,0.0042857928,-0.0002223370
0.4169470072,0.0100059509,0.0062764357,0.0031969051,0.0027304844,0.0032631389,-0.0001222354
0.4269530773,0.0065807104,0.0096293949,0.0060499413,-0.0018893015,-0.0015728952,0.0059018349
0.4369140863,0.0077406168,0.0039853486,0.0082102520,-0.0107175028,0.0013933335,-0.0007260737
0.4467669725,0.0101691186,-0.0025874269,0.0059207780,-0.0155998757,-0.0008005786,-0.0014746885
0.4566360712,0.0076579452,-0.0047288467,0.0101145608,-0.0104249986,-0.0060014660,0.0011352426
0.4665840864,0.0072662532,-0.0072272611,0.0154290302,-0.0018387013,0.0003525702,0.0004795725
0.4766989946,0.0088022053,-0.0059494195,0.0179718230,0.0021117432,-0.0085261427,0.0024779418
0.4864320755,0.0121645331,0.0022353078,0.0110549433,0.0131779760,-0.0163044371,-0.0004568617
0.4963129759,0.0110395253,0.0017211881,0.0079758270,0.0202285163,-0.0187140647,-0.0074014533
0.5063130856,0.0109741986,-0.0057321084,0.0092317564,0.0021025105,-0.0146367662,-0.0117780920
0.5164140463,0.0083338022,-0.0082446001,0.0063363416,-0.0108451564,-0.0093815504,-0.0103307646
0.5261420012,0.0063371062,-0.0072076363,0.0054956181,-0.0139975399,-0.0089519825,-0.0132322777
0.5360410213,0.0075161159,-0.0045729508,0.0059633357,-0.0025294367,-0.0097994003,-0.0134685338
0.5459630489,0.0097416043,0.0034655291,0.0038086276,0.0091003217,-0.0211231615,-0.0141713433
0.5560619831,0.0102539659,0.0049024741,0.0033023458,0.0105305277,-0.0161193479,-0.0122925825
0.5658299923,0.0069512129,0.0037489007,0.0023762088,0.0101763280,-0.0149313118,-0.0105170524
0.5757590532,0.0078439415,0.0021225023,0.0019649963,0.0019768982,-0.0158921797,-0.0115427356
0.5856450796,0.0070514381,0.0005213130,0.0002052884,0.0008138958,-0.0123011731,-0.0138961710
0.5955929756,0.0043187737,0.0015692409,0.0003818374,0.0005224575,-0.0100015337,-0.0107874963
0.6057339907,0.0026271341,0.0034257206,-0.0033553739,0.0016100924,-0.0090031140,-0.0091608372
0.6154390574,0.0044876933,0.0066160630,-0.0072696107,0.0034116323,-0.0068728523,-0.0090814093
0.6253670454,0.0026189981,0.0056702676,-0.0082314508,-0.0000129263,-0.0045266072,-0.0049388623
0.6352909803,0.0035097895,0.0076808068,-0.0080355303,0.0011009849,-0.0017241628,-0.0042313933
0.6453549862,0.0038282571,0.0078058983,-0.0066528218,0.0053034532,0.0037478341,-0.0061512655
0.6551389694,0.0060904920,0.0039377655,-0.0053701298,0.0067827501,0.0033326475,-0.0036816832
0.6651020050,0.0076294243,0.0052050310,-0.0067145126,0.0014974410,0.0033254570,-0.0001825560
0.6750080585,0.0065922439,0.0081799813,-0.0055427449,0.0057663103,0.0039148144,-0.0034928985
0.6851630211,0.0067534447,0.0058926190,-0.0061095254,0.0046541747,-0.0004783361,0.0020065291
0.6947820187,0.0036886928,0.0046610492,-0.0041556256,0.0051701176,0.0055981986,0.0025886295
0.7047799826,0.0039031205,0.0032078135,0.0003758769,0.0030169520,0.0055422722,0.0064808391
0.7147060633,0.0044833720,0.0049624401,0.0007239084,-0.0010697576,0.0037672753,0.0066198232
0.7246540785,0.0064340830,0.0047613489,-0.0017579694,0.0033103435,0.0094155734,0.0060642879
0.7345550060,0.0047701299,0.0045691910,-0.0002093215,0.0079858778,0.0101391543,0.0069069788
0.7444930077,0.0035636423,0.0063262689,0.0032443504,0.0067871893,0.0028929596,0.0090223271
0.7544020414,0.0060206652,0.0041352394,0.0036901932,0.0065857647,0.0086576380,0.0064603668
0.7643330097,0.0011640189,-0.0002339002,0.0098173125,-0.0084584318,0.0112203984,0.0038350224
0.7742520571,0.0009564756,-0.0056209308,0.0066673858,-0.0200351924,0.0147086065,0.0058251359
0.7841700315,0.0025389788,-0.0051022177,0.0075320704,-0.0263029449,0.0150638716,0.0025678235
0.7940930128,-0.0005645754,-0.0003784638,0.0074488623,-0.0157230906,0.0062003392,0.0050978931
0.8040440083,0.0033019779,0.0047927457,0.0105401976,-0.0039511207,-0.0004397202,0.0027495178
0.8139530420,0.0040580630,0.0063238475,0.0094220741,0.0009964998,-0.0053234249,0.0076728370
0.8241530657,0.0011994538,0.0062266621,0.0099611385,0.0059449193,-0.0069527468,0.0093492968
0.8339890242,0.0026964841,0.0000316236,0.0070508220,0.0093282880,-0.0093967300,0.0071208971
0.8438119888,0.0069997609,-0.0012605976,0.0065910919,0.0219287686,-0.0171872750,0.0029559792
0.8538560867,0.0104203820,0.0003720295,0.0067063672,0.0292672850,-0.0288742911,0.0018494691
0.8635879755,0.0079646111,-0.0036810716,0.0064095361,0.0309975408,-0.0253970008,-0.0023484714
0.8735209703,0.0045622289,-0.0092099234,0.0075243809,0.0160809103,-0.0200965125,-0.0072846739
0.8834220171,0.0014946756,-0.0107699670,0.0035928588,0.0036575308,-0.0051196930,-0.0044257706
0.8933939934,-0.0006403329,-0.0083408244,-0.0012078185,-0.0013353638,-0.0017175049,-0.0053643021
0.9032940865,-0.0002810063,-0.0045777825,-0.0035281081,-0.0065967045,-0.0024996751,-0.0083843265
0.9132159948,0.0003814397,-0.0051299674,-0.0036784906,-0.0060709077,0.0023685831,-0.0055542188
0.9231830835,0.0016764996,-0.0034191576,-0.0021957059,-0.0072022188,0.0066749146,-0.0014153998
0.9331220388,0.0017184017,-0.0056107682,-0.0014988084,-0.0112556387,0.0075415075,-0.0013932290
0.9430210590,0.0044499338,-0.0013523813,-0.0031412740,-0.0046619182,0.0003906534,-0.0003916142
0.9529809952,0.0027316508,0.0044319998,-0.0005116363,0.0119037423,-0.0032690626,-0.0020526277
0.9628189802,0.0009540020,0.0063160504,-0.0006187458,0.0213451814,-0.0144788399,-0.0012342383
0.9727849960,0.0039420128,0.0049099135,0.0004246335,0.0238483753,-0.0112122064,-0.0033540144
0.9826949835,0.0054568648,-0.0024463315,0.0014442902,0.0143078677,-0.0100606559,-0.0105906222
0.9926480055,0.0007203220,-0.0034957011,-0.0007412930,0.0041201217,-0.0052515194,-0.0111726234
1.0025579929,-0.0015472176,-0.0036049378,0.0031746130,-0.0027220719,-0.0027896937,-0.0104780709
1.0125230551,-0.0021291079,-0.0040863161,0.0038148265,0.0027160146,-0.0023918173,-0.0097420719
1.0225980282,0.0022814868,-0.0009560440,0.0056373579,0.0091009429,-0.0077884467,-0.0150228553
1.0323100090,0.0050187409,0.0011830289,0.0016841989,0.0096866600,-0.0144274412,-0.0088827042
1.0422359705,0.0049154758,0.0015213672,-0.0000971456,0.0142081752,-0.0136279603,-0.0078651095
1.0521780252,0.0047281086,0.0021171006,0.0004876356,0.0192507822,-0.0133981295,-0.0089639630
1.0620820522,0.0058141351,-0.0011126887,0.0008534293,0.0190981831,-0.0062283673,-0.0077911066
1.0719910860,0.0062324703,-0.0000771996,-0.0015349884,0.0134991538,-0.0036770590,-0.0083190454
1.0819190741,0.0023500321,0.0074147130,-0.0038599272,0.0147500411,-0.0012557128,-0.0004813625
1.0918930769,0.0001808701,0.0063640471,-0.0053041475,0.0114646759,-0.0000471703,-0.0020410430
1.1020010710,0.0040988922,0.0007675361,-0.0038526554,-0.0025507417,0.0041209431,-0.0037505261
1.1118370295,0.0024681387,0.0018953193,-0.0053614872,-0.0124794496,0.0109311780,-0.0000979009
1.1216130257,0.0005209444,0.0022676322,-0.0002998014,-0.0190766342,0.0139410831,0.0046326723
1.1315879822,0.0018184779,0.0005687881,0.0003706317,-0.0256897062,0.0164039750,0.0044005113
1.1414880753,0.0043483675,0.0013063323,-0.0000796814,-0.0234036483,0.0197734069,0.0065392959
1.1514290571,0.0026249287,0.0082497671,-0.0010600586,-0.0102892648,0.0149520189,0.0146890022
1.1613360643,0.0049711764,0.0124519654,-0.0001336832,0.0095720571,0.0058003324,0.0144860689
1.1712759733,0.0070457458,0.0124314651,0.0001685719,0.0187499300,-0.0042312625,0.0154820243
1.1811800003,0.0054667592,0.0056812163,0.0027889113,0.0173011720,-0.0087636970,0.0103953872
1.1911170483,0.0028085706,-0.0014056455,0.0074665053,0.0069200806,-0.0077785933,0.0089752888
1.2010359764,0.0009418426,-0.0088367797,0.0066242320,-0.0021336018,-0.0001030967,0.0042023719
1.2109969854,0.0013444719,-0.0077547100,0.0084433658,-0.0003254041,0.0013837462,0.0049972925
1.2209440470,0.0007907746,-0.0005230460,0.0042477353,0.0066219838,-0.0054520555,0.0048124688
1.2308859825,0.0031490622,0.0025673020,0.0055253012,0.0120076947,-0.0100452099,0.0020795332
1.2407190800,0.0017502902,-0.0001559596,0.0051425798,0.0090127038,-0.0128868027,-0.0014875047
1.2507110834,-0.0015148523,-0.0080370754,0.0042146547,-0.0026293048,-0.0045875935,-0.0013680952
1.2606470585,-0.0028716030,-0.0089256540,0.0014050107,-0.0139607880,0.0045505110,0.0047518490
1.2707129717,-0.0026647749,-0.0029752781,0.0022654037,-0.0089092162,0.0052152360,0.0052818842
1.2802870274,-0.0023357871,0.0018957328,-0.0021719832,-0.0033645150,0.0058986032,0.0060616578
1.2903900146,0.0005105732,0.0048955749,-0.0012215872,0.0041718758,0.0016058538,0.0073784911
1.3003360033,0.0017037687,0.0047745402,-0.0025806327,0.0050584422,0.0009760161,0.0080416184
1.3102539778,-0.0037828388,0.0002443489,0.0006370049,-0.0062504052,0.0044200160,0.0069747558
1.3203510046,-0.0030438604,-0.0066392724,0.0046975119,-0.0188908316,-0.0008762124,0.0063225478
1.3300670385,0.0000017581,-0.0083737634,0.0033413272,-0.0170101970,0.0026319697,0.0058586253
1.3400139809,0.0027340350,-0.0031157886,0.0040968163,-0.0087354891,0.0016527255,0.0050327787
1.3503580093,0.0014407334,-0.0009270873,0.0052527888,0.0060056392,-0.0016562522,0.0034872135
1.3627719879,0.0017243919,-0.0009580556,0.0029089551,0.0130478367,-0.0042720092,0.0025172902
1.3701310158,0.0019893346,-0.0005330745,0.0053012474,0.0137798507,-0.0081029665,0.0017642148
1.3802580833,0.0064631701,-0.0058970419,0.0025785665,0.0123470705,-0.0114934370,-0.0007388901
1.3901920319,0.0072568059,-0.0087212175,0.0040261252,0.0074551096,-0.0155001627,-0.0029372631
1.4002929926,0.0070802271,-0.0095916465,0.0028610330,0.0084945410,-0.0082345260,-0.0063429130
1.4098140001,0.0014941988,-0.0057387804,0.0041334135,0.0027681238,-0.0160234720,-0.0067660562
1.4195259809,-0.0019038918,-0.0003736470,0.0016911130,0.0028299091,-0.0158985704,-0.0063567287
1.4294040203,-0.0023348632,0.0002315376,0.0000067453,0.0069688163,-0.0117677422,-0.0084047988
1.4391530752,0.0032397506,-0.0043135961,-0.0035856266,0.0042649088,-0.0041790651,-0.0113433320
1.4490580559,0.0035307405,-0.0061361645,-0.0071483152,0.0006174436,0.0013115745,-0.0070315730
1.4589980841,0.0019392965,-0.0006530884,-0.0103429453,-0.0005705925,0.0031113387,-0.0012858037
1.4689210653,0.0020925698,0.0032043192,-0.0077415602,0.0047141844,0.0025755109,0.0013869113
1.4788440466,0.0017432568,0.0075432467,-0.0052450197,0.0088940160,0.0002439132,0.0022250081
1.4887590408,0.0012243388,0.0094681494,-0.0065807598,0.0099048624,-0.0003291991,0.0004740132
1.4987369776,0.0000675319,0.0064093913,-0.0086594122,0.0023380229,0.0064248438,0.0044312039
1.5086450577,-0.0054524243,0.0034422460,-0.0084467428,-0.0016058520,0.0149560142,0.0074936398
1.5185650587,-0.0054832399,0.0011706461,-0.0070109861,-0.0047300062,0.0158958435,0.0083527751
1.5284490585,-0.0039068460,0.0001539845,-0.0054290788,-0.0017224094,0.0162971821,0.0064910259
1.5385299921,-0.0004314782,0.0016704720,-0.0026488800,0.0028710107,0.0059417463,0.0109646041
1.5484340191,0.0001964865,0.0069075893,-0.0005680223,0.0122858174,0.0004484440,0.0078684129
1.5584219694,-0.0001150670,0.0092798360,-0.0022072096,0.0182201397,-0.0036855810,0.0064851670
1.5682810545,-0.0008132758,0.0049177404,0.0010388594,0.0165390633,-0.0027079345,0.0027591719
1.5782309771,-0.0013846161,-0.0014838170,-0.0030743380,0.0043271380,0.0051478581,0.0070652370
1.5881490707,-0.0034745636,-0.0042623845,-0.0022463698,0.0060286322,0.0121082952,0.0111931702
1.5982650518,-0.0025221708,-0.0044169244,-0.0012136002,0.0051670992,0.0141978115,0.0129697649
1.6079950333,-0.0004310312,-0.0002499077,-0.0045847790,0.0061109238,0.0156281963,0.0116195418
1.6179130077,-0.0022415819,0.0018871870,-0.0027506251,-0.0007871962,0.0114915073,0.0146504855
1.6278049946,-0.0012119117,-0.0017202612,0.0009356837,-0.0090208910,0.0144872973,0.0112577509
1.6377730370,0.0008868871,-0.0063494896,0.0032683115,-0.0121109579,0.0204964541,0.0131544545
1.6476750374,0.0033888516,-0.0070986641,0.0077116592,-0.0047294735,0.0168231558,0.0113128796
1.6576540470,0.0045544803,-0.0022657667,0.0080052717,0.0075951028,0.0130031183,0.0119680166
1.6677590609,0.0049001873,-0.0021035564,0.0098360879,0.0151518229,0.0108507508,0.0067926957
1.6777319908,0.0042505264,-0.0007829074,0.0113879545,0.0110430978,-0.0022924813,0.0062725805
1.6873949766,0.0052413940,-0.0035435040,0.0112748845,0.0079213399,-0.0046334001,-0.0009554052
1.6973199844,0.0072048306,-0.0090016425,0.0109727485,0.0032829128,-0.0052323448,-0.0094990926
1.7073320150,0.0065982342,-0.0102945901,0.0134961708,-0.0019807364,-0.0110859731,-0.0063862568
1.7171720266,0.0029637215,-0.0076231849,0.0085936291,-0.0025823447,-0.0040118177,-0.0094366409
1.7270870209,-0.0004168155,-0.0049838242,0.0089483364,0.0055423384,-0.0052256868,-0.0058080512
1.7370259762,0.0004198549,0.0014951412,0.0086498959,0.0130239567,-0.0160988402,-0.0079566892
1.7470149994,0.0019098816,0.0024062502,0.0080285175,0.0134464232,-0.0149885695,-0.0126794390
1.7568650246,0.0021062193,-0.0063748290,0.0118781431,0.0014555403,-0.0103112599,-0.0127779748
1.7668020725,-0.0007799270,-0.0101465918,0.0086683733,-0.0105348099,-0.0056115794,-0.0073170308
1.7767339945,0.0020894704,-0.0093751140,0.0015020471,-0.0163761862,0.0006796064,-0.0100433091
1.7867209911,0.0054260194,-0.0026861508,-0.0047948258,-0.0063960804,0.0013272872,-0.0094282525
1.7965689898,0.0018441973,0.0055926587,-0.0040061371,0.0068387655,-0.0068547428,-0.0086519411
1.8064930439,0.0019700227,0.0124807507,-0.0029407043,0.0214114934,-0.0081535662,-0.0096616456
1.8164260387,-0.0002335610,0.0102535971,0.0024985175,0.0179845393,-0.0122995758,-0.0098786931
1.8263540268,0.0006965993,0.0005143430,0.0042826040,0.0029102475,-0.0086268103,-0.0095998263
1.8363440037,0.0031260250,-0.0082668364,0.0027249556,-0.0137211923,0.0001403162,-0.0085649220
1.8464020491,-0.0003057124,-0.0071826545,0.0014873247,-0.0101264585,-0.0008202859,-0.0051033450
1.8561180830,-0.0005222859,0.0029328833,-0.0015441675,0.0001035421,-0.0070329080,-0.0036905385
1.8660520315,-0.0003494324,0.0080623329,-0.0051658647,0.0114380447,-0.0104497438,-0.0040656445
1.8760139942,0.0016449688,0.0103899576,-0.0025063653,0.0168131031,-0.0132045178,-0.0023353887
1.8858760595,0.0005596278,0.0049471478,-0.0022421379,0.0148155540,-0.0108023463,-0.0027462482
1.8956310749,-0.0008480253,0.0025212686,-0.0008751650,0.0070947837,-0.0150764529,-0.0045068637
1.9055670500,-0.0026246014,-0.0026480933,0.0028863649,-0.0065166322,-0.0076699359,-0.0006985436
1.9156780243,-0.0037440958,-0.0047879075,0.0007156830,-0.0109404102,-0.0011039127,0.0031328797
1.9257169962,-0.0032286050,-0.0000839200,-0.0054755704,-0.0081168376,-0.0016341479,0.0035186720
1.9355289936,-0.0002654197,0.0056153457,-0.0086724656,0.0062458571,-0.0022381528,0.0037189417
1.9455159903,0.0024766324,0.0054020542,-0.0074292324,0.0166682266,-0.0084347958,0.0077316598
1.9553790092,0.0027673540,0.0047997157,-0.0057395594,0.0177454762,-0.0029694571,0.0066448236
1.9653010368,0.0028736887,-0.0013832044,-0.0035695333,0.0025529403,0.0023869588,0.0052696005
1.9753850698,-0.0009600820,-0.0043166471,-0.0039215581,-0.0172633752,0.0117077567,0.0100363921
1.9852030277,-0.0030495229,-0.0034840298,-0.0041962760,-0.0248683859,0.0136324232,0.0097786980
1.9954400063,-0.0006578864,-0.0013865161,-0.0027580161,-0.0217966959,0.0124510443,0.0076873181
2.0050230026,-0.0014314356,-0.0021353927,-0.0021459956,-0.0084204376,0.0068951580,0.0053997957
2.0151419640,-0.0011675658,-0.0032875692,0.0006482105,-0.0061535547,0.0068538790,0.0054424061
2.0248620510,-0.0003699960,-0.0035562259,-0.0001366038,-0.0055565629,0.0022830956,0.0045134956
2.0347790718,0.0001750288,-0.0031540734,0.0015254717,0.0053373640,0.0029595385,0.0052269567
2.0447030067,0.0025442538,-0.0042097238,0.0016536217,0.0115010720,-0.0049670939,0.0040865242
2.0546231270,0.0050182939,-0.0061353636,-0.0015926857,0.0093348566,-0.0075184023,0.0007525131
2.0645551682,0.0048492253,-0.0065145683,-0.0061023133,0.0089551797,-0.0051857396,-0.0012690588
2.0745210648,0.0017436442,-0.0047926982,-0.0036166210,0.0195918456,-0.0046533733,-0.0030536433
2.0844058990,0.0004904864,-0.0044266698,-0.0006087322,0.0215715505,-0.0060145152,-0.0108333696
2.0945270061,0.0032533703,-0.0065161106,0.0007526975,0.0138699543,-0.0073583461,-0.0145860296
2.1043000221,-0.0003139081,-0.0103852078,-0.0012821455,0.0103319446,-0.0036070179,-0.0147873983
2.1141800880,-0.0038231614,-0.0073543196,-0.0009313722,0.0095577640,-0.0010320073,-0.0152835455
2.1240570545,-0.0032699110,-0.0073379693,0.0043830378,0.0091632614,0.0017973351,-0.0154504906
2.1338891983,-0.0023425522,-0.0065813032,0.0007222991,0.0012131929,0.0059771664,-0.0141282324
2.1439430714,-0.0024801197,-0.0039511924,-0.0000766416,-0.0035823616,0.0094579179,-0.0111319758
2.1539058685,-0.0030723515,0.0001387704,-0.0018896360,-0.0050761285,0.0096960049,-0.0093125049
2.1640090942,-0.0031335356,0.0015310902,-0.0014920731,-0.0042720316,0.0026050720,-0.0046807686
2.1737630367,-0.0022730234,0.0024392861,0.0020078521,0.0030351498,0.0046844683,-0.0058786580
2.1836540699,-0.0035386386,0.0019144412,0.0073745353,0.0035899752,-0.0018416082,-0.0044637206
2.1935820580,-0.0006170573,-0.0046210778,0.0023726325,-0.0016841488,-0.0013390698,-0.0059894458
2.2037401199,0.0006056724,-0.0052580838,0.0021812420,-0.0097243218,0.0012005207,-0.0089451550
2.2135040760,-0.0010164382,-0.0010487702,0.0022974710,-0.0056491522,0.0043590297,-0.0114930011
2.2233810425,-0.0017257037,-0.0013391528,0.0029788713,0.0019461829,0.0029898987,-0.0123461783
2.2333531380,-0.0010546150,0.0029737237,0.0036575298,0.0113338251,-0.0043148859,-0.0158303920
2.2433218956,0.0015630720,0.0036921757,0.0055292351,0.0130726928,-0.0101115219,-0.0115148723
2.2532138824,0.0032316742,0.0040253098,0.0067966087,0.0146556757,-0.0104878265,-0.0140768327
2.2632689476,0.0033251045,-0.0020630029,0.0051537855,0.0062392876,-0.0115781249,-0.0089893956
2.2730641365,0.0049139559,-0.0049559292,0.0035940509,0.0011385353,-0.0126838693,-0.0112506859
2.2829051018,0.0062907636,-0.0063088429,0.0030356150,0.0054636863,-0.0051098396,-0.0114319157
2.2929170132,0.0044836998,0.0011243928,0.0028775434,0.0046764556,-0.0063261050,-0.0119626820
2.3027670383,-0.0006501676,0.0017539967,0.0024306278,0.0074725086,-0.0059676436,-0.0019095163
2.3126680851,0.0004651842,0.0020824890,0.0020843248,-0.0003246944,-0.0083035016,-0.0077269250
2.3226499557,0.0039084852,-0.0009927865,0.0017714601,-0.0029115113,-0.0087056393,-0.0111151980
2.3325409889,0.0034766195,-0.0029279296,-0.0028213162,-0.0117915552,-0.0005981783,-0.0091774827
2.3425090313,0.0043062270,0.0007912439,-0.0067591565,-0.0085216369,-0.0015297520,-0.0116829174
2.3524231911,0.0024862287,0.0040813494,-0.0045581954,0.0006944975,-0.0013984583,-0.0092927301
2.3623120785,0.0056645274,0.0037479545,-0.0025540490,0.0085715065,-0.0014589120,-0.0132287163
2.3723211288,0.0074938536,0.0039080488,-0.0076121585,0.0039309487,0.0013943987,-0.0156255607
2.3821380138,0.0034706292,0.0053931433,-0.0105423229,-0.0050170952,-0.0039076884,-0.0088040074
2.3920669556,-0.0009199383,0.0033633108,-0.0077136653,-0.0117783286,0.0026777762,-0.0038766267
2.4020559788,-0.0018332305,-0.0012507144,-0.0076236026,-0.0148121128,0.0072344448,-0.0016857109
2.4119520187,-0.0024067166,-0.0012372512,-0.0043252604,-0.0111635821,0.0088121006,0.0011377726
2.4218530655,-0.0026342871,0.0024970244,-0.0006078978,-0.0062701129,0.0060200435,0.0084687565
2.4321520329,-0.0004338624,0.0017394718,-0.0052276151,0.0000106865,0.0062392214,0.0081118923
2.4417791367,0.0006511508,0.0036883052,-0.0056078928,0.0163403917,0.0093639083,0.0049530175
2.4516801834,-0.0052005947,0.0028124857,-0.0025403996,0.0262556057,0.0035635433,0.0057690097
2.4615709782,-0.0032049420,0.0024387049,-0.0021808047,0.0199288242,0.0034937689,0.0015115807
2.4715318680,-0.0031165781,0.0008340586,0.0028045278,0.0086806966,0.0055590500,-0.0002618183
2.4814569950,-0.0043966174,-0.0049968627,0.0061341031,-0.0004892773,0.0078019639,-0.0022401144
2.4913568497,-0.0041030943,-0.0074990881,0.0050430400,-0.0132463509,0.0080797318,-0.0061030295
2.5012741089,-0.0032377245,-0.0057172929,0.0023659568,-0.0166606139,0.0061004711,-0.0083869565
2.5114820004,-0.0041283369,0.0003236119,0.0024131041,-0.0047813165,0.0026495466,-0.0046793036
2.5210981369,-0.0006820561,0.0053936872,0.0028300385,0.0033355542,-0.0031609382,-0.0037968983
2.5311231613,0.0022249517,0.0048513520,0.0050610406,0.0093963761,-0.0027300387,-0.0037681363
2.5409660339,0.0009023545,0.0018464733,0.0008994441,0.0111212172,-0.0024144542,-0.0007229114
2.5509030819,-0.0022525790,0.0024379301,0.0025835733,0.0172371659,-0.0039042265,0.0031703638
2.5608339310,0.0000472365,0.0016033013,0.0045174463,0.0158781558,-0.0051207584,0.0016611171
2.5707721710,0.0038843153,-0.0012977686,0.0028908353,0.0047429465,-0.0015766236,-0.0000867157
2.5806920528,0.0008800922,0.0006220374,0.0023586850,-0.0009719310,0.0027363657,-0.0011481850
2.5906381607,0.0003727672,0.0020241993,-0.0012587805,-0.0010331837,0.0042487746,0.0028372356
2.6005339622,0.0025811789,-0.0001705851,-0.0017259021,0.0041860794,-0.0001566262,0.0027148300
2.6104910374,0.0042979717,0.0008182671,-0.0024969478,0.0121808890,-0.0004349266,0.0065551084
2.6203780174,0.0029022989,0.0035063918,-0.0007005234,0.0165085252,0.0024583316,0.0093118800
2.6303260326,0.0045894980,0.0026063728,-0.0001405973,0.0151207522,-0.0046078335,0.0088466257
2.6402750015,0.0045172274,0.0003842075,0.0020405750,0.0157039836,-0.0024309659,0.0061427848
2.6501998901,0.0054100156,-0.0016184192,0.0059250100,0.0113103017,-0.0043550995,0.0060788686
2.6601290703,0.0038808880,-0.0041700643,0.0018579464,0.0024000746,-0.0078869835,0.0021092608
2.6700458527,0.0043354332,-0.0033530933,0.0002767544,0.0076728673,-0.0019606515,-0.0007219459
2.6801719666,-0.0005094113,-0.0024123904,0.0022137861,0.0105165914,0.0002428479,-0.0013647000
2.6899151802,-0.0020079615,-0.0025725854,0.0032531719,0.0088835405,-0.0006346636,-0.0015159673
2.6998159885,-0.0005730690,-0.0001616742,-0.0004608531,0.0020037072,0.0025755106,-0.0060334210
2.7097239494,-0.0030007067,0.0038888822,0.0039861305,0.0008353787,-0.0017073849,-0.0023012669
2.7196030617,-0.0030398967,-0.0003627095,0.0036366682,-0.0060211960,-0.0021502688,0.0019069270
2.7295780182,0.0007630585,-0.0024851006,0.0075872638,-0.0079053827,-0.0026831671,-0.0038761271
2.7395658493,-0.0039080381,-0.0017040562,0.0058224304,-0.0043461560,0.0014633746,0.0019820945
2.7494909763,-0.0068886578,0.0026400271,0.0051567657,-0.0005753860,-0.0011513169,0.0039799977
2.7593679428,-0.0024257603,0.0001044419,0.0000736217,0.0036688936,-0.0018607830,0.0027895984
2.7692980766,-0.0012695196,0.0014105920,-0.0007511277,0.0054620001,-0.0035915715,0.0005868978
2.7792050838,-0.0014172795,-0.0018413704,-0.0000224609,0.0049140989,-0.0058861510,0.0012984611
2.7892479897,-0.0014496448,-0.0027952646,-0.0010173221,-0.0044311997,-0.0029582717,0.0008289458
2.7990450859,-0.0004657509,-0.0007682185,-0.0006649990,-0.0013817027,-0.0053561819,0.0043727146
2.8090209961,0.0014389155,-0.0008853864,-0.0002465744,0.0066959308,-0.0079562264,0.0010759872
2.8189330101,0.0035526154,-0.0030097109,0.0007040005,0.0040849675,-0.0027215166,-0.0021659783
2.8288869858,0.0000228284,-0.0027471525,0.0001676779,0.0067276224,-0.0011984549,-0.0009992477
2.8388140202,-0.0037315788,-0.0002181683,-0.0017766256,0.0068313084,-0.0034930343,0.0010707276
2.8489179611,-0.0007045271,-0.0012629259,-0.0015360613,0.0059966738,-0.0026112618,0.0000004033
2.8586668968,0.0007410048,-0.0021930230,-0.0028941531,0.0013999688,0.0022990748,0.0012627416
2.8685431480,-0.0036183002,0.0014083717,0.0016486149,0.0056506405,-0.0055945348,0.0046372330
2.8784990311,-0.0006326439,0.0014069561,0.0031716924,0.0100783240,-0.0119293956,0.0057436763
2.8884379864,0.0022136269,-0.0051368480,0.0051747067,0.0040651718,-0.0056083831,0.0045188884
2.8982849121,0.0002451239,-0.0027437848,0.0022910337,-0.0028902944,-0.0037646766,0.0084554739
2.9082300663,-0.0002587440,-0.0030683693,-0.0016543169,-0.0035006916,-0.0029050084,0.0067172283
2.9181590080,0.0004319845,-0.0017179180,-0.0045531886,0.0007234374,-0.0025651893,0.0038443101
2.9282898903,-0.0010437670,-0.0003832694,-0.0019940038,0.0067533669,-0.0033942312,-0.0013555121
2.9379949570,-0.0003217461,-0.0050774557,0.0044936640,0.0069614481,-0.0081106899,0.0003265073
2.9479389191,0.0009937880,-0.0069407714,0.0032482247,-0.0033732150,-0.0042962437,-0.0063212756
2.9578380585,-0.0011937025,-0.0061124642,0.0024020176,-0.0143451709,0.0052863425,-0.0038050544
2.9678220749,-0.0036865475,-0.0035319519,-0.0010592837,-0.0111826677,-0.0004106918,-0.0028553712
2.9781889915,0.0004718004,-0.0028621224,-0.0028362174,-0.0085294489,0.0005160883,-0.0024506035
2.9876499176,0.0039677024,0.0034843567,-0.0035613675,-0.0016560969,0.0013464619,-0.0017520566
2.9975771904,0.0031532941,0.0061785723,-0.0037621756,0.0094652642,-0.0067958864,0.0010161328
3.0077309608,0.0016882417,0.0050219069,0.0000240307,0.0157468617,-0.0062328945,0.0042484114
3.0174720287,0.0011896191,0.0061019543,-0.0004713435,0.0224780887,-0.0101983408,0.0088495882
3.0273110867,0.0002136526,0.0030092369,-0.0030138392,0.0183360744,-0.0117110163,0.0070748571
3.0373039246,0.0019254980,0.0000881624,-0.0010936756,0.0147212781,-0.0072765872,0.0036914111
3.0474190712,-0.0035173299,-0.0006609898,0.0005811553,0.0037937958,-0.0035870441,0.0087069422
3.0571899414,-0.0024284723,-0.0012801442,-0.0043646591,0.0002868567,0.0047409269,0.0087837074
3.0670418739,-0.0011823180,-0.0022625704,-0.0077292225,-0.0016545877,0.0036959024,0.0076417448
3.0769979954,-0.0033891799,-0.0002288375,-0.0082267420,0.0058805598,0.0038240007,0.0100881578
3.0870440006,-0.0004669132,-0.0009281490,-0.0050266287,0.0116918441,0.0089796148,0.0098689795
3.0970931053,0.0013272462,-0.0009339232,-0.0021006365,0.0140388878,-0.0010328061,0.0054678395
3.1067509651,0.0023745296,0.0006054599,-0.0023570557,0.0192123447,0.0023547348,0.0001263376
3.1167080402,-0.0001405182,-0.0038317894,-0.0002747078,0.0137474490,0.0033965632,0.0037245345
3.1267499924,-0.0021463039,-0.0065043163,0.0014962058,0.0008337805,0.0049185599,0.0029287818
3.1365280151,-0.0005582573,-0.0059618470,-0.0016824503,-0.0028171465,0.0066381628,0.0007349029
3.1464700699,0.0014052687,-0.0018386137,-0.0010166068,0.0136097632,0.0044892584,-0.0000142441
3.1563680172,0.0006062983,0.0050910483,-0.0004020233,0.0251486190,-0.0012818117,-0.0009288406
3.1663761139,0.0005605815,0.0045600454,-0.0005339284,0.0148970466,-0.0011563768,-0.0015727929
3.1764299870,-0.0017327073,0.0021095122,0.0033884745,-0.0002249139,0.0016268927,0.0014444023
3.1862158775,-0.0060034990,-0.0011922423,0.0045120222,-0.0085651353,0.0041174809,0.0018832913
3.1960721016,-0.0074442923,-0.0000312183,0.0030804973,-0.0164706409,0.0080661494,0.0020595263
3.2060399055,-0.0059594512,-0.0000758398,0.0060588224,-0.0124085220,0.0082581639,0.0028518166
3.2159261703,-0.0086005330,-0.0015545640,0.0089883311,-0.0102191363,0.0021001364,0.0083798729
3.2259202003,-0.0029742422,0.0003950518,0.0072247488,-0.0041244924,0.0024772401,0.0073207337
3.2357800007,-0.0019699635,0.0030767801,0.0057055457,0.0047899955,-0.0039441739,0.0094218347
3.2457849979,0.0002852080,0.0006437596,0.0056210859,0.0156767312,-0.0124053024,0.0041509066
3.2556428909,0.0044035614,-0.0037960638,0.0051463349,0.0174430292,-0.0188682619,0.0017427098
3.2656311989,0.0058363974,-0.0079369769,0.0075228317,0.0148011735,-0.0169007182,-0.0015284508
3.2754690647,0.0045942962,-0.0064201360,0.0061891181,0.0159450881,-0.0175734330,-0.0042011663
3.2854061127,-0.0002893211,-0.0035675582,0.0023195248,0.0188229010,-0.0133054508,-0.0066576661
3.2954010963,0.0026107428,-0.0032294733,-0.0010543365,0.0103037152,-0.0082395859,-0.0067480467
3.3052549362,0.0036841629,-0.0029335846,-0.0051653879,0.0043542134,-0.0041601560,-0.0063432464
3.3152019978,0.0005466936,-0.0079278126,-0.0043188827,-0.0077659208,-0.0002636853,-0.0116137089
3.3251109123,0.0021991131,-0.0112977810,-0.0011558433,-0.0153151834,0.0045747459,-0.0098179393
3.3350660801,0.0030689535,-0.0082697496,-0.0013347764,-0.0170002542,0.0048173596,-0.0085866274
3.3451662064,0.0019867418,0.0012196113,-0.0026102562,-0.0022303639,0.0017573877,-0.0048534079
3.3551759720,0.0028288064,0.0105554499,-0.0040486353,0.0108573865,-0.0030275139,-0.0077160727
3.3648030758,0.0037535427,0.0056890319,-0.0059814351,0.0046759229,-0.0039167432,-0.0065962132
3.3748140335,0.0030447242,-0.0023490046,-0.0085712569,-0.0082373004,0.0065486808,-0.0040949062
3.3847541809,0.0014778969,-0.0049921763,-0.0059980056,-0.0116248410,0.0104832351,0.0000590927
3.3945810795,-0.0001293423,0.0010684688,-0.0037794609,-0.0081986850,0.0073947674,0.0000240719
3.4045519829,0.0006530283,0.0065250169,-0.0015784402,-0.0003420934,0.0015483295,0.0011021195
3.4144310951,-0.0010808411,0.0085063316,-0.0063933628,0.0053719850,0.0078919791,0.0015036578
3.4244270325,-0.0007823111,0.0086259395,-0.0054908888,0.0102157425,0.0030647332,0.0007731528
3.4342961311,-0.0002336504,0.0013684143,-0.0039784806,0.0012803930,0.0044141575,-0.0002724044
3.4442660809,0.0006033180,-0.0027364013,-0.0017271538,-0.0036885333,0.0150545510,-0.0024623219
3.4541430473,-0.0043018758,-0.0022572470,-0.0008029838,-0.0028540757,0.0094643096,0.0053634103
3.4641330242,-0.0034812393,0.0013400499,-0.0017228622,0.0030924969,0.0040860558,0.0040688477
3.4739542007,0.0043467581,0.0001823563,-0.0033364196,0.0018816465,0.0109178629,0.0022398885
3.4839580059,0.0056091845,-0.0008637909,-0.0054392712,0.0063248645,0.0094760275,0.0020279009
3.4938168526,-0.0029534104,-0.0012366775,-0.0016194482,0.0148675749,0.0090099741,0.0054695038
3.5038270950,-0.0042232275,-0.0013405237,0.0020470719,0.0057840645,0.0069920970,0.0015655762
3.5139088631,-0.0023010673,-0.0080006607,0.0006239514,-0.0091410894,0.0159283336,-0.0024427476
3.5236978531,-0.0025776031,-0.0071605672,0.0002737145,-0.0200989321,0.0198056288,-0.0009452521
3.5335090160,-0.0028656425,-0.0046904092,-0.0024181504,-0.0200043898,0.0173986666,-0.0041409121
3.5435349941,-0.0018535259,-0.0006787743,0.0004142623,-0.0146202762,0.0167533811,-0.0040759309
3.5533900261,0.0006200967,0.0007764731,0.0049789054,-0.0044659097,0.0068951580,-0.0039870478
3.5633859634,0.0008147953,0.0007447336,0.0069239838,0.0013965066,0.0038833888,0.0010212925
3.5732159615,0.0019556580,-0.0014248755,0.0065431697,0.0012646802,0.0027574047,0.0000844258
3.5832080841,0.0000328122,-0.0026627560,0.0061010821,0.0000726492,-0.0007260101,0.0027483860
3.5932831764,-0.0014498534,0.0006333251,0.0045681102,-0.0019360841,0.0057529281,0.0043594320
3.6030790806,-0.0028530660,0.0025705169,0.0018012028,0.0009486522,0.0003006386,0.0067512169
3.6129379272,-0.0022831562,0.0028603035,0.0022711854,0.0073920810,-0.0034837134,0.0029823778
3.6229119301,0.0022312102,0.0008472126,0.0046138270,0.0102674961,-0.0044416520,0.0001016366
3.6327629089,0.0001322029,-0.0019392412,0.0078365309,0.0000415794,-0.0034991598,-0.0045265048
3.6427159309,0.0009620188,-0.0078644194,0.0099518998,-0.0067763790,0.0009613688,-0.0024212757
3.6526219845,-0.0011402073,-0.0067770076,0.0092250807,-0.0139558176,0.0019376836,-0.0019423729
3.6626448631,0.0004090069,-0.0033190702,0.0066321595,-0.0173356347,0.0045654248,-0.0017114766
3.6726670265,0.0016171036,0.0003515627,0.0028681259,-0.0141528919,0.0056754304,-0.0018962671
3.6824769974,0.0006898044,0.0040317471,-0.0005507369,-0.0056081400,0.0011131689,0.0010931315
3.6923420429,-0.0005261602,0.0047066207,-0.0016869802,-0.0021429230,-0.0030517485,0.0003308349
3.7023320198,-0.0002713205,0.0010446754,0.0014130573,-0.0030164402,-0.0080723399,-0.0000422739
3.7121520042,-0.0000570716,-0.0015637655,0.0055073602,-0.0082075614,-0.0027641272,0.0023619947
3.7221970558,-0.0010097625,-0.0005103502,0.0089040501,-0.0107298419,-0.0035012902,0.0060416842
3.7320342064,-0.0002343061,0.0005252172,0.0036890011,-0.0146269342,0.0002955785,0.0053040884
3.7419929504,0.0037452278,-0.0042542559,-0.0030601521,-0.0197604448,0.0036948374,0.0009325095
3.7520909309,-0.0041175783,0.0008712854,-0.0026399989,-0.0166513808,0.0025105295,0.0047221547
3.7618961334,-0.0039312541,0.0022610906,0.0007937651,-0.0037710015,-0.0007068353,0.0120916544
3.7717680931,0.0000812707,0.0008434911,0.0000986557,0.0028966656,-0.0042549651,0.0024179542
3.7817339897,0.0011151729,0.0034097466,-0.0011003513,0.0086293863,-0.0048507140,0.0059133531
3.7915899754,0.0009293554,-0.0013907704,-0.0007254977,0.0081309313,-0.0040802611,0.0034287903
3.8015918732,-0.0001792016,-0.0044011963,0.0028705697,0.0035194014,-0.0097043253,-0.0011459878
3.8112511635,-0.0006888511,-0.0064923842,0.0048869355,0.0016670837,-0.0082276016,-0.0016016546
3.8214139938,-0.0002543034,-0.0076835533,0.0006692510,-0.0042065177,-0.0055173030,-0.0029388280
3.8312721252,-0.0024899843,-0.0057589752,0.0006151299,-0.0051964154,-0.0034043512,-0.0032978884
3.8414988518,-0.0035825076,-0.0024157693,-0.0020658274,-0.0127842948,-0.0053857430,-0.0027990786
3.8513190746,-0.0001381638,-0.0046472442,-0.0024182100,-0.0156695619,-0.0057569873,-0.0057124435
3.8611311913,0.0029452441,-0.0030822312,-0.0037454863,-0.0082382783,-0.0022080592,-0.0056163031
3.8710050583,0.0018951891,-0.0006491508,-0.0060979025,-0.0039937310,-0.0044440492,-0.0031871677
3.8810110092,0.0025508699,0.0031246389,-0.0056955116,0.0037536705,-0.0065998780,-0.0032636004
3.8910689354,0.0010269878,0.0032672766,-0.0049304860,0.0083018169,-0.0033662680,-0.0012132989
3.9007790089,0.0017001925,0.0031101736,-0.0053074257,0.0139386645,-0.0044642892,0.0045721522
3.9107351303,0.0023726819,0.0004743185,-0.0038533707,0.0089915758,-0.0024698479,0.0031527870
3.9208710194,0.0006754993,-0.0035817218,-0.0062354105,-0.0043657748,-0.0015912711,0.0031479932
3.9307179451,-0.0032125416,-0.0044176918,-0.0066628950,-0.0074726189,0.0064227134,0.0038204747
3.9405319691,-0.0028566422,-0.0020565544,-0.0039119618,-0.0087229721,0.0107676610,0.0047038449
3.9504361153,-0.0051791072,0.0001873445,-0.0033084054,-0.0049759047,0.0130180316,0.0051568155
3.9603719711,-0.0028088393,0.0039861868,-0.0071924822,-0.0007044608,0.0136225689,0.0045631970
3.9702858925,-0.0029385390,0.0056320201,-0.0040777223,0.0050917314,0.0100097246,0.0097623533
3.9803030491,0.0006045995,0.0058151516,-0.0053285258,0.0099831596,0.0062541352,0.0045510801
3.9901170731,0.0032774208,0.0014577355,-0.0052918093,0.0056284475,0.0064679869,0.0024799728
4.0001029968,0.0027594266,-0.0012482855,-0.0044788020,0.0043147104,0.0032290504,0.0030296491
4.0100402832,0.0002484022,-0.0033183140,0.0050112111,0.0052574691,-0.0005214793,0.0034939379
4.0199570656,-0.0008660557,-0.0007753264,0.0048005083,0.0086759031,0.0021014679,0.0085515473
4.0297808647,-0.0004918577,-0.0010282550,0.0046851737,0.0063805245,0.0001546973,0.0046278788
4.0397391319,-0.0008523764,0.0000103820,0.0053984029,0.0036782150,-0.0029561410,-0.0022601211
4.0496921539,-0.0016059878,-0.0025713821,0.0066085560,-0.0008528875,0.0030434281,-0.0002863526
4.0595660210,0.0006840525,-0.0045244214,0.0008697014,-0.0106357429,0.0053329477,-0.0029772106
4.0694980621,0.0001979170,-0.0062323366,0.0005553465,-0.0115454793,0.0046293405,-0.0020903777
4.0794210434,-0.0028859379,-0.0005956966,0.0008503299,-0.0074008014,0.0026447529,0.0000255036
4.0896301270,-0.0011796954,0.0016575452,-0.0021721621,-0.0027918462,0.0049715568,-0.0014635366
4.0993270874,0.0031278429,0.0024558897,-0.0015283723,0.0008407054,0.0003120901,0.0009295801
4.1092481613,-0.0010850432,0.0059325653,-0.0000166793,0.0033200195,0.0039963070,0.0009617044
4.1191577911,-0.0017371180,0.0025719511,0.0000954967,0.0012291716,0.0035952351,0.0028384342
4.1290860176,-0.0014280381,-0.0011633638,0.0048541529,0.0048532011,0.0033502243,0.0065069050
4.1390790939,-0.0011239054,0.0009184737,0.0015615325,0.0052723829,0.0022037334,0.0068248864
4.1489491463,0.0002870260,0.0003612858,0.0011183720,0.0024461476,-0.0005451814,0.0077178110
4.1589531898,0.0005872546,-0.0037189987,0.0014532905,-0.0036871126,0.0001128857,0.0086102365
4.1689991951,0.0007373987,-0.0037932736,0.0011166434,-0.0061109443,0.0041611572,0.0046580387
4.1787199974,0.0000543592,-0.0025145193,0.0038033228,-0.0090518724,0.0023675179,0.0069757877
4.1886758804,0.0003885327,-0.0037826453,0.0036013823,-0.0097144675,-0.0029004810,0.0058803298
4.1986341476,0.0015004573,-0.0017082844,0.0021708708,-0.0048113219,0.0024423527,0.0029284821
4.2085061073,0.0017480550,-0.0008977059,-0.0002459188,0.0004259623,-0.0010256156,-0.0006151199
4.2184309959,-0.0019880834,0.0005867254,0.0001531343,0.0077467258,-0.0023207110,0.0005915582
4.2283258438,-0.0026987495,0.0027187350,-0.0003606577,0.0078236023,-0.0061636525,0.0027236186
4.2382488251,0.0015256105,-0.0019757082,0.0046219332,0.0084574344,-0.0050113024,0.0027635661
4.2481832504,0.0001164971,-0.0039231745,0.0019044976,0.0068207448,-0.0056094485,0.0077498360
4.2580819130,0.0002608595,-0.0084330253,0.0028849344,0.0009524692,-0.0039383150,0.0006660935
4.2680821419,-0.0004099908,-0.0082760602,0.0031358700,-0.0051403996,0.0002122216,0.0046118996
4.2779579163,-0.0012671652,-0.0047191870,-0.0014058251,-0.0096983993,0.0017616487,0.0044683553
4.2879552841,-0.0023319426,0.0013976727,-0.0038384695,-0.0075703566,0.0031813798,0.0000443785
4.2978038788,0.0000113545,0.0008401495,-0.0067801373,-0.0025159433,0.0014154377,0.0014779582
4.3077921867,0.0007561443,-0.0023552482,-0.0069799321,-0.0035015796,0.0055798227,-0.0008406232
4.3176531792,-0.0001081230,-0.0013716932,-0.0050971406,0.0012929095,0.0092680342,0.0009439611
4.3276281357,-0.0033381584,-0.0024289791,0.0001042585,-0.0016133981,0.0050274832,-0.0010831370
4.3376688957,-0.0011885765,-0.0032160920,0.0026689868,-0.0061514247,0.0052304161,0.0014263595
4.3474221230,-0.0012305977,-0.0035672267,0.0052432520,-0.0083617596,0.0068442915,0.0028151979
4.3573818207,0.0014961956,-0.0044604507,0.0048607690,-0.0073473612,0.0074690692,0.0017970715
4.3673391342,0.0018715558,-0.0031787907,0.0034314494,-0.0040869424,0.0086669596,-0.0022206064
4.3772001266,-0.0028474333,-0.0007928092,0.0038560133,-0.0054970859,0.0022524693,-0.0008229795
4.3871932030,-0.0027917328,-0.0045154658,0.0051865680,-0.0094153937,0.0036277256,-0.0055150697
4.3970589638,-0.0036163928,-0.0040380736,0.0057094796,-0.0050278367,-0.0022751710,-0.0084059313
4.4070072174,-0.0024242701,-0.0000646118,0.0040736897,-0.0023733755,-0.0119472388,-0.0043434454
4.4169049263,-0.0004351737,0.0040219906,0.0023017626,0.0003776704,-0.0106902272,-0.0058880788
4.4268922806,0.0005897282,0.0007599067,0.0027642350,-0.0022754599,-0.0091064461,-0.0059284256
4.4365682602,-0.0019646289,0.0010662336,0.0028863053,-0.0079101752,-0.0089112362,-0.0006907871
4.4465532303,-0.0007798971,0.0011691895,-0.0006835957,-0.0009699780,-0.0098641152,-0.0019781590
4.4566149712,0.0003778336,0.0010802184,0.0037527184,0.0056218780,-0.0110809132,0.0011178323
4.4665451050,0.0022363362,0.0002387833,0.0025906067,0.0059156250,-0.0105400253,0.0059754713
4.4764490128,0.0026304720,0.0002160106,-0.0029354591,0.0050498312,-0.0109908981,0.0010038824
4.4864292145,0.0026474891,0.0033671740,-0.0052328603,0.0052142371,-0.0082955128,-0.0010199535
4.4963159561,0.0009639857,0.0035210061,-0.0053216713,-0.0007248786,-0.0069151963,0.0013382754
4.5065031052,-0.0010018947,-0.0004087057,-0.0026065607,-0.0057926076,-0.0015771562,0.0038846238
4.5161609650,-0.0000542404,-0.0028697927,0.0020766954,-0.0067793084,0.0006268758,0.0013602133
4.5261511803,-0.0010066929,-0.0046927375,0.0013998847,-0.0089639891,-0.0007585006,0.0036612509
4.5360078812,0.0006790755,-0.0048157391,-0.0013837714,-0.0115544461,0.0035070844,0.0044942880
4.5459361076,0.0031409857,0.0003248710,-0.0029846330,-0.0044657323,-0.0006322668,0.0032658381
4.5559430122,0.0005228518,0.0034862156,-0.0031489630,0.0077208932,-0.0072456943,0.0059500383
4.5657858849,0.0049471557,0.0019358505,-0.0013324518,0.0104551613,-0.0067934901,0.0053852154
4.5757112503,0.0035454629,-0.0013106506,-0.0045346515,0.0062175388,0.0003014375,-0.0020721685
4.5858111382,-0.0022592845,0.0017743964,-0.0042682784,0.0103570670,-0.0019593199,0.0047434932
4.5956411362,-0.0023180547,0.0016610656,-0.0041421549,0.0079101548,-0.0051628365,0.0010409001
4.6054887772,0.0010404584,-0.0010826181,-0.0030130048,0.0031511753,-0.0051593743,-0.0031405622
4.6154069901,-0.0021635594,-0.0051568900,-0.0009922881,-0.0041661263,0.0001600236,-0.0015567802
4.6253299713,-0.0039138496,-0.0040140976,0.0003978114,-0.0038706935,0.0030247860,0.0020678483
4.6352100372,-0.0051873028,-0.0032807332,0.0007827382,-0.0059476928,0.0006218158,0.0019464082
4.6451849937,-0.0000629427,-0.0012357872,-0.0005381007,-0.0042564068,0.0066253799,0.0031508894
4.6551399231,-0.0006793739,0.0014539656,0.0014835100,0.0024076209,0.0016191695,0.0089917351
4.6650528908,-0.0002997520,0.0011982579,0.0014234881,0.0034972972,0.0013406029,0.0060325298
4.6750779152,0.0036692319,-0.0007461499,0.0007848840,0.0040126191,-0.0001385167,0.0027264815
4.6849002838,0.0003962217,-0.0009315986,0.0008451443,0.0102331415,-0.0024264383,0.0026590368
4.6950159073,-0.0036911669,-0.0030249623,0.0024131041,0.0105724279,-0.0067551401,0.0042345631
4.7047390938,-0.0013081136,-0.0077304509,0.0061439974,-0.0019594310,-0.0094739618,-0.0009799399
4.7147049904,0.0013617573,-0.0112028643,0.0066943867,-0.0115950136,-0.0043718773,-0.0070708557
4.7245922089,-0.0001704695,-0.0120030865,0.0083098514,-0.0112218168,-0.0019558580,-0.0059236321
4.7347779274,-0.0050210357,-0.0053892625,0.0064587696,-0.0108796004,-0.0055375430,-0.0029787086
4.7444391251,-0.0002437236,-0.0044340049,0.0037753086,-0.0091565344,-0.0039582890,-0.0107814716
4.7546181679,-0.0002937319,-0.0047051911,0.0016847949,-0.0063106813,-0.0065407562,-0.0129317073
4.7642621994,-0.0015892985,-0.0010111261,0.0015496712,-0.0034793862,-0.0100369537,-0.0066658882
4.7742981911,-0.0013276043,0.0015184801,0.0037275653,-0.0016290220,-0.0095250942,-0.0084350258
4.7841429710,-0.0009147527,0.0008796040,0.0003355246,-0.0002922923,-0.0096915420,-0.0080006644
4.7941312790,-0.0013927820,0.0017013882,-0.0006231565,0.0062692040,-0.0105658574,-0.0032109697
4.8039689064,-0.0023288729,0.0035819854,-0.0031513472,0.0124946982,-0.0141315637,-0.0015141030
4.8139128685,0.0014615355,0.0046081613,-0.0020040770,0.0192370228,-0.0156168090,-0.0035335782
4.8238019943,0.0010210273,0.0029635462,-0.0031248231,0.0144190099,-0.0158479717,-0.0015140036
4.8340258598,-0.0003307464,-0.0017834496,-0.0003338356,-0.0039560026,-0.0131962616,-0.0029206853
4.8436660767,-0.0012348595,-0.0036745337,0.0011149745,-0.0152104329,-0.0040951753,-0.0003976061
4.8536958694,-0.0022513273,-0.0027702604,0.0008960466,-0.0217343792,-0.0031271160,0.0001896208
4.8635349274,-0.0024541321,-0.0010480065,-0.0024869938,-0.0184086226,-0.0008027091,0.0026283774
4.8735408783,0.0009188352,0.0013469566,-0.0056345956,-0.0102404421,-0.0003566296,0.0025029425
4.8833408356,0.0022179184,0.0030481997,-0.0052153366,0.0017396999,0.0027483499,-0.0012727540
4.8933849335,0.0003192721,0.0042818855,-0.0116240876,0.0078647044,0.0039563598,0.0018071915
4.9032211304,-0.0000613334,0.0075840275,-0.0120148556,0.0137769217,0.0030002848,0.0064715515
4.9134168625,-0.0005189480,0.0059054266,-0.0091944830,0.0112644956,-0.0059593879,0.0054403758
4.9231200218,0.0024025438,-0.0035953415,-0.0050163763,0.0040150154,-0.0036514925,0.0066386983
4.9330921173,0.0037715135,-0.0071638268,-0.0031402607,-0.0022793654,0.0045545055,0.0048317434
4.9429450035,0.0002309678,-0.0052562361,-0.0041474001,-0.0048929029,0.0015938695,0.0039995392
4.9529471397,-0.0011761191,-0.0014314618,-0.0028443832,-0.0019911225,0.0013475271,0.0048139337
4.9626140594,-0.0006921591,-0.0006434250,-0.0043699639,0.0084940977,0.0058554602,0.0032896735
4.9727139473,-0.0027544203,0.0031096446,-0.0060669677,0.0117069352,0.0062530697,0.0025924579
4.9827198982,-0.0008735957,0.0000701394,-0.0076772473,0.0046508014,0.0078014322,0.0002729443
4.9926347733,-0.0031349661,-0.0041339588,-0.0075165532,-0.0097531714,0.0122371931,0.0002937170
5.0027089119,-0.0047937334,-0.0048379791,-0.0072755711,-0.0119770002,0.0132233612,0.0015262946
5.0124912262,-0.0014781060,-0.0074829650,-0.0059506195,-0.0139354896,0.0184338354,-0.0004063614
5.0223159790,-0.0015019181,-0.0064307791,-0.0029072065,-0.0092279073,0.0194269288,0.0024605314
5.0323119164,-0.0049847066,-0.0003159608,-0.0043927329,-0.0035519130,0.0155320549,0.0027763825
5.0421810150,-0.0053076744,0.0015624646,-0.0002160568,0.0020936341,0.0094848154,0.0012383070
5.0521378517,-0.0032445195,0.0029397118,0.0009272795,0.0079965303,0.0074389754,0.0001783688
5.0620489120,-0.0035066011,-0.0012662526,0.0000612240,0.0152326934,0.0043182834,-0.0030179238
5.0719633102,-0.0021011534,-0.0051856195,0.0033707719,0.0122952275,0.0015515253,-0.0005403850
5.0819721222,-0.0019532146,-0.0055367541,0.0048069460,0.0111594778,0.0006215494,-0.0008170542
5.0918211937,-0.0002128186,-0.0046452177,0.0037061076,0.0081943143,0.0090608401,-0.0038993966
5.1017837524,-0.0019943120,-0.0016906228,0.0028132896,0.0119578047,0.0055518593,-0.0043904167
5.1117100716,-0.0058519840,0.0003799420,0.0048027141,0.0080272453,0.0024226452,-0.0031083713
5.1216549873,-0.0028813186,-0.0057325070,0.0054651601,-0.0033353092,0.0060229725,-0.0044590933
5.1315612793,-0.0000812413,-0.0127993561,0.0028370123,-0.0112342443,0.0162822679,-0.0107111298
5.1414880753,-0.0011487904,-0.0102770515,0.0037670832,-0.0132191880,0.0138761019,-0.0071419282
5.1513218880,-0.0032961073,0.0023128684,0.0053633554,-0.0014605322,0.0026532752,-0.0038342825
5.1615819931,0.0009378193,0.0055500898,0.0048720343,0.0113347135,-0.0024360258,-0.0093806479
5.1712398529,0.0063005984,0.0025016065,0.0026198130,0.0182844996,-0.0032450941,-0.0074061803
5.1811981201,0.0020960567,-0.0007133450,0.0000640254,0.0181216896,-0.0026424208,-0.0057157390
5.1911077499,-0.0009009542,-0.0019258339,0.0043599708,0.0166715998,-0.0043242071,-0.0061317245
5.2010412216,0.0000029204,-0.0034555984,0.0068272455,0.0072682444,-0.0029473528,-0.0042849220
5.2109389305,0.0020351706,-0.0018882978,0.0066610677,-0.0047055939,0.0029669954,-0.0068325028
5.2209320068,0.0007609127,-0.0007003475,0.0079986556,-0.0106191430,0.0030242533,-0.0048999460
5.2308702469,-0.0002193751,-0.0045873080,0.0060777171,-0.0128231756,0.0021936134,-0.0039601168
5.2409539223,-0.0009542705,-0.0025856425,0.0049729450,-0.0117659885,-0.0026064680,-0.0021241335
5.2507181168,-0.0021039250,0.0031437012,0.0034802060,-0.0031320206,-0.0054174345,-0.0012815096
5.2605671883,0.0000586210,0.0070184874,0.0012326341,0.0054599582,-0.0074166697,-0.0021540942
5.2705779076,0.0041665733,0.0035510021,0.0029860835,0.0035059967,-0.0108992849,-0.0062883850
5.2804951668,0.0006397961,-0.0013090599,0.0050956113,0.0007271660,-0.0077309222,-0.0033848742
5.2904129028,0.0021032391,-0.0043518771,0.0031303864,-0.0052212705,-0.0038392453,-0.0063724080
5.3003468513,0.0029230712,-0.0040116129,0.0017284255,-0.0090008285,-0.0022551971,-0.0031056083
5.3101787567,0.0019756553,0.0017940883,0.0012058716,-0.0097646229,0.0000154140,-0.0021311576
5.3201217651,-0.0007299783,0.0062592137,0.0002157788,-0.0068475744,-0.0022591918,-0.0025855261
5.3300580978,-0.0018002691,0.0056834961,0.0006380181,-0.0057918979,-0.0055535221,0.0012896394
5.3399782181,0.0001508592,0.0037793512,0.0022104483,-0.0060164905,-0.0109802457,-0.0023884191
5.3499422073,0.0001575051,0.0008700002,0.0042687156,-0.0040572030,-0.0077956375,0.0012622422
5.3598489761,-0.0017452838,0.0034760530,0.0032152634,0.0007656929,-0.0099938102,0.0070635392
5.3697471619,-0.0022158029,0.0025152187,0.0042530997,0.0028094028,-0.0065319673,0.0070550172
5.3796958923,-0.0005842747,-0.0023720977,0.0006123881,-0.0018742098,-0.0050227540,0.0039743721
5.3896040916,0.0005816816,-0.0017564561,0.0016574364,-0.0014877850,-0.0123445829,0.0096359868
5.3995552063,0.0011344550,0.0028789374,0.0042571528,0.0039413348,-0.0124231456,0.0051375744
5.4094629288,0.0036542413,0.0032021510,0.0025063257,0.0032715499,-0.0153148063,0.0033679036
5.4193491936,0.0011290011,0.0025273892,0.0005894403,-0.0003121775,-0.0159238726,-0.0009996137
5.4292941093,-0.0006034674,-0.0011439550,-0.0015878577,-0.0057743210,-0.0110540148,-0.0025453125
5.4392910004,-0.0008844139,-0.0053207134,-0.0015522141,-0.0116518289,-0.0096507957,-0.0014066447
5.4491991997,0.0040877163,-0.0059718159,-0.0021261473,-0.0087702889,-0.0075857802,-0.0064639868
5.4590692520,0.0025143323,-0.0029153046,-0.0027598639,-0.0027667242,-0.0132527212,-0.0049489150
5.4690880775,0.0015764234,-0.0009843189,-0.0012128849,-0.0027520764,-0.0085466485,-0.0009264767
5.4789543152,0.0046477616,-0.0026191999,0.0003104906,-0.0053205183,-0.0062603252,-0.0033544141
5.4890832901,-0.0004103782,-0.0044358228,-0.0012549658,-0.0053908257,-0.0072883051,-0.0038878450
5.4990000725,0.0011520085,-0.0041602072,-0.0038053889,-0.0044104271,-0.0049228854,-0.0013449590
5.5087642670,0.0030112264,-0.0006745200,-0.0039224522,-0.0007600323,-0.0005031035,0.0008998192
5.5186700821,-0.0016465785,0.0052896920,-0.0098893540,0.0039874963,-0.0003955118,0.0072542215
5.5286550522,0.0009038745,0.0058898437,-0.0115725892,0.0035989408,-0.0023947468,0.0044227485
5.5387668610,0.0019133089,0.0017155182,-0.0088528888,0.0056624468,0.0010729552,0.0018962409
5.5484318733,0.0002569256,-0.0000803661,-0.0055817263,-0.0009784116,0.0042186812,0.0036920104
5.5583400726,-0.0050847530,0.0011395622,-0.0048624175,-0.0053791963,0.0100105247,0.0010552146
5.5685062408,-0.0027409794,-0.0023828563,-0.0050617354,-0.0098623615,0.0107045444,0.0012373747
5.5781750679,-0.0022546353,0.0004565675,-0.0015297432,-0.0075633433,0.0090728244,0.0004918231
5.5880789757,-0.0031971040,0.0028773393,0.0007531147,-0.0025368938,0.0015901411,-0.0008291050
5.5980978012,-0.0016973617,-0.0023448286,0.0052476628,-0.0060430341,0.0025419549,-0.0022178437
5.6079640388,-0.0008489789,-0.0034858068,0.0038448076,-0.0164922122,0.0041611572,-0.0020689727
5.6179437637,-0.0027498307,0.0006582994,-0.0040145414,-0.0183194969,0.0045523751,-0.0013604388
5.6278152466,-0.0011785629,0.0026438902,-0.0057899253,-0.0118954182,-0.0045947842,-0.0009106309
5.6378049850,0.0006702839,0.0032365131,-0.0028781195,-0.0008409922,-0.0012192276,-0.0005023682
5.6476688385,-0.0010826888,0.0045935581,0.0003268223,0.0042104917,-0.0016754270,0.0033429700
5.6576180458,-0.0011706355,0.0019844281,-0.0029887457,0.0150210615,-0.0062427483,0.0040048654
5.6675200462,-0.0033162835,0.0045704874,0.0011772017,0.0220395550,-0.0084041702,0.0038269663
5.6775050163,-0.0051879883,0.0052743885,0.0006891589,0.0232598148,-0.0091296155,0.0035304897
5.6873607635,-0.0045697689,-0.0005419146,0.0020931463,0.0081652859,-0.0048784106,0.0028596395
5.6973500252,-0.0026022496,-0.0070698862,0.0011226635,-0.0094084702,0.0016894770,-0.0002029624
5.7072200775,-0.0035619738,-0.0098892078,0.0026366811,-0.0179960988,0.0053973962,-0.0023880864
5.7171711922,-0.0005363824,-0.0056497981,0.0035584669,-0.0117763765,0.0014063830,0.0014201343
5.7270631790,0.0005733369,-0.0014347959,0.0038220983,-0.0013977704,-0.0004964456,0.0015325197
5.7372579575,-0.0015994611,-0.0022156094,0.0047486527,0.0011405768,-0.0036059525,-0.0001933086
5.7469348907,0.0008565782,-0.0019714539,0.0014669995,0.0027959978,-0.0032064784,0.0011654363
5.7569017410,0.0030903516,-0.0065360968,0.0024525623,-0.0035215528,-0.0019705053,-0.0007403218
5.7666091919,0.0033912358,-0.0041359407,0.0000068645,-0.0015505473,-0.0053585786,-0.0035811155
5.7767539024,0.0025029478,-0.0032302556,-0.0007225771,0.0070330868,-0.0113144722,-0.0004080592
5.7866239548,0.0015442369,-0.0016461577,0.0037869911,0.0072930115,-0.0073945653,-0.0029095663
5.7966079712,-0.0002737047,-0.0040524383,0.0004047255,0.0008039535,-0.0121789351,-0.0010135954
5.8066778183,0.0005020796,-0.0046129827,-0.0000126262,-0.0051743099,-0.0029894307,-0.0023558286
5.8164801598,-0.0015218260,-0.0067864587,0.0011826854,-0.0133731188,-0.0013340098,-0.0046005398
5.8263702393,-0.0018917623,-0.0072893207,0.0011445980,-0.0143840546,0.0044466481,-0.0066341301
5.8362522125,-0.0016420784,-0.0032360558,0.0006317000,-0.0096419407,-0.0017380113,-0.0060693733
5.8462071419,0.0005155502,-0.0012935404,-0.0008788605,-0.0005072979,-0.0027497462,-0.0090569081
5.8560400009,0.0028611717,0.0000293885,-0.0051402943,0.0074894647,-0.0054616430,-0.0070478856
5.8660202026,0.0037003157,0.0044062953,-0.0051854150,0.0154706929,-0.0089700921,-0.0060132477
5.8760099411,0.0036523340,0.0018825379,-0.0037435789,0.0171018783,-0.0117062237,-0.0068021426
5.8858761787,0.0012897847,-0.0042763283,-0.0031998057,0.0090514086,-0.0059535289,-0.0065416852
5.8958272934,-0.0018571916,-0.0062889275,-0.0037953157,-0.0017076735,0.0059803622,-0.0045096935
5.9057278633,-0.0049200952,-0.0007963035,-0.0039220946,-0.0094188564,0.0097713722,-0.0038012927
5.9156751633,-0.0049725771,-0.0007479530,-0.0058110254,-0.0088147633,0.0024282378,-0.0043212413
5.9255690575,-0.0007196965,0.0019728723,-0.0026627679,-0.0025629927,0.0078357868,-0.0023377188
5.9355897903,-0.0036840441,0.0040156390,0.0011285644,0.0010132780,0.0049348050,-0.0023332250
5.9454517365,-0.0027918520,0.0028807106,-0.0011455913,0.0002321727,0.0069803791,0.0005139604
5.9554061890,-0.0010945799,0.0008935627,-0.0014771123,0.0020852890,0.0056999312,-0.0016531534
5.9652738571,-0.0026942494,0.0022476013,-0.0014735956,0.0028160603,0.0018596530,0.0033751610
5.9752268791,-0.0011833014,-0.0001736846,0.0030298333,0.0032048821,0.0004734777,0.0017086546
5.9854531288,-0.0040806234,-0.0029226770,0.0050148470,-0.0013051811,0.0011318111,0.0022125246
5.9951181412,-0.0043225288,-0.0061829058,0.0086979968,-0.0121794008,0.0020985387,0.0036948733
6.0049781799,-0.0028422477,-0.0072997031,0.0054215295,-0.0149978250,0.0008101012,0.0006277107
6.0149688721,-0.0003749432,-0.0038631898,0.0048191054,-0.0101070181,-0.0016661059,-0.0015926000
6.0248422623,0.0016336141,-0.0000049326,0.0033931236,-0.0051628593,-0.0052142353,-0.0029963523
6.0348200798,-0.0005590917,0.0010395941,0.0003550749,0.0024315889,-0.0089692930,-0.0019016264
6.0446829796,0.0017105637,-0.0000666942,0.0056455238,0.0065570921,-0.0095629115,-0.0029085677
6.0546431541,0.0035067496,-0.0020564017,0.0027648311,0.0014270446,-0.0040781307,-0.0032981881
6.0647130013,0.0038402376,-0.0042274636,-0.0006021757,-0.0052063572,0.0005027725,-0.0033218903
6.0745172501,0.0003598926,-0.0062577543,-0.0016509790,-0.0130759971,0.0010572425,-0.0055885399
6.0844058990,-0.0004973711,-0.0045216088,0.0021189551,-0.0181945935,0.0000590898,-0.0044540334
6.0943069458,0.0010679958,0.0029588263,-0.0011171002,-0.0058424980,-0.0041969079,-0.0041114837
6.1042289734,0.0024396477,0.0069425064,-0.0003886719,0.0095247403,-0.0069926945,-0.0052321423
6.1141948700,0.0036005077,0.0050009410,-0.0019757051,0.0126434807,-0.0116851842,-0.0051159952
6.1240510941,0.0016621349,-0.0010504801,-0.0018401046,0.0066308617,-0.0069311755,-0.0099203372
6.1339659691,0.0019968448,-0.0061459173,-0.0024083753,0.0001458861,-0.0048421919,-0.0050388640
6.1438870430,-0.0005910696,-0.0016754422,-0.0018042226,-0.0021891734,-0.0004583624,-0.0037445670
6.1538972855,0.0012973545,0.0014125329,-0.0045312541,-0.0021154922,-0.0018298903,-0.0057632104
6.1637530327,-0.0004011097,0.0019253563,-0.0028791924,-0.0035597240,0.0019414121,-0.0068148924
6.1737289429,-0.0000686647,-0.0014618341,-0.0082699554,-0.0083984220,0.0023174505,-0.0034243553
6.1836280823,-0.0001145603,0.0016201545,-0.0100244181,-0.0009314506,0.0072570816,-0.0032760170
6.1935987473,-0.0023426416,0.0062898356,-0.0055822628,0.0095742755,-0.0004844613,0.0011386049
6.2034559250,-0.0022704604,0.0071320492,-0.0049605863,0.0138947219,0.0027608667,0.0026214530
6.2133831978,0.0007843373,0.0003309842,-0.0035796065,0.0108988434,0.0061646528,-0.0009408244
6.2233438492,0.0017237363,-0.0041148406,-0.0034086604,0.0106493048,0.0054714321,0.0017846545
6.2333550453,-0.0013100507,0.0001007166,0.0004440050,0.0153199565,0.0023882906,0.0027903640
6.2432250977,-0.0001987221,-0.0015555735,0.0029649835,0.0078974608,0.0002542995,0.0038942443
6.2531099319,-0.0034826400,-0.0017120097,0.0029892426,-0.0010058419,0.0049875355,0.0034952695
6.2628769875,-0.0055087507,-0.0003735501,-0.0003669162,-0.0086083673,0.0002260700,0.0037687761
6.2729249001,-0.0049570799,-0.0014378432,0.0002627473,-0.0162883028,-0.0035233945,-0.0000666752
6.2829298973,-0.0029307606,-0.0023075235,0.0007048349,-0.0149790924,0.0011331426,-0.0045833965
6.2927999496,-0.0005093219,-0.0051708859,0.0003002386,-0.0171011891,-0.0004293339,-0.0059107821
6.3029832840,0.0015978215,-0.0066685197,0.0024159055,-0.0210589115,0.0044695511,-0.0079606175
6.3128399849,-0.0015462639,-0.0033913110,0.0041651232,-0.0176545046,0.0089753531,-0.0029884626
6.3225979805,-0.0019329193,0.0028252075,0.0005522470,-0.0095760711,0.0083212806,-0.0012334392
6.3324861526,-0.0013330879,0.0049066502,-0.0003147621,-0.0016333717,0.0063950163,0.0007388645
6.3426461220,0.0036344526,0.0048421356,-0.0023772616,-0.0007406799,0.0054860795,0.0004765431
6.3549799919,0.0033227501,0.0034667957,-0.0046303170,-0.0001508780,0.0029544786,0.0032246923
6.3627500534,0.0001177190,0.0053593139,-0.0030488272,0.0011069328,0.0000106203,0.0100178830
6.3729038239,0.0018824635,0.0040021385,0.0000404816,0.0006799391,0.0012660344,0.0101543702
6.3828649521,0.0049003959,0.0029323581,0.0015532474,-0.0000601537,0.0039177439,0.0091887079
6.3929147720,0.0000636278,0.0000957470,0.0005966525,-0.0022979188,0.0070698615,0.0126116686
6.4023828506,-0.0006621482,0.0005330254,-0.0004189510,-0.0047634733,0.0062072636,0.0143890623
6.4117450714,0.0027140377,0.0005865764,-0.0027487774,-0.0000001434,0.0057159103,0.0062495107
6.4218711853,0.0035284755,0.0010250841,-0.0012236137,0.0078356750,0.0022884218,0.0062582991
6.4316082001,-0.0010757151,0.0029761340,-0.0015926857,0.0003969339,0.0008431244,0.0062094633
6.4416151047,0.0004339514,-0.0009059611,-0.0017446179,-0.0078159887,0.0063782381,0.0078635523
6.4514579773,-0.0017241242,-0.0074355532,0.0026848416,-0.0145548508,0.0087519139,0.0072117439
6.4614629745,-0.0003312232,-0.0094278939,0.0009309154,-0.0175120253,0.0106262462,0.0088514518
6.4713401794,0.0042422414,-0.0042725471,-0.0003524323,-0.0059227473,0.0117730042,0.0050932658
6.4813108444,-0.0006124677,0.0039745378,-0.0036604304,0.0039674337,0.0072240583,0.0074461685
6.4911551476,-0.0027683678,0.0065018865,-0.0014750857,0.0090907346,0.0006140926,0.0078113219
6.5011401176,-0.0014503899,0.0001321320,-0.0020864506,0.0032738580,0.0006449852,0.0031619749
6.5110168457,0.0006201265,-0.0082123168,0.0020473104,-0.0028665923,0.0075734654,0.0024979822
6.5210018158,-0.0002523365,-0.0084863938,0.0037018757,-0.0109591400,0.0005730799,0.0035430067
6.5308637619,-0.0000866952,-0.0087195449,0.0028419595,-0.0166007802,-0.0002418474,0.0000085258
6.5408768654,-0.0048769116,-0.0071379323,0.0082250340,-0.0127426591,0.0080067609,0.0034413405
6.5507812500,-0.0084463060,-0.0055267294,0.0078592999,-0.0060685114,0.0057116491,0.0063408902
6.5610637665,-0.0020540061,-0.0018506054,-0.0005316634,0.0052682995,0.0019818922,0.0034151417
6.5707941055,0.0020818112,0.0037662755,-0.0022906561,0.0169126168,-0.0057205022,-0.0010490154
6.5807342529,-0.0001430514,0.0034751925,0.0019259553,0.0222594440,-0.0137150455,0.0004791066
6.5906128883,-0.0000345411,-0.0053768833,0.0009743671,0.0089066206,-0.0108617349,-0.0052135671
6.6004972458,-0.0022952857,-0.0087349080,0.0027018290,-0.0030570980,-0.0052547157,-0.0066048028
6.6105360985,-0.0066884458,-0.0102118328,0.0042627556,-0.0038177846,-0.0061202431,-0.0038695361
6.6203951836,-0.0021457078,-0.0094121397,0.0060951812,0.0006280961,-0.0119475052,-0.0049638292
6.6303262711,-0.0005541446,-0.0018659275,0.0046287877,0.0055925832,-0.0089663630,-0.0071610371
6.6404461861,-0.0000951292,0.0006485131,0.0007124643,0.0063316105,-0.0133102452,-0.0067951186
6.6503829956,0.0008772312,-0.0049620685,-0.0070451992,-0.0042888978,0.0010631016,-0.0101461411
6.6600952148,-0.0004030170,-0.0046163914,-0.0083586471,-0.0027149692,0.0040535652,-0.0049809404
6.6700191498,-0.0027768018,-0.0006151091,-0.0077456729,-0.0035720635,-0.0001334567,-0.0049866652
6.6798868179,0.0003242789,-0.0032342938,-0.0032054682,-0.0054607773,0.0025462159,-0.0094919344
6.6898460388,0.0013532040,-0.0035763239,-0.0004647870,-0.0096354606,0.0062434822,-0.0066793039
6.6997790337,-0.0005412103,-0.0000299480,-0.0036257405,-0.0122275148,0.0082645556,-0.0030379640
6.7096872330,-0.0010990503,0.0029099691,-0.0062451856,0.0036775933,0.0057979356,-0.0013242865
6.7196478844,0.0029141305,0.0069153751,-0.0063853757,0.0125621650,0.0051481244,0.0011188977
6.7296018600,0.0051266253,0.0044353488,-0.0036088724,0.0169698745,-0.0014280194,0.0025370975
6.7395348549,0.0044302344,-0.0022917767,-0.0011517305,0.0070935409,0.0065289736,0.0024793069
6.7494421005,0.0012622175,-0.0054974970,0.0016165476,-0.0012883143,0.0100723086,-0.0005268694
6.7593832016,-0.0029137733,-0.0020261263,-0.0006746550,0.0006382167,0.0060735727,-0.0009918576
6.7692832947,-0.0035060646,0.0039742063,0.0020926099,0.0024328316,0.0094224978,-0.0032067087
6.7792410851,-0.0062888265,0.0050902585,0.0041737063,-0.0075676045,0.0037638133,-0.0068176892
6.7891259193,-0.0028910937,0.0004538406,0.0020541053,-0.0163737908,0.0070365719,-0.0082183778
6.7990198135,-0.0017310979,-0.0055971076,0.0032159786,-0.0214372594,0.0065811714,-0.0091507509
6.8092098236,-0.0033978226,-0.0010937791,0.0052366359,-0.0144133493,0.0022780357,-0.0074834786
6.8188982010,-0.0028867426,0.0029706578,0.0016724567,-0.0043412736,-0.0071684630,-0.0032663632
6.8288111687,-0.0005418958,0.0053932439,0.0012394290,0.0051019406,-0.0110753197,-0.0002816590
6.8387360573,0.0011796055,0.0075583267,0.0006579857,0.0166043993,-0.0067479499,-0.0001146786
6.8486599922,0.0015891192,0.0053646374,-0.0024899144,0.0231195558,-0.0093168356,0.0050993245
6.8586831093,0.0004188714,0.0079444945,-0.0037490625,0.0215935651,-0.0082153520,0.0051307501
6.8685140610,0.0022145209,0.0029646452,-0.0021746655,0.0143819917,-0.0027212503,0.0030556812
6.8784227371,-0.0003187956,-0.0061788564,0.0023288231,-0.0034982054,0.0070980908,0.0017651134
6.8883481026,-0.0034148397,-0.0053884466,0.0047264793,-0.0088577280,0.0072051501,0.0076885493
6.8982501030,-0.0014381113,-0.0047028628,0.0028237205,-0.0066686105,0.0029406301,0.0106515829
6.9081869125,0.0033101735,-0.0017835725,0.0001168947,-0.0067443326,0.0052410685,0.0049476908
6.9181518555,0.0031633673,-0.0006841611,0.0008845429,-0.0006193281,0.0061079273,0.0095885154
6.9280419350,-0.0001538696,0.0025993953,-0.0000603099,0.0004272941,0.0056152428,0.0097280648
6.9380512238,0.0006898342,0.0025215070,0.0020352702,0.0020366423,-0.0006341310,0.0088100731
6.9479131699,0.0049011707,-0.0031818715,0.0021032791,0.0017412975,-0.0064589968,0.0074551236
6.9578790665,0.0033563075,-0.0092887580,0.0041440232,-0.0044604051,-0.0095314858,0.0018627517
6.9677209854,0.0015991030,-0.0091702342,0.0037499170,-0.0050652982,-0.0020136486,0.0001630557
6.9774899483,0.0012497304,-0.0080896504,0.0022285085,-0.0044948491,-0.0057548569,-0.0010172571
6.9873919487,0.0020430384,-0.0023101722,0.0013024311,0.0081959125,-0.0099128503,-0.0004377535
6.9975290298,-0.0001519920,0.0023520435,-0.0022442241,0.0105470400,-0.0082369233,-0.0035752568
7.0074539185,0.0005016325,-0.0015331547,-0.0036592979,-0.0000452395,-0.0079232026,-0.0060025952
7.0173749924,0.0034439859,-0.0053464365,-0.0073193209,-0.0065944851,-0.0013404014,-0.0097802896
7.0272898674,-0.0013547542,-0.0024085906,-0.0071512358,-0.0028182124,-0.0017686377,-0.0078828204
7.0372262001,-0.0014585855,0.0013058704,-0.0036261578,0.0069342838,-0.0022802309,-0.0054177986
7.0472121239,0.0002948342,0.0010078062,-0.0023500223,0.0105226263,-0.0025902227,-0.0013947603
7.0572881699,0.0003626643,0.0005196925,-0.0027006168,0.0131415799,0.0003925176,0.0002524047
7.0669989586,-0.0017864408,0.0021268125,-0.0038999815,0.0153449904,-0.0016381427,0.0030801159
7.0769262314,0.0015916524,0.0012780760,-0.0047773020,0.0144062266,-0.0012874044,0.0032870434
7.0869197845,0.0018675921,0.0001814138,-0.0046573775,0.0073413928,0.0043515731,0.0055078203
7.0967879295,-0.0034996870,0.0009402890,-0.0039412873,0.0018965602,0.0032903033,0.0066668279
7.1065459251,-0.0033094289,-0.0011291209,-0.0028594632,-0.0019071447,0.0085316710,0.0046330718
7.1166152954,-0.0030379000,0.0034075524,0.0002566676,0.0022612351,0.0105982842,0.0046703559
7.1266160011,-0.0030302408,0.0022940221,-0.0003067751,0.0022102804,0.0105468845,0.0042111273
7.1366381645,-0.0021470489,-0.0006091263,-0.0004100103,-0.0046516205,0.0108006839,0.0045810402
7.1466250420,-0.0008462371,-0.0025578369,-0.0017022986,-0.0075791450,0.0109522175,0.0052554859
7.1563301086,-0.0009035470,-0.0034009037,0.0021090012,-0.0021207300,0.0042533022,0.0073900092
7.1662540436,0.0027000604,0.0009043362,0.0034471254,0.0077176979,-0.0088377325,0.0079317968
7.1762123108,0.0036871431,0.0026131975,0.0011186700,0.0155668324,-0.0141656529,0.0068705268
7.1863250732,0.0034272370,0.0006158050,0.0012353759,0.0185888093,-0.0088774133,0.0026833049
7.1961698532,-0.0021374526,-0.0038741496,0.0013962488,0.0199504830,-0.0000706061,0.0039690789
7.2059559822,-0.0062482059,-0.0030678106,0.0008440714,0.0184293743,0.0026801729,0.0049033826
7.2159571648,-0.0036754014,-0.0006459992,-0.0005268950,0.0120585607,0.0001871879,-0.0014903347
7.2258987427,-0.0005745890,-0.0050941152,-0.0013224382,-0.0019983128,0.0076067545,-0.0009002779
7.2358369827,-0.0034928622,-0.0085246451,-0.0039933221,-0.0147047881,0.0111937663,0.0014214659
7.2456479073,-0.0037950578,-0.0079365931,-0.0037779708,-0.0119742490,0.0155198043,0.0011341108
7.2556519508,-0.0026790800,-0.0006593432,0.0003926854,0.0029708792,0.0049989875,0.0058375197
7.2655172348,-0.0035193565,0.0062884088,0.0053809984,0.0179092586,-0.0002554295,0.0080952141
7.2754769325,0.0005211232,0.0011234541,0.0059208376,0.0173555873,-0.0002594242,0.0063942536
7.2853612900,-0.0001495483,-0.0024225120,0.0067137582,0.0117117278,0.0011163647,0.0090794526
7.2953567505,0.0007929502,-0.0028927480,0.0034514170,0.0062011154,0.0002891870,0.0060221432
7.3052110672,0.0015729961,-0.0049251807,0.0035066109,-0.0047812276,-0.0040182099,0.0017427432
7.3151931763,0.0003845988,-0.0013994839,0.0033524137,-0.0047162464,-0.0066406247,0.0011445971
7.3250498772,-0.0014913979,0.0006154549,0.0033259492,0.0048285224,-0.0144002773,-0.0017701662
7.3350481987,0.0031423566,0.0001993213,0.0050777895,0.0153413508,-0.0051583089,-0.0085646883
7.3449120522,0.0039730072,-0.0020931815,0.0018407803,0.0179153848,-0.0025782385,-0.0047179861
7.3549079895,-0.0020189884,0.0022082212,0.0007555585,0.0196317919,-0.0056762937,-0.0009189865
7.3647341728,-0.0011483135,0.0003419478,-0.0033228297,0.0109641794,-0.0043833293,-0.0011018792
7.3746690750,0.0013626216,-0.0026284610,-0.0050051706,-0.0007228372,-0.0062557976,-0.0024944462
7.3848528862,0.0025916097,-0.0030591157,-0.0058865445,-0.0036858697,0.0025107961,0.0001011374
7.3945302963,0.0003483889,-0.0050326367,-0.0015612144,-0.0125384834,0.0050514513,0.0012795860
7.4044628143,-0.0020284059,-0.0022460003,0.0001947980,-0.0093337242,0.0072421678,0.0050191632
7.4144120216,-0.0016154053,0.0015922819,-0.0028774638,-0.0010086824,0.0061034001,0.0070852437
7.4244670868,0.0004896818,0.0081999861,-0.0041546128,0.0082713682,0.0055369460,0.0048920973
7.4343461990,-0.0005367698,0.0090578720,-0.0050202506,0.0125971418,-0.0009891303,0.0088149337
7.4441452026,-0.0013113620,0.0053930874,-0.0003586311,0.0147488862,-0.0019955388,0.0090225274
7.4539918900,0.0009695290,-0.0021741916,0.0043259365,0.0059687104,0.0004228776,0.0092811203
7.4638690948,0.0003093181,-0.0050846902,0.0070483787,-0.0066260877,0.0015355464,0.0077937781
7.4737429619,-0.0027941766,-0.0072386903,0.0073192818,-0.0145418011,0.0052285516,0.0061324984
7.4837198257,-0.0033584835,-0.0105187818,0.0045153005,-0.0280004404,0.0093868114,0.0040112571
7.4938759804,-0.0020332041,-0.0049199951,0.0028928618,-0.0222655907,0.0116267959,0.0007100026
7.5036010742,-0.0016420784,-0.0004026633,0.0013632874,-0.0113732619,0.0071220594,0.0058578597
7.5134749413,0.0025003848,0.0031370851,-0.0013872881,-0.0001823925,0.0001024994,0.0027629999
7.5234289169,0.0004318354,0.0037930380,-0.0006132622,0.0101405531,-0.0034405701,0.0009685287
7.5333561897,-0.0009949210,0.0012866032,0.0022683840,0.0122646894,-0.0067085349,0.0009064772
7.5432977676,-0.0005409719,-0.0023621251,0.0025273066,0.0056494866,-0.0088510485,0.0021874909
7.5533890724,0.0005932151,-0.0035347198,0.0011032324,0.0043823542,-0.0063743084,-0.0003435775
7.5631437302,-0.0015978517,-0.0044956100,0.0020811658,0.0031064339,-0.0065447506,0.0015392774
7.5730328560,-0.0002093913,-0.0036881422,0.0040168269,0.0018544819,-0.0027721166,-0.0023025987
7.5831131935,-0.0016111734,-0.0059144502,-0.0001572270,-0.0051449272,0.0001813289,-0.0039919415
7.5930390358,-0.0022630694,-0.0075901863,-0.0044368999,-0.0019741673,0.0024311675,-0.0050132643
7.6030397415,-0.0011173787,-0.0058596549,-0.0025595922,-0.0041989726,0.0034120094,-0.0025010041
7.6128921509,-0.0000917615,-0.0023175892,-0.0020548601,-0.0029472862,0.0000811941,-0.0028149912
7.6228270531,0.0006493030,0.0003592480,-0.0012952585,0.0034919709,0.0017030591,-0.0023751699
7.6330270767,0.0025552509,0.0029896903,-0.0014460583,0.0106833046,-0.0036251273,-0.0002512988
7.6426758766,0.0029183326,0.0018171329,-0.0068303244,0.0080466857,0.0038666113,-0.0032283468
7.6526689529,0.0023377833,0.0002728325,-0.0052022832,0.0049643433,0.0012079775,-0.0036211628
7.6625280380,0.0005529819,-0.0038918336,-0.0021020670,0.0046312711,0.0026103982,-0.0021712051
7.6724519730,-0.0005676152,-0.0025362601,0.0001378160,-0.0033701966,0.0022258377,-0.0020455041
7.6824102402,0.0010716019,-0.0019915816,-0.0006678600,-0.0018343511,0.0018668436,-0.0034684308
7.6923208237,0.0023480949,-0.0047343303,0.0000472169,-0.0009424584,0.0032974936,0.0002032695
7.7022690773,0.0013205705,0.0015867684,-0.0052867429,0.0051923990,-0.0009654282,0.0034758283
7.7121548653,-0.0007004442,0.0035174112,-0.0089413421,0.0146173257,-0.0032837098,0.0036390801
7.7221140862,-0.0018932822,0.0085992031,-0.0054579275,0.0160621796,0.0024202485,0.0032807852
7.7320232391,-0.0035839083,0.0043398472,-0.0024437804,0.0135337748,0.0043529044,0.0058960095
7.7419700623,-0.0000973942,-0.0019882438,-0.0018621583,0.0025329664,0.0039768661,0.0060696807
7.7518591881,0.0006769596,-0.0008832332,-0.0024722118,-0.0015477953,0.0044748774,0.0028429946
7.7618460655,0.0007890759,-0.0002245609,-0.0052827494,-0.0043156189,0.0110654021,0.0006480839
7.7717361450,-0.0027533176,-0.0012095462,-0.0057238238,-0.0049390648,0.0106629990,0.0007514146
7.7816338539,-0.0024485888,0.0008396503,-0.0038525362,-0.0018634689,0.0080014355,0.0047592726
7.7915401459,-0.0003543200,0.0008792203,-0.0046030777,0.0037707146,0.0094142426,-0.0003236369
7.8017048836,0.0022813973,-0.0004203249,-0.0067450898,0.0032368402,0.0081708124,-0.0001024280
7.8114190102,0.0013308821,-0.0010243509,-0.0107474821,0.0059537971,0.0101756398,0.0008374015
7.8213958740,0.0000922976,-0.0020096679,-0.0081020491,0.0086467853,0.0087708225,0.0037172439
7.8313169479,0.0000176130,-0.0000044707,-0.0081009166,0.0110585438,0.0125607662,0.0060597602
7.8412599564,-0.0009209217,0.0035544927,-0.0044252174,0.0156006543,0.0152537553,0.0077835247
7.8510899544,0.0010625122,0.0036743539,-0.0068244832,0.0121092498,0.0192745961,0.0043049036
7.8611040115,-0.0019738378,-0.0002600964,-0.0055469773,0.0058387485,0.0263029449,0.0059859911
7.8709592819,-0.0048616529,-0.0005414787,-0.0064000981,-0.0010599042,0.0253548585,0.0076589882
7.8808698654,-0.0037831368,0.0009405013,-0.0032033820,0.0036449251,0.0220682528,0.0053289225
7.8908138275,-0.0018817785,-0.0010982346,-0.0007771750,0.0026931113,0.0226552133,0.0048072091
7.9007358551,0.0006703435,-0.0035829474,0.0040022833,-0.0049386211,0.0239324644,0.0063294722
7.9106721878,-0.0040614605,-0.0042025303,0.0028202634,-0.0073189540,0.0295812953,0.0103641609
7.9206542969,-0.0020232203,-0.0017233234,0.0065034134,0.0006880173,0.0197614226,0.0095429756
7.9305891991,-0.0002213122,0.0009009648,0.0089235408,0.0165996067,0.0096379481,0.0074369474
7.9405088425,0.0004300175,0.0006663759,0.0120192869,0.0150307380,0.0039981715,0.0024473821
7.9502148628,0.0006892679,-0.0061746207,0.0159161780,0.0041011246,0.0091311475,-0.0024190121
7.9603199959,0.0000377891,-0.0096542016,0.0134945614,0.0018892807,0.0031843092,-0.0055928677
7.9702329636,-0.0006039144,-0.0046624918,0.0099465949,0.0032940982,0.0022990745,-0.0076512247
7.9801788330,-0.0009776058,0.0004525479,0.0112723811,0.0121451132,-0.0031785150,-0.0106563019
7.9901509285,-0.0023322108,0.0002694164,0.0096873147,0.0105602667,-0.0090491874,-0.0131466249
8.0001039505,-0.0005211534,-0.0074141701,0.0082329018,-0.0012093070,-0.0044006398,-0.0108760465
8.0099201202,-0.0002138319,-0.0098605342,0.0065971119,-0.0030948254,-0.0025702491,-0.0038852487
8.0198707581,-0.0006775858,-0.0035608751,0.0033804874,0.0040125297,-0.0084720803,-0.0009263435
8.0300178528,0.0038321612,0.0033088285,0.0026828747,0.0130539611,-0.0116857169,-0.0045466451
8.0397262573,0.0034984348,0.0052399295,0.0012733440,0.0118430220,-0.0051359385,-0.0018202667
8.0499019623,-0.0004721882,0.0017128323,0.0001375179,0.0080586709,-0.0004620908,-0.0023547634
8.0595273972,-0.0047944784,-0.0001331720,-0.0002437134,0.0074015800,-0.0002197431,0.0011754897
8.0695590973,-0.0027415159,-0.0015028309,0.0031603079,0.0121958032,0.0067960885,0.0001885220
8.0794200897,-0.0012459459,-0.0020471667,0.0072994931,0.0052499236,0.0014553852,-0.0005723096
8.0893535614,-0.0025145712,-0.0082337968,0.0075889332,-0.0140255038,0.0001504363,-0.0020184058
8.0992565155,-0.0009741189,-0.0096009448,0.0087421639,-0.0208881143,-0.0003379875,0.0002279370
8.1091928482,0.0011835990,-0.0052099009,0.0091739995,-0.0177756771,-0.0037625462,-0.0027952837
8.1191158295,0.0040305257,0.0008749660,0.0056699617,-0.0064417976,-0.0120894518,-0.0045441813
8.1292552948,0.0042026043,0.0049170810,0.0056806905,0.0016121343,-0.0127081042,-0.0032307105
8.1390123367,0.0028160510,0.0036393325,0.0023803215,0.0054893414,-0.0183393583,-0.0048898933
8.1488838196,-0.0000076296,0.0022078115,-0.0018511314,0.0124638937,-0.0161076281,-0.0073008528
8.1588115692,-0.0011982324,0.0022314484,-0.0032348533,0.0132934693,-0.0147640649,-0.0036063823
8.1687498093,0.0017835198,0.0029965448,-0.0039207833,0.0086409263,-0.0153832491,-0.0103897192
8.1786680222,0.0010308025,0.0021552178,-0.0026225348,0.0070374375,-0.0150990896,-0.0109273121
8.1886587143,0.0006965099,-0.0039763418,-0.0001013179,-0.0020023966,-0.0084510408,-0.0093230233
8.1985130310,-0.0005972089,-0.0055437242,-0.0013705392,-0.0100321826,-0.0014802173,-0.0041476698
8.2086486816,-0.0029495063,-0.0032079224,-0.0014520187,-0.0173002165,0.0049992539,0.0010928984
8.2184143066,-0.0025357010,0.0004231293,-0.0077336924,-0.0122267157,0.0047457209,0.0050147027
8.2282886505,0.0026594100,0.0070130373,-0.0079879062,0.0027450430,0.0041720760,0.0091130417
8.2381954193,0.0033598242,0.0118529648,-0.0111492770,0.0196992587,-0.0006264078,0.0038796633
8.2482147217,0.0061357021,0.0099846944,-0.0060086749,0.0221256651,-0.0061005354,0.0012002571
8.2580232620,0.0002762077,0.0039771195,-0.0016704698,0.0153196016,-0.0045609619,0.0043681869
8.2680397034,-0.0022085013,-0.0004214052,0.0006830196,-0.0038413098,0.0025315685,0.0041005393
8.2779045105,-0.0019171240,-0.0058256988,0.0024227600,-0.0113434345,0.0046916585,0.0011281853
8.2878684998,-0.0030093493,-0.0043751677,0.0007230740,-0.0104001425,0.0047965869,0.0049349079
8.2978019714,0.0000425575,0.0006647218,0.0046749813,-0.0034263004,0.0041659502,0.0041331630
8.3077449799,0.0012235341,0.0055026221,0.0053116782,0.0015199892,-0.0012000527,0.0032726957
8.3176174164,-0.0000256302,0.0064762230,0.0063793762,-0.0017668842,-0.0046224808,0.0066640317
8.3276166916,-0.0015919211,-0.0012657199,0.0059438450,-0.0111633148,-0.0076869805,0.0099980431
8.3374319077,-0.0040239096,-0.0066868034,0.0055151088,-0.0163065009,-0.0069540786,0.0067906650
8.3473892212,-0.0018277171,-0.0078863725,0.0057304604,-0.0133983288,-0.0032826446,0.0086681936
8.3573007584,-0.0029194357,-0.0010707047,0.0032821994,-0.0029801321,-0.0055093137,0.0052129086
8.3672695160,-0.0016965272,0.0060794759,0.0019709568,0.0114161177,-0.0081554307,0.0043553705
8.3773698807,-0.0001161696,0.0080336593,-0.0000141163,0.0184567161,-0.0128340712,0.0008982546
8.3872079849,-0.0000779929,0.0040828246,-0.0010701914,0.0140585061,-0.0158535633,-0.0004525008
8.3970413208,0.0005136727,-0.0034229239,0.0001085501,0.0033575704,-0.0092707630,0.0004973491
8.4069385529,0.0027045605,-0.0102072544,-0.0009205837,-0.0093614198,-0.0062310300,0.0013144067
8.4168910980,0.0003322361,-0.0090748295,-0.0025914211,-0.0126860216,0.0006503116,0.0032424023
8.4267902374,-0.0006279947,-0.0032254388,-0.0012816687,-0.0079282848,-0.0017521260,0.0052432353
8.4367370605,-0.0034470859,0.0011133101,-0.0005641480,-0.0082354369,-0.0011662305,0.0080955140
8.4466438293,-0.0030883255,-0.0006505068,-0.0008519192,-0.0037261723,-0.0005233435,0.0076803276
8.4566392899,0.0011294184,-0.0047714715,-0.0025285382,-0.0035109883,-0.0069724545,0.0070310486
8.4664916992,0.0022915301,-0.0044682068,-0.0027659435,-0.0008896394,-0.0029145959,0.0027867686
8.4763851166,-0.0017561319,-0.0046339710,0.0027921896,-0.0025214469,-0.0039420435,0.0025042405
8.4863500595,-0.0045739114,-0.0058973399,0.0004512768,-0.0050064428,0.0005661557,0.0016022279
8.4963340759,-0.0017744305,-0.0071105887,-0.0014994044,-0.0009175139,-0.0025579985,-0.0029561382
8.5061855316,-0.0022027495,-0.0031471890,0.0002229314,0.0080389632,-0.0063495412,-0.0054230243
8.5161151886,-0.0000607671,0.0001102533,-0.0007910032,0.0077172527,-0.0084699495,-0.0084617250
8.5260829926,-0.0003508629,-0.0038453382,-0.0042205350,0.0005719918,-0.0054722959,-0.0141241383
8.5360412598,-0.0026006403,-0.0038136174,-0.0071186326,-0.0053921570,-0.0022357560,-0.0090762489
8.5461006165,-0.0019679072,-0.0054600243,-0.0023590226,-0.0098034162,-0.0041998373,-0.0077766264
8.5558204651,0.0006237922,-0.0064303805,0.0007561545,-0.0062828064,-0.0002655495,-0.0061217044
8.5657396317,-0.0024845602,0.0001032982,0.0003674726,0.0048667835,-0.0015446658,-0.0036241924
8.5757093430,-0.0022746029,0.0056767422,-0.0014717479,0.0091636162,-0.0008418576,-0.0039277598
8.5855369568,-0.0006633999,0.0036535594,-0.0042493837,0.0054836599,0.0014165030,-0.0028172212
8.5954923630,-0.0015226307,0.0017833483,-0.0032126207,0.0067309076,-0.0005824657,-0.0021447064
8.6054372787,-0.0007840993,0.0000013184,-0.0060379999,0.0055553881,0.0039411797,-0.0009835684
8.6154308319,-0.0002934041,-0.0030427468,-0.0039595859,0.0007555732,0.0032506220,-0.0014439290
8.6254777908,0.0007310806,-0.0017318394,-0.0032924314,-0.0007001110,0.0042280019,0.0032200650
8.6352081299,0.0004099009,0.0014924627,-0.0024673839,-0.0004093829,-0.0005294688,0.0037487024
8.6451625824,-0.0013957920,0.0046383697,-0.0042380588,0.0054333266,-0.0014775542,0.0039039648
8.6551456451,0.0008556841,0.0043163183,-0.0082976716,0.0160636883,-0.0051782830,0.0019696776
8.6649961472,0.0004699228,0.0043819579,-0.0093254941,0.0210469961,-0.0037801231,0.0030346757
8.6749210358,-0.0006381573,0.0023315675,-0.0017954607,0.0145352120,-0.0008807397,0.0026596361
8.6848526001,-0.0011078122,-0.0025277776,-0.0051924484,0.0032316907,0.0100502055,0.0011781196
8.6947851181,-0.0037844779,-0.0051403684,-0.0048939483,-0.0075976984,0.0158769358,0.0005362311
8.7046728134,-0.0063562691,-0.0004841149,-0.0020330448,-0.0093729608,0.0158939790,0.0041970122
8.7146177292,-0.0020685198,0.0006607320,-0.0003889103,-0.0119443331,0.0219113920,0.0038641172
8.7245359421,-0.0001676085,0.0029430124,-0.0034701128,-0.0064584869,0.0137099205,0.0034398756
8.7345428467,0.0001712141,0.0075719836,-0.0045861499,0.0059530870,0.0121178832,0.0047293780
8.7443885803,0.0027995107,0.0050426754,-0.0026030440,0.0048175151,0.0056570545,0.0038875530
8.7541513443,0.0025559065,0.0009984296,0.0020621519,0.0002839267,0.0022548663,0.0079254378
8.7642278671,0.0025181470,-0.0016839470,0.0059673293,0.0041809306,0.0008849361,0.0069624390
8.7742147446,0.0008774398,0.0012030822,0.0067228181,0.0092624193,0.0040487712,0.0074553229
8.7840976715,-0.0007633271,0.0016380992,0.0060893400,0.0020766782,0.0020945438,0.0101507083
8.7944240570,-0.0022252204,0.0030535883,0.0047751768,0.0045220815,0.0088192923,0.0092290882
8.8039331436,-0.0043921769,0.0005268358,0.0025145512,0.0019129827,0.0079391180,0.0095646475
8.8139152527,0.0005051194,-0.0035806098,0.0019517641,-0.0021741707,-0.0023305647,0.0070391046
8.8238010406,0.0004335640,-0.0012186471,-0.0002428789,0.0007105656,-0.0017627787,0.0066518812
8.8339557648,-0.0005590321,-0.0020132181,0.0036099653,0.0033977837,-0.0015694331,0.0037144809
8.8436326981,-0.0041699708,0.0011553481,0.0016999941,0.0031389245,0.0040325257,0.0029054126
8.8536081314,-0.0035386684,0.0015530974,0.0004930000,0.0020260778,0.0035733972,0.0070553832
8.8635101318,-0.0019635560,-0.0011137187,-0.0012795825,0.0032945415,0.0029129332,0.0055208700
8.8736391068,-0.0006342532,-0.0020544720,-0.0013226171,-0.0002250918,0.0012844102,0.0020273018
8.8833360672,-0.0015392008,-0.0034927954,0.0027192335,-0.0004306878,0.0004047681,0.0046585049
8.8933525085,-0.0009634497,-0.0052933064,0.0020842056,-0.0079353871,0.0046943217,0.0033496611
8.9032087326,-0.0032957795,-0.0043588136,-0.0029131074,-0.0141373565,0.0049015158,0.0010465595
8.9131336212,-0.0022388103,-0.0043647890,-0.0041873353,-0.0130672092,0.0041560968,0.0041889562
8.9231081009,0.0005728005,0.0018127334,-0.0060942667,-0.0094554303,-0.0023281679,0.0048891013
8.9329814911,-0.0011206868,0.0020484976,-0.0043327110,0.0003189915,0.0022660512,0.0051955981
8.9429903030,-0.0019586685,0.0013923921,-0.0004072685,0.0081819743,0.0030844407,0.0072033550
8.9528341293,-0.0045714676,0.0007627603,-0.0022657414,0.0077091753,0.0061372221,0.0085389633
8.9630355835,-0.0028675797,-0.0033557699,-0.0016751189,0.0038854086,0.0054730298,0.0101887919
8.9726848602,-0.0006189944,-0.0081888344,-0.0035288234,-0.0030521262,0.0098270318,0.0077393828
8.9826879501,-0.0005838575,-0.0056264070,-0.0015089412,-0.0058950507,0.0112140067,0.0087678954
8.9925479889,-0.0006355645,-0.0024273586,-0.0004858274,-0.0036867573,0.0098640500,0.0064983834
9.0026397705,-0.0023982527,0.0015238688,0.0022605162,0.0039972616,0.0057236338,0.0043252436
9.0123920441,0.0012685952,-0.0021257517,0.0038142304,0.0000473494,0.0024681853,0.0021585624
9.0223560333,0.0011020598,-0.0065139872,0.0049143536,-0.0015614666,0.0053622425,-0.0005040660
9.0322198868,0.0009077190,-0.0091987513,0.0034064751,-0.0043529030,0.0060818284,-0.0032238525
9.0424098969,0.0001181958,-0.0080753751,0.0031408172,-0.0036727320,0.0070978245,-0.0074785184
9.0520782471,-0.0015867951,-0.0022608698,0.0031037431,-0.0049728868,0.0054533225,-0.0107200518
9.0620841980,0.0002422331,-0.0015767760,0.0010859470,-0.0059033954,-0.0012964591,-0.0069050742
9.0719394684,0.0008680223,-0.0028272239,0.0027619700,-0.0054859007,0.0007022432,-0.0084708799
9.0819530487,0.0021607277,-0.0058044647,0.0020864706,-0.0034009116,0.0026990816,-0.0067150570
9.0917892456,0.0020514426,-0.0053464216,0.0066238744,-0.0034357989,0.0007120969,-0.0036049178
9.1018743515,-0.0035528841,-0.0001264106,0.0079478724,-0.0059596766,0.0006412569,-0.0004461424
9.1116418839,-0.0037327709,-0.0002963472,0.0084372265,-0.0075472756,0.0080616232,0.0012384735
9.1216526031,-0.0055231750,0.0014276911,0.0099543435,-0.0028539873,0.0001802637,0.0029410324
9.1314907074,-0.0063743293,0.0016466804,0.0114731891,-0.0019792272,-0.0028296409,0.0038006010
9.1419191360,-0.0020515623,0.0009168960,0.0165389273,0.0002474417,-0.0093866102,0.0042594634
9.1515626907,0.0011595783,-0.0027423729,0.0107219918,-0.0055242497,-0.0215223674,-0.0007758415
9.1613655090,0.0049168468,-0.0056737685,0.0091590388,-0.0067911157,-0.0175135117,-0.0070819408
9.1712951660,0.0000124572,-0.0041553047,0.0085671647,-0.0018000854,-0.0211303513,-0.0035524864
9.1813707352,-0.0003237130,-0.0019137043,0.0062761409,0.0002907622,-0.0210227594,-0.0078708027
9.1911659241,-0.0006758572,-0.0025207628,0.0045642359,-0.0003616232,-0.0212054532,-0.0129521135
9.2010765076,0.0007906256,-0.0057341275,-0.0001616378,-0.0016695019,-0.0238987077,-0.0159188751
9.2115573883,0.0014868674,-0.0056920019,-0.0007626314,0.0007912591,-0.0224398263,-0.0142956451
9.2209310532,0.0009654461,-0.0065694121,-0.0000185270,0.0007182886,-0.0174999293,-0.0147577040
9.2306222916,0.0008738933,-0.0051908311,-0.0026047726,-0.0019081212,-0.0107440231,-0.0135852462
9.2405538559,-0.0048892796,-0.0006734993,-0.0033790369,-0.0065769088,-0.0080196094,-0.0059560891
9.2505207062,-0.0035123827,0.0024305242,-0.0073884027,-0.0069267591,-0.0092337439,-0.0029014437
9.2603960037,0.0003610847,-0.0003163334,-0.0059862630,-0.0091912448,-0.0143118594,-0.0086767748
9.2704982758,-0.0006648006,-0.0004171360,-0.0059971111,-0.0146596907,-0.0157251991,-0.0040274281
9.2804460526,-0.0003454091,-0.0017030019,-0.0038257141,-0.0154418619,-0.0096947383,-0.0029443207
9.2902851105,-0.0003522935,-0.0009767901,-0.0076442258,-0.0129816337,-0.0057812221,-0.0029485151
9.3002481461,0.0002411304,0.0026310044,-0.0093895691,-0.0038099727,-0.0090505192,-0.0030060392
9.3101854324,-0.0011261406,0.0062949765,-0.0104799168,0.0127427280,-0.0079269316,-0.0015254216
9.3200941086,-0.0004667940,0.0079803355,-0.0090651410,0.0201356616,-0.0105738472,-0.0026199808
9.3302526474,-0.0005758108,0.0023856680,-0.0037861962,0.0178231504,-0.0150586106,-0.0051366682
9.3399419785,0.0021923182,-0.0053989408,-0.0046463506,0.0112001356,-0.0113680018,-0.0081921127
9.3498353958,0.0001894234,-0.0074701761,-0.0028075476,-0.0040062484,-0.0109701250,-0.0096250270
9.3598060608,0.0001769362,-0.0076105413,-0.0028127332,-0.0123326220,-0.0047202189,-0.0095110433
9.3697032928,-0.0016726258,-0.0023101759,-0.0077873366,-0.0135590080,0.0031659335,-0.0069471849
9.3798246384,-0.0033261182,0.0046366076,-0.0097683566,-0.0023649419,0.0021531333,-0.0004991393
9.3895645142,-0.0024329724,0.0065125595,-0.0118385451,0.0010692934,0.0031137357,0.0011068135
9.3995199203,0.0019370315,0.0083851926,-0.0126264589,0.0067506148,0.0032772538,0.0010697956
9.4093942642,0.0023151932,0.0059454623,-0.0135024684,0.0079721175,0.0017403434,0.0051058494
9.4194030762,-0.0006713571,0.0027298364,-0.0082174437,0.0006247228,0.0017448708,0.0028597394
9.4291934967,-0.0014471414,-0.0008133281,-0.0048268931,-0.0091724256,0.0106142629,0.0018861543
9.4391937256,-0.0037500563,-0.0015317019,-0.0038168330,-0.0142489430,0.0187395662,0.0058366875
9.4491147995,-0.0047947466,0.0026167813,-0.0080735581,-0.0088436138,0.0169456620,0.0118416827
9.4591064453,-0.0021555426,-0.0006120991,-0.0055804746,-0.0011127237,0.0190458298,0.0100054331
9.4689693451,-0.0002058746,0.0016259026,-0.0038646359,0.0065339222,0.0147821102,0.0083818370
9.4789152145,-0.0007913710,0.0011648048,-0.0016836424,0.0132509470,0.0089314114,0.0097328592
9.4888811111,0.0034219918,-0.0014856051,-0.0012019177,0.0048140530,0.0126105677,0.0045907609
9.4988298416,0.0012145934,-0.0043989872,-0.0013678570,0.0068226089,0.0065825032,0.0023025726
9.5088663101,-0.0014695826,-0.0056107384,0.0017500024,0.0067549646,0.0056538582,0.0011276193
9.5185651779,-0.0010394754,-0.0052690548,0.0043189628,0.0139111448,0.0025209161,-0.0017885419
9.5283212662,-0.0029310586,-0.0041240198,0.0019431214,0.0142349852,0.0004793367,-0.0005903859
9.5384807587,-0.0031956437,-0.0003606681,-0.0004660983,0.0124261659,0.0007280759,-0.0039428063
9.5484313965,-0.0040741563,-0.0012650866,-0.0012217660,0.0110198390,0.0056479992,-0.0014719921
9.5582933426,-0.0029552581,-0.0039100726,-0.0022606750,-0.0017542792,0.0102107935,-0.0034214258
9.5681934357,-0.0025914016,-0.0051494655,0.0017221670,-0.0056665507,0.0034066834,-0.0017495602
9.5781478882,-0.0029111507,-0.0071040881,0.0053009493,-0.0049099470,0.0047387965,-0.0008190516
9.5881347656,-0.0028294029,-0.0051694443,0.0087146861,-0.0107341036,0.0116286604,0.0001132879
9.5979366302,-0.0045153499,-0.0049419669,0.0068507297,-0.0082333945,0.0104483478,0.0032787211
9.6080827713,-0.0016047361,-0.0042209593,0.0036158662,-0.0092287073,0.0085159577,0.0021645543
9.6179189682,0.0010249314,-0.0020119180,0.0007047753,-0.0084896795,0.0106094694,0.0009589414
9.6279735565,-0.0001292529,0.0038426626,0.0008298855,0.0035155839,-0.0003502380,0.0026755484
9.6379499435,0.0017007289,0.0057283263,0.0037620764,0.0126973642,-0.0006876605,-0.0022848553
9.6477050781,0.0011484621,0.0029431800,0.0014066200,0.0145685021,0.0021107891,-0.0025709788
9.6575479507,-0.0012055042,-0.0009413253,0.0072237952,0.0176148918,0.0002481743,0.0014972661
9.6676177979,-0.0009238424,-0.0028361683,0.0059194071,0.0125199091,-0.0017095155,0.0020031668
9.6777324677,0.0009013711,-0.0071922620,0.0067707999,-0.0076719113,-0.0004354592,-0.0040576551
9.6875619888,0.0000842212,-0.0100479797,0.0076781614,-0.0173490383,0.0023992097,-0.0063792658
9.6975364685,-0.0018968584,-0.0039916453,0.0067209108,-0.0123055456,-0.0007941870,-0.0008409559
9.7072315216,-0.0004082026,0.0009553429,0.0056376560,0.0010284581,-0.0120985070,-0.0099367490
9.7171134949,0.0016552506,0.0033232640,0.0048931940,0.0064155003,-0.0156274606,-0.0116880443
9.7271013260,0.0038300452,0.0002992932,0.0039604409,-0.0000941530,-0.0129437940,-0.0144320317
9.7369956970,-0.0009565057,-0.0070601632,0.0000972848,-0.0064841416,-0.0032922321,-0.0072364369
9.7468528748,-0.0039965212,-0.0057597612,-0.0007163186,0.0021940351,-0.0049332720,-0.0064458447
9.7568111420,0.0010731218,-0.0013747964,0.0029063921,0.0092194537,-0.0086094989,-0.0081486702
9.7667827606,0.0043470860,0.0021685245,0.0021682482,0.0073136073,-0.0097413436,-0.0114852116
9.7766599655,0.0005317925,-0.0033113775,0.0026138525,-0.0096983993,-0.0071197273,-0.0057785898
9.7866096497,-0.0024808052,-0.0029288796,0.0003229480,-0.0159599353,0.0002119553,-0.0008906573
9.7967100143,-0.0025529268,-0.0002563972,-0.0043266909,-0.0179325379,-0.0010035115,-0.0036004237
9.8064441681,0.0006711481,0.0000852790,-0.0025088687,-0.0120056737,-0.0075402404,-0.0033029485
9.8163509369,0.0006512104,0.0044694501,0.0000690918,-0.0061272783,-0.0098862192,-0.0041724704
9.8263435364,0.0011727212,0.0027671936,-0.0006895561,-0.0028837253,-0.0064020050,-0.0052980557
9.8362045288,-0.0025028589,0.0020857635,-0.0017290611,0.0007357765,0.0008828056,-0.0032130668
9.8461875916,-0.0033842626,0.0017989684,-0.0012149711,0.0040558511,-0.0012623707,0.0028935948
9.8560237885,-0.0015588703,0.0044757235,-0.0015368958,0.0056670634,-0.0056078508,-0.0002308257
9.8659791946,0.0020371375,0.0045913826,-0.0023790498,0.0061632986,-0.0032171309,-0.0021330554
9.8760871887,-0.0009751918,0.0021186243,-0.0020248194,-0.0039348756,-0.0012599739,-0.0000227664
9.8858966827,-0.0018416347,-0.0014326762,-0.0013394256,-0.0079321023,-0.0042307302,0.0042827330
9.8957567215,-0.0019709768,0.0012627762,0.0007815461,-0.0081941579,-0.0063479431,0.0069067455
9.9055747986,0.0000270007,-0.0007260222,0.0023331146,-0.0058129365,-0.0069612688,0.0069354745
9.9156513214,0.0012098250,-0.0022262675,-0.0004289646,-0.0083618481,-0.0079136156,0.0088143349
9.9255247116,-0.0006327333,-0.0016108308,-0.0030175347,-0.0087771229,-0.0025601289,0.0076337554
9.9354553223,-0.0017030837,-0.0004438091,-0.0059487121,0.0068766712,-0.0033809152,0.0062792716
9.9456338882,-0.0041334927,-0.0007010106,-0.0013388295,0.0171875432,-0.0037492304,0.0037329567
9.9553127289,-0.0019940438,-0.0042838906,0.0040738089,0.0060486053,-0.0042978418,0.0024043056
9.9652500153,-0.0015740397,-0.0072129262,0.0003251533,-0.0072383489,0.0067382976,0.0034587509
9.9751949310,-0.0038985612,-0.0068887365,-0.0014238853,-0.0071030604,0.0040623536,0.0033053528
9.9850416183,0.0017271040,-0.0023344499,-0.0045842426,0.0019652694,-0.0005004403,-0.0040172082
9.9950094223,0.0041465163,-0.0026659337,-0.0035497446,0.0083920099,-0.0044589629,-0.0061922120
10.0050230026,0.0022197065,-0.0019839597,-0.0018960733,0.0052698082,-0.0048453878,-0.0023750367
10.0148057938,-0.0001660289,-0.0006888438,-0.0047305124,-0.0005438724,-0.0074699330,0.0038317267
10.0256462097,0.0002231596,-0.0005018603,-0.0079415338,0.0015375656,-0.0109980879,0.0096270982
10.0349531174,0.0013224182,0.0022325921,-0.0093092220,0.0031469138,-0.0123480447,0.0100742429
10.0448265076,0.0024308560,0.0004435141,-0.0092227953,0.0074034445,-0.0138665801,0.0010006863
10.0546312332,0.0021392105,-0.0082142614,-0.0027815599,0.0030289362,-0.0227580760,0.0010323781
10.0644741058,0.0008255838,-0.0025115390,0.0019862752,-0.0021858886,-0.0173451994,0.0010866402
10.0743722916,-0.0051251948,0.0010820735,0.0047736270,0.0030498861,-0.0098694414,0.0013079487
10.0843496323,-0.0060755312,0.0041838731,0.0048995716,0.0150019759,-0.0161891226,-0.0019921404
10.0941696167,-0.0018495324,0.0050417739,0.0056445701,0.0173285119,-0.0163465161,-0.0106660565
10.1041736603,0.0000690518,0.0011864003,-0.0013493795,0.0042815981,-0.0079666125,-0.0150176287
10.1141366959,-0.0045770109,-0.0050146733,-0.0035312076,-0.0128161618,0.0070155328,-0.0105088968
10.1240310669,-0.0058812797,-0.0079474449,-0.0022241969,-0.0166118778,0.0112174684,-0.0029522437
10.1344499588,-0.0047193468,-0.0071675708,-0.0062377946,-0.0100735500,0.0045180204,0.0040553324
10.1441326141,0.0019860861,0.0006157678,-0.0055844085,-0.0013209828,0.0067377654,0.0046750833
10.1538944244,-0.0014277997,0.0026356797,-0.0018096466,0.0003581401,0.0083867945,0.0111662718
