0.0000000000,-0.0206187256,0.0209906213,-0.0066876360,-0.0004717596,-0.0227237716,-0.0731487796
0.0081450939,-0.0105255730,0.0159775428,-0.0114749027,-0.0068638790,-0.0238407012,-0.0731477141
0.0182240009,-0.0033731197,0.0089516370,-0.0084858490,-0.0217600055,-0.0282013621,-0.0710225105
0.0283000469,0.0077365600,0.0007992642,0.0003706862,-0.0419532396,-0.0326081589,-0.0667589828
0.0383690596,0.0130253546,-0.0017045705,0.0052707838,-0.0525889918,-0.0358429700,-0.0603869781
0.0485570431,0.0036157931,0.0006035822,0.0101148533,-0.0579288974,-0.0347454809,-0.0476434827
0.0588700771,-0.0018815284,0.0057956460,0.0110482024,-0.0589776039,-0.0357545540,-0.0380864628
0.0688290596,-0.0005267744,0.0071657035,0.0159388836,-0.0472865887,-0.0302708372,-0.0264069047
0.0786240101,-0.0012316441,0.0047777402,0.0178817566,-0.0324082524,-0.0237325113,-0.0200368892
0.0886980295,-0.0087983496,0.0124133034,0.0178624447,0.0081927013,-0.0275253840,-0.0051839082
0.0989201069,-0.0085827745,0.0175544657,0.0071897553,0.0773226917,-0.0976576656,0.2124323696
0.1091130972,-0.1215931922,0.0111729456,-0.0271888915,0.1601744294,-0.1564339101,0.3631574214
0.1190310717,-0.2279452533,-0.0153683992,-0.0566469990,0.1494454741,-0.0607746877,0.0765218735
0.1291210651,-0.0985200107,-0.0075378609,-0.0297727529,0.0956890509,-0.0292567052,-0.0625444055
0.1391510963,0.0151654445,0.0030134874,-0.0029753994,0.0636589453,-0.0273236502,-0.0487325862
0.1493190527,-0.0129388459,-0.0092717828,-0.0029829692,0.0219631605,-0.0203016941,-0.0550892837
0.1593620777,0.0048899166,-0.0200486891,0.0029794623,-0.0239706673,-0.0153498128,-0.0476417504
0.1694570780,0.0065891705,-0.0386644043,0.0071396283,-0.0793953091,-0.0221728310,-0.0433838889
0.1794790030,0.0059958212,-0.0372941308,0.0166269597,-0.1049202681,-0.0308777709,-0.0423198268
0.1895970106,0.0311938263,-0.0263409056,0.0197528657,-0.1015915871,-0.0435887761,-0.0433888212
0.1996250153,0.0663773417,-0.0079661282,0.0239234623,-0.0886406377,-0.0572297499,-0.0370267928
0.2097160816,0.0735549480,-0.0011526017,0.0244714674,-0.0778851956,-0.0656384155,-0.0391573198
0.2197470665,0.0632893443,-0.0038391617,0.0196169075,-0.0639458895,-0.0730125755,-0.0497834645
0.2298460007,0.0526924022,-0.0010133205,0.0143583464,-0.0373369120,-0.0664827749,-0.0604049526
0.2398970127,0.0376454033,0.0125066144,0.0129455971,-0.0053067552,-0.0683802739,-0.0689086914
0.2499690056,0.0280942135,0.0243403725,0.0155515717,0.0287843700,-0.0628254488,-0.0763471648
0.2600200176,0.0206901692,0.0293243937,0.0123421000,0.0447327085,-0.0563001744,-0.0731612295
0.2700920105,0.0205702148,0.0232864432,0.0072358297,0.0317796245,-0.0415372066,-0.0699651688
0.2801690102,0.0291913413,0.0121013699,0.0021656204,0.0039628306,-0.0342896134,-0.0603988916
0.2902340889,0.0300291665,0.0023569423,0.0018941213,-0.0334212929,-0.0302679762,-0.0444604084
0.3004740477,0.0279225446,0.0012741269,0.0035332490,-0.0793641284,-0.0241987649,-0.0285188593
0.3103510141,0.0224810652,0.0018928082,0.0032266427,-0.0996331796,-0.0242927745,-0.0157721713
0.3206640482,0.0138130896,0.0067230570,0.0000092436,-0.1007256359,-0.0210503098,-0.0051518176
0.3304840326,0.0113224126,0.0151559515,-0.0022233080,-0.0846867487,-0.0240935031,-0.0051574102
0.3405719995,0.0130137838,0.0199835710,-0.0043762876,-0.0515767820,-0.0270362962,-0.0125996135
0.3506190777,0.0058425255,0.0247579925,-0.0064884378,-0.0142033100,-0.0299969316,-0.0285375677
0.3611340523,0.0012150223,0.0266167484,-0.0114612533,0.0188725106,-0.0297701620,-0.0381021760
0.3707870245,0.0014252777,0.0272401981,-0.0085802032,0.0370419249,-0.0328431837,-0.0455409177
0.3808530569,0.0095487721,0.0200582482,-0.0036779593,0.0285282284,-0.0350333676,-0.0444775186
0.3909860849,0.0238266997,0.0097124605,-0.0016828727,0.0072208080,-0.0383612551,-0.0381029770
0.4012020826,0.0286920406,0.0046680453,0.0032135893,-0.0141149480,-0.0384789668,-0.0274790935
0.4109760523,0.0346014686,0.0009724083,0.0090094851,-0.0344617665,-0.0311874971,-0.0210994910
0.4211090803,0.0335693993,0.0008109095,0.0059898542,-0.0398311205,-0.0280291233,-0.0179123543
0.4311619997,0.0190927573,0.0063252109,-0.0039139343,-0.0335023850,-0.0205392484,-0.0168484207
0.4414811134,0.0056379847,0.0119681461,-0.0069813086,-0.0228815954,-0.0150850937,-0.0083545344
0.4512571096,0.0008824880,0.0110086156,-0.0090212179,-0.0101490207,-0.0075254450,-0.0051685954
0.4613560438,0.0055571459,0.0075553316,-0.0090663983,-0.0048325006,-0.0053433841,-0.0030448574
0.4714380503,0.0038541744,0.0006203236,-0.0042815758,-0.0048372932,-0.0054057017,-0.0126010776
0.4817110300,0.0030469859,0.0006505283,0.0014724780,0.0037912419,-0.0149568617,-0.0242872946
0.4915521145,0.0090906359,0.0104928492,0.0033412625,0.0028040083,-0.0235234518,-0.0349093154
0.5016200542,0.0084577687,0.0144379986,0.0013005782,-0.0024922462,-0.0278484933,-0.0402193218
0.5117080212,0.0152340271,0.0103350831,0.0003412415,-0.0119707035,-0.0406921208,-0.0444705263
0.5219941139,0.0205397420,0.0088740019,0.0042515444,-0.0268697571,-0.0450659618,-0.0444695950
0.5318150520,0.0201211385,0.0072857696,0.0071907686,-0.0396523997,-0.0472790487,-0.0412820578
0.5418670177,0.0166447796,0.0056259367,0.0110533880,-0.0599322394,-0.0463262387,-0.0306581091
0.5519350767,0.0101784877,0.0078984676,0.0119839357,-0.0717409626,-0.0389463529,-0.0221570320
0.5622611046,0.0055820830,0.0101271747,0.0060789636,-0.0675278381,-0.0324820615,-0.0125973504
0.5720630884,0.0016868974,0.0190695710,0.0011069824,-0.0484223217,-0.0216557775,-0.0051642009
0.5821421146,0.0006019066,0.0193722360,0.0000538279,-0.0336043611,-0.0087028947,0.0086415596
0.5922930241,0.0040884726,0.0112636266,0.0058459090,-0.0145414537,0.0063674008,0.0160768386
0.6025220156,0.0014813507,0.0101531101,0.0086701559,0.0013402021,0.0192525722,0.0182033721
0.6124620438,-0.0011912023,0.0120662106,0.0066288761,0.0044473121,0.0288503394,0.0213927738
0.6225200891,-0.0008812880,0.0140152304,0.0065482906,0.0055240011,0.0277919322,0.0203299746
0.6325210333,0.0015581960,0.0129660917,0.0113638090,-0.0040380787,0.0234571062,0.0192684382
0.6428411007,0.0061796717,0.0068889293,0.0084083127,-0.0114219058,0.0149248689,0.0224511828
0.6527171135,0.0139927380,0.0015333550,0.0044961618,-0.0186899360,-0.0053063659,0.0213811230
0.6627850533,0.0180966295,-0.0039017019,-0.0023266624,-0.0227988511,-0.0212586336,0.0213741325
0.6728240252,0.0144023411,-0.0052924571,-0.0091785742,-0.0194595121,-0.0350306407,0.0203046072
0.6830871105,0.0088826828,-0.0055922237,-0.0072278930,-0.0097584687,-0.0445174836,0.0171129405
0.6929050684,0.0073700435,-0.0019289447,-0.0013686370,-0.0001676260,-0.0434072129,0.0118020661
0.7029860020,0.0058111362,-0.0001797421,0.0035121490,0.0040540695,-0.0391457565,0.0086167920
0.7130260468,-0.0007474830,-0.0013049288,0.0064315246,0.0061979140,-0.0402019657,0.0064921221
0.7233470678,-0.0015723368,-0.0052111638,0.0083996104,0.0028670989,-0.0275186598,0.0033139058
0.7331930399,0.0003214667,-0.0080998586,0.0064588236,0.0038671158,-0.0211848654,-0.0030539786
0.7434240580,0.0031181241,-0.0079533355,0.0084245848,0.0049176263,-0.0201622117,-0.0104871280
0.7533880472,0.0059826188,-0.0087846490,0.0045401501,0.0048723519,-0.0159528200,-0.0157940090
0.7636040449,0.0059701391,-0.0115895914,0.0035883237,-0.0026695058,-0.0085919742,-0.0157874823
0.7734490633,0.0049895085,-0.0165623389,0.0006610204,-0.0218447987,-0.0119289150,-0.0136606833
0.7834850550,0.0020859058,-0.0149104195,0.0015985419,-0.0335596725,-0.0141542535,-0.0136580197
0.7936360836,0.0032327960,-0.0143613042,0.0015757133,-0.0506124273,-0.0164253972,-0.0136548243
0.8048640490,0.0034735540,-0.0129103931,-0.0003999423,-0.0580067486,-0.0239393711,-0.0168411639
0.8139510155,0.0037304575,-0.0095082195,-0.0004344534,-0.0579337776,-0.0313871689,-0.0200302992
0.8239870071,0.0049862303,-0.0021341112,-0.0053261467,-0.0429568216,-0.0355343074,-0.0253461674
0.8338479996,0.0053002276,0.0083718626,-0.0082538081,-0.0194320530,-0.0407035053,-0.0359727144
0.8441570997,0.0085555948,0.0113652227,-0.0062541910,0.0008404600,-0.0405395851,-0.0381020457
0.8538410664,0.0069181360,0.0107144145,-0.0032691311,0.0136225680,-0.0383334234,-0.0423513837
0.8638930321,0.0052992366,0.0100847660,-0.0041711880,0.0146588041,-0.0351272449,-0.0402264483
0.8740230799,0.0036034028,0.0083920760,-0.0031378220,-0.0013902038,-0.0310161244,-0.0391585194
0.8846310377,0.0018763954,0.0006284597,-0.0040861913,-0.0227398854,-0.0300930049,-0.0317201130
0.8943130970,0.0011313821,-0.0035207686,-0.0099145724,-0.0472891703,-0.0291771460,-0.0210954286
0.9043290615,-0.0015934294,0.0046942341,-0.0119283749,-0.0611739084,-0.0271084681,-0.0104714818
0.9144500494,-0.0003840884,0.0068389284,-0.0100274039,-0.0674792081,-0.0366926529,-0.0072892709
0.9247270823,0.0008261243,0.0080749197,-0.0042303158,-0.0471904762,-0.0375348106,-0.0009242487
0.9345030785,0.0011029805,0.0085800318,-0.0013329934,-0.0226209499,-0.0393870361,0.0075629791
0.9446130991,0.0033779780,0.0152383624,-0.0042410446,0.0083131045,-0.0380621143,0.0064934539
0.9546350241,0.0027084390,0.0154067753,-0.0051649166,0.0381815210,-0.0367470458,0.0054247272
0.9650200605,-0.0038577428,0.0159226097,-0.0031558822,0.0530852079,-0.0334676281,0.0001130525
0.9749130011,-0.0016092618,0.0135579361,-0.0001355361,0.0391901657,-0.0314806439,-0.0020060248
0.9848420620,-0.0022796949,0.0050762254,0.0067623905,0.0167899989,-0.0327369906,-0.0020013642
0.9949110746,-0.0049399324,-0.0036478755,0.0077884840,0.0028427579,-0.0254311413,-0.0019941737
1.0053761005,-0.0057335384,0.0001159268,0.0058277296,-0.0078623518,-0.0212407913,0.0043834313
1.0150260925,-0.0006389727,-0.0040331152,0.0029256989,-0.0163786076,-0.0234442893,0.0033226942
1.0252020359,0.0093430169,-0.0063282293,0.0029571701,-0.0163300317,-0.0287903193,-0.0030513157
1.0352100134,0.0144477226,-0.0046698493,0.0058795260,-0.0068020411,-0.0213001780,-0.0062353909
1.0457611084,0.0136518665,-0.0000194503,0.0087934183,0.0005927328,-0.0138077084,-0.0062337262
1.0555241108,0.0040252544,0.0047591957,0.0116718458,0.0113279345,-0.0200805180,-0.0062395851
1.0654730797,0.0012812281,0.0068401578,0.0126672434,0.0262163095,-0.0146385496,-0.0051783826
1.0755960941,-0.0005228331,0.0071753967,0.0068745664,0.0346590616,-0.0049941773,-0.0019903122
1.0856300592,-0.0043774061,0.0035850513,0.0010553051,0.0314063579,0.0003106401,0.0022602926
1.0953940153,-0.0053336285,-0.0009784369,-0.0018254470,0.0186886992,-0.0082546184,0.0075682392
1.1054890156,-0.0043728165,-0.0017480446,-0.0027688693,0.0080508087,-0.0115171243,0.0096930414
1.1157571077,-0.0004657542,-0.0036279527,-0.0007944654,-0.0078389430,-0.0233279765,0.0096911779
1.1259700060,0.0054891743,-0.0066925180,-0.0046766354,-0.0206365772,-0.0245140810,0.0075696371
1.1358489990,0.0047087260,-0.0050518257,-0.0056620194,-0.0238177218,-0.0266779009,0.0054457663
1.1459310055,0.0059419461,-0.0024912325,-0.0047087027,-0.0248470865,-0.0309793036,-0.0019891136
1.1559730768,0.0052368008,0.0011581884,0.0001639773,-0.0077969963,-0.0287427828,-0.0073013213
1.1662850380,0.0035548548,0.0069679576,0.0050444654,0.0091905352,-0.0201549549,-0.0147330724
1.1761031151,0.0028308372,0.0110566719,0.0050776647,0.0294329561,-0.0168086924,-0.0168601386
1.1861720085,-0.0008738001,0.0084881959,0.0022076417,0.0400821902,-0.0145932073,-0.0168620031
1.1962370872,-0.0066390969,0.0059725898,-0.0016455005,0.0346757099,-0.0071643200,-0.0094243269
1.2065470219,-0.0066894181,-0.0024210927,-0.0064675165,0.0228509270,0.0023783848,0.0054493612
1.2163850069,-0.0058079548,-0.0071156588,-0.0083981110,0.0004167240,0.0054625915,0.0203217845
1.2264380455,-0.0030278077,-0.0061938656,-0.0035389613,-0.0230541937,0.0053194473,0.0298842639
1.2364960909,-0.0012534147,-0.0025528637,0.0032364179,-0.0305517912,0.0084926039,0.0383821465
1.2467780113,0.0005536268,0.0000177207,-0.0036359380,-0.0252212361,0.0085054534,0.0330709368
1.2566421032,-0.0025032943,0.0006971242,-0.0046709729,-0.0123789394,0.0042971261,0.0213857833
1.2667660713,-0.0025361811,0.0045058313,-0.0046983911,0.0079446025,-0.0008929756,0.0118217068
1.2767870426,0.0004867951,0.0075620967,-0.0007687162,0.0250777826,-0.0071721766,0.0022580288
1.2870700359,-0.0003440266,0.0049686315,0.0031868864,0.0283206869,-0.0114447530,-0.0062381872
1.2968870401,0.0037411789,-0.0014731778,0.0110567259,0.0294277631,-0.0157140661,-0.0115495948
1.3069670200,0.0019860829,-0.0128232585,0.0169848856,0.0230717827,-0.0210869275,-0.0136761963
1.3170230389,0.0042391010,-0.0126261162,0.0180146154,0.0124974353,-0.0307153184,-0.0115547227
1.3273230791,0.0035825486,-0.0116158249,0.0131719755,0.0029426794,-0.0350171886,-0.0073055825
1.3371790648,-0.0018861105,-0.0107136490,0.0063726357,-0.0044819480,-0.0392918289,-0.0019968371
1.3473770618,0.0014494548,-0.0069537130,-0.0013939689,-0.0045295646,-0.0339532569,0.0033159032
1.3572530746,0.0007600004,-0.0031280858,-0.0091667725,0.0103367325,-0.0263818912,0.0054395078
1.3676100969,-0.0009904613,0.0008559781,-0.0081724478,0.0241537448,-0.0209619571,0.0043762405
1.3774340153,0.0040370934,0.0050537842,-0.0051973411,0.0348239690,-0.0208825953,0.0022499729
1.3877370358,0.0001897553,0.0065155285,0.0026268412,0.0411037281,-0.0091891214,-0.0030559094
1.3975440264,-0.0007929315,0.0050568539,0.0065810727,0.0357036367,-0.0028766312,-0.0041131843
1.4078971148,0.0001784528,0.0005784141,0.0085712718,0.0239805318,-0.0040418305,-0.0041091233
1.4177510738,-0.0007331555,0.0007708775,0.0066460422,0.0037370464,-0.0074019409,-0.0041056611
1.4280900955,0.0003457779,-0.0050842282,0.0037552167,-0.0143547915,-0.0128640179,-0.0041051945
1.4378451109,0.0004804770,-0.0101636769,0.0057016658,-0.0334752202,-0.0214852039,0.0012043493
1.4481390715,0.0007344747,-0.0085387351,0.0076490687,-0.0323175751,-0.0299373418,0.0054481630
1.4579660892,-0.0009552052,-0.0069349078,0.0066517643,-0.0259025507,-0.0309216492,0.0086314399
1.4680221081,-0.0006452983,-0.0023475182,0.0037283946,-0.0173337776,-0.0340229012,0.0096892472
1.4781240225,-0.0003496816,-0.0034745228,0.0037446667,-0.0077914037,-0.0275452919,0.0139372554
1.4883790016,-0.0011071374,0.0024079564,-0.0001344036,0.0156400185,-0.0231450181,0.0065012434
1.4982500076,0.0000554735,0.0036352756,-0.0030189108,0.0358472876,-0.0166572910,-0.0019950392
1.5083171129,0.0011600594,0.0050692218,-0.0019825052,0.0454071313,-0.0123714665,-0.0083655864
1.5183711052,0.0003000388,0.0045860517,-0.0009422849,0.0379340351,-0.0124782585,-0.0147345373
1.5286540985,-0.0005586927,-0.0018435685,-0.0038081955,0.0272364337,-0.0104547888,-0.0157942083
1.5386220217,-0.0004732644,-0.0055372757,-0.0037642072,0.0079743229,-0.0053244755,-0.0168485530
1.5485670567,-0.0023471599,-0.0016424848,0.0010969092,-0.0068781525,-0.0139579773,-0.0189715605
1.5586270094,0.0007239992,-0.0086379843,0.0030629088,-0.0260534454,-0.0172949191,-0.0168447588
1.5689480305,0.0018777291,-0.0090308012,-0.0018254470,-0.0410014503,-0.0163225997,-0.0104699507
1.5787670612,-0.0008477902,-0.0017441405,-0.0047988249,-0.0452145711,-0.0216372032,-0.0062243389
1.5888340473,0.0022792558,-0.0041669128,-0.0009208273,-0.0452267937,-0.0205542948,-0.0030395312
1.5989021063,0.0054368265,-0.0026669693,0.0019867469,-0.0377339907,-0.0225902814,0.0001429465
1.6091980934,0.0046616308,0.0028708535,0.0058675460,-0.0281579532,-0.0193034075,0.0033283536
1.6190240383,0.0018975923,0.0046630534,0.0087691592,-0.0153209865,-0.0223814901,0.0022617574
1.6290910244,0.0079623349,0.0085348664,0.0097804116,0.0049390644,-0.0211701524,-0.0019909113
1.6391820908,0.0061859526,0.0136072813,0.0088294791,0.0273045562,-0.0167511683,-0.0051797805
1.6494460106,0.0004859606,0.0130441142,0.0010756303,0.0454067588,-0.0123713333,-0.0083657196
1.6593090296,-0.0042837597,0.0106084747,-0.0047203251,0.0517802313,-0.0090977754,-0.0030567083
1.6693950891,-0.0091296770,0.0062021422,-0.0056465217,0.0346414596,-0.0028663781,-0.0009263126
1.6794680357,-0.0111303516,-0.0003295956,-0.0017328809,0.0143580269,-0.0019478537,0.0043882914
1.6897621155,-0.0141131468,-0.0071274531,-0.0007457684,-0.0080598779,-0.0010407809,0.0107649639
1.6996530294,-0.0092317276,-0.0063822982,-0.0017305564,-0.0304583944,-0.0022906023,0.0118318265
1.7096660137,-0.0024701317,-0.0000464288,-0.0008106779,-0.0529205836,0.0028112817,0.0107787456
1.7197090387,-0.0045299642,-0.0094345184,0.0039972714,-0.0614309870,0.0006839487,0.0213978346
1.7299950123,-0.0005938446,-0.0081560807,0.0049216794,-0.0592113473,-0.0077783787,0.0224547088
1.7398350239,0.0034110213,0.0058954614,-0.0009825181,-0.0368027091,-0.0075964849,0.0203255117
1.7498830557,0.0025259668,0.0076355445,-0.0097824885,0.0015750658,-0.0030253686,0.0192577839
1.7600240707,0.0016287009,0.0068878415,-0.0077975346,0.0357221179,-0.0027409431,0.0171256568
1.7702820301,0.0036565328,0.0074236053,-0.0057816454,0.0517248362,-0.0026209676,0.0139353247
1.7800990343,0.0007799605,0.0021760869,-0.0047402331,0.0527461618,0.0015908215,0.0075663747
1.7901670933,-0.0021986400,-0.0031903950,-0.0037201594,0.0398844257,0.0067708031,0.0054479633
1.8002420664,-0.0051862784,-0.0057190177,0.0021570374,0.0207075365,0.0034130896,0.0043893568
1.8105190992,-0.0003740599,-0.0114178928,0.0031698991,-0.0038694739,0.0063749910,0.0033350778
1.8203560114,-0.0004731899,-0.0155407982,0.0041127848,-0.0316350572,0.0082684979,0.0054666721
1.8304220438,0.0023729841,-0.0149991484,-0.0017688822,-0.0402156338,0.0123884752,-0.0019606845
1.8404930830,0.0022562260,-0.0086911591,-0.0067144586,-0.0444969311,0.0133844968,-0.0062062959
1.8508090973,0.0011487419,-0.0062374217,-0.0009463381,-0.0391214453,0.0091809640,-0.0072723590
1.8606671095,0.0069474392,-0.0066038785,-0.0009766172,-0.0316344984,0.0070688110,-0.0157697070
1.8708440065,0.0049516670,-0.0020139110,-0.0039377762,-0.0231047906,0.0082103079,-0.0147085050
1.8807680607,0.0039248206,0.0007193493,-0.0000859450,-0.0220259465,0.0071724746,-0.0125856986
1.8910880089,0.0038599188,-0.0042799679,0.0057514356,-0.0252298340,0.0071667489,-0.0094009573
1.9009010792,-0.0001160836,-0.0064189625,0.0057096528,-0.0294743814,0.0050420789,-0.0040919459
1.9111150503,-0.0001727154,-0.0017412571,0.0066605853,-0.0252137780,0.0061536152,-0.0019682746
1.9211881161,-0.0002144014,0.0049188915,0.0066258954,-0.0144567369,-0.0022342764,-0.0009133965
1.9313549995,-0.0011452099,0.0087144924,0.0036773731,-0.0111829927,-0.0096396618,-0.0019803252
1.9411380291,-0.0010558998,0.0066693681,-0.0011904191,-0.0111398501,-0.0138767511,-0.0009206535
1.9512350559,-0.0018912887,0.0036690640,-0.0002096843,-0.0100260889,-0.0181413367,-0.0051680626
1.9613130093,-0.0036924963,0.0026318091,0.0007779647,-0.0004347144,-0.0170241408,-0.0094171362
1.9716271162,-0.0064647309,0.0065708417,0.0036985327,0.0091996957,-0.0201155394,-0.0083601270
1.9817041159,-0.0062699132,0.0106014712,0.0086008357,0.0113435406,-0.0211717486,-0.0104847969
1.9916960001,-0.0012413075,0.0068095210,0.0096164988,0.0090935156,-0.0094985142,-0.0072930655
2.0015859604,-0.0011813303,0.0000120806,0.0096387910,0.0005074842,-0.0042126724,0.0012061469
2.0118560791,-0.0001559293,-0.0020223451,0.0086740898,-0.0069505656,-0.0053108935,0.0054543549
2.0217120647,0.0067167021,-0.0041114432,0.0038235236,-0.0166154429,0.0010127824,0.0118307611
2.0317831039,0.0037535469,-0.0033268821,-0.0001046609,-0.0176981241,0.0031803295,0.0203270428
2.0418372154,0.0027371238,-0.0015677704,-0.0001427482,-0.0145089878,0.0042485232,0.0171413701
2.0521540642,0.0046801679,0.0021724361,-0.0011377286,-0.0091551542,0.0021600057,0.0150146373
2.0619750023,0.0027223343,0.0060049701,-0.0001814316,0.0058134082,-0.0009340548,0.0086384974
2.0721480846,0.0027516300,0.0070317495,-0.0040793968,0.0143780001,-0.0041120714,-0.0019829217
2.0820980072,-0.0000893434,0.0081688045,-0.0069814874,0.0219288617,-0.0125902444,-0.0104834661
2.0924150944,-0.0038353687,0.0025438922,-0.0118079735,0.0241024531,-0.0168357901,-0.0136721358
2.1022920609,-0.0056729726,0.0017723026,-0.0078836633,0.0134322327,-0.0169151518,-0.0115458667
2.1123681068,-0.0016151329,-0.0000932930,0.0038397361,-0.0089760581,-0.0170900542,-0.0083549339
2.1223978996,0.0014698992,-0.0060828072,0.0097135948,-0.0249478333,-0.0203713365,-0.0019817236
2.1326971054,0.0065707900,-0.0102942856,0.0126458453,-0.0355515331,-0.0268176496,0.0001422806
2.1425499916,0.0077834390,-0.0068749902,0.0077393698,-0.0430848151,-0.0205099545,0.0012091430
2.1525831223,0.0050670393,-0.0014634921,-0.0000952433,-0.0280915089,-0.0256987903,-0.0009203871
2.1626861095,0.0033537487,0.0051495167,0.0008702327,-0.0046471693,-0.0223176405,-0.0019864505
2.1729350090,0.0015953744,0.0100911884,-0.0020454477,0.0208676979,-0.0125518953,-0.0030497839
2.1828289032,-0.0051578395,0.0113217412,-0.0030156921,0.0303770471,-0.0029051269,-0.0009237827
2.1928801537,-0.0051996522,0.0058254409,-0.0039462997,0.0345180780,0.0098711886,0.0001432794
2.2029199600,-0.0063516386,0.0022568661,-0.0058665825,0.0258862376,0.0193594974,0.0022738082
2.2132229805,-0.0085836612,0.0053968388,-0.0049117161,0.0045126127,0.0224126801,0.0107739531
2.2230601311,-0.0010474657,-0.0014600499,-0.0019867371,-0.0242668390,0.0189918503,0.0129031502
2.2332201004,0.0046215020,-0.0076486734,-0.0010368775,-0.0487457886,0.0124181695,0.0139680812
2.2432441711,0.0074602626,-0.0072188270,-0.0010900449,-0.0561224744,0.0027692704,0.0086561404
2.2535090446,0.0035439844,0.0009126621,-0.0031378220,-0.0528681502,-0.0025218981,0.0065293401
2.2633371353,0.0016767944,0.0091832159,-0.0022332619,-0.0357003435,-0.0119494880,0.0022730757
2.2733900547,-0.0001388600,0.0108784689,-0.0012837599,-0.0068992190,-0.0106507977,0.0001429464
2.2844080925,-0.0068415962,0.0168032907,-0.0012888263,0.0262249112,-0.0145989340,0.0011943624
2.2937989235,-0.0076473244,0.0191259719,0.0065499591,0.0465078652,-0.0154888285,0.0001260354
2.3035249710,-0.0036443209,0.0138654960,0.0115181254,0.0581844971,-0.0089925807,0.0043735108
2.3137202263,-0.0085170902,0.0066968906,0.0076776193,0.0506563261,-0.0026582521,0.0096886484
2.3237960339,-0.0086026080,-0.0036083502,0.0028729488,0.0217208136,0.0098844375,0.0192584507
2.3340201378,-0.0038393547,-0.0064273668,0.0019231488,-0.0070654806,0.0075517083,0.0256359894
2.3439002037,0.0009960497,-0.0056511355,-0.0000405263,-0.0250873566,-0.0042500896,0.0298818666
2.3539199829,0.0068955384,0.0008406150,0.0018821408,-0.0356953666,-0.0106877498,0.0330659412
2.3639070988,0.0079894699,0.0023671421,0.0038023044,-0.0346191823,-0.0117602050,0.0298797376
2.3743391037,0.0061603375,0.0020286920,-0.0001270126,-0.0186223742,-0.0105524603,0.0309380777
2.3842091560,0.0042543001,0.0038372907,-0.0011262249,0.0005422654,-0.0061545162,0.0288118087
2.3944149017,0.0033401886,0.0078238128,0.0018047143,0.0175945666,-0.0039116684,0.0245620031
2.4042429924,0.0004555101,0.0090847565,0.0028022577,0.0293521564,-0.0059588403,0.0203107987
2.4144959450,-0.0014329141,0.0085270060,0.0077205347,0.0390446782,-0.0143569866,0.0213668756
2.4244251251,0.0035558010,0.0002329084,0.0117136883,0.0401208624,-0.0154294418,0.0181806702
2.4346489906,0.0055834390,-0.0003357796,0.0059198784,0.0422001481,-0.0100980587,0.0192438029
2.4446291924,0.0017057622,0.0000351997,-0.0008744549,0.0325421989,-0.0048838556,0.0181870610
2.4548480511,0.0007538984,-0.0065739942,-0.0047257496,0.0101819234,-0.0104045887,0.0150037846
2.4646780491,0.0008172954,-0.0085361125,-0.0017921280,-0.0101148263,-0.0084596816,0.0150099099
2.4747529030,-0.0021042188,-0.0067468104,0.0010923792,-0.0176238492,-0.0042679328,0.0171383750
2.4848151207,-0.0030676757,0.0008527296,0.0069035343,-0.0186899118,-0.0042634057,0.0192622468
2.4950740337,-0.0030008962,-0.0003479985,0.0059104017,-0.0207861401,-0.0085457694,0.0160741750
2.5049490929,-0.0058968477,0.0003786119,0.0048974203,-0.0272304565,-0.0043438333,0.0182015095
2.5149900913,-0.0029978489,0.0001587676,0.0019705941,-0.0219517779,0.0021018821,0.0235139169
2.5250639915,-0.0001060327,0.0019758078,0.0097496556,-0.0154733714,-0.0052553667,0.0256321952
2.5353331566,0.0077356137,-0.0019581732,0.0107520269,-0.0079931924,-0.0062509896,0.0256296638
2.5451869965,0.0097541176,-0.0019476606,0.0039559649,0.0027297596,-0.0114835687,0.0224389303
2.5552670956,0.0079193898,0.0049671861,-0.0028700780,0.0155339185,-0.0113996789,0.0181887913
2.5653440952,0.0070864968,0.0032448876,-0.0047708103,0.0262552723,-0.0166530311,0.0118126525
2.5756292343,0.0033373053,0.0026044357,-0.0027956318,0.0369445905,-0.0187019985,0.0086229173
2.5855410099,-0.0013757681,-0.0008466212,0.0031097580,0.0444022380,-0.0175965205,0.0054361792
2.5956280231,-0.0021697020,-0.0033081961,0.0090191411,0.0444037020,-0.0175899304,0.0064983144
2.6056051254,-0.0059573315,-0.0067773503,0.0090761827,0.0443270057,-0.0101906033,0.0022548332
2.6159219742,-0.0078675561,-0.0044541699,0.0042373585,0.0368017629,-0.0049429778,0.0033202306
2.6257300377,-0.0078652464,-0.0070829955,-0.0035135697,0.0250521619,-0.0039914306,0.0022618906
2.6358389854,-0.0039958768,-0.0078858929,-0.0034857939,0.0111382911,0.0001522484,0.0054528238
2.6458721161,0.0018094892,-0.0068720100,-0.0015205692,0.0004030885,0.0064250580,0.0054586828
2.6561710835,0.0027255754,-0.0079293298,0.0004167010,-0.0166005008,-0.0000497522,0.0118317595
2.6659741402,0.0056453310,-0.0091168480,0.0023456265,-0.0283090901,-0.0033629911,0.0075858822
2.6760790348,0.0086147450,-0.0054985774,0.0062294649,-0.0282912962,-0.0055406578,-0.0009093351
2.6861371994,0.0028539563,-0.0057319594,0.0052082590,-0.0207819827,-0.0097609693,-0.0072841439
2.6964039803,0.0000747556,-0.0039369804,0.0013039757,-0.0058115302,-0.0128130186,-0.0072899358
2.7062571049,-0.0046256147,0.0038934979,-0.0026079367,0.0144825559,-0.0147925466,-0.0126050729
2.7163391113,-0.0054233633,0.0051229480,-0.0054936958,0.0336694345,-0.0125169409,-0.0147320740
2.7263979912,-0.0092144422,-0.0003310186,-0.0073785139,0.0390466228,-0.0167281982,-0.0168591402
2.7367420197,-0.0071273558,-0.0038210643,-0.0053726383,0.0325811058,-0.0103829503,-0.0115458677
2.7464640141,-0.0041213296,-0.0083975689,-0.0023920487,0.0176322497,-0.0094316686,-0.0083561996
2.7566540241,-0.0011821871,-0.0102756219,0.0025115062,-0.0102157593,0.0009986678,0.0012119394
2.7667441368,0.0007257948,-0.0114345970,0.0015118767,-0.0262860730,0.0072317962,0.0022809322
2.7770190239,0.0016158561,-0.0117771225,0.0005070616,-0.0422855206,0.0060321088,0.0022832626
2.7867980003,0.0064881854,-0.0073660132,-0.0005172442,-0.0454368368,0.0006575834,-0.0040894155
2.7968449593,0.0065130107,-0.0019531144,-0.0005744051,-0.0368722677,-0.0025133095,-0.0136492327
2.8069481850,0.0027156437,0.0016173901,-0.0025634121,-0.0229181070,-0.0109286327,-0.0210895725
2.8172070980,0.0029202292,0.0034079659,-0.0015817832,-0.0078930585,-0.0192932878,-0.0221591629
2.8270590305,-0.0007440930,0.0092452494,-0.0035405110,0.0027462710,-0.0160170682,-0.0221602283
2.8371210098,-0.0055001117,0.0102760149,-0.0025595378,0.0037650634,-0.0106760310,-0.0179096237
2.8471941948,-0.0122254826,0.0055135894,0.0013379504,0.0091028372,-0.0106017292,-0.0136637464
2.8581180573,-0.0072403662,-0.0020995331,0.0043240832,0.0144497454,-0.0115807736,-0.0083573312
2.8677029610,-0.0032886227,0.0068801823,0.0033763696,0.0293266959,-0.0050704102,-0.0062342589
2.8774600029,-0.0081561022,0.0091657666,-0.0014859389,0.0410196781,0.0003841432,0.0011995556
2.8874690533,-0.0032982116,0.0066785100,-0.0023906778,0.0420873389,0.0004003885,0.0022610915
2.8977241516,0.0055012964,0.0022635343,0.0015901972,0.0474563539,-0.0027151771,0.0054435022
2.9076261520,0.0084774159,0.0007708999,0.0055614160,0.0443183482,-0.0091160843,0.0043793032
2.9176311493,0.0085607581,0.0011250334,0.0065667080,0.0325235799,-0.0039338395,0.0011989564
2.9277260303,0.0017601291,-0.0054646176,0.0075700334,0.0132838404,-0.0009116842,0.0022671502
2.9380421638,-0.0050459020,-0.0083606290,0.0085223960,-0.0080491444,-0.0021729574,0.0001483393
2.9478511810,-0.0001113301,-0.0095342891,0.0104744481,-0.0272281654,-0.0055583678,-0.0051574763
2.9579181671,0.0029201622,-0.0079760747,0.0085067200,-0.0389681533,-0.0056887958,-0.0094015561
2.9681870937,0.0010340253,-0.0064787758,0.0055404352,-0.0389692187,-0.0057026446,-0.0115251606
2.9783220291,-0.0008659919,-0.0050045517,0.0015906740,-0.0464518517,-0.0046990323,-0.0104618939
2.9881629944,0.0001273865,-0.0045274836,-0.0004104327,-0.0486063436,-0.0025818194,-0.0083366912
2.9982042313,-0.0018234958,-0.0059786555,-0.0004606198,-0.0453926288,-0.0036154587,-0.0083374241
3.0083341599,0.0011617953,-0.0014780877,0.0043744496,-0.0293100663,-0.0108888177,-0.0062215421
3.0185542107,0.0071531869,0.0051411646,0.0043681310,-0.0143534057,-0.0129356571,-0.0147208218
3.0284230709,0.0043823235,0.0090240194,-0.0004998993,0.0102107916,-0.0148571273,-0.0168516170
3.0384521484,-0.0003305858,0.0101825697,-0.0053593470,0.0294763371,-0.0199602116,-0.0115495957
3.0485539436,-0.0001281833,0.0095914705,-0.0053013517,0.0422728285,-0.0187665820,-0.0083668521
3.0588479042,0.0001195634,0.0071107852,-0.0023028802,0.0423391387,-0.0251263436,-0.0073075797
3.0687060356,-0.0026067679,0.0045615393,-0.0022442292,0.0251990352,-0.0189371575,-0.0115473317
3.0788040161,-0.0063772090,-0.0011157437,0.0016753126,0.0005925195,-0.0127504338,-0.0062294649
3.0888540745,-0.0043301769,-0.0099895792,0.0017031480,-0.0218486059,-0.0097562419,-0.0051604724
3.0990900993,-0.0023251509,-0.0073956368,0.0026503254,-0.0410880558,-0.0067128474,-0.0009073378
3.1090068817,0.0006940404,-0.0059652296,0.0006673981,-0.0517156646,-0.0110362237,0.0012167996
3.1189908981,0.0066700093,-0.0055466485,-0.0013167809,-0.0517082587,-0.0110246390,0.0033426681
3.1291320324,0.0067465119,-0.0021480960,-0.0013605903,-0.0410582796,-0.0088094221,0.0033410699
3.1393709183,0.0019585008,0.0023611891,-0.0014177512,-0.0260999985,-0.0107928105,0.0043968800
3.1491599083,0.0010754953,0.0061259898,-0.0014372419,0.0016224440,-0.0084492294,0.0012056143
3.1592690945,-0.0017742401,0.0140792383,-0.0053315111,0.0335887372,-0.0039451579,-0.0019868501
3.1693251133,-0.0085936449,0.0154889030,-0.0092046810,0.0473745912,0.0046432703,-0.0051714582
3.1796531677,-0.0106155314,0.0101280240,-0.0091596795,0.0441136062,0.0109726721,-0.0062275347
3.1894612312,-0.0107651465,0.0027734670,-0.0032722305,0.0301647652,0.0182577483,-0.0094057508
3.1995439529,-0.0090442114,-0.0047696200,0.0006499339,0.0119683724,0.0234263465,-0.0062144184
3.2096109390,-0.0034327840,-0.0096172513,0.0055396608,-0.0146752223,0.0200449303,-0.0009003468
3.2198691368,0.0022685791,-0.0118039520,0.0094171213,-0.0327627212,0.0145670734,-0.0030215550
3.2297339439,0.0060670413,-0.0093320953,0.0054700426,-0.0455043465,0.0080892015,-0.0030215550
3.2398052216,0.0080329217,-0.0079383599,-0.0004292678,-0.0474999845,-0.0057083033,-0.0009046744
3.2498459816,0.0130770169,-0.0015986605,-0.0053311535,-0.0356886014,-0.0130535681,-0.0040967390
3.2601580620,0.0074236654,0.0068208086,-0.0122100068,-0.0196504630,-0.0160964970,-0.0041025979
3.2700130939,-0.0002190208,0.0076767537,-0.0122336699,-0.0025865221,-0.0148794306,-0.0030445245
3.2800490856,-0.0040094964,0.0048391554,-0.0063704206,0.0111940317,-0.0051678820,0.0033278209
3.2902200222,-0.0050264858,0.0031308788,0.0033845950,0.0217374861,0.0076573696,0.0033315492
3.3004341125,-0.0071283765,0.0015138121,0.0082712220,0.0323253348,0.0162593126,0.0065186210
3.3102920055,-0.0034390350,0.0048965695,0.0131817507,0.0504127294,0.0217158627,0.0054549538
3.3203229904,0.0031878988,0.0064499709,0.0064298562,0.0664067641,0.0228676796,-0.0019805916
3.3304231167,0.0058970265,0.0061362791,-0.0071491553,0.0718047246,0.0165274926,-0.0051705260
3.3407130241,0.0047838427,0.0048390510,-0.0110015227,0.0665415227,0.0090261679,-0.0094201323
3.3505249023,0.0028089548,0.0014920713,-0.0089952303,0.0463704765,-0.0017886632,-0.0136676077
3.3606209755,-0.0000485366,-0.0040173423,-0.0031117748,0.0240443163,-0.0104718339,-0.0136668747
3.3706851006,-0.0057719015,-0.0029402939,-0.0021256160,0.0016777581,-0.0149046648,-0.0126016103
3.3809652328,-0.0065767057,-0.0030470234,0.0017712165,-0.0196489692,-0.0160970278,-0.0041020657
3.3908290863,-0.0064640380,-0.0043366221,-0.0002011608,-0.0335924812,-0.0087427096,0.0033377409
3.4008879662,-0.0064477883,-0.0027559814,0.0007391025,-0.0379548185,0.0008181054,0.0107756173
3.4109940529,-0.0075145476,0.0027269605,0.0035926749,-0.0284225680,0.0083636399,0.0160859600
3.4212431908,-0.0008073112,0.0025949585,0.0074866461,-0.0039066784,0.0117667597,0.0171444342
3.4309000969,0.0068679415,0.0104321120,0.0045798467,0.0184593480,0.0161926672,0.0150173660
3.4409809113,0.0047262199,0.0204528756,0.0026086618,0.0386793986,0.0216470882,0.0107677598
3.4513630867,0.0005907903,0.0092561869,0.0006967832,0.0493484773,0.0217339732,0.0097026955
3.4615490437,0.0052772649,0.0068800333,-0.0011904787,0.0578832924,0.0218022168,0.0086381640
3.4713559151,0.0060906447,0.0045773643,-0.0001683186,0.0601118244,0.0122510558,0.0054474305
3.4813890457,0.0040290467,0.0022104043,0.0018289138,0.0441403426,0.0089412127,0.0075742975
3.4914970398,0.0079175346,-0.0022787494,0.0028704454,0.0303299874,0.0024332460,0.0043891571
3.5017740726,0.0029829333,-0.0021049571,0.0038301398,0.0078791417,0.0064881085,0.0054590153
3.5115900040,-0.0049172230,-0.0021809009,-0.0001060318,-0.0123616811,0.0031626192,0.0107714888
3.5216851234,-0.0059937946,-0.0073065651,0.0037632037,-0.0326354727,0.0030418448,0.0192700345
3.5317440033,0.0027760158,-0.0057486710,0.0056887316,-0.0422390997,0.0029648794,0.0203342345
3.5420091152,0.0036704207,-0.0003631455,0.0036830951,-0.0454735085,0.0061060777,0.0182130262
3.5518889427,0.0035791660,0.0020717639,0.0016742398,-0.0433403179,0.0061108717,0.0160888899
3.5619540215,0.0035002942,0.0066113356,0.0016165425,-0.0262571238,0.0052066622,0.0171451662
3.5720601082,0.0014607573,0.0113670779,0.0045126132,-0.0037973542,0.0000558421,0.0107660955
3.5822949409,0.0034347142,0.0133877052,0.0074359821,0.0154848360,-0.0072173839,0.0086341025
3.5921640396,0.0054650642,0.0106887249,0.0084571885,0.0261428058,-0.0060977908,0.0033229606
3.6022861004,0.0035190547,0.0081584929,0.0084981965,0.0442196280,0.0003983912,-0.0009249810
3.6124281883,0.0015358443,0.0018505858,0.0027010490,0.0505925715,0.0036650244,0.0033222281
3.6244091988,-0.0033945178,0.0023351419,-0.0040895892,0.0495056286,0.0057771774,0.0033240924
3.6327118874,-0.0044690184,-0.0040524271,-0.0040410114,0.0356249660,0.0067516286,0.0086370986
3.6425070763,-0.0016481390,-0.0076633510,-0.0030336927,0.0217472333,0.0077392617,0.0160743762
3.6527121067,0.0021404291,-0.0046108407,0.0018495966,0.0036103074,0.0076361974,0.0245733224
3.6629021168,0.0098588057,-0.0056363386,0.0096601890,-0.0155599518,0.0031975734,0.0203279089
3.6726799011,0.0127640031,-0.0029360098,0.0135260271,-0.0282818712,-0.0054230788,0.0171414372
3.6830592155,0.0049979053,-0.0032323045,0.0105593251,-0.0260724090,-0.0128530320,0.0139525682
3.6929171085,0.0041971169,0.0033793258,0.0076109818,-0.0121054593,-0.0223016627,0.0107589057
3.7031722069,0.0054196008,0.0081615699,0.0037235667,0.0007167030,-0.0243528262,0.0043832981
3.7129750252,-0.0001744961,0.0072828340,-0.0020998667,0.0167231001,-0.0242199376,0.0033175009
3.7230329514,-0.0048589371,0.0046163383,-0.0030460309,0.0252423398,-0.0220175013,0.0043793032
3.7331099510,-0.0046945177,0.0029838341,0.0038363386,0.0283920597,-0.0166637488,0.0075665745
3.7433938980,-0.0046061687,-0.0006516991,0.0058233789,0.0208248999,-0.0071581285,0.0107575739
3.7532119751,-0.0026510393,-0.0053617624,0.0029399444,0.0090353526,-0.0019279462,0.0150103755
3.7633719444,0.0031587894,-0.0053187427,0.0000233699,-0.0027681235,0.0043430654,0.0160777047
3.7733612061,0.0050335266,-0.0044381511,-0.0067991568,-0.0102806333,0.0085218316,0.0160816982
3.7836608887,0.0058830939,-0.0006343914,-0.0077968189,-0.0039105397,0.0117539102,0.0150198303
3.7935051918,0.0047766976,0.0071357819,-0.0039350344,0.0014346913,0.0107256640,0.0128943613
3.8035559654,0.0027018005,0.0062360275,0.0018894125,0.0089556715,0.0054724454,0.0107658301
3.8137490749,0.0016976709,0.0005298140,0.0067815832,0.0143424477,0.0001863372,0.0065146256
3.8239901066,0.0036802257,0.0007164287,0.0087559866,0.0186552498,-0.0040209917,0.0065120291
3.8338170052,-0.0001613384,-0.0020238203,0.0087794708,0.0101507111,-0.0072716465,0.0075743641
3.8437900543,-0.0010383388,-0.0077983928,0.0058816718,-0.0004105065,-0.0179761536,0.0075729662
3.8539330959,0.0021071846,-0.0088698762,0.0020025421,-0.0152975777,-0.0234185904,0.0065122289
3.8642082214,0.0013912881,-0.0061423150,0.0029848267,-0.0205602199,-0.0308703147,0.0096941078
3.8740620613,0.0026652480,-0.0043819067,0.0029963900,-0.0098575102,-0.0339670405,0.0086280443
3.8841619492,0.0000237862,0.0053216624,0.0029770781,0.0103526320,-0.0274518821,0.0043792366
3.8942060471,-0.0046346597,0.0094203679,-0.0009006809,0.0347985849,-0.0177161638,0.0001306960
3.9044589996,-0.0094307847,0.0079091890,-0.0076680733,0.0549362674,-0.0037391623,0.0011944290
3.9142999649,-0.0094278567,0.0104555218,-0.0086017204,0.0623331964,0.0037738814,0.0043817004
3.9244298935,-0.0065906085,0.0061883363,-0.0056075407,0.0462718047,0.0089608533,0.0075727664
3.9344692230,-0.0038314720,-0.0012829198,-0.0036119174,0.0013394831,0.0202958006,0.0160842296
3.9447879791,-0.0040532984,-0.0122154104,-0.0016893696,-0.0573446043,0.0198372044,0.0245946273
3.9546341896,-0.0013300513,-0.0256080814,0.0041068243,-0.1020878404,0.0120394677,0.0277874917
3.9646100998,0.0034279192,-0.0209196694,0.0069110440,-0.1266351491,0.0118262814,0.0277924165
3.9748940468,0.0013737718,-0.0134742307,0.0067418264,-0.1276415586,0.0054093953,0.0214186739
3.9850280285,0.0003913457,-0.0107656093,0.0027161886,-0.1019574031,-0.0018431912,0.0139767369
3.9948711395,0.0014565850,0.0049575898,-0.0032464217,-0.0506643839,-0.0088712741,0.0065276087
4.0048732758,0.0025676677,0.0124971820,-0.0081407381,0.0048211394,-0.0084487628,-0.0030425936
4.0150580406,-0.0002273654,0.0137588857,-0.0080969287,0.0507486835,-0.0123127438,-0.0062415828
4.0252847672,-0.0011233871,0.0085920719,-0.0050922586,0.0720250756,-0.0057523791,-0.0051829098
4.0350780487,-0.0030363014,0.0026199478,0.0008396555,0.0720053688,-0.0036095998,-0.0019964376
4.0452413559,-0.0010613685,-0.0034474102,0.0038604785,0.0592329837,-0.0068764333,0.0022520369
4.0552282333,0.0048607402,-0.0107375877,0.0029832174,0.0346682519,-0.0049618864,0.0033210297
4.0654983521,0.0039199851,-0.0143700587,-0.0018552493,0.0143544050,-0.0008751324,0.0065145595
4.0754308701,0.0019829238,-0.0124133201,-0.0057581016,-0.0080355890,-0.0032136540,0.0033336799
4.0854640007,-0.0009359752,-0.0087359147,-0.0019009660,-0.0229995456,-0.0012566969,-0.0019706048
4.0955572128,-0.0028932055,-0.0070451987,0.0029249240,-0.0251338016,-0.0012753389,-0.0019700720
4.1057791710,-0.0048409738,-0.0034271521,0.0058141993,-0.0219570789,0.0008260283,-0.0094022891
4.1156291962,-0.0067836456,-0.0007105065,0.0057802247,-0.0144759919,-0.0001628033,-0.0083428835
4.1257629395,-0.0077591427,0.0011181490,0.0018616964,-0.0091694826,0.0030586894,-0.0094032213
4.1357350349,-0.0048135929,0.0039524618,-0.0010591696,-0.0048349230,-0.0032423497,-0.0051602726
4.1461353302,0.0011210183,0.0039806846,0.0038475443,0.0005743038,-0.0106081869,-0.0030424604
4.1558933258,0.0090742670,0.0021473202,0.0077916430,0.0113217561,-0.0179212280,0.0001365549
4.1659312248,0.0053349696,0.0062264982,0.0097506689,0.0209369399,-0.0188984741,0.0001337586
4.1760988235,0.0055483989,0.0064882594,0.0049298452,0.0316417813,-0.0219675004,0.0033149044
4.1863279343,0.0057781525,0.0059107873,0.0030537297,0.0465807058,-0.0218509212,0.0011876380
4.1962108612,0.0011211748,0.0034953984,0.0031094600,0.0540410168,-0.0207108222,0.0033099111
4.2062377930,0.0003267640,0.0010948883,0.0051320242,0.0475910008,-0.0165281948,0.0022503724
4.2163081169,-0.0024874692,-0.0014233483,0.0071211504,0.0315084383,-0.0092548346,0.0001344910
4.2266597748,-0.0043640994,-0.0090106102,0.0100770639,0.0091347424,-0.0126208048,0.0022631555
4.2364201546,-0.0022952815,-0.0109569402,0.0110791372,-0.0089755515,-0.0159761198,0.0001424804
4.2465553284,-0.0031443422,-0.0101708220,0.0061900066,-0.0228807144,-0.0129212094,-0.0009142620
4.2565412521,-0.0040109567,-0.0075715971,0.0081075476,-0.0356766693,-0.0141079137,-0.0030352036
4.2668361664,0.0019936825,-0.0050405902,0.0061597275,-0.0356855392,-0.0130760055,-0.0072804815
4.2767491341,0.0041265152,-0.0073278737,0.0042046355,-0.0260606091,-0.0151210465,-0.0083457464
4.2867393494,0.0023825357,-0.0026784060,-0.0006935548,-0.0131960763,-0.0214019120,-0.0126003455
4.2968530655,0.0006991143,0.0069663185,-0.0026437591,0.0017842036,-0.0255431272,-0.0168534126
4.3071222305,0.0038793872,0.0070591825,-0.0035722207,0.0134905018,-0.0222646445,-0.0179164149
4.3170728683,0.0011174495,0.0043451223,-0.0025739025,0.0208682567,-0.0126018962,-0.0104808696
4.3270730972,-0.0007283275,0.0055710408,-0.0015779685,0.0240379516,-0.0093625598,-0.0062335269
4.3370890617,0.0032430629,0.0048539522,0.0033502032,0.0218541585,-0.0040277159,0.0012022853
4.3474030495,0.0042268671,-0.0017266391,0.0053412365,0.0154110938,0.0001880014,0.0054532895
4.3572492599,0.0032005722,-0.0064896685,0.0043702172,0.0014723754,0.0064051505,0.0012127382
4.3672680855,0.0001870731,-0.0084499465,0.0033835818,-0.0091968076,0.0062969602,-0.0009070714
4.3773779869,0.0021053294,-0.0047439155,0.0033636738,-0.0208739713,-0.0002062130,-0.0062163491
4.3876562119,0.0041208006,-0.0030672369,0.0013893892,-0.0272092838,-0.0077293105,-0.0125906914
4.3977670670,0.0003449360,-0.0023775441,0.0003815938,-0.0260803681,-0.0141137056,-0.0168413632
4.4075570107,-0.0024280285,-0.0016790448,-0.0015827368,-0.0218198970,-0.0130163506,-0.0168409627
4.4176230431,-0.0081622563,0.0029747668,-0.0055273725,-0.0111773741,-0.0096985847,-0.0104712155
4.4279527664,-0.0070986785,0.0048331204,-0.0025975059,-0.0068779942,-0.0128012337,-0.0041045956
4.4377460480,-0.0040800013,0.0077053937,-0.0016182016,-0.0026606116,-0.0074312352,0.0001442115
4.4479122162,-0.0069781430,0.0076977643,-0.0035691212,-0.0027170442,-0.0010252015,0.0065197526
4.4578418732,-0.0050427206,0.0067086997,-0.0055083586,-0.0016685575,0.0011407475,0.0118295625
4.4682230949,0.0027554596,0.0047898102,-0.0054787346,0.0015441468,0.0001288129,0.0150133055
4.4780082703,0.0076206960,0.0029476765,-0.0025274705,0.0100886328,-0.0008991673,0.0086398283
4.4880619049,0.0056739338,0.0060272771,-0.0025258015,0.0207976289,-0.0050837928,0.0033252242
4.4981732368,0.0056851394,0.0053391340,0.0013946344,0.0345824175,0.0034907872,-0.0019829883
4.5084681511,0.0047388412,0.0076676863,0.0004593183,0.0474274531,-0.0007042906,-0.0115439361
4.5182862282,-0.0001113599,0.0061863023,0.0043841647,0.0485169515,-0.0028031277,-0.0094216634
4.5286102295,0.0038798938,-0.0002097530,0.0034845520,0.0368024260,-0.0050214743,-0.0083572641
4.5386319160,0.0010152573,-0.0067595360,0.0006009985,0.0164987557,-0.0019670948,-0.0009179902
4.5487117767,-0.0018919667,-0.0106595503,-0.0023106884,-0.0123111093,-0.0021698945,0.0065214168
4.5585498810,-0.0008804535,-0.0109668346,-0.0081813885,-0.0421683379,-0.0045390427,0.0086514130
4.5686411858,-0.0018485000,-0.0076325578,-0.0102017475,-0.0613992438,-0.0025914731,0.0075952034
4.5787401199,0.0020603652,-0.0062875641,-0.0053799106,-0.0624999255,0.0005614434,0.0044116606
4.5889692307,0.0039589591,0.0009484174,-0.0025244902,-0.0454895422,0.0070622861,0.0022874568
4.5988521576,0.0019184242,0.0064589041,0.0003348638,-0.0177473929,0.0072630886,-0.0040902812
4.6089057922,0.0008799548,0.0093655689,0.0003283073,0.0185288303,0.0075324001,-0.0115328180
4.6189451218,-0.0021510904,0.0126684336,-0.0035626243,0.0611255616,0.0163517240,-0.0179100242
4.6292262077,-0.0042219870,0.0162871219,-0.0064353300,0.0771225765,0.0175522789,-0.0179132186
4.6390728951,-0.0043809153,0.0073201316,-0.0024688791,0.0675615668,0.0132312989,-0.0168511514
4.6500949860,-0.0025300493,0.0011288257,-0.0004365991,0.0483665392,0.0120442612,-0.0104762744
4.6600723267,-0.0016489883,-0.0024213386,0.0034935523,0.0153851546,0.0022547476,-0.0030401968
4.6702013016,-0.0007057597,-0.0092589753,0.0093466686,-0.0219152384,-0.0022609080,0.0054622111
4.6800708771,0.0032249505,-0.0095944079,0.0103068398,-0.0442903191,-0.0056050397,0.0107752178
4.6900191307,0.0062046237,-0.0072025103,0.0063698343,-0.0538826026,-0.0067290268,0.0139623564
4.6998319626,0.0053104945,0.0010310219,0.0024063040,-0.0378442444,-0.0097791459,0.0128949611
4.7096881866,0.0025101046,0.0114911897,0.0023647596,-0.0047280760,-0.0137884673,0.0043890239
4.7194108963,0.0026343728,0.0174449869,0.0052877716,0.0294173770,-0.0135248136,-0.0009285097
4.7294778824,-0.0001840179,0.0139386905,0.0014448811,0.0496466681,-0.0080523510,-0.0019899793
4.7396011353,-0.0010625755,0.0096156253,-0.0014073204,0.0571469292,-0.0111908866,-0.0051788483
4.7498149872,-0.0009940153,0.0024216953,-0.0042584492,0.0538451709,-0.0016610976,-0.0041132509
4.7597122192,-0.0010218879,-0.0048987833,-0.0051626517,0.0334978178,0.0056234468,0.0012045491
4.7697391510,-0.0001229455,-0.0085930498,-0.0031993340,0.0004077759,0.0064162700,0.0043987446
4.7798371315,0.0036878625,-0.0126340361,0.0016739417,-0.0305485427,0.0072208107,0.0065306048
4.7900910378,0.0085047893,-0.0140413316,0.0045697736,-0.0518595017,0.0038443885,0.0054725977
4.8000321388,0.0035375769,-0.0068283794,0.0064156107,-0.0529585890,0.0070180777,0.0054744617
4.8100829124,-0.0024130081,0.0003810408,0.0063084415,-0.0486830696,0.0059743179,0.0022867247
4.8201150894,-0.0024282297,0.0038551199,0.0072428035,-0.0283256005,-0.0023781538,-0.0040934104
4.8304309845,-0.0003986766,0.0095508946,0.0072186636,-0.0005092826,-0.0084972326,-0.0030393978
4.8403210640,0.0007021616,0.0125866262,0.0033527662,0.0251556002,-0.0135716200,-0.0019866503
4.8504300117,-0.0030653288,0.0158572905,-0.0034353088,0.0422049165,-0.0112779057,0.0011937632
4.8603920937,-0.0059037842,0.0085473536,-0.0063089677,0.0507121161,-0.0079926299,0.0054404396
4.8708209991,-0.0087955035,0.0042274031,-0.0033227156,0.0475251675,-0.0090473751,0.0107501168
4.8813972473,-0.0077916719,0.0037387121,0.0025695015,0.0389583111,-0.0059112366,0.0150010549
4.8907761574,0.0010618980,-0.0007689414,0.0036295105,0.0293547921,-0.0059668962,0.0192501284
4.9009509087,0.0040670298,-0.0034483117,0.0007599045,0.0218843594,-0.0060390681,0.0181901902
4.9109740257,0.0050960220,-0.0042842296,-0.0001983594,0.0112177869,-0.0072480766,0.0096973032
4.9208030701,0.0041864403,-0.0051700813,-0.0050510117,0.0133493803,-0.0072640562,0.0043877587
4.9308910370,-0.0006659364,-0.0021316228,-0.0060434295,0.0185978860,0.0012356890,-0.0009180568
4.9411082268,-0.0016769057,-0.0009773789,-0.0021387886,0.0196511652,0.0022644682,-0.0072886040
4.9513893127,-0.0007279252,0.0021071020,-0.0031017612,0.0196062643,0.0064737275,-0.0125953518
4.9612841606,-0.0037276631,-0.0016634731,-0.0050332500,0.0110495277,0.0085419379,-0.0094067492
4.9713478088,-0.0038058346,-0.0006418271,-0.0079659177,0.0024757208,0.0127448728,-0.0040923450
4.9814939499,-0.0049711205,-0.0025873003,-0.0118738366,-0.0039877715,0.0190965123,0.0022832626
4.9916791916,-0.0051846690,-0.0006934521,-0.0128897382,-0.0050728768,0.0212649237,0.0107786804
5.0015621185,-0.0034993549,0.0022175270,-0.0109634949,-0.0040776525,0.0287358910,0.0160911530
5.0115652084,-0.0018479412,0.0060876268,-0.0051512076,-0.0094130561,0.0287247710,0.0214006305
5.0216488838,-0.0021607762,0.0031342986,0.0045659589,-0.0083150342,0.0255372319,0.0192751624
5.0319337845,0.0034064839,0.0011670472,0.0113867568,-0.0029646382,0.0245213713,0.0192747638
5.0417947769,0.0012300352,0.0051233503,0.0142694758,0.0098819192,0.0203684382,0.0160840303
5.0518279076,-0.0028297638,0.0023619342,0.0171852764,0.0184889100,0.0130033987,0.0139533011
5.0619163513,-0.0038993841,0.0074620503,0.0191376861,0.0228319913,0.0056136595,0.0139485076
5.0721879005,-0.0019716730,0.0009048688,0.0191739853,0.0250294991,-0.0007548239,0.0107597047
5.0820150375,0.0020117948,-0.0036672247,0.0143691348,0.0346970409,-0.0070438785,0.0096923094
5.0921192169,0.0031001011,-0.0062380177,0.0085693048,0.0422072075,-0.0112431515,0.0065026414
5.1022748947,0.0012953097,-0.0058313352,0.0027786542,0.0422711223,-0.0176091716,0.0064994455
5.1125149727,0.0034513364,-0.0044826013,0.0008792926,0.0359110422,-0.0219304822,0.0033141056
5.1223802567,0.0026642571,-0.0032165241,0.0009239961,0.0273319352,-0.0177541133,0.0043801689
5.1325411797,-0.0011081432,-0.0029756469,0.0009450365,0.0208854880,-0.0135798752,0.0022602926
5.1425080299,-0.0029259657,-0.0028655720,-0.0019617628,0.0091049951,-0.0094314702,0.0033271550
5.1528053284,-0.0038505157,-0.0076899794,-0.0029156159,-0.0037957570,0.0000268137,0.0065202182
5.1626210213,-0.0049273707,-0.0106960731,-0.0009789418,-0.0156401657,0.0105412398,0.0075902767
5.1726398468,-0.0040787645,-0.0109055834,0.0028792669,-0.0306203663,0.0146610830,0.0086585376
5.1827173233,-0.0013770272,-0.0083108814,0.0077109984,-0.0371078290,0.0231001079,0.0097261984
5.1930570602,-0.0006824618,-0.0086295800,0.0105676698,-0.0307451356,0.0274204873,0.0129124708
5.2028722763,0.0029644708,-0.0059884381,0.0124859856,-0.0274803657,0.0210755058,0.0118466737
5.2129130363,0.0106167234,-0.0091420906,0.0056567243,-0.0189236049,0.0190001726,0.0075964686
5.2229971886,0.0065476783,-0.0063811210,0.0007287313,-0.0114169512,0.0147452392,-0.0040873517
5.2332649231,0.0025447423,-0.0074676913,0.0026484777,-0.0134382118,0.0030285958,-0.0083406195
5.2430973053,0.0055143349,-0.0056206328,0.0045954632,-0.0122475121,-0.0097495178,-0.0168416947
5.2531919479,0.0017386118,0.0001630368,0.0055650524,-0.0025832467,-0.0160587449,-0.0210950971
5.2632741928,-0.0039175041,0.0040506977,0.0045784758,0.0027950061,-0.0202561542,-0.0210985597
5.2735381126,-0.0036923026,0.0040718797,0.0036252786,0.0027970038,-0.0202426389,-0.0189746208
5.2833809853,-0.0044772066,0.0002072933,0.0017080952,0.0027448060,-0.0149237737,-0.0168483537
5.2934250832,-0.0072705187,-0.0017403631,-0.0031598161,0.0016788235,-0.0148908161,-0.0104780057
5.3035712242,-0.0052028783,-0.0008082954,-0.0060676285,-0.0080297310,-0.0043369755,-0.0062230742
5.3138017654,-0.0052081831,-0.0008973969,-0.0050999476,-0.0113042463,0.0030758001,-0.0040948088
5.3236851692,-0.0062998645,0.0009594666,-0.0002675604,-0.0124432817,0.0105281239,0.0012181978
5.3337173462,-0.0015517210,-0.0001410735,0.0016749550,-0.0145942084,0.0126369484,0.0022830628
5.3438220024,0.0061351471,-0.0003147391,-0.0002773951,-0.0146485381,0.0179281160,0.0001621211
5.3541169167,0.0049652569,-0.0013967796,-0.0003071974,-0.0061431210,0.0211926866,0.0012233243
5.3639497757,0.0037842880,-0.0024166224,0.0025989462,-0.0050456319,0.0179982241,-0.0019639467
5.3739829063,0.0017094279,0.0014090942,0.0025672961,-0.0071210340,0.0115726823,-0.0083380900
5.3840551376,0.0016465078,-0.0045240712,0.0025667001,-0.0123725198,0.0030242014,-0.0104646236
5.3944082260,-0.0012498980,-0.0037221876,0.0025395204,-0.0197243355,-0.0087052919,-0.0094066830
5.4042019844,-0.0011059453,-0.0000532238,0.0034934331,-0.0207296796,-0.0151083302,-0.0136568220
5.4142842293,-0.0018932854,-0.0002459777,0.0044696974,-0.0153408265,-0.0203524940,-0.0115376115
5.4243497849,-0.0026371663,0.0006371992,0.0034925391,0.0028424375,-0.0244449750,-0.0126060713
5.4345841408,0.0005778412,0.0036643851,0.0025675942,0.0220948290,-0.0285146162,-0.0115508605
5.4445438385,0.0028035233,0.0088180779,-0.0022622298,0.0391273424,-0.0241076164,-0.0094293859
5.4546003342,0.0049840845,0.0122170104,0.0017113735,0.0540637858,-0.0239759237,-0.0094343135
5.4646568298,0.0042106919,0.0089206649,0.0037396003,0.0625672638,-0.0207391176,-0.0126202526
5.4749221802,0.0014441723,0.0085645793,0.0008832861,0.0592617467,-0.0101507884,-0.0115516596
5.4848961830,-0.0033957397,0.0022494900,-0.0000421952,0.0388712510,0.0013708447,-0.0072935312
5.4948377609,-0.0034430285,-0.0013822062,-0.0039136363,0.0174365081,0.0107392455,-0.0062204772
5.5048608780,-0.0065482073,-0.0072335419,-0.0029541801,-0.0200291071,0.0220978949,-0.0040816925
5.5151810646,-0.0067993067,-0.0134780528,-0.0020245265,-0.0574427955,0.0281591155,-0.0008844344
5.5249819756,-0.0041573085,-0.0151346596,0.0037276198,-0.0776729584,0.0237726234,0.0044275066
5.5350170135,0.0024762417,-0.0159587599,0.0065882849,-0.0850883424,0.0184161402,0.0065503786
5.5451812744,0.0082217865,-0.0060723466,0.0035709192,-0.0711022317,0.0068178079,-0.0008915586
5.5554227829,0.0081957541,0.0030649411,-0.0004087638,-0.0411528759,-0.0004034198,-0.0093973624
5.5652489662,0.0072922520,0.0086410893,-0.0053089210,-0.0026355786,-0.0107540619,-0.0210921001
5.5753087997,0.0074677654,0.0156194298,-0.0052909208,0.0390550904,-0.0178524517,-0.0264149606
5.5853829384,0.0066923015,0.0210335441,-0.0003658484,0.0678872690,-0.0197435617,-0.0296086222
5.5956993103,0.0020342509,0.0169714950,0.0045979666,0.0838987827,-0.0195840392,-0.0264261477
5.6054868698,-0.0007404273,0.0090831993,0.0124917673,0.0795706138,-0.0131999087,-0.0179274678
5.6155819893,-0.0035577824,0.0000907364,0.0145386504,0.0560719185,-0.0112329647,-0.0104894573
5.6257133484,-0.0015315895,-0.0043593538,0.0126463817,0.0261544995,-0.0071876231,-0.0009236495
5.6359062195,-0.0014944037,-0.0052917120,0.0068097757,-0.0123224007,-0.0011371209,0.0022752730
5.6458377838,-0.0024737751,-0.0095106186,-0.0019794058,-0.0443852618,0.0039436580,0.0107803438
5.6558542252,-0.0035288145,-0.0061689285,-0.0040048910,-0.0572224148,0.0070218057,0.0118468739
5.6659412384,0.0013034532,-0.0009631781,-0.0060073682,-0.0593247153,0.0038201539,0.0118458085
5.6762018204,0.0061347373,0.0014045791,-0.0040968014,-0.0465117954,0.0028508299,0.0086560743
5.6860542297,0.0031609724,0.0068374458,-0.0022158574,-0.0305096582,0.0029283278,-0.0009041418
5.6961488724,0.0011842290,0.0076937485,0.0006848623,0.0015187403,0.0010527966,-0.0062236730
5.7061672211,0.0041121878,0.0087782992,0.0006964256,0.0239588022,-0.0019552440,-0.0094162710
5.7166571617,0.0021795447,0.0091280816,-0.0021995853,0.0421017483,-0.0018187566,-0.0126050068
5.7263121605,-0.0007205864,0.0086023686,-0.0050824834,0.0463697314,-0.0017883969,-0.0136678740
5.7363271713,0.0012803192,0.0041792127,-0.0059989640,0.0335801095,-0.0029275641,-0.0083552673
5.7465572357,-0.0006523689,-0.0033641201,-0.0030297588,0.0111634852,-0.0020138337,-0.0009165255
5.7569961548,-0.0025874411,-0.0072433245,-0.0001125287,-0.0112228608,-0.0042825136,0.0065200189
5.7667350769,-0.0045424215,-0.0055339751,0.0018037606,-0.0315824598,0.0040422613,0.0086529450
5.7766489983,-0.0046158098,-0.0058648926,0.0037189175,-0.0326903909,0.0082905358,0.0107792132
5.7867231369,-0.0037380343,-0.0022624698,0.0065968679,-0.0220169723,0.0084114429,0.0150237586
5.7970161438,0.0030249546,0.0014562340,0.0046343855,-0.0113295736,0.0063275867,0.0065252786
5.8068428040,0.0029962326,0.0033505517,0.0036495973,0.0036288695,0.0043014539,0.0012114733
5.8170681000,-0.0009614860,0.0063416096,-0.0031810950,0.0174667090,0.0075782072,-0.0030378667
5.8269639015,-0.0029966494,0.0046022567,-0.0041466309,0.0185114667,0.0096956864,-0.0051606726
5.8372821808,-0.0001420563,-0.0010415210,-0.0021678756,0.0121230222,0.0085916724,-0.0030350704
5.8471589088,0.0017319957,-0.0067460281,0.0066239880,0.0046962649,0.0042893360,-0.0019735342
5.8571729660,0.0007400850,-0.0067401496,0.0114906477,-0.0059125703,-0.0021764860,-0.0030362019
5.8672699928,0.0046713389,-0.0048916456,0.0134362625,-0.0144362841,-0.0032774368,0.0022744075
5.8775873184,0.0037366787,-0.0031143320,0.0134251164,-0.0155021874,-0.0033156530,-0.0019713370
5.8873910904,0.0028431306,-0.0013492001,0.0133999633,-0.0164851621,-0.0118268495,-0.0040989364
5.8974409103,0.0098798312,-0.0024892953,0.0114945816,-0.0121246334,-0.0213514455,-0.0062293988
5.9075307846,0.0121053346,0.0023002285,0.0056548761,0.0082136607,-0.0275542140,-0.0083612595
5.9178209305,0.0036155398,0.0102460710,-0.0021431397,0.0306403004,-0.0295073763,-0.0126159256
5.9276270866,-0.0000039970,0.0096285446,-0.0050107189,0.0423590094,-0.0272620656,-0.0094323829
5.9377279282,0.0002648348,0.0062204036,0.0009176184,0.0423611924,-0.0272486154,-0.0073083788
5.9478721619,-0.0024928411,0.0056474837,0.0038871218,0.0369094349,-0.0156103354,-0.0051775835
5.9580640793,-0.0053240247,0.0021182480,0.0078209685,0.0325825959,-0.0092337960,0.0022599599
5.9679331779,-0.0013865640,-0.0034391326,0.0098159956,0.0196939632,-0.0008299253,0.0065146261
5.9779930115,0.0034439529,-0.0052677286,0.0069220709,0.0036230907,0.0054034032,0.0075834189
5.9881381989,0.0003895724,-0.0053205458,0.0039773630,-0.0103028445,0.0105872452,0.0075895442
5.9984092712,0.0012517835,-0.0064539951,0.0029756476,-0.0177543946,0.0083939331,0.0065276753
6.0080537796,0.0060977601,-0.0027925116,0.0010116149,-0.0241060331,0.0030052932,0.0022794008
6.0180668831,0.0070649125,0.0008089798,-0.0048589064,-0.0240868591,0.0008555895,-0.0019688737
6.0283441544,0.0002333114,0.0025526616,-0.0058836886,-0.0133819394,-0.0022348091,-0.0019725356
6.0389080048,-0.0016676148,0.0072747800,-0.0078594042,-0.0112173492,-0.0054128258,-0.0040984703
6.0487422943,-0.0045464300,0.0071597579,-0.0068888613,-0.0154954502,-0.0043752585,-0.0019732676
6.0585250854,-0.0104229040,-0.0007845504,-0.0039898111,-0.0187370218,-0.0001102726,0.0054618116
6.0687050819,-0.0104420818,0.0010351421,-0.0010883163,-0.0133774104,-0.0021510532,0.0107684266
6.0787692070,-0.0026074683,0.0049165371,0.0028315235,0.0037192842,-0.0041315127,0.0097019635
6.0885410309,0.0032793994,0.0060546505,0.0057774829,0.0186617486,-0.0039663967,0.0150072463
6.0986351967,0.0052689351,0.0063465345,0.0058234977,0.0368430428,-0.0080795158,0.0107532470
6.1089248657,0.0083114542,0.0048227864,-0.0009328078,0.0528680831,-0.0101032518,0.0043773726
6.1191263199,0.0094562359,0.0053834650,-0.0067092725,0.0657446235,-0.0174598340,-0.0020004986
6.1290302277,0.0027693177,0.0099567650,-0.0076369001,0.0742582157,-0.0152909551,-0.0062487735
6.1390671730,-0.0009749716,0.0038483399,-0.0085347248,0.0667883977,-0.0153775755,-0.0094317170
6.1492023468,0.0001519660,-0.0023862687,-0.0103916479,0.0475470573,-0.0123761930,-0.0115489298
6.1594018936,-0.0026635041,-0.0049987999,-0.0103538586,0.0176062305,-0.0062436652,-0.0072908686
6.1692562103,-0.0095287301,-0.0060029072,-0.0074570724,-0.0188018456,0.0061991555,-0.0030282126
6.1793332100,-0.0115723722,-0.0072980043,-0.0045811487,-0.0433819965,0.0103047509,0.0086600687
6.1893701553,-0.0097611733,-0.0048870114,0.0002276350,-0.0604416728,0.0091430806,0.0160964131
6.1997098923,0.0018307904,-0.0016132115,0.0011623551,-0.0658080429,0.0123003908,0.0192846172
6.2095069885,0.0075422637,-0.0012958465,0.0030563523,-0.0626082569,0.0123075815,0.0160984099
6.2195649147,0.0103727169,-0.0008620588,0.0010590006,-0.0433593318,0.0082178321,0.0139675494
6.2297320366,0.0083428435,0.0095636798,0.0000196148,-0.0124147320,0.0084604453,0.0097126160
6.2399611473,0.0063188635,0.0154465465,-0.0039020132,0.0228060801,0.0076732817,0.0043934183
6.2498459816,0.0033529291,0.0138628809,-0.0009413313,0.0431321226,0.0025107441,-0.0009233166
6.2598781586,0.0033958966,0.0065753865,-0.0038074206,0.0527691171,-0.0006242627,-0.0062350580
6.2699470520,0.0004727880,0.0002679559,-0.0027829956,0.0474356040,-0.0006431711,-0.0019865171
6.2802410126,-0.0083343051,-0.0032570329,-0.0017884325,0.0271524638,0.0002467907,-0.0009182566
6.2900352478,-0.0093454532,-0.0079585435,0.0001766731,0.0015323218,0.0011048613,0.0022740746
6.3001341820,-0.0044959150,-0.0109766694,-0.0007833790,-0.0219638944,0.0030566920,0.0075897444
6.3102788925,-0.0035887023,-0.0064275381,-0.0018093537,-0.0358674601,0.0061323768,0.0097184088
6.3204669952,-0.0017293503,-0.0058700931,-0.0047724200,-0.0444602035,0.0113708144,0.0107839396
6.3304009438,-0.0009191444,-0.0033815918,-0.0028741311,-0.0381431840,0.0199078433,0.0097248005
6.3404011726,-0.0021262576,0.0030684280,0.0009471823,-0.0349648632,0.0220299829,0.0054779905
6.3505439758,-0.0023222377,-0.0001193104,0.0047929338,-0.0263964087,0.0189146176,0.0044124597
6.3607578278,-0.0005533432,-0.0022826535,0.0067244815,-0.0220949501,0.0157543104,0.0022869243
6.3706002235,-0.0026124825,0.0024105418,0.0066843675,-0.0113821169,0.0115896603,0.0001585260
6.3806381226,-0.0007154157,0.0003752144,0.0057086996,-0.0080953510,0.0031366535,0.0012151351
6.3907608986,0.0022000934,0.0003773602,0.0086358236,0.0015205257,0.0021733881,0.0033358103
6.4011158943,0.0012152086,-0.0043993709,0.0086435126,0.0122436890,-0.0030165804,0.0065148254
6.4108719826,0.0032113830,-0.0012840597,0.0086649107,0.0250614844,-0.0039449581,0.0096965050
6.4209032059,0.0071911626,-0.0000336138,0.0048216633,0.0314868130,-0.0060470579,0.0043862276
6.4310030937,0.0082546137,-0.0006827457,0.0029071022,0.0315278247,-0.0103118438,0.0011986902
6.4412550926,0.0093597583,-0.0033145291,0.0029606272,0.0251508057,-0.0135841351,-0.0041115866
6.4512310028,0.0055960678,0.0017114090,0.0039360570,0.0112776011,-0.0137122348,-0.0051699267
6.4611959457,-0.0001734232,-0.0021227566,0.0058875731,-0.0026332615,-0.0095767444,-0.0030395309
6.4712691307,-0.0020744165,-0.0080792354,0.0097883390,-0.0208170563,-0.0054911897,-0.0030328729
6.4815378189,-0.0049831383,-0.0102839665,0.0126814293,-0.0325998142,-0.0013348605,-0.0009052071
6.4913997650,-0.0040292107,-0.0086654322,0.0097199725,-0.0326616019,0.0050588567,0.0033451980
6.5016360283,-0.0050754361,-0.0021819440,0.0077289389,-0.0316260010,0.0082368068,0.0012234574
6.5115890503,-0.0022277271,-0.0014708160,0.0047820257,-0.0188012850,0.0061989557,-0.0030280128
6.5218281746,-0.0013332327,0.0012906151,0.0037834693,-0.0102542955,0.0051985392,-0.0051541473
6.5316553116,-0.0013674533,0.0041509974,-0.0020841907,0.0036593890,0.0010549271,-0.0083451467
6.5417280197,0.0035528729,0.0013273315,-0.0039947582,0.0175965372,-0.0051901191,-0.0083516054
6.5517578125,0.0075495802,0.0054523977,0.0009170223,0.0240515061,-0.0104530575,-0.0104794716
6.5621118546,0.0076911338,0.0018552648,0.0029107977,0.0326509327,-0.0167368539,-0.0094237272
6.5719380379,0.0049716793,0.0021661627,0.0039206194,0.0284266286,-0.0209973790,-0.0062393858
6.5819730759,0.0042297132,0.0004532593,0.0068944143,0.0188767985,-0.0263724364,-0.0041160472
6.5920772552,0.0005644525,-0.0003984091,0.0088509368,0.0039039738,-0.0233337693,-0.0062343255
6.6023530960,-0.0041311793,-0.0043786136,0.0088614272,-0.0185529701,-0.0181910712,-0.0009158598
6.6122078896,-0.0039346851,-0.0046580327,0.0069005536,-0.0313686356,-0.0172349960,0.0001496709
6.6222772598,-0.0008704101,-0.0059665707,0.0030049135,-0.0357126482,-0.0098449253,0.0001541318
6.6323800087,0.0011467526,-0.0024426398,-0.0028814028,-0.0293716639,-0.0033952815,0.0044029388
6.6426119804,0.0011585618,0.0021749767,-0.0048582503,-0.0230232477,0.0019589372,0.0033420022
6.6525349617,0.0030900876,0.0048517170,-0.0039060067,-0.0230157897,0.0008563885,-0.0030293441
6.6625819206,0.0030919353,0.0036900002,-0.0029466699,-0.0123078050,-0.0033065320,-0.0051594740
6.6726331711,0.0031288976,0.0016795577,-0.0039266897,0.0005094567,-0.0042418344,-0.0030395975
6.6829032898,0.0003005753,0.0104903160,-0.0049028345,0.0123331174,-0.0126344524,-0.0041083908
6.6927700043,0.0023981968,0.0097157238,-0.0068236538,0.0283528306,-0.0135279428,0.0001342911
6.7028422356,-0.0013961082,0.0071312222,-0.0077575394,0.0368618146,-0.0102717634,0.0001351567
6.7128930092,-0.0032856946,0.0026505175,-0.0028341960,0.0315176509,-0.0092296684,0.0043842304
6.7231621742,0.0016534443,0.0000196206,0.0001423408,0.0251016170,-0.0082236594,0.0043854285
6.7330231667,0.0065805055,-0.0007185680,0.0031106521,0.0176104121,-0.0061668996,0.0043883580
6.7430310249,0.0056500919,-0.0025305715,0.0011748124,0.0101281013,-0.0051989742,0.0001436789
6.7531571388,0.0056959353,0.0004173400,-0.0027241062,-0.0005857963,-0.0010481712,0.0001484725
6.7634983063,-0.0002089327,-0.0016262053,-0.0085946275,-0.0102811949,0.0084224287,0.0012189301
6.7732610703,-0.0042312182,0.0001311334,-0.0096138073,-0.0231277496,0.0125753619,0.0044096634
6.7833609581,-0.0072961785,0.0027842107,-0.0077279159,-0.0305873975,0.0114563685,0.0054724645
6.7934112549,-0.0074433722,0.0024464685,-0.0038667272,-0.0402107276,0.0135221826,0.0097231353
6.8037052155,-0.0046289675,0.0020606252,-0.0029369544,-0.0369567722,0.0082809487,0.0150274877
6.8135442734,0.0021452273,0.0008180919,-0.0019620012,-0.0187628567,0.0031274655,0.0139584932
6.8235511780,0.0020768235,0.0066600177,-0.0010071944,0.0142972264,0.0055311681,0.0128898341
6.8336791992,0.0030103514,0.0127884625,-0.0000216912,0.0442386121,-0.0006015592,0.0086319726
6.8439660072,0.0049796514,0.0133641688,-0.0019055556,0.0656007379,-0.0025649746,0.0043785041
6.8541131020,0.0040281676,0.0111650629,-0.0028133343,0.0752022266,-0.0025157062,-0.0009329040
6.8639020920,0.0010862167,0.0060137468,-0.0007974457,0.0612616204,0.0037092331,-0.0041125189
6.8739242554,0.0000668654,-0.0013214691,0.0002327610,0.0281816963,0.0034341286,-0.0019806582
6.8842782974,-0.0029142608,-0.0109432908,-0.0007243108,-0.0070810327,0.0084792878,0.0054641422
6.8941030502,-0.0000667458,-0.0121239694,0.0041294741,-0.0369377322,0.0061170636,0.0086559411
6.9041380882,0.0017780031,-0.0136030288,0.0089561390,-0.0625898540,0.0101652686,0.0129114725
6.9142389297,0.0025834555,-0.0113478424,0.0098406719,-0.0648178607,0.0197233520,0.0171640068
6.9245271683,0.0023860300,-0.0051663932,0.0058580684,-0.0541372262,0.0187560283,0.0171603467
6.9343452454,0.0041397698,0.0002479585,0.0028696109,-0.0295730233,0.0168345571,0.0150295505
6.9444141388,0.0088566504,0.0039857063,0.0038163711,-0.0028497213,0.0128084561,0.0128984228
6.9544992447,0.0077772699,0.0099161817,0.0047776150,0.0153633701,0.0055052689,0.0075811553
6.9648132324,-0.0010385995,0.0131045086,0.0028185893,0.0282487012,-0.0029116515,0.0012020856
6.9746079445,-0.0029203927,0.0037096548,0.0048239874,0.0304671153,-0.0113948844,-0.0009263128
6.9846611023,0.0001410956,-0.0018094672,0.0068334388,0.0241284706,-0.0178240221,-0.0019894466
6.9948978424,-0.0006793400,-0.0025420529,0.0107601928,0.0177161135,-0.0168050975,0.0001362886
7.0050029755,-0.0024917012,-0.0023762551,0.0088369297,0.0166082904,-0.0125355162,0.0054474305
7.0149030685,-0.0033713912,-0.0002596123,0.0108003067,0.0144740334,-0.0125541594,0.0054479633
7.0249452591,-0.0022732874,0.0027635130,0.0069305948,0.0091309603,-0.0115053393,0.0107590389
7.0350070000,-0.0022149568,0.0018623577,0.0030353118,0.0068976334,-0.0020164968,0.0043935515
7.0453081131,-0.0031832715,-0.0029731286,-0.0008506130,0.0058245128,-0.0009166778,0.0118272994
7.0553998947,0.0036947245,-0.0038914201,0.0021160890,0.0026662704,-0.0051817303,0.0128877694
7.0652008057,0.0076302551,-0.0029021841,0.0021352221,-0.0059021842,-0.0020663645,0.0139533002
7.0752630234,0.0046991445,-0.0001035375,-0.0017957042,-0.0133827366,-0.0010706084,0.0139556974
7.0857071877,-0.0011965295,0.0026957649,0.0001129557,-0.0155581394,0.0031613545,0.0150204962
7.0954232216,-0.0032078137,0.0045531723,0.0020365764,-0.0059843427,0.0064490270,0.0182051044
7.1054949760,0.0006627629,0.0015981974,0.0030213643,-0.0048528463,0.0000708224,0.0150169674
7.1155920029,0.0026384483,0.0005970257,0.0049728798,-0.0037329867,-0.0052317977,0.0139522357
7.1258077621,0.0017257074,-0.0052633700,0.0011001278,-0.0026508654,-0.0073493430,0.0128870374
7.1358232498,0.0027816782,-0.0042998758,0.0001311351,-0.0025976012,-0.0126543604,0.0128843747
7.1457738876,0.0048719980,-0.0033034873,-0.0008309435,0.0006593121,-0.0179393366,0.0118201086
7.1558260918,0.0011254142,-0.0022961092,-0.0018038105,0.0059827045,-0.0168525018,0.0086339023
7.1660981178,-0.0016524529,-0.0002507014,0.0001579572,0.0134311672,-0.0146794273,0.0065098321
7.1759428978,-0.0015301814,-0.0000939859,0.0001836468,0.0187028944,-0.0082668029,0.0065116966
7.1861381531,-0.0024758910,0.0030418145,0.0001916338,0.0260725524,0.0013205773,0.0022666177
7.1960573196,-0.0035055613,0.0013531850,0.0011861969,0.0217401218,0.0076493132,0.0022708788
7.2063350677,-0.0006435325,-0.0062522632,0.0022032310,0.0078694206,0.0075487788,0.0054598809
7.2162580490,-0.0017028411,-0.0052586612,0.0012205888,-0.0081263231,0.0063548838,0.0065251454
7.2262773514,-0.0008175930,-0.0063720611,0.0021762301,-0.0198970959,0.0094426200,0.0075911423
7.2362632751,-0.0009197404,-0.0114877420,0.0040971683,-0.0316221938,0.0083137052,0.0129025504
7.2466511726,0.0019472132,-0.0108639421,0.0050493525,-0.0401251614,0.0050411467,0.0107806101
7.2564878464,0.0058515631,-0.0102520334,0.0030762006,-0.0368380211,-0.0034119932,0.0118373530
7.2665529251,0.0088626184,-0.0037204740,0.0040348219,-0.0175391845,-0.0128553621,0.0022713449
7.2766227722,0.0080878101,0.0039934325,0.0020648886,0.0060617477,-0.0254308097,-0.0051735220
7.2869191170,0.0034510160,0.0070905047,0.0011126448,0.0305819511,-0.0231362302,-0.0115491301
7.2967929840,0.0007460082,0.0084349690,-0.0017610143,0.0444088168,-0.0188125875,-0.0179212745
7.3068113327,-0.0019618904,0.0069698873,-0.0017110656,0.0519134700,-0.0219313484,-0.0179237388
7.3169322014,0.0002128521,0.0016401144,0.0012998034,0.0455133617,-0.0219526552,-0.0126131289
7.3271379471,-0.0025407185,0.0020137089,0.0003747393,0.0304663703,-0.0114444196,-0.0083578639
7.3370199203,-0.0093031041,0.0012663560,0.0013482620,0.0123193236,-0.0104795564,0.0012034172
7.3470849991,-0.0102375410,-0.0045810160,-0.0005860280,-0.0133529371,-0.0042741913,0.0107684927
7.3571557999,-0.0083441995,-0.0077379090,-0.0015748094,-0.0348313302,0.0093670525,0.0160897560
7.3674049377,-0.0084844939,-0.0071645346,-0.0045540286,-0.0423610434,0.0157161616,0.0235275663
7.3772091866,-0.0037874540,-0.0056869355,-0.0055758310,-0.0487995073,0.0187947750,0.0160981454
7.3873829842,-0.0000828689,-0.0031770584,-0.0027031850,-0.0338289440,0.0157142300,0.0118459407
7.3974308968,0.0007625187,0.0024083587,-0.0008012604,-0.0167181343,0.0115431882,0.0001597244
7.4076981544,0.0016640539,0.0071810219,0.0011362482,0.0004236223,0.0042108395,-0.0083436165
7.4175839424,0.0016821886,0.0072594839,-0.0008065652,0.0207821578,-0.0041277842,-0.0126001462
7.4275970459,0.0027339051,0.0026579308,-0.0036908935,0.0314509943,-0.0040763849,-0.0189733561
7.4378671646,0.0028414319,0.0000674086,-0.0036345671,0.0336821899,-0.0135929249,-0.0168550778
7.4479932785,0.0059194453,-0.0044902754,-0.0006490301,0.0240706541,-0.0125956377,-0.0136661427
7.4577798843,0.0031229148,-0.0062600118,-0.0016119431,0.0144579746,-0.0115908273,-0.0094160037
7.4679551125,0.0022546987,-0.0062035588,-0.0006217312,-0.0048004091,-0.0064120442,-0.0030377335
7.4779591560,0.0042802580,-0.0072989133,-0.0025638889,-0.0186704192,-0.0064985966,0.0022747403
7.4882278442,0.0072538666,-0.0026627374,-0.0006279896,-0.0240714159,-0.0001928972,0.0001555298
7.4980592728,0.0033188651,0.0000138762,0.0002935578,-0.0198577624,0.0051286314,-0.0030282792
7.5081548691,0.0022680575,0.0017975451,0.0022105027,-0.0113320509,0.0062430976,-0.0062149512
7.5182719231,0.0002254958,0.0046329084,0.0080238627,-0.0049537802,0.0083794855,-0.0125862984
7.5285100937,-0.0028022339,0.0055886614,0.0080130147,0.0056944974,0.0106024258,-0.0115268920
7.5383501053,-0.0067985170,0.0056494209,0.0040903138,0.0089171883,0.0085083824,-0.0115287565
7.5483889580,-0.0039160512,0.0076799872,0.0011801769,0.0100059947,0.0063955635,-0.0115299542
7.5584592819,-0.0020154451,0.0048512700,-0.0026938866,0.0046948530,0.0042684968,-0.0051588747
7.5688118935,-0.0060006790,0.0019701975,0.0031322290,-0.0016922057,0.0031924467,0.0012136704
7.5786199570,-0.0011331548,0.0019404994,0.0050964998,-0.0059058601,-0.0021290819,0.0043974794
7.5886549950,0.0057539828,0.0028550136,0.0041466402,-0.0048143892,-0.0042072795,0.0097052921
7.5987830162,0.0096934997,0.0067564356,0.0021988798,0.0101243462,-0.0040906332,0.0075779599
7.6090393066,0.0087557547,0.0108046783,-0.0016893100,0.0250730142,-0.0050418479,0.0043882248
7.6189532280,0.0058996119,0.0149674816,-0.0065404726,0.0336206965,-0.0060282825,0.0043855617
7.6289210320,0.0059800781,0.0094820512,-0.0025954794,0.0336945467,-0.0134621635,0.0033199643
7.6389961243,0.0021339918,0.0029950398,0.0003700901,0.0303658620,-0.0007511622,0.0043889573
7.6493167877,-0.0037908738,0.0022589522,0.0023086120,0.0142637510,0.0086720334,0.0065212175
7.6591229439,-0.0078291781,-0.0025467467,0.0061945966,-0.0081321029,0.0074568335,0.0128970910
7.6692061424,-0.0040347390,-0.0036174026,0.0139869498,-0.0177354086,0.0073939827,0.0160846282
7.6793699265,-0.0021879410,-0.0028397632,0.0100681232,-0.0198797863,0.0084432680,0.0171474963
7.6895513535,0.0016261006,-0.0010651691,0.0042145899,-0.0102958148,0.0106487656,0.0171465650
7.6994891167,0.0074311979,-0.0001299126,-0.0045527173,0.0079071578,0.0044135060,0.0128916316
7.7094922066,0.0083457939,0.0039381641,-0.0045422865,0.0260595568,0.0035107611,0.0128867719
7.7196111679,0.0083420984,0.0101240678,-0.0074565364,0.0399929509,-0.0027756307,0.0065092999
7.7298421860,0.0074191578,0.0085837347,-0.0015549015,0.0390199348,-0.0123618124,0.0022576959
7.7397012711,0.0046100654,0.0041070837,0.0033575941,0.0304722544,-0.0113753779,0.0022603592
7.7497491837,-0.0011832898,0.0014135049,-0.0005353044,0.0143708885,-0.0019524477,0.0043928856
7.7597999573,-0.0050756522,-0.0024187160,-0.0024818729,-0.0048885597,0.0032124869,0.0086475518
7.7702279091,-0.0070743002,-0.0064498079,-0.0015220593,-0.0230834875,0.0083876746,0.0129010193
7.7799768448,-0.0033182313,-0.0076996055,0.0023611833,-0.0370168835,0.0146740666,0.0192784928
7.7900037766,-0.0005911028,-0.0090240212,0.0081678079,-0.0423803255,0.0178445596,0.0245909635
7.8000922203,0.0021444450,-0.0074612242,0.0120056318,-0.0348901860,0.0157739520,0.0224644300
7.8103399277,0.0068672113,-0.0048301038,0.0129569219,-0.0220360123,0.0105255274,0.0139640197
7.8202991486,0.0097668059,-0.0020486158,0.0119640874,-0.0101750931,-0.0021732238,0.0033366759
7.8302989006,0.0039395802,0.0086606322,0.0060797380,0.0197020322,-0.0019469212,-0.0019797259
7.8403787613,-0.0077230595,0.0099443151,0.0070464066,0.0411292948,-0.0102554513,-0.0030511157
7.8506350517,-0.0046060346,0.0045706439,0.0071354555,0.0465952717,-0.0229133237,0.0011885036
7.8604898453,0.0034789259,0.0001288014,0.0091810869,0.0327758640,-0.0283395145,0.0011893025
7.8706092834,-0.0060664155,-0.0093529271,0.0111605572,0.0113606928,-0.0210782718,0.0043838974
7.8806171417,-0.0127552189,-0.0132364752,0.0092090415,-0.0100303497,-0.0158973578,0.0139481071
7.8909049034,-0.0067838468,-0.0104938494,0.0063032554,-0.0261246562,-0.0075199185,0.0182020422
7.9007558823,-0.0018605774,-0.0078468965,0.0014138867,-0.0272770077,0.0009587869,0.0182065703
7.9111151695,-0.0029142534,-0.0023002368,-0.0054545351,-0.0252804104,0.0147488341,0.0150284190
7.9208269119,-0.0011190583,-0.0025517386,-0.0103593422,-0.0242771972,0.0211241748,0.0150313480
7.9311828613,0.0035630355,-0.0037571308,-0.0074549271,-0.0252905823,0.0157812089,0.0107826740
7.9410228729,0.0082868300,-0.0039696884,-0.0025921415,-0.0210146122,0.0147159444,0.0044102627
7.9510631561,0.0052131303,-0.0031641391,-0.0055645062,-0.0135178929,0.0115786744,0.0012201285
7.9611659050,0.0002413357,-0.0032688421,-0.0085105849,-0.0070741093,0.0073698144,-0.0019690068
7.9714570045,0.0021491090,-0.0052652326,-0.0065669967,-0.0070128562,0.0009691733,-0.0072812140
7.9812688828,0.0012100751,-0.0033548516,-0.0046281763,0.0005715610,-0.0106712375,-0.0125979492
7.9913592339,-0.0005938893,-0.0023150039,-0.0026708196,0.0134412339,-0.0169325955,-0.0136658764
8.0016517639,0.0005598853,-0.0011114521,0.0022490073,0.0305461846,-0.0199803170,-0.0157953389
8.0116977692,0.0027216191,0.0041179839,0.0022872139,0.0476205871,-0.0198241882,-0.0147378650
8.0215473175,-0.0009736156,0.0065511200,-0.0005797695,0.0507782958,-0.0155660603,-0.0168601386
8.0316085815,-0.0037917679,0.0060185972,-0.0015199732,0.0379229002,-0.0103385430,-0.0115450025
8.0416936874,-0.0037222316,-0.0043911305,0.0004791070,0.0164983030,-0.0019953912,-0.0051646004
8.0519638062,-0.0037322303,-0.0082316669,-0.0014551829,-0.0070459312,0.0052524684,-0.0009060061
8.0618057251,-0.0047987737,-0.0035502729,-0.0014939259,-0.0252393149,0.0104128756,0.0012247891
8.0718917847,-0.0049686767,-0.0038288874,-0.0024958204,-0.0317381471,0.0199558474,0.0086623989
8.0819387436,-0.0052085258,-0.0012434094,-0.0025626372,-0.0350029171,0.0263008270,0.0097281951
8.0922689438,-0.0006031354,0.0042319330,-0.0026215266,-0.0371697992,0.0294440910,0.0065452522
8.1020917892,-0.0009027158,0.0029154154,-0.0046178056,-0.0318256356,0.0284019969,0.0022961786
8.1121377945,0.0017788748,0.0006616595,-0.0036777209,-0.0296109766,0.0199272186,0.0012280514
8.1222829819,0.0035671929,0.0013359593,-0.0046971990,-0.0295369402,0.0124932695,0.0001625207
8.1325283051,0.0044252388,-0.0028309789,-0.0008286785,-0.0348221697,0.0071070939,-0.0051478893
8.1423625946,0.0043882616,-0.0022116196,-0.0008636068,-0.0358472206,0.0028468349,-0.0062115556
8.1524171829,0.0034066180,-0.0015124945,0.0049543432,-0.0240610279,-0.0012822631,-0.0040915459
8.1625308990,0.0053967722,0.0022161561,0.0029882242,-0.0080647506,-0.0000814437,-0.0040950086
8.1728420258,0.0014949630,0.0080664484,0.0010236551,0.0164888222,-0.0009490352,-0.0072868736
8.1826047897,-0.0053842105,0.0092982231,0.0010141779,0.0366891660,0.0066481642,-0.0083500072
8.1927223206,-0.0035324430,0.0077788564,0.0059261965,0.0430395268,0.0120301470,-0.0051638014
8.2027769089,-0.0007391756,0.0023851353,0.0118114995,0.0409073979,0.0120392013,-0.0009160595
8.2130527496,0.0040155835,-0.0021113125,0.0147923278,0.0291581191,0.0130048636,0.0001489386
8.2229013443,0.0058298819,-0.0048608673,0.0118814157,0.0078144800,0.0128045939,-0.0019693398
8.2329721451,0.0017991255,-0.0058814702,0.0108892368,-0.0145972716,0.0126095843,-0.0019644795
8.2430181503,0.0016335959,-0.0090596573,0.0108496593,-0.0349590033,0.0209066626,-0.0040787631
8.2533330917,0.0004657770,-0.0114558833,0.0088380026,-0.0477621779,0.0208081920,-0.0019514967
8.2631893158,-0.0026653816,-0.0070979339,0.0038893272,-0.0467270091,0.0240005236,-0.0019501649
8.2731847763,-0.0038991829,0.0002221497,0.0037932445,-0.0403552838,0.0272462498,-0.0008882295
8.2832870483,-0.0041813664,0.0017856540,0.0037303020,-0.0382199623,0.0272787400,0.0012348425
8.2935762405,-0.0015112718,0.0014848443,0.0046694921,-0.0253703706,0.0231602956,0.0033532539
8.3034095764,0.0051229335,0.0002472731,0.0036783863,-0.0274391137,0.0167964064,0.0065359981
8.3134479523,0.0059983470,0.0000108661,0.0046231197,-0.0251540169,0.0019532777,0.0054670051
8.3235597610,0.0089667626,-0.0021335674,0.0065605096,-0.0186255425,-0.0107505331,0.0012118062
8.3339252472,0.0111273490,-0.0012546672,0.0036550809,-0.0014159298,-0.0244076233,-0.0009236495
8.3437337875,0.0065267421,-0.0011641575,0.0017248441,0.0200081356,-0.0327576958,-0.0083658537
8.3538360596,0.0049345680,0.0097750155,0.0037043740,0.0306807794,-0.0337790884,-0.0168652646
8.3638801575,-0.0006186699,0.0120491264,0.0076404857,0.0348752588,-0.0263078548,-0.0158008002
8.3741054535,-0.0032912155,0.0007113623,0.0145318555,0.0274218973,-0.0274148639,-0.0126125300
8.3839998245,-0.0010937562,-0.0000343887,0.0165279564,0.0166792385,-0.0200395063,-0.0062353243
8.3940610886,-0.0019531732,-0.0058326018,0.0116756009,-0.0037768492,-0.0021512527,-0.0019745994
8.4040918350,-0.0058742426,-0.0060091955,0.0057997755,-0.0220005959,0.0062129372,0.0033432005
8.4142770767,-0.0030150299,-0.0063143787,0.0028488685,-0.0369242281,0.0050408137,0.0065332018
8.4242792130,0.0037525708,-0.0037682322,0.0037998010,-0.0358571000,0.0050501348,0.0065329354
8.4343366623,0.0056753047,0.0027333009,0.0018137742,-0.0197969340,-0.0001079421,0.0075878799
8.4443759918,0.0086209662,0.0064614522,0.0008386422,-0.0069386614,-0.0053080302,0.0065202182
8.4547023773,0.0106315650,0.0064933780,0.0018221189,0.0091408947,-0.0126230018,0.0022653528
8.4645328522,0.0098156817,0.0027486640,-0.0020385932,0.0251973588,-0.0178366713,-0.0051739216
8.4745740891,0.0041705333,0.0040130797,-0.0049350811,0.0348479897,-0.0230838321,-0.0094278557
8.4846639633,0.0025218839,0.0014581712,-0.0058497144,0.0381553695,-0.0336728282,-0.0104957828
8.4949922562,0.0038355778,-0.0001818580,-0.0077271410,0.0274740681,-0.0327266045,-0.0136771947
8.5047998428,-0.0027092209,-0.0009704126,-0.0057587572,0.0135380123,-0.0264748335,-0.0126087349
8.5148773193,-0.0054263063,-0.0028499779,-0.0047724796,0.0016970662,-0.0159403011,-0.0083526038
8.5249462128,-0.0072740279,-0.0019158093,-0.0008758258,-0.0090567786,-0.0075108642,-0.0030366683
8.5351562500,-0.0062915869,-0.0020477292,0.0030186821,-0.0187341738,-0.0001255192,0.0033396054
8.5452909470,-0.0014231985,-0.0032542837,0.0039863037,-0.0240927208,0.0019291096,0.0001565951
8.5551548004,0.0014649669,0.0004199403,0.0020090987,-0.0198345408,0.0030415119,0.0022794008
8.5652494431,0.0014697129,0.0041233781,-0.0009376954,-0.0144557515,-0.0011489720,0.0033377411
8.5754318237,0.0015283341,0.0089085056,-0.0077592684,0.0016491562,-0.0105731664,0.0012064799
8.5851640701,0.0006561542,0.0109403683,-0.0106719686,0.0133881038,-0.0104637109,0.0022653528
8.5951881409,-0.0002019589,0.0111089302,-0.0116357161,0.0208718535,-0.0114179207,0.0086337700
8.6062278748,-0.0011016761,0.0074956375,-0.0057434393,0.0251416452,-0.0113739790,0.0096947728
8.6158838272,0.0008788521,0.0048568579,0.0001427580,0.0228334032,0.0055846977,0.0097025633
8.6255836487,-0.0011746993,-0.0007722942,0.0001534868,0.0142665468,0.0087208357,0.0139535004
8.6356792450,0.0026126991,-0.0065454212,-0.0007982205,-0.0039329901,0.0149335247,0.0150248231
8.6457338333,0.0093228631,-0.0085651176,-0.0037178944,-0.0167193580,0.0126719689,0.0107797449
8.6560115814,0.0072540529,0.0009992452,0.0011093069,-0.0155905262,0.0063089440,0.0097138816
8.6658620834,0.0071617775,0.0077023837,0.0039904760,-0.0049405433,0.0085241618,0.0097122835
8.6759433746,0.0109824874,0.0018823998,0.0040139607,0.0078791417,0.0064881085,0.0054590153
8.6859827042,0.0099702515,0.0010682376,0.0020726372,0.0260624066,0.0023956290,0.0043905554
8.6963109970,0.0011323283,0.0014106290,0.0050004772,0.0409863070,0.0046461998,0.0043898229
8.7060756683,-0.0057778023,0.0057360562,0.0069425749,0.0441994108,0.0036270078,0.0065120962
8.7162427902,-0.0048356541,0.0041824761,0.0089292573,0.0293064024,-0.0018204213,0.0043876255
8.7262535095,-0.0048794113,0.0024469825,0.0108969258,0.0068546231,0.0022347739,0.0054571512
8.7365665436,-0.0079216026,0.0013997959,0.0079503702,-0.0220696516,0.0136593357,0.0065337345
8.7463350296,-0.0070706569,-0.0087432014,0.0040394114,-0.0583376437,0.0123298857,0.0139748724
8.7564411163,0.0005963782,-0.0103618102,0.0039942907,-0.0732777119,0.0122208297,0.0171633419
8.7664852142,0.0043851845,-0.0052373228,0.0039178776,-0.0689330250,0.0048518623,0.0203439556
8.7768421173,0.0073056929,0.0019074412,0.0019041349,-0.0560356565,-0.0045980983,0.0182112958
8.7866382599,0.0142205320,0.0044172290,0.0028622795,-0.0292759500,-0.0129015688,0.0107677598
8.7967472076,0.0114548691,0.0091295866,0.0008958031,-0.0003891485,-0.0201124102,0.0054486957
8.8067760468,0.0067900084,0.0170510598,-0.0000917267,0.0295426510,-0.0251702853,0.0033149710
8.8171319962,0.0021533186,0.0116110025,0.0009456326,0.0466376394,-0.0271430202,0.0033095116
8.8269052505,-0.0014791673,0.0082691638,0.0029615809,0.0615870282,-0.0280873775,0.0011816458
8.8370332718,-0.0022004431,0.0021104249,0.0040356563,0.0636908486,-0.0248435829,0.0075529260
8.8470449448,-0.0020183881,-0.0041303528,0.0021681238,0.0507713221,-0.0132428519,0.0139327943
8.8573379517,-0.0019642820,-0.0076056314,0.0032031585,0.0261772424,-0.0081462273,0.0150043173
8.8671188354,-0.0039373673,-0.0084683644,0.0012572457,-0.0028046081,0.0085920058,0.0171436351
8.8772735596,-0.0011539941,-0.0105460184,-0.0007054161,-0.0231348611,0.0137347020,0.0192740299
8.8873128891,0.0006315822,-0.0069313464,0.0041199969,-0.0348620899,0.0125780925,0.0203382298
8.8975744247,0.0034119675,0.0024047825,0.0069852518,-0.0391393118,0.0135797737,0.0171556845
8.9074411392,-0.0006796976,0.0020167711,0.0059418133,-0.0381036103,0.0167790297,0.0182188191
8.9175386429,-0.0027766710,-0.0002589864,-0.0009221386,-0.0252212882,0.0094701834,0.0192742962
8.9275598526,0.0010551850,0.0034610960,-0.0038593959,-0.0112852314,0.0032184124,0.0182058364
8.9378604889,0.0030073861,0.0063681635,-0.0028864096,0.0015486218,0.0001272149,0.0150149036
8.9477453232,-0.0009027307,0.0074544284,-0.0019290994,0.0154969282,-0.0071647866,0.0171313174
8.9577283859,0.0001452903,0.0037722322,0.0010433246,0.0208856463,-0.0124231307,0.0171272550
8.9679031372,0.0031776840,0.0030585336,0.0069338130,0.0187513903,-0.0124417730,0.0171277877
8.9781398773,0.0022815356,-0.0006124196,0.0089147137,0.0229899697,-0.0092150876,0.0181906559
8.9880332947,0.0004264603,-0.0071708751,0.0060336040,0.0262020081,-0.0102481274,0.0181893241
8.9980163574,0.0025056566,-0.0029586223,0.0050968579,0.0347491056,-0.0112272389,0.0192480646
9.0082378387,0.0045425557,0.0022909227,0.0041644620,0.0400410742,-0.0069504678,0.0171252601
9.0184688568,0.0046045147,0.0017314138,0.0022537757,0.0411305428,-0.0090919826,0.0128778499
9.0282182693,0.0027187059,-0.0017673416,0.0032736112,0.0336702317,-0.0102320816,0.0107555771
9.0383043289,0.0037960673,-0.0024522361,0.0033079435,0.0198279191,-0.0135570392,0.0075720339
9.0483455658,0.0019596110,-0.0023452383,0.0013765146,0.0048764003,-0.0126403794,0.0054526902
9.0586442947,-0.0008828153,-0.0062779156,0.0004041244,-0.0122457808,-0.0085648764,0.0022722769
9.0685071945,-0.0037736630,-0.0064874557,-0.0025396298,-0.0294039957,-0.0002121383,0.0044044037
9.0785732269,-0.0047775768,-0.0078186737,-0.0045274450,-0.0433401838,0.0060254508,0.0033495920
9.0886955261,-0.0009451618,-0.0063485620,-0.0055410219,-0.0518995821,0.0080590406,0.0012291833
9.0989198685,0.0009440745,-0.0039237035,0.0002523114,-0.0507808924,0.0027710679,0.0022872572
9.1087827682,0.0048510619,-0.0014373778,0.0041176723,-0.0400355756,-0.0045696693,0.0012190633
9.1188621521,0.0078145228,0.0050318870,0.0040882276,-0.0272494182,-0.0023507231,-0.0009056067
9.1289081573,0.0058799423,0.0077536213,0.0001671363,-0.0069718435,-0.0021459262,0.0033365425
9.1392259598,0.0030518139,0.0077845859,-0.0037421535,0.0144735277,-0.0125682075,0.0033245585
9.1490468979,0.0032070319,0.0129330931,-0.0056536747,0.0443845540,-0.0154971518,0.0022537014
9.1590833664,-0.0015418490,0.0134776933,-0.0056050373,0.0603456274,-0.0100407340,0.0043782382
9.1692743301,-0.0043996312,0.0082807494,-0.0055404259,0.0602934286,-0.0047218688,0.0065045059
9.1794843674,-0.0073264129,0.0020754593,-0.0025557827,0.0506557152,-0.0015937197,0.0107543785
9.1894464493,-0.0024721657,-0.0033405018,-0.0005372714,0.0303397905,0.0025008903,0.0150087783
9.1993818283,-0.0005833989,-0.0090081440,0.0033763696,-0.0027638096,0.0043344097,0.0150176324
9.2094373703,0.0002722258,-0.0130667435,0.0053199581,-0.0348293334,0.0093805678,0.0182136931
9.2197237015,0.0011430124,-0.0154450061,0.0052703666,-0.0529585853,0.0081677642,0.0192797575
9.2295131683,0.0069077723,-0.0062503782,0.0042358683,-0.0508477688,0.0102807162,0.0150330793
9.2397422791,0.0019220973,-0.0018420561,0.0012408544,-0.0369569845,0.0082383379,0.0086577376
9.2497539520,-0.0000974124,0.0017599346,0.0002177407,-0.0177193768,0.0051884861,0.0033423351
9.2599906921,0.0018427412,0.0065233442,-0.0027227353,0.0004421044,0.0031968409,-0.0009100675
9.2699165344,-0.0020789241,0.0055943388,-0.0036963176,0.0100659700,0.0011379512,-0.0040989369
9.2799177170,-0.0050096177,0.0037681493,-0.0007702659,0.0079867067,-0.0041507538,0.0012076118
9.2898950577,-0.0000612249,0.0009617390,0.0021892239,0.0058945273,-0.0084203342,0.0001442115
9.3003101349,0.0019563029,0.0019697803,0.0041511105,-0.0026635136,-0.0063516567,0.0033323481
9.3101100922,0.0009983818,-0.0038849381,0.0041656541,-0.0059144348,-0.0010261338,0.0107684257
9.3201560974,0.0019547904,-0.0068210778,0.0031852771,-0.0005781529,-0.0009512987,0.0150137711
9.3302488327,0.0048664697,-0.0000046832,0.0041611837,0.0036797086,0.0001469888,0.0150132384
9.3405447006,0.0048643239,0.0000707241,0.0041679787,0.0122426786,-0.0018949897,0.0160733107
9.3503561020,0.0058540292,-0.0007746560,0.0022419740,0.0154216941,0.0002411315,0.0139499716
9.3605442047,0.0068301149,0.0003449129,0.0003033329,0.0154396147,-0.0019223539,0.0075780265
9.3706970215,0.0019696618,0.0014447825,0.0032172252,0.0080000749,-0.0051913839,0.0043928856
9.3808126450,-0.0018922871,-0.0062717241,0.0022659351,0.0047866516,-0.0041863071,0.0001472741
9.3906784058,-0.0038319787,-0.0072521386,0.0022529413,-0.0069725364,-0.0021599077,0.0012130712
9.4007186890,-0.0047919340,-0.0063760546,0.0032218148,-0.0123319076,-0.0000836407,0.0012146025
9.4107284546,-0.0038005819,-0.0075100255,0.0022321988,-0.0229914747,-0.0012240063,0.0033403374
9.4211072922,-0.0027993505,-0.0077781943,0.0012470533,-0.0314926878,-0.0044687353,0.0054654740
9.4312438965,0.0011442120,-0.0071446118,0.0041471170,-0.0400211923,-0.0056320047,0.0012198623
9.4409952164,0.0031755532,-0.0075365943,0.0031566073,-0.0357111581,-0.0098454580,0.0001546644
9.4510231018,0.0003816227,-0.0029888866,0.0021336128,-0.0249876752,-0.0150711117,-0.0019742665
9.4613628387,0.0005685652,0.0045808661,-0.0017754387,-0.0142779853,-0.0192417558,-0.0051653991
9.4736909866,0.0017436708,0.0055307779,-0.0027350734,0.0134551078,-0.0179591775,-0.0083571980
9.4816513062,0.0009329210,0.0067258882,0.0002147008,0.0294339415,-0.0146235013,-0.0062349914
9.4915637970,-0.0028978025,0.0090160174,0.0021920849,0.0357648060,-0.0071059307,-0.0009238492
9.5016765594,0.0000838230,-0.0012984468,0.0110364007,0.0314966105,-0.0071291002,0.0012005543
9.5272502899,0.0011209885,-0.0028809947,0.0140029239,0.0335887931,-0.0028595200,0.0022639544
9.5273628235,0.0021099413,-0.0006928784,0.0091442512,0.0185723454,0.0044448646,0.0033322817
9.5347709656,0.0030248801,-0.0074089211,0.0062491344,0.0014444916,0.0095938202,0.0022774036
9.5461530685,0.0019664804,-0.0104311155,0.0052552866,-0.0198747255,0.0072846599,0.0022823969
9.5517911911,0.0097823702,-0.0077751246,0.0023298908,-0.0305039324,0.0029405118,0.0012211272
9.5618791580,0.0068507902,-0.0032538441,0.0003308107,-0.0347118862,-0.0035113955,-0.0062134862
9.5716953278,0.0000419656,-0.0016380294,0.0002743055,-0.0240528509,-0.0023779541,-0.0094010243
9.5819911957,-0.0018589606,0.0000705974,-0.0007188271,-0.0208125599,-0.0065997969,-0.0104668876
9.5918416977,-0.0057101510,0.0018249707,0.0021681834,-0.0165546946,-0.0055015092,-0.0104674203
9.6018819809,-0.0056375228,0.0007375734,0.0011878659,-0.0047813924,-0.0085688047,-0.0083476771
9.6120243073,-0.0026465987,0.0017054336,0.0012064625,0.0037130257,-0.0042502228,-0.0083476771
9.6223497391,-0.0025822034,-0.0001888988,0.0012162973,0.0080129122,-0.0073886253,-0.0072889375
9.6324033737,0.0013910497,-0.0000722004,0.0012484242,0.0123043302,-0.0094525749,-0.0041056611
9.6439208984,0.0063870810,0.0019863802,-0.0006694149,0.0123513350,-0.0136768147,-0.0009213858
9.6530094147,0.0094969682,-0.0008149041,-0.0025652598,0.0123928804,-0.0179346763,-0.0030471210
9.6633462906,0.0106863119,0.0022433284,-0.0005964588,0.0156040136,-0.0189745091,-0.0041103885
9.6732282639,0.0059933327,0.0053293738,-0.0054602572,0.0230504777,-0.0168149509,-0.0083583966
9.6832723618,-0.0006722768,0.0075280177,-0.0044736220,0.0326550342,-0.0167383179,-0.0094222622
9.6930236816,-0.0015077998,0.0088233901,-0.0015020322,0.0304776337,-0.0125198709,-0.0104814013
9.7030229568,-0.0033831408,0.0023346948,0.0014635969,0.0335689522,-0.0018806090,-0.0104781389
9.7126693726,-0.0043854155,-0.0003050236,-0.0033796977,0.0260047764,0.0076239468,-0.0072860741
9.7227268219,-0.0025130843,0.0008469032,-0.0063005043,0.0121141532,0.0096733822,0.0001509360
9.7328243256,0.0012661556,-0.0030323309,-0.0072581717,-0.0103259077,0.0126814228,0.0033435335
9.7430934906,0.0020951519,-0.0003114981,-0.0033979963,-0.0337749906,0.0103733940,0.0065354649
9.7529602051,0.0029251764,-0.0007220028,0.0014341522,-0.0540499017,0.0102032181,0.0076023275
9.7630100250,0.0027922357,-0.0071779680,0.0062472271,-0.0711267814,0.0100622037,0.0086671924
9.7730779648,0.0017354006,-0.0059275520,0.0071361708,-0.0689419210,0.0047412082,0.0033549848
9.7833919525,0.0027207250,0.0051628831,0.0051142024,-0.0421684980,-0.0045959009,0.0001584594
9.7932233810,0.0037754963,0.0087740300,-0.0007629346,-0.0079799015,-0.0085693374,-0.0040994026
9.8032875061,0.0009682591,0.0127886338,0.0011988331,0.0337316170,-0.0177682284,-0.0062386533
9.8133554459,0.0011689255,0.0132984845,-0.0006900381,0.0646874011,-0.0185796935,-0.0094323168
9.8236341476,0.0013369138,0.0121073378,0.0023253609,0.0838858411,-0.0173583012,-0.0104979128
9.8336038589,0.0025159533,0.0051759961,-0.0004787992,0.0849764049,-0.0194432903,-0.0062520355
9.8437557220,0.0056177415,-0.0008495120,0.0045056986,0.0668423250,-0.0195616018,0.0001247039
9.8538188934,0.0057902001,-0.0032307622,0.0065210508,0.0369115919,-0.0144898780,0.0043820329
9.8641099930,0.0059055947,-0.0069230315,0.0094801830,0.0070097256,-0.0126214037,0.0054518245
9.8739538193,0.0069616549,-0.0060293418,0.0065653371,-0.0144180683,-0.0043197982,0.0054614120
9.8840131760,0.0030675421,-0.0033379016,0.0016495634,-0.0208672583,-0.0001588087,0.0012173322
9.8940820694,0.0001449848,-0.0035903049,-0.0003257941,-0.0219114833,-0.0022693637,0.0044019399
9.9043283463,0.0021011720,0.0030343714,-0.0032868336,-0.0080964435,0.0031299288,0.0001531331
9.9141759872,0.0001134614,0.0117325066,-0.0042858077,-0.0016952688,0.0031650825,-0.0030338718
9.9242305756,0.0010469670,0.0059071216,-0.0042740656,-0.0006137323,0.0021547461,0.0033363430
9.9343547821,-0.0009330397,0.0039039138,-0.0033057879,-0.0144645656,-0.0000815103,0.0044005420
9.9445743561,-0.0009367501,0.0066520753,-0.0004069160,-0.0240114406,-0.0054505095,0.0075865481
9.9544544220,0.0040101819,0.0005563083,0.0034958769,-0.0335586071,-0.0107909469,0.0150188981
9.9645090103,0.0060939156,0.0012172119,0.0064067887,-0.0356503054,-0.0150393546,0.0171405040
9.9745807648,0.0052783377,0.0019023226,0.0073553971,-0.0249246918,-0.0202373117,0.0192587823
9.9848709106,0.0015879537,0.0075861248,0.0034409214,-0.0024606604,-0.0253327377,0.0213741325
9.9947109222,-0.0011371335,0.0204246528,0.0044236826,0.0422804430,-0.0175627004,0.0139340600
10.0047740936,-0.0019740348,0.0151945455,0.0074204253,0.0721369013,-0.0151861599,0.0128653990
10.0149688721,0.0020695294,0.0150385676,0.0075223497,0.0892125592,-0.0150162512,0.0160465464
10.0251474380,0.0022114480,0.0120590506,0.0037258912,0.0902499408,-0.0118175950,0.0171102788
10.0349235535,-0.0006368493,0.0021674442,-0.0059289290,0.0731045082,-0.0044981632,0.0234890822
10.0450849533,-0.0036087444,-0.0030593541,-0.0039262129,0.0410049483,0.0037388606,0.0277476087
10.0550842285,-0.0007716378,-0.0076732156,0.0000082303,0.0014476879,0.0108348532,0.0298847966
10.0654258728,0.0010066743,-0.0078069759,0.0058406042,-0.0316941515,0.0169392843,0.0341437906
10.0765075684,-0.0021663939,-0.0062707034,0.0067299060,-0.0520217940,0.0220810492,0.0362751186
10.0858659744,-0.0004185995,-0.0029396680,0.0017933298,-0.0562678576,0.0199142359,0.0352139138
10.0955667496,0.0013515691,-0.0025325385,-0.0031397890,-0.0497910529,0.0125362137,0.0341467857
10.1057701111,0.0031851495,0.0028810161,-0.0051407763,-0.0337236673,0.0062899031,0.0309535228
10.1154432297,0.0051422678,0.0056200656,-0.0041823937,-0.0058542211,-0.0062482599,0.0235075895
10.1255502701,0.0081628002,0.0067558694,-0.0022069167,0.0315782391,-0.0144519275,0.0171235278
10.1356945038,0.0053864531,0.0131120635,0.0027062346,0.0668558031,-0.0205311254,0.0139261363
10.1459016800,0.0017068798,0.0090710847,0.0047376207,0.0925628692,-0.0298849456,0.0096685411
10.1558246613,0.0039192177,0.0081393672,0.0048656510,0.1053156853,-0.0244611520,0.0107298102
10.1658115387,0.0002492929,0.0062761935,0.0000963856,0.1063700840,-0.0233829711,0.0117909471
10.1759643555,0.0004745538,-0.0024145436,-0.0046324679,0.0967249125,-0.0192020740,0.0149808815
10.1861734390,0.0006058032,-0.0053773639,-0.0055186697,0.0838248283,-0.0097724870,0.0139277345
10.1960525513,-0.0003750508,-0.0104959579,-0.0034894894,0.0580869727,0.0027496961,0.0160641223
10.2060537338,-0.0014481728,-0.0149070146,-0.0005312513,0.0292035509,0.0099522155,0.0203227829
10.2162237167,-0.0025700664,-0.0147922086,-0.0024874161,-0.0028513204,0.0139373699,0.0235183109
10.2264127731,-0.0007712578,-0.0139839100,-0.0054280115,-0.0274032410,0.0148114860,0.0277723763
10.2363605499,-0.0018809398,-0.0094407620,-0.0074351979,-0.0369658545,0.0104697347,0.0256490372
10.2463531494,-0.0010039320,-0.0039798808,-0.0065147826,-0.0380079485,0.0072371894,0.0192755610
10.2565288544,-0.0020860021,0.0015157195,-0.0036363553,-0.0305289924,0.0062206602,0.0160877574
10.2668132782,-0.0040982254,-0.0035822135,-0.0007478546,-0.0229992792,-0.0000786474,0.0160812326
10.2765541077,-0.0031349098,-0.0056689424,0.0012067605,-0.0155197913,-0.0010882518,0.0139552318
10.2866868973,-0.0011455377,-0.0008560164,0.0050962614,-0.0015698606,-0.0084164049,0.0107641649
10.2966918945,0.0028609822,0.0002076509,0.0070655397,0.0123219863,-0.0104449354,0.0065124291
