0.0000000000,-0.0029232234,-0.0146096116,-0.0141074173,0.4492615759,0.0674043447,0.1260379702
0.0096650124,-0.0210076608,-0.0040049623,-0.0021302213,0.4752361774,0.0352962092,0.0975434780
0.0197280645,-0.0203876533,0.0032545333,0.0208678134,0.3246924877,0.0300564393,0.1210551932
0.0296479464,0.0186285339,-0.0319428295,0.0328048952,0.1248917580,0.0447267331,0.1466138214
0.0398889780,0.0368952118,-0.0466102064,0.0210952647,-0.0087714959,0.0746452138,0.1411998868
0.0498230457,0.0449782573,-0.0113287484,0.0120608099,-0.0288272314,0.0488026962,0.1371318996
0.0597440004,0.0749448240,0.0008433094,0.0180601962,0.0057247551,0.0082962848,0.1193122864
0.0698369741,0.0821022689,-0.0151736951,0.0103738792,0.0465416908,-0.0171571430,0.1056377515
0.0799440145,0.0680407882,-0.0458179191,-0.0032793989,0.0593657494,-0.0160524640,0.0981847718
0.0897049904,0.0470485650,-0.0617404953,-0.0112148635,0.0733329579,-0.0245492794,0.0918557718
0.0999109745,0.0309327804,-0.0569871813,-0.0093816034,0.0757599026,-0.0587602444,0.0888892710
0.1098090410,0.0100475820,-0.0513694733,0.0012494215,0.0481277406,-0.0645177364,0.0655732974
0.1196930408,-0.0283997096,-0.0638353005,0.0509900935,-0.0070481654,-0.0773096979,-0.0054854350
0.1301079988,-0.0210883655,-0.0709880441,0.0766942427,-0.0677602440,-0.0613869205,-0.0884128064
0.1399129629,0.0254445337,-0.0649755523,0.0558246262,-0.0864797458,-0.0973363966,-0.1508483589
0.1498520374,0.0596730374,-0.0845350102,0.0428536423,-0.0701561645,-0.1199908406,-0.1900213212
0.1597659588,0.0135533782,-0.0896834061,0.0571739562,-0.0824286714,-0.1633212715,-0.2460373193
0.1697380543,0.0042792829,-0.1490286589,0.0836046264,-0.1056397185,-0.1903568804,-0.2617816627
0.1796979904,0.0104876133,-0.2219568491,0.1123689339,-0.0866268799,-0.1645865440,-0.2651489675
0.1897130013,-0.0033784241,-0.1987822503,0.1137235686,-0.0429502390,-0.1640216857,-0.2386233509
0.1997450590,-0.0016579956,-0.1547583193,0.1210464165,0.0203247368,-0.2071907222,-0.2192638963
0.2097049952,0.0184962116,-0.1356078833,0.1295915693,0.0230448898,-0.2651752234,-0.2528863251
0.2197580338,0.0397346281,-0.0994969979,0.1645762771,0.0874771401,-0.2834734917,-0.3261173964
0.2297149897,0.0800553858,-0.0375784710,0.1109311506,0.2683292031,-0.3115224540,-0.3951172233
0.2397849560,0.1035538614,0.0857288316,0.0307506807,0.5545932055,-0.2181509584,-0.3598018587
0.2497359514,0.0809771121,0.1288587600,-0.0075929277,0.8617172241,-0.2003855407,-0.3101991415
0.2597479820,0.1098595858,0.1060894802,-0.0203765742,0.9849064946,0.0392635241,-0.3947030902
0.2697169781,0.2142538428,0.0610502884,-0.0231186859,0.9763172269,0.3189125061,-0.4326318204
0.2797440290,0.1247513294,0.0565640554,-0.0504819266,0.9377159476,0.1904453039,-0.0471889377
0.2896939516,-0.0103771416,0.0860876366,-0.0902229026,0.9093559384,0.1656765789,0.2069029957
0.2997410297,-0.0229871310,0.1231392249,-0.0990151837,0.8534747362,0.3227564692,0.2526687384
0.3096959591,-0.0742608905,0.1780845225,-0.0488531701,0.7361081839,0.4270083010,0.3009446561
0.3197489977,-0.0804514289,0.2341005802,0.0262198932,0.5434417129,0.4781631231,0.3326184452
0.3296990395,-0.0904694498,0.2451366782,0.0910674259,0.3071141541,0.5224387050,0.3494946361
0.3396880627,-0.0946463943,0.2424840331,0.1349555105,0.1253197342,0.5449224710,0.3930318654
0.3497020006,-0.1084074378,0.2515051067,0.1670492142,0.0174406655,0.5129051208,0.4963667691
0.3596589565,-0.1071196496,0.2563741207,0.2339746803,-0.0403023884,0.4771769345,0.6209410429
0.3696889877,-0.0973581076,0.2192226052,0.2859506607,-0.1047998890,0.3328477442,0.8004037142
0.3796609640,-0.1070071459,0.1757600605,0.3218649626,-0.2215996087,0.1807940155,0.9990770221
0.3895950317,-0.1522265673,0.1615787446,0.3561257124,-0.3544442356,0.0569397211,1.1348966360
0.3996540308,-0.1890927851,0.1739322245,0.3773937225,-0.4437920451,-0.1366537064,1.1999555826
0.4097030163,-0.1827255785,0.2116121948,0.3684166074,-0.4257621765,-0.4042912722,1.2590477467
0.4196330309,-0.1538539231,0.2449747920,0.3251091838,-0.3487139940,-0.7067965269,1.3130170107
0.4295530319,-0.1207416058,0.2410903871,0.3218019605,-0.2848911285,-1.0717670918,1.3227758408
0.4396220446,-0.0915808380,0.1877890527,0.3262475729,-0.2037227452,-1.4550817013,1.2965202332
0.4496719837,-0.0527123548,0.1242805943,0.3108246922,-0.1095957085,-1.8606499434,1.2810238600
0.4596320391,-0.0246593393,0.0777532086,0.2789541483,-0.0298281759,-2.2347369194,1.3343853951
0.4697339535,-0.0204473473,0.0244165882,0.2518389225,-0.0341419652,-2.5215587616,1.4201772213
0.4798669815,-0.0214814879,-0.0286377743,0.2705833912,-0.1520551443,-2.7359066010,1.4598976374
0.4896270037,-0.0199507214,-0.0796995535,0.2725543976,-0.3380484581,-2.8293795586,1.4468226433
0.4996000528,-0.0235640518,-0.1216705814,0.2517116070,-0.5446798205,-2.8614215851,1.3866182566
0.5099140406,-0.0238065310,-0.1309157014,0.2078175396,-0.7189134359,-2.7889161110,1.2736562490
0.5196169615,-0.0451352894,-0.0915536955,0.1600476950,-0.8463837504,-2.6789169312,1.1285482645
0.5296649933,-0.0581217818,-0.0522786155,0.1165344045,-0.8606468439,-2.5755295753,0.9823402166
0.5395979881,-0.0595497303,-0.0418366715,0.0478624590,-0.6858563423,-2.4720535278,0.7998764515
0.5498800278,-0.0697157457,-0.0403545573,-0.0073344819,-0.4684590697,-2.4816622734,0.6043069363
0.5596350431,-0.0517621078,-0.0562933758,-0.0604162924,-0.2929694057,-2.4783122540,0.4628673792
0.5696049929,-0.0486515872,-0.0889559761,-0.1310111433,-0.2617249191,-2.4725568295,0.3576315045
0.5796229839,-0.0557102896,-0.1355785728,-0.1865270883,-0.3284158111,-2.4100301266,0.3551470339
0.5895960331,-0.0613746382,-0.2056184113,-0.2119208723,-0.4762886167,-2.3605227470,0.4037992656
0.5995819569,-0.0601905622,-0.2508476079,-0.1915772706,-0.6584885120,-2.2972397804,0.4693835974
0.6095370054,-0.0383549370,-0.2561677396,-0.1996638328,-0.8813530207,-2.2162213326,0.5210710168
0.6198179722,-0.0379016139,-0.2298011035,-0.2090786844,-1.0801745653,-2.1887738705,0.5359050035
0.6295920610,-0.0617988743,-0.2022515535,-0.2522547841,-1.1673281193,-2.2092492580,0.4702303708
0.6395239830,-0.0801937431,-0.1388584077,-0.2824977636,-1.2041441202,-2.2444205284,0.3908067644
0.6495480537,-0.0669112206,-0.0661587194,-0.2105878741,-1.2247258425,-2.2957394123,0.2827900350
0.6595139503,-0.0432686843,-0.0588532761,-0.1420638710,-1.0991443396,-2.3206470013,0.1309409887
0.6695430279,-0.0346207358,-0.0169998333,-0.0932270959,-0.9771406651,-2.3236818314,0.0405722074
0.6795209646,-0.0192443468,-0.0050099115,-0.0117368810,-0.9141480327,-2.3295109272,0.0522540249
0.6895350218,-0.0039959578,-0.0629307404,0.1184704825,-0.9287330508,-2.2524707317,0.0751372427
0.6995320320,-0.0173283555,-0.1504519284,0.2613629103,-1.1812920570,-2.0543565750,0.0973999351
0.7095559835,-0.0425730683,-0.2202245891,0.3423059583,-1.6897158623,-1.7683913708,0.1256475598
0.7194889784,-0.1212909818,-0.2671616971,0.3348829746,-2.1331701279,-0.8669606447,-0.0530596152
0.7295230627,-0.3735048473,-0.2283251435,-0.0249899141,-2.1295533180,0.0864717811,-0.3046572208
0.7394800186,-0.5112185478,0.0630437657,-0.5121735930,-2.2010805607,0.5904026031,0.0692760274
0.7495369911,-0.5172268152,0.2188722044,-0.9743919373,-2.1722600460,0.9057626724,-0.0762119293
0.7594759464,-0.5091247559,0.1636971533,-1.2429847717,-2.1069369316,0.8366922736,0.0368027650
0.7695059776,-0.1930167973,0.0175870061,-1.0743988752,-1.3311413527,0.8275325894,0.1383099556
0.7794610262,0.1185815036,0.2509351373,-0.8396427035,-0.3396976292,0.6853882074,0.2426549941
0.7894890308,0.3223138154,0.3969327509,-0.5336445570,0.5339481235,0.3902913034,0.1908389330
0.7994619608,0.3511822522,0.3370059431,-0.2515493631,0.7660572529,0.1039109528,0.1139159277
0.8094420433,0.2599195540,0.2195019275,-0.0783817247,0.6460360289,0.0418161638,0.0857178420
0.8194589615,0.1507394314,0.1075123847,-0.0022497883,0.3814228773,0.0583280250,0.0061155614
0.8294399977,0.1075841784,0.0604668707,0.0281391032,0.2548308372,0.0258997791,-0.0467053093
0.8408299685,0.1021973491,0.0609084219,-0.0042360537,0.2569307685,-0.0845020935,-0.0842343122
0.8497799635,0.0644150078,0.0711754039,-0.0411701314,0.2916613221,-0.1338430196,-0.1359957755
0.8594299555,0.0103131505,0.0341017172,-0.0399472825,0.2800545692,-0.1196467653,-0.2157610357
0.8694659472,0.0007977753,0.0285801031,-0.0238788240,0.2196655422,-0.1537187248,-0.2707422674
0.8794150352,0.0256586038,0.0432019792,-0.0097524635,0.1209755763,-0.2051462233,-0.3202702701
0.8894790411,0.0372658037,0.0424850062,0.0188292153,0.0199847855,-0.2321051359,-0.3816436231
0.8993999958,0.0430363677,0.0526315942,0.0599452145,-0.1057200134,-0.2452313155,-0.4282171130
0.9094619751,0.0617242418,0.0804128721,0.0872661397,-0.2150086761,-0.3053053021,-0.4798083901
0.9193780422,0.0830616355,0.1086860895,0.0996799394,-0.2356244773,-0.3784959018,-0.5207531452
0.9294049740,0.0924930573,0.1439649165,0.0921107456,-0.1612509191,-0.4592943490,-0.5372794271
0.9394040108,0.0845639110,0.1625007242,0.0235601552,0.0229006782,-0.5294036865,-0.5284557343
0.9493730068,0.0613645874,0.1871614605,-0.0717858747,0.2461113930,-0.5593777895,-0.4859215319
0.9594399929,0.0269289576,0.2102684081,-0.1252179295,0.5722391605,-0.5231372118,-0.4173265100
0.9693629742,-0.0101526706,0.2090587914,-0.2010378391,0.9451339245,-0.4692841470,-0.3318824470
0.9793510437,-0.0269134976,0.1981238127,-0.2540861368,1.2564644814,-0.4649181366,-0.2290803045
0.9893950224,-0.0289792456,0.1572213173,-0.2757376432,1.3875072002,-0.4684857130,-0.1399078220
0.9993380308,-0.0469911434,0.1022122204,-0.2594611645,1.4221907854,-0.4071890712,-0.1265130639
1.0094790459,-0.0809789896,0.0786755383,-0.2120132595,1.4150526524,-0.2850594223,-0.2122913450
1.0193799734,-0.1087992787,0.1103563979,-0.1518038064,1.4623029232,-0.1707477719,-0.2619370520
1.0293350220,-0.1065661013,0.1117747873,-0.0830645040,1.5515332222,0.0043284418,-0.2429492623
1.0393919945,-0.0997788310,0.0783251449,-0.0497379415,1.5392931700,0.2007597387,-0.2590855062
1.0493240356,-0.0932615101,0.0177333131,-0.0508910529,1.4173891544,0.3569205701,-0.2610754073
1.0593709946,-0.0969378054,-0.0201497152,-0.0750872567,1.2283066511,0.4977421761,-0.2469865978
1.0692839622,-0.1406770051,-0.0043732892,-0.0922681168,1.0673888922,0.7147495747,-0.2227840573
1.0793019533,-0.2120861709,0.0305771902,-0.1195404604,1.0159032345,0.9893651605,-0.1852192432
1.0892800093,-0.2681207955,0.0789221749,-0.1231266931,0.9574955106,1.3510349989,-0.2108963877
1.0993020535,-0.2910891473,0.0817240551,-0.1397488266,1.0209280252,1.6985942125,-0.2471915483
1.1093120575,-0.2803811431,0.0232116804,-0.1649446636,1.1275197268,1.9720703363,-0.2362906933
1.1192719936,-0.2782420814,-0.0206863955,-0.1724563390,1.2226612568,2.2237796783,-0.2602984309
1.1292929649,-0.2922322154,-0.0734077320,-0.1663496643,1.2873041630,2.4468674660,-0.3542182744
1.1392990351,-0.2969310284,-0.0960248634,-0.1713070422,1.3469698429,2.6292364597,-0.4553058445
1.1492750645,-0.2902426422,-0.0979955718,-0.1484351307,1.4197795391,2.7752709389,-0.5678547621
1.1593509912,-0.2570195198,-0.0842357948,-0.1027979925,1.4706286192,2.8592879772,-0.6640534401
1.1692570448,-0.1903129667,-0.0807408765,-0.1037434414,1.4920470715,2.8895950317,-0.7641296983
1.1793340445,-0.1325182170,-0.0962078944,-0.1379364282,1.4231785536,2.8647129536,-0.8616600633
1.1892620325,-0.1129141450,-0.1197584644,-0.1790933162,1.3262884617,2.8591434956,-0.9252997041
1.1992939711,-0.1248736084,-0.1143719032,-0.1774059683,1.2020490170,2.7947912216,-0.9630391002
1.2092419863,-0.1133477241,-0.0720091537,-0.1578319818,1.0842094421,2.7179498672,-0.9677704573
1.2193089724,-0.0767142475,-0.0535056964,-0.1267069131,0.9053497314,2.6505157948,-0.9427759051
1.2292289734,-0.0577615239,-0.0646765009,-0.0546708815,0.6454803348,2.5633382797,-0.9027206302
1.2393039465,-0.0389640592,-0.0737737194,-0.0010805835,0.4045230150,2.5147440434,-0.8671768904
1.2492159605,-0.0255530849,-0.0461213663,0.0112156756,0.2533249855,2.4592659473,-0.8433389068
1.2592869997,-0.0173597969,0.0164919421,0.0367292054,0.1914596111,2.3188819885,-0.8296355009
1.2692259550,0.0138073983,0.0601824448,0.0552754290,0.1912952960,2.1983430386,-0.8012315631
1.2792140245,0.0320117809,0.0744288191,0.0626441762,0.2255792320,2.0511593819,-0.7960557342
1.2892060280,0.0330959968,0.0895563886,0.0792419240,0.2107174546,1.9005806446,-0.7674467564
1.2992160320,0.0289284401,0.0845228955,0.1095701382,0.1101425067,1.7784187794,-0.7124001384
1.3092410564,0.0206065439,0.0380488858,0.1345091909,-0.0533960909,1.6609640121,-0.6754029393
1.3192679882,0.0142686935,0.0126428241,0.1646557897,-0.1784179211,1.5372949839,-0.6500789523
1.3292080164,0.0265295170,0.0370905325,0.1744839996,-0.2542652786,1.4033542871,-0.6204728484
1.3391979933,0.0333273821,0.0636781082,0.1835668534,-0.3335406482,1.2888038158,-0.5697406530
1.3491669893,0.0122587355,0.0453929827,0.1978220195,-0.4183143973,1.2060053349,-0.5510838628
1.3592090607,-0.0042040674,0.0400437042,0.1897522062,-0.4638142288,1.1523220539,-0.5379550457
1.3691719770,-0.0065825162,0.0473471805,0.1895673126,-0.4485284984,1.1013470888,-0.5132001638
1.3791990280,-0.0100867180,0.0423026904,0.1971723884,-0.3987260461,1.0068190098,-0.4881872535
1.3891470432,-0.0153112737,0.0309863612,0.1851252764,-0.3168689907,0.9019955993,-0.4461314082
1.3992040157,-0.0243607797,0.0261457786,0.1739658564,-0.2638960779,0.8096664548,-0.4168856442
1.4091509581,-0.0442445315,0.0101037854,0.1842806190,-0.2096442878,0.7052897215,-0.4226210117
1.4191520214,-0.0477147140,0.0103088254,0.1956410855,-0.1427097172,0.6138905883,-0.4220747948
1.4291770458,-0.0387734212,0.0451964960,0.1815421432,-0.0822831318,0.5321243405,-0.4141500294
1.4391479492,-0.0446808673,0.0620364174,0.1840241402,-0.0357851386,0.4566626251,-0.4062561691
1.4491339922,-0.0341713764,0.0665164813,0.1956575960,-0.0556539148,0.3895472288,-0.3622490168
1.4591389894,-0.0215641595,0.0460274145,0.1843827218,-0.1759074926,0.3176016808,-0.2926447690
1.4691250324,-0.0382963754,-0.0041520069,0.1647699922,-0.3338691592,0.2975230515,-0.2477838248
1.4791300297,-0.0687800646,-0.0262975767,0.1459664553,-0.4428963363,0.3138135970,-0.2435621768
1.4891109467,-0.0770433247,0.0095343227,0.1374824494,-0.5063791871,0.2438781708,-0.2398771644
1.4992010593,-0.0458902158,0.0414856896,0.1050150916,-0.4903915226,0.2377885878,-0.2164760977
1.5091040134,-0.0542017855,0.0403807089,0.0869960710,-0.4344177246,0.1815663278,-0.2172129899
1.5191700459,-0.0285794772,0.0489110574,0.0856976435,-0.3687516451,0.0990512222,-0.1763518453
1.5290069580,-0.0058768420,0.0241776034,0.0700757429,-0.2678103745,0.0145826768,-0.1461276412
1.5391540527,-0.0109188585,0.0383460447,0.0755577013,-0.1699516028,-0.0869556665,-0.1094163656
1.5490870476,-0.0101035861,0.0370835289,0.0870168135,-0.0594338700,-0.1660425067,-0.0834833011
1.5591189861,-0.0199528970,0.0285021886,0.0934019610,-0.0622040927,-0.2257572263,-0.0639689863
1.5690610409,-0.0385189988,0.0041673412,0.0902625844,-0.0625974387,-0.1808073372,-0.0568234585
1.5791189671,-0.0750524998,-0.0205872133,0.0751590654,-0.0937993079,-0.1375250965,-0.0921425670
1.5891220570,-0.0848335922,-0.0134657985,0.0552556999,-0.1676996350,-0.1039769948,-0.1018700302
1.5991320610,-0.0713663697,-0.0322163776,0.0246448405,-0.2547737956,-0.0256515611,-0.1129405200
1.6090559959,-0.0879616141,-0.0344565585,0.0067688711,-0.3231901526,-0.0185901895,-0.1001898348
1.6190470457,-0.0655423999,-0.0345836058,0.0029697905,-0.3115124404,-0.0287898313,-0.0533858500
1.6290750504,-0.0312486626,-0.0163159147,0.0069099553,-0.2088209689,-0.0693606883,-0.0160107799
1.6390349865,-0.0039053292,0.0266407952,0.0073835738,-0.1260733455,-0.1653490067,0.0578562506
1.6490340233,0.0138482722,0.0018493165,0.0241366513,-0.0732506216,-0.2426445931,0.0955042988
1.6590969563,-0.0095766215,-0.0176016167,0.0415797122,-0.1574917287,-0.2435141206,0.0700713769
1.6690969467,-0.0480500795,-0.0192107931,0.0532746203,-0.2934519649,-0.1661287844,-0.0068276683
1.6790709496,-0.1045444310,-0.0341077223,0.0833722875,-0.4182415605,0.0006831067,-0.1353078783
1.6888489723,-0.1537114084,-0.0330050364,0.0622380860,-0.3254575729,0.1738189310,-0.2214867026
1.6990859509,-0.1640633345,0.0253350064,0.0218763836,-0.2419773191,0.2707944810,-0.2062390447
1.7090320587,-0.1335631013,0.0131546343,-0.0056887977,-0.1552959532,0.3573408127,-0.1633027643
1.7190510035,-0.1393390000,0.0014162888,-0.0221181624,-0.0422855131,0.3690219820,-0.1496468782
1.7288819551,-0.1181761920,0.0660451874,-0.0313418619,0.0726091117,0.2624981999,-0.0863552466
1.7390140295,-0.0666528344,0.0970058516,-0.0175811164,0.1669151038,0.1848596036,-0.0009245052
1.7490160465,-0.0704926550,0.0722389743,0.0158019550,0.2440485060,0.1397523135,0.0290610902
1.7590119839,-0.0746944845,0.0840992853,0.0374487527,0.3156495988,0.1149833128,0.0674171373
1.7688820362,-0.0504452325,0.1291593015,0.0302418359,0.2620295286,0.1235911772,0.1226431131
1.7789779902,-0.0257754661,0.1591860950,0.0382323153,0.1930198222,0.1907654256,0.1658129394
1.7889670134,-0.0274298526,0.1775207520,-0.0021047106,0.1455135494,0.2388751656,0.2101545781
1.7990089655,-0.0349505879,0.1878260076,-0.0247995369,0.0805170983,0.2108848095,0.2465065867
1.8089740276,-0.0073626367,0.1467162073,-0.0347511284,0.0027253702,0.1827578396,0.2775526643
1.8189350367,0.0081713172,0.0786820874,-0.0316821449,-0.0997316316,0.0609610975,0.2507891059
1.8290209770,0.0284313522,0.0452129766,-0.0311657302,-0.2385758013,-0.0483153276,0.2218477279
1.8388980627,0.0348251127,0.0049627651,-0.0201951377,-0.4033540785,-0.1078122109,0.1628541797
1.8490240574,0.0299267732,-0.0227549449,-0.0116964094,-0.5203896761,-0.1274863183,0.0929456651
1.8589669466,0.0298867486,-0.0279667005,-0.0168039314,-0.5286512971,-0.1439640820,0.0484381206
1.8689420223,0.0253314339,-0.0163803771,-0.0237576477,-0.4921260476,-0.1589353085,0.0145131741
1.8789590597,0.0205202065,-0.0311265364,-0.0266153328,-0.4418969750,-0.1597534418,-0.0014516779
1.8890479803,0.0091109248,-0.0641221479,-0.0156493895,-0.4110109508,-0.1384201944,-0.0345457159
1.8989650011,-0.0001210898,-0.0630026534,-0.0007978788,-0.3565142751,-0.1329263598,-0.0664915368
1.9089510441,0.0048634680,-0.0426682606,0.0009020457,-0.2804490924,-0.1581707299,-0.0876287743
1.9189430475,0.0149000557,-0.0136836534,-0.0085070245,-0.2032666802,-0.1939945072,-0.0970118940
1.9291330576,0.0255714022,0.0057710190,-0.0169843547,-0.1655611098,-0.2395792902,-0.0871810988
1.9388890266,0.0309925638,0.0018099030,-0.0193795674,-0.1025163680,-0.2507746816,-0.0786539167
1.9488880634,0.0354778431,0.0094976211,-0.0169016235,-0.0515860729,-0.2223923206,-0.0555009320
1.9589220285,0.0299791954,0.0254111663,-0.0098112933,-0.0263383742,-0.1814896315,-0.0451610759
1.9690890312,0.0126657756,0.0212879851,0.0108055361,-0.0543883815,-0.1401416659,-0.0592207015
1.9788780212,0.0029856234,-0.0000388096,0.0080993660,-0.1296422631,-0.0734331980,-0.0638467446
1.9888999462,-0.0142505197,-0.0217059776,-0.0112672560,-0.2048547268,-0.0068352632,-0.0822867379
1.9989180565,-0.0364992358,-0.0043832879,-0.0250049345,-0.2010252327,0.0466354191,-0.0826368108
2.0090451241,-0.0574916042,0.0373685732,-0.0301971547,-0.1242907718,0.0632245168,-0.0870475397
2.0188999176,-0.0718334615,0.0802913085,-0.0268159024,0.0006556939,0.0567098893,-0.0870928168
2.0288839340,-0.0818654299,0.1016725525,-0.0224309079,0.0768215656,0.0019214763,-0.0634181052
2.0389680862,-0.0821908116,0.0743233636,-0.0273548476,0.0715663508,-0.0234320834,-0.0239426065
2.0493090153,-0.0816287994,0.0039773216,-0.0299190991,0.0044946405,-0.0463682897,-0.0205598585
2.0589070320,-0.0663119555,-0.0321691111,-0.0186836831,-0.0636525899,-0.0651089549,-0.0257033538
2.0686721802,-0.0505678989,-0.0214897767,-0.0074255578,-0.0878077224,-0.1092071757,-0.0360244364
2.0787239075,-0.0351401605,-0.0033629457,0.0070031174,-0.0395086333,-0.1346299797,-0.0528915673
2.0886220932,-0.0258310176,0.0005705883,0.0295717008,0.0111798411,-0.1889371574,-0.0748850182
2.0987911224,-0.0130085377,-0.0026921402,0.0465599783,0.0712748691,-0.2300987095,-0.0682867691
2.1089849472,-0.0104598431,-0.0147092110,0.0527875312,0.1151352674,-0.2457005829,-0.0575923137
2.1188459396,-0.0255538262,-0.0082995361,0.0693491623,0.1259197444,-0.2584550083,-0.0585779473
2.1288700104,-0.0340029635,0.0015295078,0.0846338198,0.1250012219,-0.2724472284,-0.0691104829
2.1388180256,-0.0457169451,0.0204424486,0.1104497835,0.0951076299,-0.2768443823,-0.0563125275
2.1487660408,-0.0725564659,0.0291074589,0.1488420814,0.0714451745,-0.2514580488,-0.0660221502
2.1588029861,-0.1057827473,0.0517983213,0.2037637681,0.0044194064,-0.2671941519,-0.0956201181
2.1687979698,-0.0961542130,0.0633061603,0.2905714512,-0.0883217156,-0.2765980363,-0.1114302427
2.1787948608,-0.0610567369,0.0494481251,0.3659604192,-0.0010046531,-0.2523685992,-0.1074008793
2.1887979507,-0.0259000994,0.1154890582,0.3557395935,0.1445251107,-0.3107594848,-0.0678153858
2.1987948418,0.0052887769,0.1977378875,0.3355185986,0.2996063232,-0.4023937583,0.0760962442
2.2087888718,0.0031065017,0.1876507252,0.2977342010,0.4375884235,-0.4627354145,0.1443842202
2.2188010216,-0.0422131158,0.1753851026,0.2712700367,0.4839276671,-0.5430097580,0.2149920911
2.2288351059,-0.0632261485,0.1635120958,0.2705996037,0.4064259529,-0.6335939765,0.3165607750
2.2387399673,-0.0703316629,0.1291262358,0.2715608478,0.2030663192,-0.7316763401,0.4044518769
2.2487089634,-0.0834063441,0.1130752489,0.2700910568,-0.0486695096,-0.7863547206,0.4878487885
2.2587351799,-0.0843704343,0.1419472992,0.2690436840,-0.2500655949,-0.8630551696,0.5756043196
2.2687599659,-0.0561546721,0.1804411560,0.2803679109,-0.3788398206,-0.9581204057,0.6995481253
2.2787530422,-0.0045934645,0.1800184399,0.2758260965,-0.4836749136,-1.1148495674,0.8408754468
2.2887258530,0.0288261734,0.1375636458,0.2550989389,-0.5808997154,-1.2886162996,0.9823057652
2.2987399101,0.0104549350,0.1006934568,0.2224148363,-0.6569605470,-1.4335031509,1.1065338850
2.3087410927,-0.0267897435,0.0719695464,0.1847141236,-0.6741781235,-1.5877033472,1.2137849331
2.3187398911,-0.0486311056,0.0396036878,0.1695101112,-0.6121227145,-1.7629554272,1.2871198654
2.3287580013,-0.0628057346,0.0020906408,0.1452442259,-0.5041373968,-1.9243408442,1.3157131672
2.3387219906,-0.0808560699,-0.0082029616,0.1535248607,-0.3931311369,-2.0433974266,1.2919733524
2.3487129211,-0.0784354433,-0.0350014344,0.1575243920,-0.2398150861,-2.0983700752,1.2242298126
2.3586850166,-0.0686923787,-0.0616034344,0.1334642023,-0.0874652416,-2.1504788399,1.1171591282
2.3687200546,-0.0601635240,-0.0530102625,0.1456553191,-0.0036073616,-2.1817333698,1.0110641718
2.3787069321,-0.0379516073,-0.0487623140,0.1553956717,0.0586549491,-2.1884515285,0.9197015166
2.3887128830,-0.0232500769,-0.0797620341,0.1451355666,0.0375065207,-2.1922755241,0.8666214943
2.3987100124,-0.0144375851,-0.1204869226,0.1344921440,-0.0821053684,-2.1825783253,0.8581396341
2.4088189602,-0.0045586256,-0.1622146070,0.0787316486,-0.2838941514,-2.1766848564,0.8550551534
2.4185769558,0.0130374255,-0.1876997054,0.0140229948,-0.5015166402,-2.1954290867,0.8606433868
2.4286918640,0.0316554718,-0.1793762594,-0.0705900863,-0.6923843026,-2.2277460098,0.8790469170
2.4386839867,0.0493916236,-0.1657850295,-0.1253146678,-0.8031024337,-2.2722411156,0.9006604552
2.4489750862,0.0616555177,-0.1841080636,-0.1404357105,-0.8102425933,-2.3212699890,0.9232935905
2.4586949348,0.0847522318,-0.2110750973,-0.0984937027,-0.8174230456,-2.3681035042,0.9522850513
2.4687099457,0.1380197555,-0.2137139589,-0.0434472077,-0.8333551884,-2.3893485069,0.9821808934
2.4787039757,0.1992775202,-0.2030950189,-0.0369986407,-0.7989380360,-2.4159071445,0.9706453681
2.4886279106,0.2334176898,-0.1659905016,-0.1021096781,-0.6800265908,-2.4401690960,0.9006018639
2.4986448288,0.2194495797,-0.1025686041,-0.1734596640,-0.5409169197,-2.4420995712,0.7985260487
2.5086090565,0.1709937453,-0.0642569140,-0.2056743652,-0.4423351586,-2.4465203285,0.6922467351
2.5186538696,0.1028325260,-0.0742258206,-0.2198355347,-0.4574954808,-2.3948280811,0.6260530949
2.5286431313,0.0219861232,-0.0933543742,-0.1982154995,-0.5526947379,-2.3385670185,0.5418258309
2.5386400223,-0.0686637163,-0.1025027558,-0.1886401922,-0.6440364718,-2.2341361046,0.4625961483
2.5485501289,-0.1268364787,-0.0944031551,-0.1631838232,-0.7474776506,-2.0953965187,0.4065243304
2.5586228371,-0.1299264431,-0.0916191265,-0.1331569701,-0.8659296036,-1.9586868286,0.3770377040
2.5686259270,-0.1130087972,-0.1168115363,-0.0917791203,-0.9709819555,-1.7756575346,0.3769865930
2.5786161423,-0.1194471419,-0.0954961404,-0.0893699005,-1.5235478878,-1.5587686300,0.3664025068
2.5886001587,-0.2333412468,-0.1754340231,0.0955973193,-0.7670361400,-0.4328235984,0.2332106233
2.5986239910,-0.3916659057,0.2710026205,-0.4335923195,-0.5121500492,0.3415530622,0.3140647411
2.6086039543,-0.3836418092,0.3673919439,-0.7270700932,-0.0994309559,0.9142765403,0.2941267192
2.6185770035,-0.4072535932,0.1537081003,-1.0813080072,-0.1560837328,0.9384396672,-0.0788898766
2.6284718513,-0.2456130981,0.1900625080,-0.9855480194,-0.3956478238,0.7000590563,0.0099393278
2.6386260986,-0.0134970276,0.1011652350,-0.8386340141,-0.0757838190,0.5511217117,0.1774769276
2.6486210823,0.1874197721,0.1532239616,-0.5987164974,0.1743336171,0.3715701103,0.2029015869
2.6586260796,0.2766592503,0.1023708358,-0.3902626634,0.3820897341,0.2242767811,0.0390404873
2.6686129570,0.2553251684,0.0419777259,-0.2487219721,0.3660521805,0.1231229976,-0.0261606202
2.6786069870,0.2041222453,0.0930695757,-0.1543808132,0.3190413713,0.0071386090,-0.0476857536
2.6886038780,0.1457526982,0.1048784330,-0.1346145421,0.3806445599,-0.0759506822,-0.0705625713
2.6986079216,0.1079724431,0.0549185909,-0.1147066429,0.4142563343,-0.1324847937,-0.0872163847
2.7085938454,0.0745149851,0.0063678888,-0.0969612077,0.4349799752,-0.1742708534,-0.1177692339
2.7185189724,0.0301769935,0.0292438418,-0.0837759450,0.4791269302,-0.2136286497,-0.1356057525
2.7285470963,-0.0061665205,0.0596729368,-0.0834152177,0.5731341243,-0.2151935250,-0.1537219137
2.7385349274,-0.0151389865,0.0628996417,-0.0612588637,0.6085250378,-0.2174486965,-0.1994144171
2.7484879494,-0.0064539937,0.0498756357,-0.0428186767,0.5724040270,-0.2108549774,-0.2706121802
2.7584669590,-0.0059573380,0.0468269475,-0.0273398273,0.6159692407,-0.1545757204,-0.3538762927
2.7685289383,-0.0110383956,0.0818826407,-0.0471056812,0.7662500739,-0.0963614210,-0.4319133162
2.7785310745,-0.0128930537,0.1294185072,-0.0746107772,0.9472162127,-0.0298814606,-0.4452159107
2.7885010242,-0.0201754607,0.1405347586,-0.0891613439,1.1204628944,0.0654216185,-0.4565788209
2.7984960079,-0.0369221307,0.1324093044,-0.1220798567,1.2415500879,0.1578554213,-0.5061321855
2.8085079193,-0.0552974381,0.1178582758,-0.1637698561,1.4066032171,0.2155874223,-0.5289320350
2.8184518814,-0.0844232738,0.1002131030,-0.1908736974,1.6275939941,0.3496613503,-0.5501444340
2.8285429478,-0.1460635364,0.0932734236,-0.2212645561,1.8605223894,0.4780864120,-0.6170082092
2.8399429321,-0.1935633123,0.0103072161,-0.2138537318,1.9557278156,0.7285827994,-0.6580066681
2.8490948677,-0.2204210162,-0.0857907757,-0.1810227185,1.8904867172,1.0236892700,-0.7119319439
2.8589820862,-0.2043920457,-0.1454207897,-0.1724661142,1.7453603745,1.2968190908,-0.7635335922
2.8690459728,-0.1686275899,-0.1805583984,-0.1796555072,1.6378030777,1.5466816425,-0.8203231096
2.8790919781,-0.1424745619,-0.1745619476,-0.1845202595,1.5411827564,1.7739795446,-0.9003441930
2.8883700371,-0.1376257241,-0.1369363368,-0.1785037071,1.4765518904,2.0068371296,-0.9846755862
2.8985271454,-0.1410797238,-0.1037525013,-0.1682782322,1.3938205242,2.2258393764,-1.0487220287
2.9095339775,-0.1450086832,-0.1066080704,-0.1096207574,1.2244198322,2.4635486603,-1.0958280563
2.9185709953,-0.1434443593,-0.1481333673,-0.0483107083,1.0508391857,2.6978538036,-1.1620311737
2.9285700321,-0.1214808226,-0.1847199500,-0.0608686917,0.8766300678,2.8745317459,-1.2172371149
2.9383258820,-0.0845010579,-0.2023839951,-0.0862670615,0.7375441194,2.9297337532,-1.2599910498
2.9483170509,-0.0419679470,-0.1990104020,-0.1230657175,0.6357434392,2.8508515358,-1.2679075003
2.9583020210,0.0012762367,-0.1654776633,-0.1833999902,0.6111783385,2.7192745209,-1.2585389614
2.9684209824,0.0073889019,-0.1197298244,-0.2109944969,0.6253098845,2.5642814636,-1.2724171877
2.9787001610,0.0029111027,-0.0837988034,-0.1487333924,0.6054996252,2.3676784039,-1.2466931343
2.9885170460,0.0372331925,-0.0607105568,-0.0820286945,0.5961170793,2.2010827065,-1.2211712599
2.9982769489,0.0655396432,-0.0595206693,-0.0169619434,0.5999031663,2.0022721291,-1.2251973152
3.0082290173,0.0877207071,-0.0585334077,0.0444468744,0.6278713942,1.8443522453,-1.2188808918
3.0182991028,0.0883996636,-0.0344799832,0.1050334498,0.6117630005,1.7433826923,-1.2628368139
3.0283000469,0.0622306503,-0.0146543151,0.1565155238,0.4521134198,1.7064327002,-1.3145428896
3.0382890701,0.0323973671,-0.0157664195,0.2037020177,0.1704897434,1.6923106909,-1.3354998827
3.0482759476,0.0058289738,-0.0523575917,0.2196721882,-0.1554502845,1.7336738110,-1.3281037807
3.0582680702,-0.0258697830,-0.0730474666,0.1934643835,-0.5134306550,1.7633340359,-1.2855514288
3.0682621002,-0.0383650847,-0.0575622395,0.2002974600,-0.7708475590,1.7607555389,-1.2290481329
3.0784049034,-0.0190805458,-0.0018898915,0.1576206535,-0.8571546078,1.7063555717,-1.1383339167
3.0882501602,-0.0076755015,0.0751425251,0.1310570091,-0.7734895349,1.6128606796,-1.0230478048
3.0984220505,0.0035846501,0.1115490422,0.1274262518,-0.6006823778,1.4569195509,-0.9159159660
3.1084120274,0.0353412442,0.1148721203,0.1468363255,-0.3875721991,1.3270635605,-0.7951725125
3.1184079647,0.0473325811,0.1149770841,0.1712969393,-0.2243810296,1.1825742722,-0.7157331705
3.1285429001,0.0453065448,0.1163466796,0.1834476441,-0.0881443471,1.0678650141,-0.6290308237
3.1383559704,0.0320349596,0.1107198223,0.1786486357,-0.0395355374,0.9684298038,-0.5519285202
3.1483600140,0.0129120620,0.0935330614,0.1924675554,-0.0552071705,0.9130400419,-0.5154371262
3.1583559513,-0.0026340217,0.0856839344,0.1643389314,-0.1061260104,0.8689420819,-0.5013037324
3.1683499813,-0.0111099510,0.1106663272,0.1558603495,-0.1473360360,0.8037356138,-0.4647307694
3.1783490181,-0.0010833323,0.1152098402,0.1526880115,-0.1479386985,0.7293111682,-0.4175007045
3.1885349751,0.0079332264,0.1161174700,0.1525124162,-0.1153967455,0.6403562427,-0.3500159085
3.1986000538,0.0083516510,0.1105630919,0.1582549065,-0.0903041735,0.5460558534,-0.2761177421
3.2083320618,0.0011740893,0.0800325200,0.1582316011,-0.0375842340,0.4742578864,-0.2204446048
3.2183279991,-0.0120089678,0.0608090088,0.1581245512,0.0207096972,0.3820104897,-0.1869556308
3.2283229828,-0.0079510240,0.0764109418,0.1403726786,0.0744296461,0.3229458332,-0.1430520862
3.2383279800,-0.0080646602,0.0963312313,0.1245815083,0.0941016227,0.2507858872,-0.0990366861
3.2482829094,-0.0161365606,0.0910581276,0.1255995482,0.0848223716,0.1944312751,-0.0561691150
3.2583198547,-0.0244540311,0.0788596198,0.1258849949,0.0521027744,0.1315076947,-0.0111212162
3.2682781219,-0.0243535675,0.0577723309,0.1304498762,0.0244644880,0.1058971435,0.0188111160
3.2782969475,-0.0484322943,0.0265085325,0.1428132504,-0.0094632516,0.0872587413,-0.0044136457
3.2883100510,-0.0650551915,0.0214146003,0.1630031914,-0.0181584731,0.1168816164,-0.0322218426
3.2982530594,-0.0653619766,0.0297855064,0.1382290572,-0.0193450451,0.1433286816,-0.0632017255
3.3081829548,-0.0744396746,0.0271176025,0.0948536918,-0.0545621552,0.1430381238,-0.0653000325
3.3182790279,-0.0729219019,0.0074343910,0.0576480515,-0.1169782579,0.2034913450,-0.0645888373
3.3282740116,-0.0905131400,-0.0086044138,0.0289418586,-0.0776564255,0.2345725596,-0.0903152376
3.3382759094,-0.0938254595,0.0189451799,-0.0000563374,0.0015289448,0.2074764967,-0.0806325153
3.3482308388,-0.0762960613,0.0182983801,-0.0035413613,0.0805542544,0.1943931878,-0.0572302565
3.3582601547,-0.0741180480,-0.0054058800,-0.0032784452,0.0911228731,0.1957972050,-0.0274993908
3.3682539463,-0.0649685860,-0.0220241025,-0.0039972179,0.1157989278,0.1716055870,-0.0039871405
3.3782501221,-0.0379816629,-0.0158883110,-0.0291006677,0.1330317110,0.1410071850,0.0270085912
3.3882541656,-0.0243546702,0.0040654768,-0.0298398845,0.1248741820,0.0792900324,0.0667229816
3.3982119560,-0.0118203489,-0.0090654856,-0.0126188509,0.1167253032,0.0175513029,0.1043144315
3.4081401825,0.0013921231,-0.0164226964,0.0018930325,0.0787608773,-0.0487896390,0.1302685291
3.4182350636,0.0206037126,-0.0037530134,0.0395453461,-0.0112145478,-0.1445329338,0.1394500434
3.4282031059,0.0495042168,-0.0183278397,0.0838401839,-0.1172743961,-0.2234751582,0.1283497214
3.4382090569,0.0623194538,-0.0037622820,0.0912032649,-0.2287279516,-0.2845331728,0.0884518474
3.4482140541,0.0644801259,0.0487048551,0.0879676268,-0.3407450318,-0.2897383273,0.0811270922
3.4582109451,0.0420873724,0.0471736416,0.0781299397,-0.4349471629,-0.2364221215,0.0266654436
3.4681830406,0.0129186483,0.0347194299,0.0693529174,-0.5177256465,-0.1497663260,-0.0142095517
3.4781770706,0.0024187535,0.0073254933,0.0547394641,-0.5501933098,-0.0840107426,-0.0443581305
3.4881958961,0.0008918911,-0.0198954120,0.0389402993,-0.5184170008,-0.0444284454,-0.0690720007
3.4981980324,0.0024924546,-0.0123131042,0.0078787692,-0.4138571918,-0.0382738784,-0.0691858530
3.5081930161,0.0113756331,0.0355083272,-0.0306278579,-0.3677341938,-0.0792913586,-0.0328307711
3.5181741714,0.0166107379,0.0343535170,-0.0251339786,-0.2465057671,-0.0499726124,0.0359488241
3.5281548500,-0.0220829286,0.0206978545,-0.0574285500,-0.1133181453,-0.0242693815,0.0463130511
3.5381629467,-0.0328008868,0.0719607100,-0.0627312139,-0.0286140442,0.0189739633,0.1522140354
3.5481760502,-0.0291200913,0.0269466564,-0.0364573114,0.0517542996,0.0947744474,0.1941620260
3.5581619740,-0.0627281368,-0.0085966950,-0.0167936198,0.1240432709,0.1253834963,0.2077213824
3.5680561066,-0.0498551764,0.0078479880,0.0194039233,0.1827931404,0.1131758317,0.2268825620
3.5781409740,-0.0050288467,0.0147449607,0.0414017327,0.1847528368,0.0062781419,0.2243902385
3.5881481171,0.0226602815,-0.0265446976,0.0377337225,0.1184275970,-0.0897208229,0.1825634241
3.5981321335,-0.0037863881,-0.0599202290,0.0110288151,-0.2861371934,-0.1740234643,0.0644032359
3.6081480980,-0.0460819937,-0.1040363982,0.0239883550,-0.8494746089,-0.0287794434,-0.0646945611
3.6181240082,-0.0887691975,-0.1624553204,0.0275315531,-1.2319612503,0.0779621825,-0.2351014465
3.6281139851,-0.0783736110,-0.0951357558,0.0052829273,-1.3313705921,0.1298520118,-0.3267341554
3.6381158829,-0.0422496237,-0.0100002652,-0.0152361505,-1.1882339716,0.1463670731,-0.4002475441
3.6481189728,-0.0167452134,0.0219627246,-0.0235424154,-0.9629066586,0.1499205381,-0.4386740327
3.6581239700,-0.0084479479,0.0199386999,-0.0237485282,-0.6981695890,0.1362206936,-0.4058373868
3.6681070328,-0.0038585693,0.0196542367,-0.0129430406,-0.4153147340,0.1216891557,-0.3613202274
3.6780939102,0.0134896012,0.0468228832,0.0029802809,-0.0918529332,0.0927123651,-0.2923002839
3.6880841255,0.0356726907,0.0778692886,0.0145584829,0.1414207965,-0.0157661736,-0.1897701919
3.6981070042,0.0571288429,0.0940796658,0.0251114853,0.2153765112,-0.0912878290,-0.0884033516
3.7081098557,0.0474047326,0.0837412551,0.0338126905,0.0990722775,-0.1351724714,0.0097024394
3.7180550098,0.0285432301,0.0516910329,0.0341593511,-0.0668060407,-0.1175457984,0.0957554281
3.7280888557,0.0076119872,0.0278392509,0.0367832072,-0.2805460393,-0.1080569550,0.1489627212
3.7380399704,0.0128292711,0.0306400731,0.0468477495,-0.5070666671,-0.1029215828,0.2053976506
3.7480700016,0.0291205309,0.0051676412,0.0586387403,-0.7334510684,-0.1065104529,0.2406379282
3.7580671310,0.0238536559,-0.0249163583,0.0568453558,-0.8137941957,-0.0708219707,0.2362094820
3.7680611610,-0.0043631820,-0.0027068476,0.0349594839,-0.7528352141,-0.0685670674,0.1947190315
3.7780430317,-0.0085049598,0.0508524701,0.0099151619,-0.5870741606,-0.0827505291,0.1362651736
3.7880349159,-0.0085342852,0.0779188350,-0.0124692433,-0.3207726777,-0.1019242257,0.0278396327
3.7980589867,-0.0262611248,0.0985060111,-0.0345867984,-0.0130936736,-0.0950231776,-0.0690994337
3.8080601692,-0.0335485376,0.1188285127,-0.0494356863,0.2243740112,-0.1394806504,-0.1082854494
3.8179979324,-0.0090658693,0.0755936429,-0.0434600823,0.3239016533,-0.1665817797,-0.1177404672
3.8280339241,-0.0031299919,0.0229977295,-0.0387407057,0.2950196862,-0.1666416973,-0.0985968709
3.8380289078,-0.0177812614,-0.0067546885,-0.0351731889,0.1613545716,-0.1513567567,-0.0646042824
3.8480181694,-0.0128142266,-0.0332053080,-0.0251377337,-0.0036213417,-0.0977337435,-0.0191539750
3.8579888344,-0.0062789349,-0.0443327948,-0.0118018501,-0.1481004953,-0.0633432791,0.0083452929
3.8680210114,-0.0059374599,-0.0256852880,-0.0081691854,-0.2070490271,-0.0401585996,0.0231095925
3.8780088425,-0.0015324980,0.0012701531,-0.0161284916,-0.2071038932,-0.0368783846,0.0315866992
3.8880038261,0.0070346566,0.0137493843,-0.0122143738,-0.1472096592,-0.0555535331,0.0433522798
3.8979849815,0.0166671835,0.0109527344,-0.0124511234,-0.0744603649,-0.0784332827,0.0519497618
3.9079980850,0.0186236463,0.0114052678,-0.0110632293,-0.0124180289,-0.0929437801,0.0488133542
3.9179580212,0.0071588131,0.0137235904,-0.0148456804,0.0581014119,-0.0957227871,0.0349710435
3.9279839993,-0.0143530397,0.0256799683,-0.0033402552,0.1200004593,-0.0858065113,0.0136156883
3.9379470348,-0.0286479332,0.0454663709,0.0146858580,0.2489396781,-0.0476436764,-0.0154078398
3.9479570389,-0.0448950864,0.0719910190,0.0256162174,0.3665078282,-0.0659635663,-0.0143087534
3.9579558372,-0.0542122461,0.0874693021,0.0384641774,0.4540610015,-0.0747663751,0.0026884724
3.9679360390,-0.0729101598,0.0698476359,0.0494198687,0.4402141571,-0.0874992162,0.0261533186
3.9777631760,-0.0692501962,0.0480106696,0.0675236508,0.3376042843,-0.0826985985,0.0548759103
3.9879369736,-0.0479127802,0.0339406803,0.0782005116,0.1957092136,-0.1048904583,0.0880530402
3.9979629517,-0.0389384367,0.0313260630,0.0861572549,0.0750803947,-0.1151998192,0.1168898791
4.0079951286,-0.0520079769,0.0472111180,0.0804539844,0.0016799467,-0.1613896936,0.1565491408
4.0176930428,-0.0678979754,0.0860115364,0.1130489632,-0.0718149096,-0.1916469336,0.1844181865
4.0279431343,-0.0811924338,0.0961778983,0.1351892203,-0.0759108514,-0.2235063314,0.2122498155
4.0379309654,-0.1041343212,0.1146688387,0.1649665087,-0.0405976027,-0.2454268038,0.2421158403
4.0478372574,-0.1386875510,0.1311116964,0.1963870972,0.1149413884,-0.2204287648,0.2747792304
4.0577940941,-0.1704715490,0.1638679206,0.2106747478,0.3080056608,-0.2060351819,0.2830491364
4.0679621696,-0.1650605202,0.1968107224,0.2150537223,0.4947646260,-0.2275047898,0.3531757593
4.0779471397,-0.1283819824,0.1885986328,0.2069024891,0.6016128659,-0.2802966535,0.4575577080
4.0879421234,-0.1093760133,0.1635075957,0.2044775933,0.6166443229,-0.3316522539,0.5630569458
4.0978450775,-0.1235996932,0.1352285743,0.2078400105,0.5475668907,-0.4103672802,0.6698538661
4.1077680588,-0.1329770386,0.1131828353,0.2193629593,0.4346972704,-0.4862074554,0.7777259946
4.1180510521,-0.1403401047,0.0921899900,0.2362099141,0.3156249523,-0.5804018378,0.8697858453
4.1279358864,-0.1417887360,0.0838180706,0.2496279925,0.1730201244,-0.6662818789,0.9554336667
4.1379561424,-0.1316059828,0.0831075236,0.2792297602,0.0261322930,-0.7469314933,1.0314882994
4.1479072571,-0.0957427770,0.0666993484,0.2919837236,-0.0789419264,-0.8497036695,1.1076579094
4.1579160690,-0.0350613333,0.0467920825,0.2837689519,-0.1144095138,-0.9765803218,1.1775640249
4.1679048538,0.0204209499,0.0452642366,0.2844197750,-0.1118185148,-1.1865679026,1.2426673174
4.1779832840,0.0576770864,0.0447742864,0.2909061909,-0.0643896237,-1.3993662596,1.3130677938
4.1878581047,0.0699401647,0.0372478887,0.2737461925,-0.0704019740,-1.5946116447,1.3600209951
4.1978669167,0.0715622082,0.0094591314,0.2723267078,-0.1693764925,-1.7767233849,1.4016400576
4.2078409195,0.0753628463,-0.0580365434,0.2458870858,-0.3346730471,-1.9317811728,1.4176344872
4.2179369926,0.0578890555,-0.1085001007,0.1979114264,-0.5614112616,-2.0073070526,1.4161614180
4.2277612686,0.0218785144,-0.1244402602,0.1751928180,-0.7831825614,-2.0316305161,1.3973509073
4.2378530502,0.0063484153,-0.1333919168,0.1525488347,-0.8864676356,-2.0477325916,1.3571542501
4.2478332520,0.0209151972,-0.1244687811,0.1051899716,-0.8766978383,-2.0522682667,1.3178683519
4.2579770088,0.0520101003,-0.1140639707,0.0953998491,-0.7863324881,-2.1161608696,1.2640378475
4.2678351402,0.0925680771,-0.1175098941,0.0976152942,-0.6754301786,-2.2119395733,1.2125242949
4.2778148651,0.1153282672,-0.1212404743,0.0870584175,-0.5528662205,-2.2980055809,1.1620049477
4.2878060341,0.1114225909,-0.1214765087,0.0792513415,-0.4696765542,-2.3930571079,1.0956325531
4.2978239059,0.0917345285,-0.1195827797,0.0293735750,-0.3995086253,-2.4625537395,1.0291016102
4.3077430725,0.0457922034,-0.1215960905,-0.0156207792,-0.4173206389,-2.4604296684,0.9186114669
4.3177967072,-0.0102762906,-0.1033873931,-0.0065394752,-0.4816070795,-2.3693113327,0.7576435208
4.3277630806,-0.0559096523,-0.1070050374,-0.0151660554,-0.4981061518,-2.2458066940,0.5911211371
4.3377871513,-0.0893689543,-0.1422673613,-0.0267868154,-0.4230762422,-2.0978860855,0.4477515519
4.3478178978,-0.0885350704,-0.1645883471,-0.0482423417,-0.3448560238,-1.9582769871,0.3288661838
4.3577518463,-0.0392808653,-0.1760954410,-0.1077140048,-0.2866700888,-1.8623461723,0.2442712635
4.3677601814,0.0297844373,-0.1996051222,-0.1799218804,-0.2313527763,-1.8321464062,0.2259761393
4.3777651787,0.0838934183,-0.2151797861,-0.2291902453,-0.2656586766,-1.8288819790,0.2642267346
4.3877310753,0.1063892245,-0.1996134967,-0.2546263933,-0.3779514134,-1.8302289248,0.3333693147
4.3977341652,0.1017836928,-0.1748487204,-0.2951892614,-0.4687387049,-1.8631943464,0.4356372356
4.4077239037,0.0603502654,-0.1312547922,-0.3022990227,-0.6202006340,-1.9253025055,0.5593831539
4.4177150726,-0.0146885840,-0.0994816944,-0.3128677011,-0.7847796082,-1.9417384863,0.6605288386
4.4277801514,-0.0878086686,-0.1140563264,-0.2772917747,-0.8263403773,-1.8505494595,0.7375210524
4.4377517700,-0.1389775276,-0.0782646909,-0.3348880410,-0.5500242114,-1.6957052946,0.7214522362
4.4477491379,-0.1360756159,0.1560361534,-0.2208659798,-0.8140017986,-1.5330345631,0.7343927622
4.4577479362,-0.2937386334,0.0860070065,-0.1311360151,-0.3817400336,-0.3310836554,0.6583029628
4.4677100182,-0.3717432916,0.2606109083,-0.4342758656,0.6754475832,0.1642643064,0.2559557557
4.4777460098,-0.3970155716,0.4504650533,-0.7367853522,1.6296998262,0.7161689997,0.1858412474
4.4877347946,-0.3474684358,0.3920471072,-0.8237723708,1.4919171333,0.8927746415,0.0891770273
4.4977488518,-0.2385543287,-0.0385360047,-0.7342154384,0.8251588941,1.0867729187,0.1308821291
4.5076522827,0.0119644376,-0.4267028272,-0.5813977122,-0.1679301262,0.7590954900,0.0837681442
4.5177359581,0.2630361617,-0.5437606573,-0.4461135268,-0.6661187410,0.7022066116,0.1312279403
4.5276989937,0.4116905928,-0.3714005053,-0.4735713005,-0.7314863205,0.4374300838,0.2254186273
4.5376839638,0.3448100388,-0.1614598185,-0.4202829599,-0.5882262588,0.2252807915,0.0354645252
4.5476188660,0.1467820406,-0.0818910375,-0.3659529090,-0.5126335025,0.2546048760,0.0214104950
4.5576758385,0.0527046882,-0.0538619831,-0.2382146269,-0.3949090838,0.2662045360,-0.1030442193
4.5677118301,0.0891368389,0.0087127471,-0.1353105456,-0.0964017436,0.2290195972,-0.2219993621
4.5777120590,0.1435608268,0.1202095076,-0.0908073857,0.2279112190,0.1371607929,-0.2588160932
4.5876221657,0.1299515069,0.1731898189,-0.0493297689,0.6641399264,0.0758713335,-0.3214043975
4.5976171494,0.0673056245,0.2280012667,-0.0511674993,1.0769932270,-0.0036583785,-0.3711099029
4.6076040268,0.0349149071,0.3374758363,-0.0215610377,1.2073583603,-0.0385804102,-0.3231668770
4.6176209450,0.0091688307,0.2870823443,0.0303516872,1.1341820955,0.0533910580,-0.3757680058
4.6274538040,-0.0253600217,0.1097441837,0.0510368235,0.9767113924,0.1561339498,-0.4676899612
4.6374912262,-0.0213611759,0.0119152898,0.0388327129,0.9549331069,0.2334335297,-0.5329819322
4.6474580765,-0.0252421834,-0.0073562185,-0.0373255722,1.1010496616,0.2944768965,-0.6514052153
4.6590061188,-0.0617257096,0.0236852244,-0.1172995046,1.4413650036,0.3854334652,-0.8222146034
4.6677207947,-0.1133346558,0.0331601426,-0.1959146410,1.8332259655,0.5572038293,-0.9638377428
4.6776142120,-0.1413949728,0.0054454734,-0.2591326833,2.1627273560,0.7359488606,-0.9832875133
4.6875810623,-0.1440209150,-0.0285074487,-0.2875132561,2.3417630196,0.9082044959,-1.0004655123
4.6976432800,-0.1612950861,-0.1035541669,-0.2906719446,2.3645648956,1.1409384012,-1.0529835224
4.7075791359,-0.1801742315,-0.2218106091,-0.2523072362,2.2387433052,1.4108396769,-1.1247636080
4.7175741196,-0.1737785041,-0.3114826381,-0.2199717313,1.9616016150,1.6538161039,-1.2090151310
4.7275257111,-0.1409836709,-0.3432723582,-0.1964703351,1.6230174303,1.8407162428,-1.2949819565
4.7375650406,-0.1094710082,-0.3289955556,-0.1782056242,1.3693554401,1.9639588594,-1.4029074907
4.7475299835,-0.0740599483,-0.2610248327,-0.1803010255,1.2151650190,2.0654766560,-1.5160715580
4.7575588226,-0.0459434129,-0.1919563115,-0.1845799237,1.2181904316,2.1328918934,-1.6344347000
4.7675600052,-0.0323048420,-0.1598841548,-0.1827476770,1.2790436745,2.1636583805,-1.7164808512
4.7775568962,-0.0054093925,-0.1503889263,-0.1619111449,1.2120878696,2.1362369061,-1.7375030518
4.7875680923,0.0422890447,-0.1735990345,-0.1047293618,0.9916595817,2.0672795773,-1.7273404598
4.7975339890,0.0680767298,-0.2047133148,-0.0746047571,0.7112619877,2.0286974907,-1.7353929281
4.8075280190,0.0608470328,-0.2126500010,-0.0442167632,0.4447533786,1.9786858559,-1.7178841829
4.8175120354,0.0357364751,-0.1618422270,-0.0244432800,0.2182713747,2.0046327114,-1.7285186052
4.8275432587,-0.0046458235,-0.0852001682,0.0005040059,0.0101051228,2.0166807175,-1.7560734749
4.8375439644,-0.0280852206,-0.0542750731,0.0368623026,-0.1339484602,1.9976711273,-1.7239786386
4.8475360870,-0.0335574523,-0.0415913835,0.0658140108,-0.2835352719,2.0042319298,-1.6962945461
4.8575291634,-0.0358879529,-0.0371817723,0.0968345925,-0.3677537441,1.9782044888,-1.6641966105
4.8674769402,-0.0286520235,-0.0277437642,0.1218152568,-0.3908087313,1.8942906857,-1.5818321705
4.8774981499,-0.0084998561,0.0029792418,0.1218875572,-0.3467464745,1.8185548782,-1.4783177376
4.8874859810,-0.0121918349,0.0405791029,0.1192220375,-0.2796502709,1.6650340557,-1.3679428101
4.8975019455,-0.0128005473,0.0691481158,0.1248330399,-0.1644577533,1.5002143383,-1.2479685545
4.9074592590,-0.0114723621,0.1044326350,0.1171540543,-0.0653104037,1.3479102850,-1.1493102312
4.9174790382,-0.0153581677,0.1443791687,0.1373913139,-0.0002641622,1.1931073666,-1.0612324476
4.9274840355,-0.0104276417,0.1603366733,0.1665624827,0.0006687436,1.0421721935,-0.9635766745
4.9374818802,-0.0007309348,0.1478079855,0.2059614509,-0.0753419995,0.9065666199,-0.8787162304
4.9474391937,0.0045459392,0.1303851008,0.2420534343,-0.2104841024,0.8239052892,-0.7984064817
4.9575147629,0.0040300610,0.1244893596,0.2463717908,-0.3235531449,0.7789133191,-0.7077324986
4.9674100876,-0.0016632110,0.1363138855,0.2402428836,-0.4036474228,0.7501628995,-0.6224988103
4.9774990082,-0.0047419397,0.1507771313,0.2333370894,-0.4249275625,0.7079910040,-0.5350942612
4.9874711037,-0.0129707186,0.1654331684,0.2185150236,-0.3832794726,0.6758434176,-0.4573603272
4.9974789619,-0.0359213687,0.1767765880,0.2132229060,-0.3134304583,0.5894047022,-0.3792936504
5.0075817108,-0.0411732830,0.1715125740,0.2236692756,-0.2478504032,0.5081596375,-0.3150691092
5.0174970627,-0.0396608748,0.1670023799,0.2173968405,-0.1654282063,0.4579918087,-0.2563685179
5.0274219513,-0.0471825339,0.1709691584,0.2030110210,-0.1085367054,0.3948490620,-0.1922553182
5.0374288559,-0.0556694306,0.1656342745,0.1857666820,-0.0964462236,0.3239615560,-0.1184998751
5.0476861000,-0.0629758537,0.1311292648,0.1601003855,-0.1120779142,0.2538269460,-0.0564154610
5.0574102402,-0.0821442604,0.0965195224,0.1375247091,-0.1435727179,0.1727230549,-0.0133742504
5.0674109459,-0.1056538820,0.0860665366,0.1367153972,-0.2060973495,0.1041272059,0.0211107563
5.0774650574,-0.1148078442,0.0577056929,0.1374916285,-0.2645434737,0.0622103810,0.0479875095
5.0876979828,-0.1194430888,0.0114062661,0.1367470473,-0.3101176023,0.0191787593,0.0567975119
5.0973978043,-0.1250591278,-0.0059301327,0.1272448152,-0.3239736557,0.0179715492,0.0525629558
5.1073608398,-0.1366632879,-0.0097401803,0.1078398749,-0.3089893758,0.0242550112,0.0238271803
5.1173930168,-0.1377803087,-0.0074540447,0.0981517956,-0.2757519484,0.0199396256,-0.0112281423
5.1274180412,-0.1253454387,-0.0085133975,0.0932440683,-0.1902756393,0.0214243382,-0.0399820283
5.1374101639,-0.1169922352,-0.0020376812,0.0878969356,-0.0876007974,0.0091314530,-0.0707842782
5.1473922729,-0.1054333150,-0.0102947420,0.0901697800,0.0195264556,-0.0318410136,-0.0844044834
5.1573929787,-0.0837059021,-0.0256570354,0.0619892962,0.0826653466,-0.0453738682,-0.0992344320
5.1674261093,-0.0817225575,-0.0145531064,0.0412376411,0.0837154314,-0.0453203395,-0.0939235538
5.1773829460,-0.0699250102,-0.0121342009,0.0245162733,0.0729001984,-0.0335299894,-0.0801809728
5.1873130798,-0.0524103679,-0.0068512331,0.0176373012,0.0514998324,-0.0293749273,-0.0748810172
5.1973667145,-0.0272110142,0.0197998509,0.0167045482,0.0152390301,-0.0381005071,-0.0620485805
5.2073497772,0.0116367908,0.0462125465,0.0180165060,-0.0394532457,-0.0190309435,-0.0323870927
5.2174100876,0.0390297733,0.0525131449,0.0068097003,-0.1152404174,-0.0300689470,-0.0046404139
5.2273230553,0.0695043504,0.0393795893,-0.0166210048,-0.2409195155,0.0473805703,0.0416903347
5.2373361588,0.0870026946,-0.0027577053,-0.0369709842,-0.2721754313,0.0855748281,0.0361501612
5.2473311424,0.0916107893,-0.0019452940,-0.0615958683,-0.2553112507,0.1092732325,0.0423590541
5.2573370934,0.1087108552,0.0160137638,-0.0854350999,-0.1753483564,0.1205895394,0.0432918221
5.2673048973,0.1130581200,-0.0011220942,-0.0852670744,-0.0226224624,0.1204931363,0.0187507961
5.2773008347,0.1121397018,0.0139632458,-0.0652065352,0.1080726981,0.0732057765,-0.0044051236
5.2872972488,0.1358707845,0.0176471099,-0.0423677079,0.2623049021,0.0102710193,-0.0041047190
5.2973179817,0.1279581487,0.0015470018,-0.0091970675,0.3333505392,-0.0649939030,0.0048341816
5.3072261810,0.1029056609,-0.0055902074,0.0336251147,0.3339399099,-0.1407829523,0.0159491505
5.3172969818,0.0788423717,-0.0265302137,0.0542800315,0.2649990618,-0.2062618136,0.0451037064
5.3272891045,0.0484927855,-0.0358251110,0.0774491951,0.1000228971,-0.2704695761,0.0605087653
5.3372831345,0.0163195096,-0.0332146958,0.0984542295,-0.0774038211,-0.2565731704,0.0966654345
5.3473091125,-0.0185261108,-0.0417636409,0.0907182023,-0.2387050986,-0.2574938238,0.1350301355
5.3572750092,-0.0402138270,-0.0356918350,0.1186885759,-0.3450693786,-0.1874806732,0.1697114259
5.3673081398,-0.0893187225,-0.0218675807,0.1047800705,-0.1952968985,-0.0913357735,0.1530474871
5.3773069382,-0.1138539016,0.0937276408,0.0283184536,-0.1202145368,-0.0324415565,0.2227313519
5.3872480392,-0.0815294087,0.1069974229,0.0206057318,0.0237082839,0.0806889907,0.3228243887
5.3972520828,-0.1253940165,0.0586958155,-0.0098757856,0.1723700613,0.1926240474,0.2784352303
5.4072508812,-0.1791231036,0.1088529751,-0.0296685211,0.2928075194,0.2201664597,0.2654238343
5.4172458649,-0.1506424844,0.0932232365,-0.0038021316,0.3423521817,0.1796454042,0.2316552103
5.4272251129,-0.1050395072,0.0338611528,0.0253621824,0.3701776862,0.0963465124,0.0898155198
5.4372558594,-0.0739535093,0.0175008401,0.0125152953,0.2881348729,0.0015475687,-0.0476239696
5.4472408295,-0.0346705653,0.0030263592,0.0033022652,0.1360196471,-0.0375998355,-0.1131321341
5.4572491646,-0.0202485658,-0.0539349690,-0.0116679780,-0.0460532196,-0.0663364008,-0.1839988530
5.4671850204,-0.0121865002,-0.0707334951,-0.0369647853,-0.1772626340,-0.0581498519,-0.2328303009
5.4772629738,-0.0070741801,-0.0639832094,-0.0482226126,-0.2834062576,-0.1128205508,-0.2802086174
5.4872441292,0.0031258732,-0.0416353717,-0.0530587547,-0.3361048698,-0.0724504888,-0.2613105476
5.4972720146,-0.0109731285,-0.0408467725,-0.0443601720,-0.3040629327,-0.0806202739,-0.2453423738
5.5071840286,-0.0038554699,-0.0213475600,-0.0350921266,-0.2401854098,-0.0796902999,-0.1943982393
5.5171947479,0.0279491507,0.0040659537,-0.0160886757,-0.1983446181,-0.1322120875,-0.1250334084
5.5271883011,0.0690998435,0.0093118483,-0.0165318362,-0.2392659485,-0.1294919401,-0.0198457316
5.5371899605,0.0704835653,-0.0023964415,-0.0328582637,-0.3380736113,-0.0878779218,0.0617595166
5.5471458435,0.0387212597,-0.0151735907,-0.0393151157,-0.4707086384,-0.0798085406,0.1255432814
5.5571308136,0.0440129302,-0.0296105519,-0.0411472432,-0.5660359859,-0.0598151237,0.1743473113
5.5671730042,0.0470102988,-0.0253103748,-0.0251928084,-0.6368007064,-0.0333883092,0.2039723247
5.5771641731,0.0340905748,-0.0039489041,-0.0054723136,-0.6573134065,-0.0067934520,0.2080650628
5.5871267319,0.0317001007,0.0097290808,-0.0004494896,-0.5978151560,0.0268084500,0.2088679969
5.5971727371,0.0239767395,0.0375061259,-0.0047034733,-0.5166441798,0.0325361080,0.1800890863
5.6072010994,0.0170135461,0.0541801974,-0.0112131350,-0.4354864657,0.0382989235,0.1555600315
5.6171789169,0.0062993141,0.0275210664,-0.0099973194,-0.3691496551,0.0394430198,0.1045124382
5.6271071434,-0.0063142804,0.0041989018,-0.0070142858,-0.3174552917,0.0062198192,0.0473226532
5.6371421814,-0.0063734977,0.0078043272,-0.0032411327,-0.2444609702,-0.0235761590,-0.0035306746
5.6471958160,-0.0142965047,0.0267069265,-0.0018286814,-0.1287735254,-0.0530344509,-0.0533528253
5.6571588516,-0.0308513679,0.0434847102,0.0129594095,-0.0365051217,-0.0985263065,-0.0818057731
5.6670932770,-0.0244522728,0.0333801135,0.0329606421,-0.0392857306,-0.1477577537,-0.0867965370
5.6774301529,-0.0126417009,-0.0007770131,0.0417207368,-0.1148571894,-0.1698175371,-0.0982872769
5.6871428490,-0.0281961001,-0.0050325166,0.0348856337,-0.2058683187,-0.1394537687,-0.0899214894
5.6971149445,-0.0637938678,0.0225023851,0.0012458453,-0.2163579762,-0.0451946370,-0.0575936437
5.7071418762,-0.1049275994,0.0593562648,-0.0103187673,-0.1645624340,0.0077767028,-0.0346007086
5.7171201706,-0.1113794446,0.0807312056,0.0093759187,-0.0656959042,0.0524696037,-0.0222102199
5.7270960808,-0.1084903181,0.1051738784,0.0325573571,0.0801574439,0.1006065086,-0.0247490108
5.7371430397,-0.0963018835,0.1341701448,0.0619794019,0.2782887518,0.1429366618,-0.0039149690
5.7470722198,-0.0602837242,0.1415067315,0.0509715565,0.4137565792,0.1274921894,0.0672708005
5.7570858002,-0.0196152367,0.1001592204,0.0311123617,0.4542653859,0.1112133488,0.1279088408
5.7670760155,-0.0182445385,0.0164962038,0.0220271237,0.3818849325,0.0839790627,0.1334479451
5.7770719528,-0.0237598754,-0.0194188431,0.0258632787,0.2561745346,0.0541351438,0.1316025108
5.7870721817,-0.0104917018,-0.0348496214,0.0440287478,0.1594376117,0.0011068156,0.1426378489
5.7970752716,-0.0083582429,-0.0269127861,0.0478787310,0.0532946698,-0.0744816884,0.1485127956
5.8070569038,-0.0177115537,0.0044834544,0.0686362907,-0.0283732936,-0.1339969486,0.1372694522
5.8170251846,-0.0430504419,0.0175143108,0.0740562007,-0.0609024763,-0.1890498102,0.1036536992
5.8270120621,-0.0860342979,0.0525882468,0.0675489828,-0.0383801237,-0.1870649606,0.0653790161
5.8370919228,-0.1351875067,0.0893579349,0.0665034577,0.0203634854,-0.1835695505,0.0461932048
5.8472871780,-0.1652611196,0.1103923246,0.1181935593,0.0636683479,-0.1307910234,0.0543198399
5.8572421074,-0.1672569811,0.0891898498,0.1847040504,0.1173033491,-0.0498421192,0.0973144472
5.8670401573,-0.1409816742,0.0767409727,0.2089546770,0.2177029252,-0.0795611292,0.1558685601
5.8771142960,-0.1113196909,0.1293982863,0.1878104657,0.2687222958,-0.1047439799,0.2898584604
5.8870792389,-0.1236469746,0.1638033688,0.1497152895,0.2965179682,-0.1464725137,0.3846624494
5.8970379829,-0.1458062232,0.1691235304,0.1332969517,0.2561160922,-0.2026279420,0.4785432816
5.9070019722,-0.1379387379,0.1752870083,0.1360958666,0.1409969628,-0.2604068220,0.5756759644
5.9169969559,-0.1155746579,0.1640332043,0.1582854837,-0.0083556436,-0.3046525717,0.6621236801
5.9269971848,-0.0954646319,0.1535352170,0.1889263839,-0.1672454178,-0.3585674763,0.7507627010
5.9369869232,-0.0597760268,0.1575767398,0.2154458016,-0.3194080591,-0.4592906237,0.8588220477
5.9469490051,-0.0276116766,0.1680285037,0.2368793935,-0.5090234876,-0.5569186211,0.9881368876
5.9569749832,-0.0203231908,0.1572797298,0.2668782473,-0.6877847314,-0.6643468142,1.0866991282
5.9669480324,-0.0194813199,0.1412455440,0.2877291441,-0.7927277088,-0.7789655924,1.1523215771
5.9769821167,-0.0146417944,0.1606946588,0.3049028516,-0.8162897825,-0.9176871777,1.1999807358
5.9869222641,0.0134636434,0.1745573878,0.3057426214,-0.7402165532,-1.1120252609,1.2787423134
5.9969768524,0.0453269146,0.1402990818,0.2793284059,-0.6566889286,-1.3198548555,1.3979570866
6.0069499016,0.0456043147,0.0806110129,0.2635261416,-0.6852856874,-1.5326089859,1.5427795649
6.0169491768,0.0298003368,-0.0101320213,0.2557313442,-0.7727063298,-1.7130929232,1.6396257877
6.0268940926,0.0283816718,-0.0639048293,0.2293956727,-0.8590918183,-1.8809351921,1.7140794992
6.0369439125,0.0380048640,-0.0543762222,0.2008484453,-0.9475378990,-2.0489892960,1.7651613951
6.0469288826,0.0597059280,-0.0301482156,0.2053514570,-0.9996843934,-2.2105081081,1.7981169224
6.0568952560,0.0831108689,-0.0359498933,0.2045843452,-0.9941807985,-2.3559210300,1.7884364128
6.0668730736,0.0988619700,-0.0334741846,0.1883064359,-0.9674269557,-2.4737265110,1.7371244431
6.0769157410,0.0997841433,-0.0098937219,0.1474100798,-0.9138995409,-2.5988779068,1.6773418188
6.0868911743,0.0981170759,-0.0144665902,0.1289942712,-0.8449260592,-2.7796063423,1.6040982008
6.0969271660,0.0912500918,-0.0550199226,0.0830759928,-0.7602241039,-2.9165961742,1.5071891546
6.1068468094,0.0568071418,-0.1023233011,0.0395687111,-0.7025208473,-3.0080053806,1.3898161650
6.1169419289,0.0162702464,-0.1443848312,0.0357962735,-0.6634302735,-3.0282683372,1.2348117828
6.1269178391,-0.0142427115,-0.1785303354,0.0026880393,-0.6461708546,-2.9825973511,1.0602713823
6.1368951797,-0.0379985161,-0.2348860651,-0.0106474273,-0.6376862526,-2.9248752594,0.9270883203
6.1467871666,-0.0374160148,-0.2842714787,-0.0363243930,-0.6454499364,-2.8614251614,0.8544396758
6.1568970680,-0.0370623805,-0.2823332846,-0.0814947560,-0.6881728172,-2.8282201290,0.7767010927
6.1668810844,-0.0326685943,-0.2246308178,-0.1141148284,-0.6611507535,-2.8257582188,0.6651151180
6.1768407822,0.0001350611,-0.1872643828,-0.1872416884,-0.4392012954,-2.6934821606,0.6832239032
6.1867098808,0.0461794697,-0.2561793029,-0.2420268208,-0.2602352798,-2.6388759613,0.6572474241
6.1968889236,0.0749485195,-0.2350312918,-0.2532386780,-0.1547562629,-2.5957224369,0.6090888977
6.2068629265,0.0785083175,-0.1991846263,-0.2810662389,0.0061793565,-2.5363297462,0.5342239738
6.2168579102,0.0511141084,-0.1525751054,-0.3358080387,-0.0160342027,-2.3250832558,0.2587715089
6.2267532349,-0.2262601554,-0.1818102598,-0.2243191749,0.0754914582,-0.9616384506,0.5027151704
6.2368707657,-0.4865472913,-0.0638288334,-0.6505703330,0.5737358332,0.0900398791,0.5422894955
6.2469019890,-0.4745543301,0.2040408850,-1.0179858208,1.0715789795,0.6341346502,0.3471831381
6.2568569183,-0.3640733659,0.1025497392,-1.2284972668,1.1935818195,0.8974312544,-0.0954978839
6.2667531967,-0.2901860774,-0.1305765212,-1.2471987009,0.4594505727,0.8172224164,-0.3111928999
6.2768478394,-0.1120451093,-0.3265379369,-0.9952852130,-0.4331933558,0.6880478859,-0.2353671044
6.2868232727,0.0480059050,-0.4085627198,-0.7400001287,-1.1091928482,0.5439152122,-0.1043486297
6.2968492508,0.1744935811,-0.3521855474,-0.6000729799,-1.2689644098,0.3193897009,0.0332076326
6.3068251610,0.1870480776,-0.1549267769,-0.5001180172,-0.9378970265,0.1597387940,0.0626962855
6.3168311119,0.1141645610,0.0548588112,-0.3572503924,-0.4258632660,0.1324469894,-0.0925934389
6.3267760277,0.0400356613,0.1998390555,-0.1904553920,0.0844087824,0.2167655975,-0.3187234998
6.3368120193,-0.0198320486,0.2635555565,-0.0803793743,0.6997950077,0.3430974483,-0.4772087336
6.3468751907,-0.0600579120,0.3004138470,-0.0499224775,1.4026604891,0.4785969555,-0.6421865225
6.3567900658,-0.0872736573,0.3125266433,-0.0261876695,2.1557486057,0.6488509774,-0.9125989676
6.3668069839,-0.1278274655,0.2466860712,-0.0376889817,2.7963604927,0.8558840156,-1.1555516720
6.3768062592,-0.1573796868,0.0862361416,-0.0596810691,3.1259856224,1.0458076000,-1.2430680990
6.3869090080,-0.1615607142,-0.1041827574,-0.0654888228,3.0575020313,1.2106142044,-1.2823350430
6.3968410492,-0.1636568308,-0.3082829714,-0.0622812621,2.7190027237,1.3690578938,-1.3213726282
6.4067850113,-0.1643742919,-0.4459427893,-0.0525249355,2.2214164734,1.5399830341,-1.3816274405
6.4167518616,-0.1404916942,-0.4740381837,-0.0502357595,1.6588889360,1.6859079599,-1.4321144819
6.4269800186,-0.1049670279,-0.4182086587,-0.0552770011,1.1500424147,1.7760080099,-1.4344682693
6.4368200302,-0.0705577135,-0.3226093054,-0.0708283260,0.7950658202,1.8459525108,-1.4325461388
6.4467759132,-0.0498296954,-0.2062801421,-0.0740736201,0.5992947221,1.8989195824,-1.4359401464
6.4567508698,-0.0001920045,-0.1058135405,-0.0700200275,0.5361536145,1.9061820507,-1.4051365852
6.4669427872,0.0729387105,-0.0302187577,-0.0649967268,0.4989944994,1.9001419544,-1.4528790712
6.4767608643,0.0992735773,0.0113934511,-0.0547114722,0.4854162633,1.8720664978,-1.4739352465
6.4867439270,0.0959190875,0.0060379137,-0.0417627208,0.3831703067,1.8382701874,-1.4587712288
6.4967341423,0.0635042787,-0.0222570375,-0.0406919234,0.2808163762,1.8434501886,-1.5097255707
6.5069208145,0.0286272950,-0.0536948517,-0.0522965305,0.2017921358,1.8753540516,-1.5821199417
6.5167331696,0.0105270790,-0.0612853542,-0.0396314375,0.1686477661,1.8909265995,-1.6066356897
6.5267090797,0.0066399062,-0.0478802696,-0.0351172201,0.1683926433,1.9104171991,-1.5770149231
6.5367159843,0.0062477076,-0.0698212162,-0.0045211427,0.1611301899,1.8502063751,-1.4863134623
6.5467042923,0.0255000181,-0.0914959088,0.0181898959,0.0675190166,1.7723050117,-1.3869405985
6.5567159653,0.0389041752,-0.0911819413,0.0281565674,-0.0548535064,1.6940277815,-1.3056063652
6.5667009354,0.0326561034,-0.0628394261,0.0232093818,-0.0942517743,1.6516432762,-1.2266870737
6.5767168999,0.0015971966,-0.0045904885,0.0116778500,-0.0365196392,1.6089724302,-1.1435815096
6.5866808891,-0.0212509893,0.0737842545,0.0513532050,0.0046003684,1.5273020267,-1.1069593430
6.5966868401,-0.0118588759,0.1274158955,0.1075440571,0.0767463371,1.4425448179,-1.0852155685
6.6067018509,0.0085667865,0.1460193396,0.1294087619,0.0720847398,1.3570778370,-1.0761590004
6.6166992188,0.0163039528,0.1336639524,0.1661036462,-0.0332291685,1.2936244011,-1.0268050432
6.6266989708,0.0036941885,0.0865440592,0.1856953949,-0.1974173188,1.2489788532,-0.9743437171
6.6367020607,-0.0170723088,0.0455948934,0.1793653816,-0.3372500241,1.2301317453,-0.9263138771
6.6467018127,-0.0306151994,0.0427161083,0.1507204622,-0.3958462477,1.1906961203,-0.8601489067
6.6566829681,-0.0377075709,0.0680084750,0.1268954724,-0.3783077300,1.1101483107,-0.7958953381
6.6667051315,-0.0338229723,0.0939084515,0.1195816919,-0.2983260751,0.9659376144,-0.7333973646
6.6767539978,-0.0242112912,0.0954171941,0.1091874167,-0.1680799276,0.8114030957,-0.6740560532
6.6866569519,-0.0344293006,0.0764901862,0.1159923598,-0.0624014363,0.6692744493,-0.6413364410
6.6967191696,-0.0641944855,0.0601148829,0.1439635605,-0.0117371920,0.6014360189,-0.6207464933
6.7066740990,-0.0924098343,0.0615411028,0.1757569164,-0.0132136494,0.5139469504,-0.6010550857
6.7167339325,-0.0907429457,0.0700777695,0.2206110209,-0.0170861520,0.4574536085,-0.5783718824
6.7266860008,-0.0745854378,0.0753669664,0.2228118628,-0.0670358688,0.4178033769,-0.5451457500
6.7366819382,-0.0705716908,0.0682441220,0.2037796825,-0.1471702456,0.4132072926,-0.5110675097
6.7466831207,-0.0799364150,0.0524403080,0.1762350649,-0.2444488555,0.4149284959,-0.4717022777
6.7566728592,-0.0753812492,0.0400189087,0.1481456608,-0.3041573465,0.3912905157,-0.4311326146
6.7666850090,-0.0558218397,0.0538881049,0.1153563783,-0.3018329442,0.3427070081,-0.3649509251
6.7765631676,-0.0414063968,0.0838403329,0.0912409350,-0.2415417731,0.2508364916,-0.2889692187
6.7866239548,-0.0246823467,0.1050947532,0.0768609568,-0.1224462688,0.1403424740,-0.1937830299
6.7966799736,-0.0105056493,0.0953344330,0.0505915768,-0.0091672419,0.0938053280,-0.1138816848
6.8065748215,-0.0144162206,0.0884716138,0.0679423735,0.0338076539,0.0358898304,-0.0508550480
6.8166761398,-0.0001355440,0.0794239268,0.1049677059,0.0765983909,-0.0027217448,0.0194815677
6.8265419006,0.0187595449,0.0855173692,0.1096254513,0.1377075464,-0.0521010123,0.0643795356
6.8365631104,0.0214060508,0.1026902124,0.1130027696,0.1591360122,-0.0657406598,0.0750778541
6.8465590477,0.0135763856,0.0825377628,0.1106491014,0.1140992939,-0.0373132788,0.0653634369
6.8565630913,-0.0050363569,0.0324212238,0.0889297053,0.0626414344,0.0026117680,0.0311442167
6.8665509224,-0.0175194778,0.0226956531,0.0594184287,-0.0046166983,0.0167640727,-0.0028971084
6.8765411377,-0.0155554144,0.0203364417,0.0400121100,-0.0684065968,-0.0063556279,-0.0239504632
6.8865408897,-0.0232180990,-0.0141219860,0.0239881761,-0.1656487286,0.0214136858,-0.0633710995
6.8965711594,-0.0610287823,-0.0348849371,0.0136304386,-0.1971326172,0.1124935299,-0.1329938471
6.9065399170,-0.1060380936,-0.0110463863,0.0204531439,-0.2026695907,0.1610794365,-0.1959861368
6.9165339470,-0.1039683819,-0.0014700065,0.0431537516,-0.1936205775,0.2389494777,-0.2230596989
6.9265279770,-0.0992917418,-0.0378646925,0.0541643985,-0.1908852458,0.3039854467,-0.2447311729
6.9365491867,-0.0744042993,-0.0614049509,0.0269344933,-0.1504984051,0.3162591457,-0.2204018682
6.9465470314,-0.0365961231,-0.0531341210,-0.0210356228,-0.0819939151,0.2692290545,-0.1574636400
6.9564542770,-0.0197051503,-0.0344247892,-0.0468676202,-0.0250587240,0.2132909745,-0.1263334304
6.9665489197,-0.0101364581,0.0004967978,-0.0464577191,-0.0244595110,0.1280644983,-0.0939094350
6.9765429497,0.0121698650,0.0380320176,-0.0306919925,-0.1767650396,0.0611808077,-0.0274993908
6.9865489006,0.0232557915,-0.0058775912,-0.0049022548,-0.3558309078,0.0162476860,0.0047887741
6.9965457916,-0.0033327073,-0.0367456153,0.0222370513,-0.5050262809,-0.0231825449,0.0285210032
7.0065169334,-0.0022862882,-0.0048391293,0.0509141572,-0.6485402584,-0.1147132665,0.0791471601
7.0165419579,0.0268751644,0.0175923929,0.0804962441,-0.7432276011,-0.1748210788,0.1359119117
7.0265369415,0.0266372524,0.0264755711,0.0622867234,-0.7354200482,-0.2300201505,0.1734481007
7.0365209579,0.0128850015,0.0600216612,0.0555093773,-0.6497825384,-0.2686972320,0.1970086843
7.0464529991,0.0245976113,0.1072746739,0.0720734522,-0.5480612516,-0.3116220534,0.2099647075
7.0564527512,0.0472761653,0.1289599240,0.0855900571,-0.4521084428,-0.2948969007,0.2044789791
7.0664482117,0.0259173773,0.1003885493,0.0601925738,-0.3524055481,-0.1941675991,0.1442622542
7.0764589310,-0.0209978856,0.0887520239,0.0309941657,-0.3199452162,-0.0939672366,0.0830333829
7.0864548683,-0.0240124799,0.0540925190,0.0077841766,-0.3015065491,0.0085980212,0.0611075722
7.0964431763,-0.0240649022,0.0018420150,-0.0273844115,-0.2904223502,0.0951121375,0.0435399003
7.1064548492,-0.0357026495,-0.0230672434,-0.0453724973,-0.2693383694,0.1294312328,0.0379906707
7.1164560318,-0.0308903493,-0.0340654328,-0.0476578586,-0.2413499951,0.0987031460,0.0445467085
7.1264562607,0.0005263358,-0.0397931114,-0.0566080920,-0.1641737223,0.0566209406,0.0532648303
7.1364569664,0.0155515047,-0.0282213762,-0.0561944954,-0.0375835709,-0.0162306298,0.0430215113
7.1464567184,0.0254117213,-0.0113939708,-0.0424610488,0.1123966053,-0.0813358575,0.0433389619
7.1564579010,0.0383087955,-0.0255006924,-0.0219196789,0.2312362939,-0.1284154952,0.0552490205
7.1663479805,0.0417752825,-0.0472803786,0.0217316039,0.3210937679,-0.1470586807,0.0436208583
7.1762857437,0.0412206613,-0.0187716261,0.0286693461,0.3541758060,-0.1457372159,0.0435907617
7.1862087250,0.0300958715,0.0020894338,0.0384078510,0.3583172858,-0.1317745298,0.0477468967
7.1962022781,0.0090251239,0.0099928612,0.0363317020,0.3185219467,-0.0863239616,0.0241073444
7.2061748505,-0.0179323889,0.0376713201,0.0351074226,0.2238090187,0.0080661876,0.0235613976
7.2172622681,-0.0515615381,0.0212852582,0.0351176150,0.1064015627,0.1396146268,0.0142918648
7.2266559601,-0.0667820871,-0.0135734444,0.0324914940,0.0265663862,0.2478870451,-0.0012279724
7.2363600731,-0.0488097407,-0.0161977187,0.0190753825,0.0337422751,0.2811350226,0.0049231304
7.2463598251,-0.0164785720,0.0120789343,0.0054013617,0.0894915536,0.2485062182,0.0135949152
7.2563128471,0.0205495022,0.0068051745,-0.0062076561,0.1871476769,0.1820078790,0.0235201176
7.2663469315,0.0428199731,-0.0095602339,-0.0228632204,0.2626293898,0.0937909484,0.0134155527
7.2763228416,0.0480910204,0.0036157598,-0.0191409700,0.2771936655,0.0136686806,0.0054271342
7.2863731384,0.0560293458,-0.0027566026,0.0074424632,0.2797894478,-0.0324873626,-0.0197727606
7.2965297699,0.0515318774,-0.0013618837,0.0260977633,0.2841638327,-0.0337747373,-0.0495153442
7.3063192368,0.0371189974,0.0157640800,0.0494143255,0.2925583720,-0.0124156512,-0.0592212342
7.3163151741,0.0249825679,-0.0034914087,0.0592991002,0.2396560311,-0.0663377419,-0.0673334897
7.3263082504,0.0256062411,-0.0199600533,0.0394430049,0.0844288841,-0.0286984835,-0.0249735154
7.3366870880,0.0014478832,-0.0448755994,0.0189181454,-0.0887596756,-0.0000476649,-0.0176018849
7.3462409973,-0.0074192313,-0.0494076386,-0.0001163593,-0.1902418286,-0.0006237065,0.0069077183
7.3562889099,0.0246990584,-0.0431423262,-0.0197070353,-0.1772132367,-0.0324732475,0.0198516138
7.3662900925,0.0413003229,0.0179564282,-0.0426213853,-0.1364514381,-0.0734686181,0.0636470318
7.3763899803,0.0279934369,0.0063379933,-0.0540236346,-0.0663762093,-0.0092028137,0.0164382402
7.3862791061,-0.0273079909,0.0133142108,-0.0584581010,-0.0102607356,0.0698134378,-0.0436072573
7.3962788582,-0.0295166709,0.0055653383,-0.0500528924,0.0247092322,0.1125782207,-0.0747212246
7.4062719345,-0.0105620353,-0.0193731263,-0.0425791256,0.0468837768,0.1552108973,-0.1090096906
7.4163370132,-0.0114769069,-0.0229368582,-0.0335098617,0.0426396318,0.1613870412,-0.1324174255
7.4262599945,-0.0054826168,-0.0167900100,-0.0223788135,0.0312410332,0.1196158901,-0.1321385950
7.4362001419,0.0096716555,-0.0196390823,-0.0060077421,-0.0164825469,0.0745139271,-0.1137531847
7.4462490082,0.0134710940,-0.0329837278,0.0155998953,-0.0558105074,0.0507689081,-0.1050726101
7.4563069344,0.0263307951,-0.0250101760,0.0344626792,-0.0714155659,-0.0016580782,-0.0972855315
7.4662408829,0.0495598875,0.0150866741,0.0271175988,-0.0829830095,-0.0356674455,-0.0641227812
7.4762411118,0.0557696782,0.0385454223,0.0139183290,-0.0807660595,-0.0609618798,-0.0235866737
7.4862160683,0.0448383652,0.0239279494,-0.0002401581,-0.1012015641,-0.0533931777,0.0050630802
7.4963197708,0.0376920067,0.0210386440,-0.0016592850,-0.1205572784,-0.0479411557,0.0347864851
7.5062141418,0.0415229164,0.0112553770,0.0020505080,-0.1704681218,-0.0939674973,0.0723035038
7.5162220001,0.0545055829,0.0037659039,0.0111704953,-0.3500161767,-0.0979009867,0.1500096172
7.5262002945,0.0433276258,-0.0305976644,0.0299848802,-0.7582330108,-0.0642652661,0.2031961381
7.5362119675,0.0220820867,-0.1087995842,0.0433823951,-1.1839667559,0.0362677313,0.2209029645
7.5462660789,-0.0000307590,-0.1446764767,0.0361100323,-1.4407982826,0.1228004918,0.1982109696
7.5561981201,-0.0089537827,-0.0771838799,0.0118694790,-1.4003019333,0.1494265050,0.1502016187
7.5662288666,-0.0114854006,0.0120920176,-0.0092485063,-1.1288272142,0.1390883923,0.0703997463
7.5761990547,-0.0130037097,0.0642139241,-0.0186351053,-0.7290433645,0.1166131720,-0.0444698520
7.5862531662,-0.0181922354,0.0728048608,-0.0232368819,-0.3142075837,0.0824655890,-0.1635259390
7.5961890221,-0.0260413326,0.0592955872,-0.0337636583,0.0699139908,0.0118931504,-0.2653292716
7.6062450409,-0.0119432537,0.0353732631,-0.0342166536,0.4046531022,-0.0457698777,-0.3119343221
7.6161241531,0.0003434985,0.0275139436,-0.0266972296,0.6197317243,-0.0936066434,-0.3510829210
7.6262369156,-0.0074683754,0.0091263885,-0.0069481842,0.6916586161,-0.1443252116,-0.3476170599
7.6361618042,-0.0128976433,-0.0037509273,-0.0036174764,0.5368074179,-0.1505434364,-0.3092208207
7.6461677551,-0.0322076716,-0.0032070051,-0.0066459291,0.2296775579,-0.0839257836,-0.2403828949
7.6561608315,-0.0587448217,-0.0189109817,0.0087613352,-0.0753085762,-0.0152242212,-0.1800602973
7.6661801338,-0.0586978830,0.0133075947,0.0120339282,-0.2468371838,0.0481488928,-0.1134208217
7.6761460304,-0.0404252447,0.0694035217,0.0086767562,-0.2545006871,0.0548688471,-0.0698981136
7.6861090660,-0.0128822951,0.1046497151,0.0083560236,-0.1646560431,0.0142985173,-0.0208277740
7.6961770058,0.0106807919,0.1067826077,0.0069725998,-0.0564936101,-0.0474964045,0.0294295363
7.7060809135,0.0115565630,0.0861757025,0.0044152625,-0.0083236862,-0.0778101012,0.0657137781
7.7161312103,-0.0029412538,0.0668269917,0.0124252327,0.0184197780,-0.0903069898,0.0795853809
7.7261190414,-0.0133983521,0.0693030879,0.0144686587,0.0568723604,-0.0932159573,0.0795773938
7.7361917496,-0.0219948925,0.0862600431,0.0171491988,0.1829327047,-0.0977534577,0.0593313798
7.7460989952,-0.0293865241,0.1080630943,0.0146646984,0.2965191603,-0.1482315361,0.0532050431
7.7560939789,-0.0218064524,0.1177697405,0.0132340081,0.3522500992,-0.1787191331,0.0629279763
7.7660989761,-0.0274907090,0.0777319297,0.0118655451,0.3489482999,-0.1711632162,0.0745675936
7.7760658264,-0.0491928793,0.0637883767,0.0170818456,0.3092564046,-0.1542175263,0.0925472602
7.7861490250,-0.0623227693,0.0653815195,0.0281923898,0.2812977433,-0.1371605098,0.1126416102
7.7960491180,-0.0705507398,0.0747050568,0.0413235910,0.2546335161,-0.1468344480,0.1297181994
7.8060827255,-0.0924881697,0.0868834183,0.0503818281,0.2777492106,-0.1049090996,0.1368669122
7.8160710335,-0.1286868155,0.1002259776,0.0746906921,0.3093139231,-0.0438571945,0.1237025037
7.8277292252,-0.1201143861,0.1103185937,0.1198322698,0.3065666258,-0.1099075899,0.1517549157
7.8359832764,-0.0784590244,0.1070690975,0.1861091703,0.2267185152,-0.1738106757,0.2510286570
7.8463430405,-0.0835399032,0.0813733563,0.2231472582,0.1648130715,-0.2014878392,0.3203068078
7.8566689491,-0.1341785192,0.0939946398,0.2216904014,0.1347523779,-0.2064932436,0.3872914016
7.8667201996,-0.1658340096,0.1406908631,0.2028261870,0.0868900418,-0.2679635584,0.4918377697
7.8766980171,-0.1729989350,0.1396033466,0.2062285393,0.0260357521,-0.3018663824,0.5813378692
7.8863592148,-0.1813721955,0.1155597791,0.2110354751,-0.0590655617,-0.3534816206,0.6221028566
7.8960447311,-0.1686793864,0.1190455183,0.2184121460,-0.2177038044,-0.4373339117,0.7098754644
7.9059228897,-0.1450837255,0.1103976890,0.2434165925,-0.4382785261,-0.5247314572,0.8136482239
7.9158649445,-0.1074878126,0.0863191709,0.2676376700,-0.6597334146,-0.6314514279,0.9079832435
7.9259190559,-0.0596421696,0.0731811151,0.2703089118,-0.8425205350,-0.7698769569,1.0099357367
7.9358301163,-0.0355201848,0.0740522072,0.2676265836,-0.9824829698,-0.9260868430,1.1183481216
7.9458909035,-0.0232355185,0.0660944507,0.2751693726,-1.0538806915,-1.1012493372,1.1981508732
7.9558410645,-0.0049915640,0.0742232427,0.2575212121,-1.0546530485,-1.3024748564,1.2908210754
7.9659032822,0.0001819253,0.0982339606,0.2287272662,-0.9334565401,-1.4055438042,1.3774584532
7.9757900238,-0.0234231390,0.1059856936,0.2588250041,-0.7600927353,-1.6058166027,1.4243199825
7.9858298302,0.0066511752,0.1039806828,0.3083066940,-0.5783445239,-1.7951619625,1.4912892580
7.9959859848,0.0476525463,0.0856806263,0.3347514272,-0.4246764183,-1.9483102560,1.5665410757
8.0064811707,0.0572084747,0.0474696383,0.3387677073,-0.3139738739,-2.0519325733,1.5979450941
8.0164060593,0.0450590290,0.0230559036,0.3076108694,-0.2401112467,-2.0728321075,1.5874071121
8.0260658264,0.0193472877,-0.0025154422,0.2679085135,-0.2453595251,-2.0762424469,1.5683099031
8.0357627869,0.0140385190,-0.0413811281,0.2495757192,-0.3306106329,-2.0814545155,1.5354670286
8.0458230972,0.0384513699,-0.1038568094,0.1961462945,-0.4152906239,-2.1394002438,1.4604722261
8.0560312271,0.0485106185,-0.1510672867,0.1324564666,-0.4987836778,-2.2070608139,1.3738554716
8.0661487579,0.0390516780,-0.1709618568,0.0826926753,-0.5406845808,-2.2669858932,1.2786581516
8.0758123398,0.0425493084,-0.1795623899,0.0284911282,-0.5386359096,-2.3552942276,1.1995509863
8.0858364105,0.0640825555,-0.1909529567,-0.0126617663,-0.5195080042,-2.4445192814,1.1225616932
8.0957965851,0.0791229308,-0.1925829649,-0.0410664193,-0.5012770891,-2.5341999531,0.9924537539
8.1057729721,0.0814502686,-0.1919507086,-0.0372508280,-0.4702621400,-2.5986173153,0.8058689833
8.1157665253,0.0707203448,-0.1529348493,-0.0541773550,-0.4192095101,-2.6287789345,0.6073620915
8.1258153915,0.0370264314,-0.0927542821,-0.0967591479,-0.3100089729,-2.6078751087,0.4531036019
8.1357698441,-0.0210442878,-0.0557276383,-0.1461224109,-0.1516857743,-2.4750933647,0.3384567499
8.1458244324,-0.0848153532,-0.0754457787,-0.1703726798,0.0163916461,-2.2457070351,0.2624844909
8.1556997299,-0.1287814379,-0.1169657782,-0.1758678108,0.1219236627,-1.9607558250,0.2414404601
8.1658077240,-0.1345708668,-0.1468228400,-0.1905777007,0.1665992588,-1.6856483221,0.2491868138
8.1757354736,-0.1192325950,-0.1656986773,-0.2125709802,0.1648957729,-1.4898234606,0.2766009867
8.1857347488,-0.1029428840,-0.1912861168,-0.2780947685,0.0593698733,-1.3909692764,0.3079053760
8.1959028244,-0.0962687731,-0.2045745850,-0.3628730178,-0.1178929210,-1.3440387249,0.2067978084
8.2058849335,-0.0574654080,-0.2331035286,-0.4313343167,-0.4214280248,-1.4223979712,0.1926444322
8.2159681320,-0.0038554997,-0.2923245728,-0.3946168423,-0.7725208402,-1.4410098791,0.2089464366
8.2258758545,-0.0086017577,-0.3034224212,-0.3173914552,-1.1367752552,-1.1143779755,0.1125298887
8.2359361649,-0.1518624425,-0.3049581945,-0.3650233746,-0.9295687675,-0.3716220260,0.1638766974
8.2460460663,-0.1884164512,0.0084737176,-0.8155174851,-0.7353191376,-0.1905467659,0.0393294394
8.2559185028,-0.1379294097,0.1020491645,-1.0087254047,-0.1187177002,0.3220291734,0.1758108586
8.2658805847,0.0250107609,0.2058477849,-1.1260342598,0.3720317483,0.3494927585,0.1933507025
8.2758579254,0.1376019418,0.2499493659,-1.0214363337,0.5433648825,0.3096380234,0.1276225448
8.2858505249,0.0994049907,-0.0222527757,-0.8872537017,0.3650175333,0.3137297034,0.1425940394
8.2959451675,0.0570140742,-0.1947264224,-0.6709909439,0.0578674488,0.3159009814,0.0493029803
8.3058395386,0.0511780940,-0.0995815918,-0.4560517073,-0.1238754392,0.3570745289,0.0289774686
8.3157901764,0.0858685076,0.0733678564,-0.2996656895,-0.0244676359,0.3449270427,0.0183629058
8.3258304596,0.0835290849,0.1793296337,-0.2112141997,0.2653609812,0.3164069951,-0.0793945491
8.3358573914,0.0322312973,0.2071857303,-0.1812498719,0.6510959864,0.3204187751,-0.2093010098
8.3458213806,-0.0249801017,0.1480413377,-0.1291402727,0.9709416628,0.4106671512,-0.3195359111
8.3558177948,-0.0603243746,0.0694464967,-0.0583305471,1.1514981985,0.5911560059,-0.5003769398
8.3658113480,-0.0714495778,-0.0179579034,-0.0202364437,1.2645659447,0.8073157072,-0.6983999610
8.3758487701,-0.0538387038,-0.0700803176,-0.0112806670,1.4675199986,0.9859325886,-0.8686214089
8.3858013153,-0.0342758931,-0.0447754636,-0.0589236133,1.7182350159,1.0551213026,-1.0041688681
8.3957147598,-0.0540568568,-0.0939081684,-0.1102829054,1.8491646051,1.1198235750,-1.0556735992
8.4058609009,-0.1050835848,-0.2101894021,-0.1178212240,1.7692435980,1.2628297806,-1.1340996027
8.4158039093,-0.1426431835,-0.3080750704,-0.1140967086,1.5534894466,1.4368764162,-1.2094449997
8.4257535934,-0.1375361979,-0.3503378332,-0.1124087647,1.2909410000,1.5724658966,-1.2398878336
8.4356021881,-0.1049861014,-0.3478250206,-0.1070069149,1.0616420507,1.6922063828,-1.2787494659
8.4458551407,-0.0633077174,-0.2972758114,-0.1159328893,0.9308909178,1.7814704180,-1.3461676836
8.4557657242,-0.0211443938,-0.2142702937,-0.1074018553,0.8964437246,1.8457541466,-1.4230563641
8.4658241272,0.0110742869,-0.1362351775,-0.0689919069,0.9154871702,1.9007250071,-1.5116046667
8.4757032394,0.0306896977,-0.0835615471,-0.0311118476,0.9493638277,1.9738782644,-1.6119664907
8.4858207703,0.0327978693,-0.0641565099,0.0022906552,0.9906406999,2.0441386700,-1.6825687885
8.4957666397,0.0246516280,-0.0968351737,0.0274553783,0.9602245688,2.1101281643,-1.6872230768
8.5058088303,0.0208121575,-0.1534629166,0.0566583164,0.7481849790,2.1876969337,-1.6737668514
8.5157203674,0.0312281065,-0.2343606949,0.0593362935,0.4446045160,2.2346074581,-1.6632366180
8.5257644653,0.0463256277,-0.2757396400,0.0431645401,0.1051465496,2.2079989910,-1.5927091837
8.5357360840,0.0576699600,-0.2276622057,0.0087587722,-0.1458294839,2.1771395206,-1.4744082689
8.5457954407,0.0451255366,-0.1329623759,-0.0248640887,-0.2577762604,2.1226007938,-1.3762364388
8.5557231903,0.0255237259,-0.0389276221,-0.0256272666,-0.2424780130,2.0579996109,-1.3195195198
8.5657444000,0.0108923996,0.0212631747,-0.0259959809,-0.1310124546,1.9802794456,-1.2595994473
8.5757160187,0.0044554146,0.0465939268,0.0187721737,0.0216541868,1.8321787119,-1.2183769941
8.5857715607,0.0093029113,0.0808244571,0.0744287297,0.1437646598,1.6451516151,-1.2013136148
8.5958700180,0.0188385509,0.1082387790,0.1146811172,0.3167341650,1.5013333559,-1.1771293879
8.6057491302,0.0152108641,0.1299479902,0.1295003146,0.4883940816,1.3853298426,-1.1488747597
8.6156969070,0.0060928138,0.1441031992,0.1542299837,0.6335300803,1.2404658794,-1.0959762335
8.6257514954,0.0183619373,0.1348612309,0.1660382003,0.7005847692,1.1006482840,-1.0080003738
8.6358919144,0.0212904327,0.1340745389,0.1837478131,0.5762670636,0.9998968840,-0.9286456108
8.6457424164,-0.0000144869,0.1159602627,0.2089831084,0.3555629253,0.9368899465,-0.8473411798
8.6556596756,-0.0299784280,0.0974081382,0.2119343132,0.0548776537,0.8678440452,-0.7744389772
8.6657381058,-0.0386607386,0.0941088125,0.1968032569,-0.2013227046,0.8356030583,-0.6879973412
8.6758356094,-0.0455220230,0.0794435963,0.1816860288,-0.3439713418,0.7665671706,-0.6332715750
8.6857223511,-0.0586319156,0.1060762629,0.1834526509,-0.3861560524,0.6801952720,-0.5710633397
8.6956195831,-0.0648824573,0.1484411061,0.1745742410,-0.3429026008,0.5870432854,-0.5035564899
8.7057104111,-0.0699598193,0.1652559638,0.1871710867,-0.2516091764,0.5005168915,-0.4552515149
8.7156620026,-0.0740643144,0.1770239174,0.1868406385,-0.1659207791,0.4449750483,-0.4039591849
8.7256708145,-0.0952204466,0.1864862144,0.1909889430,-0.1083283126,0.4329945743,-0.3571764827
8.7356367111,-0.1197761595,0.1689960957,0.1891757697,-0.0915256366,0.4432618618,-0.2956319153
8.7456989288,-0.1186639071,0.1410677433,0.1788021773,-0.1067120433,0.4479644597,-0.2319083214
8.7556238174,-0.1024929583,0.1172349378,0.1577913612,-0.0992722362,0.4209139347,-0.1531253606
8.7656278610,-0.0905603766,0.1132516786,0.1288409084,-0.0680818260,0.3619747162,-0.0741479844
8.7756385803,-0.0903372765,0.1163139567,0.0969786569,-0.0728282481,0.2652276754,-0.0087094577
8.7855606079,-0.0945938230,0.0960436985,0.0694506690,-0.0816233382,0.1438165605,0.0505155176
8.7956390381,-0.1065275669,0.0670698509,0.0333327539,-0.0621138141,0.0867189169,0.1050525233
8.8056106567,-0.1405497789,0.0647005960,0.0282583721,-0.0649727136,0.0272348225,0.1511230916
8.8155641556,-0.1408555806,0.0498060510,0.0629860088,-0.1511428803,-0.0202003364,0.1823026985
8.8256120682,-0.1192031205,0.0031365384,0.0828132555,-0.2217209190,-0.0057649389,0.1843831688
8.8356637955,-0.1145521402,-0.0062688659,0.0829890892,-0.2751890719,0.0160399582,0.1577189416
8.8455801010,-0.0995665193,0.0260366425,0.0684549734,-0.2634900808,0.0225159675,0.1544816047
8.8555946350,-0.0845715404,0.0390511081,0.0361824520,-0.1996013671,0.0537428632,0.1234246194
8.8655700684,-0.0867861211,0.0545665547,0.0316698439,-0.1035507396,0.0764854550,0.0711528882
8.8755722046,-0.0685206354,0.0476977751,0.0367475040,0.0207608305,0.0332754068,0.0299114380
8.8855609894,-0.0245476998,0.0438404903,0.0309127457,0.1269679666,-0.0227308720,0.0089526260
8.8956317902,0.0082477303,0.0473620519,0.0189475901,0.1777050495,-0.0970325321,0.0242752563
8.9055156708,0.0175255202,0.0216619894,0.0020769725,0.1854833364,-0.1396060884,0.0383569859
8.9156160355,0.0133229168,0.0239795968,-0.0314979665,0.1406783164,-0.1515218765,0.0607773438
8.9255380630,0.0040552588,0.0436468050,-0.0396190993,0.0987598896,-0.1301705241,0.0957270712
8.9356212616,-0.0090599088,0.0269138440,-0.0122013204,0.0237140097,-0.0953827053,0.1061742529
8.9455280304,-0.0013436109,0.0106859142,0.0518270023,-0.0697384477,-0.0224041026,0.1004543155
8.9555940628,0.0144587131,-0.0033379863,0.0768443272,-0.1047122702,0.0871812478,0.0732097775
8.9655389786,0.0175681971,-0.0099633103,0.0613327511,-0.0860967785,0.1735978872,0.0375774801
8.9755859375,0.0211826228,0.0026247730,0.0222394951,-0.1322345734,0.1968755126,0.0512683913
8.9855127335,0.0335318111,-0.0384575501,0.0069153793,-0.1258182228,0.2115340978,0.0097355954
8.9955701828,0.0252495669,-0.0659503713,-0.0008710733,-0.0761649162,0.1623630822,-0.0356630459
9.0055017471,0.0375918709,-0.0409540311,0.0029178152,0.0434357822,0.0390446112,-0.0657562315
9.0155858994,0.0491860472,-0.0315802768,-0.0130027644,0.1628190428,-0.0606966279,-0.0874994770
9.0254926682,0.0182295106,-0.0167349949,-0.0080452673,0.2008167505,-0.1310975701,-0.1051301360
9.0355577469,0.0000956028,-0.0327328518,0.0372288711,0.1871091872,-0.1410577744,-0.1326786727
9.0454540253,0.0249843262,-0.0450112000,0.0615357645,0.1177343801,-0.1468384415,-0.1209064350
9.0554819107,0.0360466205,-0.0415394977,0.1017463133,0.0172256157,-0.1293827444,-0.1135127023
9.0654726028,0.0304405652,-0.0381258205,0.1019968316,-0.0759927481,-0.0873428881,-0.1126578227
9.0755395889,0.0226983093,-0.0362643972,0.0926518962,-0.1179259494,-0.0534056947,-0.1064770296
9.0854463577,0.0204741322,-0.0121634668,0.0676034018,-0.1020748094,-0.0350863412,-0.1034197211
9.0955486298,0.0218811892,0.0397293195,0.0167040713,0.0171478521,-0.0071657617,-0.0707484558
9.1054649353,0.0069217952,0.1023928747,-0.0446908586,0.1460917294,-0.0077066496,-0.0007171780
9.1154851913,-0.0006036193,0.1169692501,-0.0535359494,0.2248582989,-0.0169763155,0.0938403532
9.1254472733,0.0099364789,0.0680166408,-0.0456433408,0.2458525300,0.0018913830,0.1563844234
9.1355094910,0.0087183090,0.0405575857,-0.0458315723,0.1944014728,0.0020594285,0.2222860754
9.1454353333,0.0026678711,0.0428086445,-0.0419273488,0.0968871564,0.0200831704,0.2934175134
9.1555013657,-0.0096648065,0.0061783423,-0.0442816727,-0.0160886645,-0.0063279308,0.3074808717
9.1654253006,-0.0085250167,0.0032319953,-0.0399673097,-0.2351051569,0.0176019017,0.3042914569
9.1754894257,-0.0105090765,-0.0189626887,-0.0323375575,-0.5479305983,0.0436233841,0.2554705441
9.1853876114,-0.0323817469,-0.0898752883,-0.0279093497,-0.9531965852,0.1626464427,0.1668032557
9.1954927444,-0.0596542098,-0.1603763402,-0.0282148831,-1.2462221384,0.2716501653,0.0547498092
9.2054071426,-0.0583718158,-0.1531638801,-0.0342666619,-1.3605016470,0.3169577420,-0.0432041846
9.2154722214,-0.0295844115,-0.1089400426,-0.0502917878,-1.2331835032,0.3140242398,-0.1261388808
9.2254152298,-0.0214155950,-0.0712712482,-0.0673378780,-0.9861233234,0.2853640914,-0.2015553415
9.2354631424,-0.0249553062,-0.0284784809,-0.0621085875,-0.6984403729,0.2369859219,-0.2450017631
9.2453880310,-0.0144514767,-0.0055989395,-0.0410664193,-0.4279606342,0.1877576560,-0.2469961941
9.2553920746,0.0123472186,0.0001501074,-0.0137687437,-0.1851332039,0.1171386093,-0.2254596204
9.2654314041,0.0390101932,0.0070263376,0.0168083794,0.0173602384,0.0131938383,-0.1898680627
9.2753839493,0.0608725809,0.0365330502,0.0422184952,0.0576613247,-0.1057378724,-0.1360090971
9.2853689194,0.0716207325,0.0111439759,0.0633426830,-0.0528523996,-0.1915513277,-0.0716319680
9.2954149246,0.0533408783,-0.0502258018,0.0559543855,-0.2972380519,-0.2207544744,-0.0149624264
9.3053560257,0.0211627148,-0.0775128081,0.0569599755,-0.5047438145,-0.1793987751,0.0093493043
9.3154211044,-0.0026016862,-0.0557459369,0.0555585511,-0.7215101123,-0.1839898080,0.0435263179
9.3253459930,0.0129108401,0.0025691916,0.0789815113,-0.7297430038,-0.1046720743,0.0770142376
9.3353586197,-0.0000100762,0.0481569692,0.0549548753,-0.6501817107,-0.0473382175,0.0850861445
9.3452768326,0.0001352995,0.1144825742,0.0430565961,-0.5009815693,-0.0204695817,0.0922444537
9.3553171158,0.0199859105,0.1159884259,0.0260637291,-0.3229781687,0.0192131158,0.0716764629
9.3653287888,0.0171585046,0.1111416146,0.0091689713,-0.1223092377,0.0312261023,0.0448986441
9.3754043579,0.0171831809,0.1195746288,-0.0220899694,0.0497412160,0.0142561737,0.0300170332
9.3852653503,0.0211557113,0.1288121939,-0.0441720001,0.1685400456,-0.0222600251,0.0269836932
9.3954038620,0.0197462104,0.1154025421,-0.0360237472,0.2244455218,-0.0720302463,0.0304528587
9.4053096771,0.0227276646,0.0836041197,-0.0159101598,0.2215730399,-0.1199756637,0.0509512089
9.4153747559,0.0281800888,0.0524245128,-0.0023350229,0.1759379059,-0.1618022025,0.0756890476
9.4255781174,0.0252031349,0.0368536636,-0.0001736393,0.0649448037,-0.1794344634,0.1141269878
9.4353380203,0.0146512361,0.0084141428,0.0004804620,-0.0685409531,-0.1782136708,0.1280245632
9.4452743530,-0.0127248196,-0.0124356812,0.0003424177,-0.1627377570,-0.1416434050,0.1151044965
9.4553480148,-0.0366272666,-0.0143951839,-0.0085137002,-0.1800210178,-0.1109121293,0.1000452489
9.4655647278,-0.0433391668,-0.0074503790,-0.0163780563,-0.1502929479,-0.0851673484,0.0839216709
9.4753456116,-0.0397810973,0.0107150311,-0.0244894139,-0.0918245688,-0.0506274849,0.0698436722
9.4852724075,-0.0461511947,0.0119275982,-0.0241544954,-0.0160352699,-0.0427322760,0.0495541170
9.4952926636,-0.0371626653,0.0063233604,-0.0279812925,0.0935917571,0.0039084610,0.0300529860
9.5052928925,-0.0335368551,0.0156723782,-0.0247166269,0.2741780579,-0.0025305296,-0.0114646312
9.5153226852,-0.0240657665,0.0433545336,-0.0172334425,0.4406620860,-0.0043028635,0.0054283319
9.5252494812,-0.0093027381,0.0403438732,0.0036525617,0.5593872070,-0.0322601981,0.0034019332
9.5353031158,0.0020983189,0.0185076222,0.0341944583,0.6012557745,-0.0670767650,0.0184706319
9.5452098846,0.0150231989,0.0052343537,0.0473123081,0.5269804597,-0.1305103451,0.0423064530
9.5553054810,0.0217787884,-0.0228534713,0.0561162718,0.3808769584,-0.1570769697,0.0680798590
9.5652303696,0.0083290907,-0.0516783968,0.0566595085,0.1909541339,-0.1650131792,0.0618896075
9.5752944946,-0.0104256598,-0.0449961200,0.0565842874,0.0520472452,-0.1458362937,0.0554885715
9.5852222443,-0.0313893594,-0.0167599395,0.0449601300,0.0030046022,-0.1495037228,0.0459850803
9.5952968597,-0.0459764637,0.0269037709,0.0627347156,-0.0046458617,-0.1229509488,0.0330690145
9.6052293777,-0.0666143894,0.0522520766,0.0675834939,0.0602905266,-0.0958468989,0.0190368183
9.6152868271,-0.1002199054,0.0714192912,0.0729197785,0.1368484199,-0.0578795373,0.0155526046
9.6251821518,-0.1275575757,0.0984563753,0.0953646228,0.2518943250,-0.0229154304,0.0003720548
9.6352653503,-0.1445380151,0.1314967275,0.1261374801,0.3637428284,0.0036434766,0.0043681278
9.6451911926,-0.1498584449,0.1520894170,0.1555681676,0.5106630325,0.0423783548,0.0263245590
9.6551866531,-0.1514545083,0.1867377460,0.1705776900,0.6620104313,0.0556353033,0.0643776655
9.6651811600,-0.1321823597,0.2190082371,0.1862198561,0.7805411220,0.0187747590,0.1463380605
9.6752128601,-0.1060580015,0.2123458385,0.2076811641,0.8469080329,-0.0355838202,0.2295121700
9.6851739883,-0.0924439132,0.2001588941,0.2153494209,0.8484231234,-0.1266801804,0.3246546686
9.6952486038,-0.0823324919,0.1946769059,0.2174663395,0.7699927092,-0.2437799126,0.4508296251
9.7051467896,-0.0832815468,0.1842900515,0.2232371420,0.5603023171,-0.3661545515,0.5792565942
9.7152042389,-0.0962098539,0.1532512307,0.2480264157,0.2299551964,-0.4820345342,0.7013509274
9.7251539230,-0.1145452559,0.1212606356,0.2656664848,-0.1197396964,-0.5705215335,0.7945969701
9.7351999283,-0.1339760125,0.1189488396,0.2777608633,-0.3669430912,-0.6478136778,0.8547669053
9.7449779510,-0.1312352121,0.1570041478,0.2800804377,-0.5362082720,-0.7360556722,0.9383237958
9.7549858093,-0.0793307424,0.1709264219,0.3081398606,-0.6624906063,-0.8634106517,1.0337905884
9.7649507523,-0.0164927877,0.1322308183,0.3254424334,-0.7629580498,-1.0182728767,1.1389793158
9.7750606537,0.0169915371,0.1020182595,0.3342664242,-0.8878787160,-1.1861264706,1.2474584579
9.7853593826,0.0349392556,0.0803214535,0.3268453479,-0.9860079288,-1.3624191284,1.3442853689
9.7951173782,0.0325709842,0.0560856983,0.2884624600,-1.1363997459,-1.5392212868,1.4284015894
9.8051137924,0.0154678496,0.0268219337,0.2486384362,-1.3608174324,-1.6748260260,1.5229281187
9.8150901794,-0.0109747527,-0.0358364955,0.2112595886,-1.5109287500,-1.7387118340,1.5627566576
9.8251113892,-0.0380495228,-0.0783265010,0.1520618051,-1.5245881081,-1.7697125673,1.5746535063
9.8351058960,-0.0289489664,-0.0774856582,0.1244996116,-1.4352761507,-1.8671143055,1.6028447151
9.8450984955,0.0073182816,-0.0774504319,0.1215529367,-1.2431956530,-1.9822816849,1.5853967667
9.8551845551,0.0379540436,-0.0992478505,0.0840210244,-0.9613623619,-2.0907213688,1.5232208967
9.8651266098,0.0438111760,-0.1004213467,0.0553930886,-0.6889774203,-2.2101056576,1.4398759604
9.8751068115,0.0462463684,-0.0985519066,0.0477559455,-0.4595594406,-2.2935562134,1.3478288651
9.8850765228,0.0532007255,-0.1203800514,0.0457835682,-0.2855010927,-2.3872263432,1.2357013226
9.8951435089,0.0770866722,-0.1353791952,0.0418651588,-0.2406571954,-2.4712817669,1.1151028872
9.9050674438,0.0982340425,-0.1159885004,0.0097792037,-0.3580282927,-2.5577142239,0.9882584810
9.9150619507,0.0908126384,-0.1401171982,-0.0178579204,-0.4873334169,-2.6364130974,0.9017434716
9.9250574112,0.0652753115,-0.1845830679,-0.0693716481,-0.6631904840,-2.6520581245,0.8562848568
9.9350433350,0.0353304259,-0.2202608287,-0.1005975679,-0.8663160205,-2.6151421070,0.8572490215
9.9451179504,0.0242616497,-0.2585999966,-0.1122869924,-1.0321627855,-2.5693616867,0.8613175154
9.9550342560,0.0295765065,-0.2439386547,-0.1213357523,-1.2078640461,-2.4958167076,0.8715885878
9.9650392532,0.0473600887,-0.1848786771,-0.1258438379,-1.3320226669,-2.4425501823,0.8383957744
9.9750242233,0.0488332771,-0.1470556110,-0.1327997595,-1.3344318867,-2.3791043758,0.7604317069
9.9850826263,0.0335252844,-0.0836028233,-0.1562485844,-1.2908699512,-2.3060832024,0.6356279850
9.9950380325,0.0050708028,0.0149421925,-0.1757111698,-1.1895562410,-2.2297756672,0.4672016799
10.0050220490,-0.0321984924,0.0519442186,-0.1916252524,-0.9872885346,-2.0981752872,0.2994116247
10.0150146484,-0.0744382739,0.0660457388,-0.2447343618,-0.7670494318,-1.8115452528,0.1210436076
10.0250816345,-0.2143279314,0.0398920998,-0.3101534247,-0.4947668612,-1.0221827030,0.0636775196
10.0350074768,-0.4554143250,0.0253822580,-0.4899560809,0.0194664001,0.2109625787,0.3113565743
10.0450010300,-0.4878541529,0.2109932303,-0.9451547861,0.3400646448,0.5941754580,0.2119700462
10.0550069809,-0.3474665284,0.0125120515,-1.0942854881,0.4259408116,0.8522371054,0.0636254624
10.0649938583,-0.1494354606,-0.1953828335,-1.1863248348,0.6710674763,0.6853333712,-0.0523264445
10.0749893188,-0.0071227280,-0.0827457234,-1.1560978889,0.5573723316,0.4941594005,-0.0563174561
10.0849828720,0.0498609506,-0.1771719903,-0.8848216534,0.3194157183,0.3742974401,-0.1084935740
10.0949897766,0.0355197154,-0.3028936684,-0.6937572956,0.0927852169,0.3089461327,-0.1705907732
10.1050434113,0.0615869425,-0.1744390726,-0.4647807479,0.2790203393,0.2724520266,-0.2321028709
10.1149702072,0.0675874650,0.0293424651,-0.3307875395,0.7967571020,0.3338387012,-0.3975361586
10.1249637604,0.0429589115,0.1860326529,-0.2184863836,1.4139138460,0.3935055137,-0.6033955812
10.1349792480,0.0066689821,0.2076873332,-0.1459148079,1.9341942072,0.5172942877,-0.7224865556
10.1449537277,-0.0461719371,0.0961866006,-0.0822373703,2.1502933502,0.7533558011,-0.8112843037
10.1549568176,-0.0708054006,-0.0635016635,-0.0540263765,2.0448663235,1.0042924881,-0.8691436052
10.1649436951,-0.0538242199,-0.2014240921,-0.0706901029,1.7647607327,1.2037466764,-0.9148618579
10.1749830246,-0.0417218842,-0.3033258617,-0.1060661152,1.4104113579,1.3417767286,-0.9516301155
10.1849060059,-0.0403952338,-0.3410885632,-0.1221505478,1.0509972572,1.4560464621,-1.0126764774
10.1950197220,-0.0485547818,-0.3359128535,-0.1374719292,0.7737441659,1.5657979250,-1.0514402390
10.2049236298,-0.0447507240,-0.2672297955,-0.1376480013,0.6129326224,1.6573756933,-1.0710448027
10.2149362564,-0.0275410898,-0.1886005700,-0.1150672510,0.5791883469,1.7424921989,-1.0864472389
10.2249174118,-0.0109244613,-0.1333983243,-0.0965771750,0.6396454573,1.7983464003,-1.1091618538
