0.0000000000,0.0131137585,-0.0179275721,0.0305734202,0.0392222703,0.0112263151,0.0193635356
0.0095950365,0.0199282970,-0.0097499629,0.0314419791,0.0520270169,0.0019241602,0.0449123010
0.0195870399,0.0220849421,-0.0183353871,0.0294313952,0.0295648500,0.0029191170,0.0566078424
0.0295480490,0.0175740626,-0.0418756753,0.0362959430,-0.0182751101,-0.0136308307,0.0440190807
0.0396050215,0.0109342849,-0.0414023250,0.0411854312,-0.0629550964,-0.0154172787,0.0005036935
0.0495769978,0.0000704143,-0.0136510571,0.0313235447,-0.0363032445,-0.0004841364,-0.0272339266
0.0595619678,-0.0117795253,-0.0030869092,0.0136401569,0.0094382772,0.0201492365,-0.0305867139
0.0696920156,-0.0199454818,-0.0048631276,0.0087764775,0.0156053603,0.0490543880,-0.0307784621
0.0797239542,-0.0146854902,-0.0036955620,0.0109575307,-0.0037301220,0.0596833304,-0.0202098396
0.0896580219,-0.0113390470,-0.0142994067,0.0112647330,0.0238823313,0.0707210675,-0.0043648314
0.0997790098,-0.0021892574,-0.0188253075,0.0085983789,0.0451010652,0.0764535218,0.0221442729
0.1096889973,0.0060368991,-0.0213810354,0.0166230723,0.0313447714,0.0593009032,0.0286394581
0.1196960211,0.0076135611,-0.0232084841,0.0196843669,0.0123011749,0.0409309492,0.0223968755
0.1297639608,0.0064071631,-0.0289928764,0.0256557390,0.0124553721,0.0258872844,0.0129327998
0.1396960020,0.0024815414,-0.0348391384,0.0178569481,0.0169278849,0.0065660495,-0.0007563811
0.1498990059,0.0013354335,-0.0287012905,0.0187432691,0.0404025838,0.0151345041,-0.0199513808
0.1596230268,0.0055186665,-0.0165075511,0.0154743707,0.0809003413,0.0281629544,-0.0328121856
0.1700040102,-0.0048411274,-0.0035037245,0.0104412353,0.1351041943,0.0532462001,-0.0234511755
0.1797000170,-0.0059726620,0.0094536105,0.0180064365,0.1690184772,0.0708752647,0.0072188536
0.1899499893,0.0010113928,-0.0022915448,0.0033507266,0.1615323275,0.0614434108,0.0359698087
0.1996719837,0.0127849197,-0.0199335665,-0.0073390687,0.0804405510,0.0576020703,0.0360551625
0.2096589804,0.0185396876,-0.0232867748,0.0030590810,-0.0195393115,0.0255703665,0.0055233529
0.2196810246,0.0285516288,-0.0156938285,0.0018110194,-0.0577480830,0.0079708677,-0.0187735967
0.2296880484,0.0271948781,0.0004029726,-0.0032360039,-0.0704068840,-0.0008862739,-0.0431423225
0.2396509647,0.0133019900,0.0045060669,-0.0063820565,-0.0916846171,-0.0012322185,-0.0633063093
0.2496659756,-0.0046621049,-0.0031093801,-0.0094669545,-0.1055623442,-0.0023811064,-0.0601019971
0.2596629858,0.0177732613,0.0020357226,-0.0139464820,-0.1095399037,0.2889535427,-0.2362230867
0.2696180344,0.1483810395,0.0387039930,-0.0012620174,-0.0922919437,0.5420824885,-0.2739979029
0.2796280384,0.0892957374,0.0454282314,-0.0201844051,-0.0153765259,0.1918179244,-0.0561144464
0.2896280289,-0.0156476889,0.0253751725,-0.0337153748,0.0957276225,0.0191721227,0.0277940370
0.2995949984,0.0182576980,0.0248467773,-0.0127940262,0.1262502521,0.0686430037,0.0348853692
0.3096400499,0.0205353703,0.0063113724,0.0052669561,0.1156900153,0.0452567190,0.0594793931
0.3196439743,0.0337586030,-0.0198825747,0.0047659194,0.0410450734,0.0371689647,0.0563975871
0.3311660290,0.0148405945,-0.0508696288,0.0038546838,-0.0685802251,0.0114391018,0.0215820819
0.3396810293,0.0063374555,-0.0483590513,0.0191780850,-0.1290636808,-0.0150646772,-0.0228225347
0.3496589661,-0.0066838050,-0.0154763004,0.0034981885,-0.0883372873,-0.0225036852,-0.0546744764
0.3595860004,-0.0208459292,0.0165132731,-0.0074973786,0.0086969864,-0.0099924197,-0.0548253432
0.3696479797,-0.0162190590,0.0333132893,-0.0154096568,0.1056222022,0.0048967805,-0.0263050161
0.3795820475,0.0000014219,0.0289800614,-0.0093838656,0.1588289738,0.0151491519,0.0001537541
0.3896100521,0.0065151965,0.0150502482,0.0069425022,0.1662610471,0.0142649822,0.0150277754
0.3995779753,0.0086690402,0.0038424884,0.0064895069,0.1513693184,0.0098305522,0.0097543169
0.4096510410,0.0073949909,0.0001044129,0.0133429086,0.1097872481,0.0125246057,-0.0125443311
0.4195679426,-0.0071361149,-0.0179770738,0.0192531273,0.0531697758,0.0258004647,-0.0338392332
0.4295979738,-0.0236166511,-0.0448896140,0.0308082625,-0.0164614953,0.0499713123,-0.0190738700
0.4395630360,-0.0262076650,-0.0677376240,0.0342605636,-0.0677698255,0.0497665145,0.0032728482
0.4495270252,-0.0103834951,-0.0584344715,0.0234152004,-0.1445277184,0.0269642659,0.0310964920
0.4595869780,0.0108373379,-0.0259143263,0.0175805613,-0.1839144081,0.0117395064,0.0365358666
0.4695329666,0.0118405735,-0.0191261619,0.0133326566,-0.1399269700,-0.0094233034,0.0217689015
0.4796080589,0.0067582047,0.0063231145,0.0056658303,-0.0396473743,0.0019539874,0.0109989448
0.4895269871,-0.0091663087,0.0311487466,0.0042896187,0.0936483592,0.0210999846,0.0044073556
0.4995440245,-0.0188644323,0.0389397889,-0.0024343811,0.1842238009,0.0389349088,0.0084793279
0.5095369816,-0.0115387524,0.0285038799,-0.0104448879,0.2086684108,0.0519495122,0.0083778622
0.5195510387,-0.0100829089,0.0017966186,-0.0009496890,0.1660887301,0.0408585109,-0.0000190849
0.5294959545,-0.0012433317,-0.0140805682,0.0002340592,0.1053801179,0.0295829512,-0.0137146572
0.5395020247,0.0042834496,-0.0206309706,-0.0048657143,0.0585011616,0.0164458435,-0.0072206715
0.5494990349,0.0020745310,-0.0288419574,-0.0010181748,0.0168663654,0.0119576193,0.0055862041
0.5595350266,0.0076812124,-0.0302779526,0.0090880906,-0.0429804549,0.0200520325,0.0066389511
0.5694990158,0.0018512222,-0.0338948220,0.0282092020,-0.1199157089,0.0311773885,0.0023709689
0.5795530081,-0.0058164680,-0.0294375569,0.0318323299,-0.1519800425,0.0341787711,0.0076870378
0.5895019770,0.0029047343,-0.0099149486,0.0109937107,-0.0996041819,0.0281166155,0.0013154249
0.5994609594,0.0006675634,0.0237491876,0.0129507100,-0.0024460787,0.0288005155,-0.0072584888
0.6095149517,-0.0014383879,0.0360932499,-0.0176171735,0.0924412832,0.0298250318,0.0266651232
0.6194640398,0.0102888262,0.0235251039,-0.0392760709,0.0818586797,0.0106795682,0.0469810441
0.6295119524,0.0057519590,-0.0039352025,-0.0483517721,0.0252691712,-0.0012151743,0.0821566135
0.6394660473,0.0029325697,-0.0144473752,-0.0181228593,-0.0824856535,-0.0084600374,0.0822781846
0.6494679451,-0.0006984558,-0.0164773911,-0.0016257844,-0.0758418664,-0.0132196387,0.0196233243
0.6594480276,-0.0112666870,-0.0046033110,-0.0000066839,-0.0246938579,0.0104119210,-0.0124348756
0.6694639921,-0.0194544289,0.0120430449,0.0047964966,-0.0036141416,0.0374219641,0.0022487300
0.6794580221,-0.0177240763,-0.0069728638,0.0159584805,-0.0156056900,0.0630825907,0.0137758227
0.6894309521,-0.0115241790,-0.0242133588,0.0498629734,-0.0017857486,0.0696113259,0.0147862257
0.6994620562,0.0080612218,0.0017989133,0.0464326069,0.0453786999,0.0370355397,0.0372740924
0.7094240189,0.0195303764,0.0215181261,0.0014905251,0.0935968310,0.0086872568,0.0533601195
0.7194440365,0.0149124777,0.0055201207,-0.0134082520,0.0607388839,-0.0130862147,0.0375919417
0.7294199467,0.0066045141,-0.0195865780,-0.0028346858,-0.0329085141,-0.0375601314,0.0101938713
0.7394180298,0.0012141976,-0.0200891346,0.0088422811,-0.0862459093,-0.0338756517,-0.0110423081
0.7494410276,-0.0080135847,-0.0093479892,-0.0029311858,-0.0766369551,-0.0254416838,-0.0334139280
0.7594259977,-0.0242560897,0.0028445874,-0.0187892392,-0.0565584525,0.0013851363,-0.0399792828
0.7694059610,-0.0270860884,0.0118076960,-0.0258222893,-0.0535911545,0.0250305440,-0.0273859948
0.7794109583,-0.0128296698,0.0128101567,-0.0040553892,-0.0526393428,0.0368475243,-0.0200212896
0.7894229889,0.0000764940,0.0094506899,0.0082887327,-0.0293614473,0.0553423762,-0.0031592180
0.7994619608,0.0101033067,0.0123051563,0.0077047264,0.0303227864,0.0508096777,0.0371971279
0.8093620539,0.0193043556,0.0151128033,0.0418801829,0.0773227811,0.0374877453,0.0616856888
0.8194049597,0.0184906032,0.0050805663,0.0279577896,0.0721838176,0.0086928494,0.0735611245
0.8293789625,0.0201694574,-0.0192020684,0.0102626598,0.0074306531,-0.0303935669,0.0611111149
0.8411309719,0.0084169125,-0.0433456153,-0.0044369781,-0.0691228434,-0.0432720818,-0.0003691574
0.8496450186,-0.0085398341,-0.0270964950,-0.0162344053,-0.1276444793,-0.0567591265,-0.0246758275
0.8594050407,-0.0132783437,0.0194753855,-0.0182122067,-0.1117138416,-0.0396925248,-0.0428568274
0.8693530560,-0.0200629327,0.0345367044,-0.0387422517,0.0021946123,0.0017209607,-0.0527664497
0.8793909550,-0.0146050537,0.0339661688,-0.0318237618,0.0467305221,0.0279357880,-0.0274708159
0.8893369436,-0.0062818015,0.0306893736,-0.0200226977,0.0485963337,0.0474791266,0.0063976687
0.8993359804,-0.0009406891,0.0175280422,-0.0081199491,0.0366407372,0.0636330619,0.0307334997
0.9093420506,0.0032718990,-0.0042761113,0.0185028836,0.0259422846,0.0657060668,0.0328523107
0.9193609953,0.0056373393,-0.0173100084,0.0234980509,0.0249155052,0.0635014996,0.0264952146
0.9293500185,0.0002933953,-0.0188433677,0.0410755798,0.0271469671,0.0517620221,0.0265697818
0.9393199682,-0.0065971697,-0.0202142447,0.0401922390,-0.0131561141,0.0183553323,0.0310634673
0.9493470192,0.0005299065,-0.0202959627,0.0200248286,-0.0663359761,-0.0055603879,0.0323180817
0.9593160152,0.0116151785,-0.0177281946,0.0116653359,-0.1087714508,-0.0274853930,0.0069939503
0.9693629742,0.0158023741,-0.0064527537,-0.0026431165,-0.1161076650,-0.0320806801,-0.0237804726
0.9792939425,0.0051416671,0.0080574015,-0.0034685216,-0.0969049409,-0.0245852116,-0.0397791453
0.9893419743,-0.0074310983,0.0065043722,-0.0063704932,-0.0735468864,-0.0104829753,-0.0366997346
0.9992790222,-0.0133939171,0.0111451605,-0.0141546214,-0.0662840456,0.0141733689,-0.0347397812
1.0092810392,-0.0163786504,0.0041585718,-0.0209027603,-0.0674425215,0.0227692556,-0.0284203663
1.0192899704,-0.0145437205,0.0021995460,-0.0169083551,-0.0429771245,0.0263181832,-0.0103992876
1.0292760134,-0.0020515111,0.0084197083,-0.0110162580,0.0370719023,0.0164945815,0.0182930771
1.0393140316,0.0063659465,0.0172588080,0.0024585046,0.1264983118,0.0355803892,0.0446678251
1.0493140221,0.0051487004,0.0086182514,0.0051470911,0.1360619962,0.0326296054,0.0659281090
1.0592969656,0.0170275774,-0.0102748116,0.0100210225,0.0540297143,0.0064840242,0.0820889622
1.0692750216,0.0203480925,-0.0223366469,0.0101135885,-0.0482519157,-0.0052583851,0.0514271967
1.0792690516,0.0060729003,-0.0370134860,0.0083447611,-0.0843798295,-0.0049193650,-0.0006043145
1.0892579556,-0.0017817703,-0.0115991673,0.0103620207,-0.0937821195,-0.0191225354,-0.0281278193
1.0992619991,0.0021821472,0.0217760354,-0.0091396058,-0.0670703501,-0.0242171623,-0.0238670260
1.1092360020,-0.0023638990,0.0182231516,-0.0403353646,-0.0264238492,-0.0293557309,-0.0366107859
1.1193089485,0.0025469575,0.0220911950,-0.0344382599,0.0107699903,-0.0181763135,-0.0122717563
1.1292400360,0.0101799285,0.0361932963,-0.0091720903,0.0586208701,-0.0026887013,0.0056550456
1.1392940283,-0.0027931419,0.0244852155,0.0110611236,0.1212718636,0.0394310541,-0.0010394750
1.1492069960,-0.0218198691,0.0072004055,0.0156323239,0.1306528598,0.0578729138,0.0222069919
1.1592210531,-0.0220646057,-0.0140867075,0.0154756224,0.0773333013,0.0458269045,0.0371977948
1.1691950560,-0.0163401160,-0.0263443440,0.0125960028,0.0187347066,0.0388155989,0.0202859193
1.1792709827,-0.0068808878,-0.0166856498,0.0108215129,0.0200214125,0.0173345432,0.0066117868
1.1892019510,0.0027044627,-0.0010568346,0.0098877465,0.0394805968,-0.0124411974,0.0067912843
1.1992410421,0.0115709519,0.0048290645,0.0089171445,0.0289372765,-0.0295948833,0.0111632617
1.2091790438,0.0100869155,-0.0131587228,0.0041343486,-0.0317465775,-0.0451181829,0.0006823917
1.2192150354,0.0047434187,-0.0227566510,0.0130327856,-0.1084963530,-0.0480734967,-0.0258060731
1.2291820049,0.0050518131,0.0046837782,0.0139807975,-0.0945424512,-0.0471238121,-0.0523817576
1.2391769886,-0.0044445777,0.0297890157,-0.0029384575,-0.0103876246,-0.0230224691,-0.0600338206
1.2491559982,-0.0171755347,0.0420434326,-0.0101834619,0.0607701726,0.0140213035,-0.0422630794
1.2591559887,-0.0211612973,0.0204592794,-0.0142365182,0.0785924494,0.0411511920,-0.0105795842
1.2691609859,-0.0077275718,-0.0022662724,-0.0091814483,0.0464771241,0.0411479957,0.0181274284
1.2791620493,0.0094495630,-0.0135702332,0.0135655319,0.0133489957,0.0399485081,0.0330326110
1.2891440392,0.0178643372,-0.0155067286,0.0206504986,-0.0378300361,0.0352229960,0.0267246440
1.2991349697,0.0213853028,-0.0060546841,0.0364952609,-0.0782913119,0.0273283198,0.0151179237
1.3091289997,0.0173051264,-0.0019403244,0.0338264629,-0.0675646216,0.0209985189,0.0151514793
1.3191790581,0.0066504693,-0.0049715186,0.0155222928,-0.0717644319,0.0145083955,0.0098842792
1.3291319609,-0.0069030905,-0.0148046156,0.0128593957,-0.0514447764,0.0197915733,-0.0156615600
1.3391799927,-0.0079114819,-0.0094581088,0.0022573390,-0.0299042016,0.0058573824,-0.0400224291
1.3490940332,-0.0070137167,0.0070443307,-0.0232033208,0.0106751826,-0.0022428881,-0.0240623690
1.3591059446,-0.0149845565,0.0211926252,-0.0244849399,0.0597170293,0.0024730375,-0.0166894067
1.3690420389,-0.0182424281,0.0289607495,-0.0179413632,0.0969442874,0.0167007092,-0.0114957113
1.3791090250,-0.0057337666,0.0174461454,-0.0082977498,0.0946925879,0.0211716257,0.0129097626
1.3890789747,0.0029103372,0.0055871760,0.0004357614,0.0530066602,0.0241373219,0.0224811640
1.3991080523,-0.0010916677,-0.0137121519,0.0083222305,-0.0036229305,0.0364011750,0.0086328592
1.4090210199,-0.0014806178,-0.0108259758,0.0240970179,-0.0367758200,0.0467691272,0.0011520400
1.4191290140,0.0000052068,-0.0060935761,0.0370101854,-0.0239536334,0.0478775389,-0.0063028131
1.4290679693,-0.0033367958,-0.0103534004,0.0372838899,-0.0314062238,0.0467238575,-0.0094773015
1.4390729666,0.0044529354,-0.0148971817,0.0151734864,-0.0534794368,0.0017350758,-0.0006703609
1.4489380121,0.0107447719,-0.0206797570,-0.0129028047,-0.0734914914,-0.0273588933,-0.0100292414
1.4590580463,0.0022326026,-0.0137795350,-0.0196594670,-0.0903672799,-0.0395226143,-0.0418083444
1.4690680504,-0.0008422222,0.0150570432,-0.0060334885,-0.0413882844,-0.0252312943,-0.0398104414
1.4790619612,-0.0008916345,0.0298145264,-0.0139879668,0.0138631193,0.0009574326,-0.0272708125
1.4890309572,-0.0039136196,0.0243409723,-0.0121118510,0.0189806484,0.0256246962,-0.0221223906
1.4990090132,-0.0079724574,0.0100304643,-0.0189463571,0.0231089480,0.0438055620,-0.0243667681
1.5090709925,-0.0062302733,-0.0052265073,-0.0286164954,0.0133455340,0.0525074415,0.0021434019
1.5190379620,-0.0067102695,-0.0099188229,-0.0147982324,-0.0069677271,0.0534800291,0.0085224714
1.5289989710,-0.0092226649,-0.0156988949,-0.0136088813,0.0132565843,0.0600583032,0.0095280819
1.5390299559,0.0018045518,-0.0142127117,0.0188127086,0.0506084822,0.0540925562,0.0286663566
1.5490570068,0.0111198639,-0.0157342702,0.0511724874,0.0495743789,0.0372653715,0.0617103204
1.5590660572,0.0251397695,-0.0277483910,0.0191499516,-0.0024005389,-0.0068719946,0.0715926513
1.5690519810,0.0267038848,-0.0391235203,0.0065651452,-0.0436007045,-0.0407319590,0.0240333881
1.5790100098,0.0163714495,-0.0163996071,-0.0151327336,-0.0475521721,-0.0583282597,-0.0300307795
1.5890400410,0.0000113461,0.0154425958,-0.0291899517,-0.0080590909,-0.0538384393,-0.0407113880
1.5989890099,-0.0045484984,0.0234312862,-0.0431492999,0.0281278081,-0.0375984833,-0.0493414924
1.6090819836,-0.0112195099,0.0102493623,-0.0414111093,0.0332802236,-0.0151139451,-0.0494908951
1.6189899445,-0.0111997509,0.0000199531,-0.0317488387,0.0213584527,-0.0053217686,-0.0187376458
1.6290260553,-0.0073345983,-0.0005078162,-0.0269563869,0.0212186370,0.0055013178,-0.0028718631
1.6389689445,-0.0095723057,0.0038564657,-0.0202274397,0.0370794907,0.0185689181,0.0119096134
1.6488289833,-0.0059920931,-0.0004383768,-0.0026578985,0.0348264575,0.0230446272,0.0373795517
1.6588059664,0.0006244096,-0.0040729488,0.0198935196,0.0135129141,0.0112865027,0.0565937273
1.6688289642,0.0083300089,-0.0110969385,0.0455463454,-0.0122393221,0.0229439586,0.0682224259
1.6791130304,0.0065469062,-0.0273560435,0.0477663800,-0.0365498550,-0.0029717954,0.0588434339
1.6892169714,0.0088267243,-0.0311320573,0.0518973991,-0.0895552859,-0.0378011502,0.0336089171
1.6989970207,0.0200411286,-0.0077019776,0.0246459767,-0.0817287862,-0.0637698993,-0.0108501613
1.7089469433,0.0126144206,0.0210002810,-0.0039339745,-0.0175993312,-0.0572243817,-0.0534330420
1.7189799547,-0.0066347504,0.0307637602,-0.0160366967,0.0356013030,-0.0354546383,-0.0557364076
1.7289459705,-0.0124249542,0.0343591422,-0.0144324386,0.0833469853,-0.0092344843,-0.0325671732
1.7390099764,-0.0104620839,0.0295552164,-0.0235520676,0.1258598268,0.0103994031,-0.0242221598
1.7489169836,-0.0144091034,0.0163798779,-0.0288668945,0.1714973450,0.0313046835,0.0042949701
1.7589590549,-0.0041107619,0.0261334330,-0.0156916454,0.1873777807,0.0453629792,0.0084399134
1.7689269781,0.0023566100,0.0183337480,-0.0083003724,0.1861460656,0.0583333746,0.0264173150
1.7789299488,0.0107207512,-0.0046016718,0.0169874951,0.1093106791,0.0524661653,0.0350089408
1.7889120579,0.0132630682,-0.0236643404,0.0435261056,0.0282027759,0.0497103259,0.0361458436
1.7989460230,0.0051144874,-0.0386693627,0.0662977621,-0.0401654951,0.0576926172,0.0318937078
1.8089239597,-0.0010584977,-0.0444326550,0.0901502296,-0.0964253098,0.0250664968,0.0172710903
1.8189140558,0.0059845662,-0.0293798596,0.0388067886,-0.1525792629,-0.0203851406,0.0027319605
1.8289330006,0.0074458336,-0.0146319112,-0.0077016437,-0.1820900142,-0.0540184677,-0.0289010666
1.8389029503,-0.0008933034,-0.0047032381,-0.0220705941,-0.1765731424,-0.0701340511,-0.0436742865
1.8489199877,-0.0074791992,0.0124949375,-0.0179786161,-0.1265320778,-0.0547748022,-0.0427464433
1.8588860035,-0.0083273733,0.0334018618,-0.0228857473,-0.0371221676,-0.0304172691,-0.0249052588
1.8688880205,-0.0073182071,0.0386396796,-0.0259822682,0.0426253937,0.0034229874,-0.0145564815
1.8788770437,-0.0113136554,0.0365803689,-0.0350815728,0.0711615607,0.0378496721,-0.0148018925
1.8888920546,-0.0163221452,0.0161450058,-0.0333277658,0.0613763109,0.0549745932,-0.0032198050
1.8988180161,-0.0158327315,-0.0075164880,-0.0127065266,0.0281196870,0.0718888640,0.0051937867
1.9088619947,-0.0136436010,-0.0188863426,0.0129791414,0.0120632220,0.0760670975,0.0083650788
1.9188539982,0.0021375332,-0.0166130215,0.0309048221,0.0269952994,0.0751672164,0.0147353597
1.9288599491,0.0160627272,-0.0007627751,0.0526032969,0.0196407139,0.0517966449,0.0382646546
1.9388829470,0.0190893617,-0.0129666468,0.0401647016,-0.0344928280,0.0056158341,0.0619763732
1.9488140345,0.0304878261,-0.0258095115,0.0063604033,-0.1076312214,-0.0464881137,0.0347431563
1.9588849545,0.0261934903,-0.0195692629,-0.0139170969,-0.1627701074,-0.0625139475,-0.0394815393
1.9688299894,0.0089749908,0.0012227152,-0.0206676200,-0.1765437126,-0.0660266653,-0.0628217533
1.9788939953,-0.0033431139,0.0136134187,-0.0244905427,-0.1307702363,-0.0548898540,-0.0523039922
1.9888169765,-0.0146375382,0.0080012241,-0.0381401256,-0.0733490139,-0.0266843159,-0.0557141714
1.9988780022,-0.0137474025,0.0117991427,-0.0341956094,-0.0256402157,0.0038142053,-0.0325743631
2.0088200569,-0.0089692855,0.0119517306,-0.0390368178,0.0137245012,0.0107312342,-0.0092741018
2.0188021660,-0.0081932032,0.0094614485,-0.0312802270,0.0402603708,0.0249218885,0.0012391258
2.0288109779,-0.0000588980,0.0219882876,-0.0127647007,0.0753355324,0.0391783193,0.0117460946
2.0388069153,0.0022217247,0.0161647648,0.0311649963,0.0923515409,0.0394755304,0.0319211408
2.0488839149,0.0040133512,-0.0016362215,0.0379589126,0.0988123640,0.0310114734,0.0362210795
2.0591289997,0.0148796355,-0.0079780361,0.0056673205,0.0828709528,0.0150197214,0.0554589555
2.0688040257,0.0083109653,-0.0224886388,0.0114214336,0.0010157637,-0.0147251235,0.0259620473
2.0787899494,-0.0010685709,-0.0309361964,0.0124378121,-0.0903580859,-0.0500034839,-0.0173044652
2.0887739658,-0.0016967144,-0.0095586022,-0.0031115494,-0.1126056015,-0.0631645620,-0.0363266245
2.0987720490,-0.0100933695,0.0021913503,-0.0119010890,-0.0816199929,-0.0619597472,-0.0480405390
2.1087660789,-0.0107819820,0.0084447125,-0.0138221467,-0.0624492317,-0.0554259494,-0.0512834713
2.1187610626,-0.0076141739,0.0149499634,-0.0108964527,-0.0433897823,-0.0402368754,-0.0428990386
2.1287930012,-0.0112677300,0.0148903290,-0.0197936371,0.0012900690,-0.0248555224,-0.0345308557
2.1387410164,-0.0103756273,0.0299487263,-0.0229539350,0.0577498861,-0.0126225585,-0.0304016247
2.1487519741,-0.0066375816,0.0397761613,-0.0144915069,0.1130482927,0.0029862288,-0.0050440701
2.1587510109,-0.0056768740,0.0292860717,-0.0070040906,0.1224809438,0.0129283424,0.0246339291
2.1687979698,0.0089983558,0.0030497466,0.0134594953,0.0872273445,0.0137789547,0.0310273785
2.1787290573,0.0128785586,-0.0217879564,0.0242584869,0.0433222093,0.0399540998,0.0064514643
2.1887919903,0.0017396424,-0.0245280117,0.0486738011,0.0155528951,0.0376925431,0.0171094351
2.1987218857,-0.0032824960,-0.0248657316,0.0497773811,-0.0397929177,0.0169803407,0.0204716753
2.2087121010,-0.0002177742,-0.0208096653,0.0167989060,-0.0843529329,-0.0018516697,-0.0165587794
2.2187061310,0.0009955976,-0.0287148207,-0.0053058350,-0.1181441844,-0.0333981439,-0.0503273942
2.2287368774,0.0050852215,-0.0162508041,-0.0177106336,-0.1393360198,-0.0496575385,-0.0576438978
2.2387020588,0.0100406921,0.0079279104,-0.0106154168,-0.1500445902,-0.0527859554,-0.0384917744
2.2487769127,0.0074698245,0.0030158912,-0.0045330012,-0.0914017856,-0.0532104634,-0.0162197594
2.2586920261,0.0076741194,0.0096161822,-0.0016442024,-0.0115670068,-0.0237812027,-0.0217781756
2.2687599659,-0.0002027836,0.0304918736,-0.0098088467,0.0585580207,0.0131637650,-0.0146299861
2.2788028717,-0.0147707844,0.0117721716,-0.0150098884,0.0957545191,0.0264252424,0.0022548551
2.2887558937,-0.0129796052,-0.0056854035,-0.0024827204,0.1042321622,0.0339723751,0.0021999942
2.2986989021,-0.0025921848,-0.0152925095,0.0081930673,0.0966805071,0.0424899645,0.0053379973
2.3087739944,0.0038467559,-0.0271095484,0.0218793079,0.0731022060,0.0456956103,0.0265814997
2.3187561035,0.0152625954,-0.0219118446,0.0170737430,0.0207983907,0.0369295478,0.0489860065
2.3287701607,0.0239030924,-0.0104417345,0.0006058730,-0.0239163525,0.0237309225,0.0459156483
2.3399770260,0.0112053072,-0.0157374591,0.0143492734,-0.0162046365,0.0001536907,0.0311878361
2.3487920761,0.0016274664,-0.0151959499,0.0065045273,-0.0054308167,-0.0094366185,0.0248681549
2.3587579727,-0.0059678936,-0.0019123997,-0.0082933391,-0.0128465220,-0.0148686683,0.0217230953
2.3684790134,-0.0203091595,-0.0139243146,0.0033762970,-0.0414760336,-0.0270920433,-0.0068622106
2.3784830570,-0.0083097303,-0.0054800357,-0.0102317417,-0.0541267209,-0.0443362817,-0.0120533779
2.3889060020,0.0066995239,0.0169172436,-0.0279567912,0.0110711949,-0.0597458631,0.0018121046
2.3987908363,0.0071166074,0.0272553414,-0.0381670073,0.0963832960,-0.0463296548,-0.0068353126
2.4086508751,0.0042403555,0.0430309922,-0.0289697722,0.1293337941,-0.0300247185,-0.0048392732
2.4184551239,0.0024805877,0.0383098274,-0.0225963071,0.1066951826,-0.0139267081,0.0237586834
2.4284479618,-0.0051438296,0.0165909678,-0.0013451659,0.0510324612,0.0048810677,0.0236755926
2.4382958412,-0.0128430510,-0.0115721067,0.0084813749,0.0092880754,0.0215945356,0.0161600169
2.4485211372,-0.0060275877,-0.0231084973,0.0242140815,0.0041191457,0.0064733718,0.0024505975
2.4585690498,-0.0013086882,-0.0192318410,0.0330897495,-0.0248037167,0.0190685242,0.0013255451
2.4685940742,-0.0014448252,-0.0188396424,0.0216289088,-0.0642424673,0.0092079053,0.0088537689
2.4786229134,0.0102054095,-0.0158124417,0.0240170881,-0.1163311005,-0.0137152532,0.0005411112
2.4885869026,0.0121957874,-0.0044693197,0.0273384973,-0.1491982341,-0.0323296823,-0.0216254443
2.4986491203,0.0141812777,0.0147240022,0.0286241099,-0.1330858469,-0.0387476347,-0.0375341028
2.5084760189,0.0076675927,0.0155782262,0.0161023661,-0.1148826107,-0.0418949574,-0.0470879264
2.5187840462,-0.0036729958,0.0116216103,0.0084271943,-0.1426588595,-0.0399529822,-0.0438900031
2.5285768509,0.0004152868,0.0153837064,-0.0019918166,-0.1631239057,-0.0176665857,-0.0440202318
2.5386350155,-0.0025687006,0.0212262720,-0.0046339119,-0.1162801012,-0.0012993301,-0.0473463871
2.5485630035,-0.0145512009,0.0206923336,0.0111582791,-0.0641058460,0.0130348671,-0.0432262123
2.5588660240,-0.0051287496,0.0371614248,0.0034918704,-0.0151893049,0.0212145019,-0.0061306399
2.5684990883,-0.0070202732,0.0157499760,-0.0139934504,0.0380672589,0.0271520186,0.0150414892
2.5785450935,-0.0167281721,-0.0171547383,-0.0080882395,0.0413357541,0.0196839832,0.0140265599
2.5885901451,-0.0061367238,-0.0128505668,0.0026550808,0.0413855575,0.0090963198,0.0257814862
2.5985560417,-0.0041961456,-0.0154077550,0.0123346960,0.0509388484,0.0134923998,0.0310574733
2.6085639000,-0.0012216952,-0.0162539035,-0.0052780593,0.0200219452,0.0173377376,0.0087439129
2.6185379028,0.0101994490,0.0044849967,0.0044748699,0.0318905897,0.0076837782,-0.0060755126
2.6285748482,0.0110423779,0.0185449272,0.0082080280,0.0649883524,0.0089631611,-0.0114188790
2.6385369301,0.0022056315,0.0181744248,0.0069485223,0.1109238863,0.0071301069,-0.0167483967
2.6485810280,-0.0046337331,0.0035729860,0.0037020959,0.1343541145,0.0116319144,-0.0114819957
2.6585059166,-0.0073877657,-0.0129798790,-0.0073629702,0.0992761552,-0.0078469776,-0.0081457207
2.6685628891,-0.0013976481,-0.0150503060,-0.0086126411,0.0737636015,-0.0166854765,-0.0186945014
2.6784880161,-0.0013547626,-0.0055030729,-0.0118986452,0.0738039538,-0.0178386271,-0.0293139908
2.6885540485,0.0065077161,0.0030634557,-0.0189943388,0.0588518977,-0.0189776607,-0.0239842068
2.6984679699,0.0124837970,-0.0053404714,-0.0161165074,0.0043286034,-0.0149898417,-0.0080351997
2.7085089684,0.0117003536,-0.0271804482,-0.0110296095,-0.0736703202,-0.0059739766,-0.0080391951
2.7184779644,0.0075826561,-0.0249995738,0.0205230042,-0.1110966653,0.0054176948,-0.0165846124
2.7284650803,-0.0043500746,-0.0114196083,0.0236803815,-0.1111997217,0.0130074378,-0.0038850629
2.7385110855,0.0032986018,0.0129902819,0.0054044640,-0.1068647653,0.0024109858,0.0025532625
2.7485399246,0.0054011559,0.0072463905,-0.0128450477,-0.0789535046,-0.0092933401,-0.0165133737
2.7586870193,0.0057006096,-0.0039833332,-0.0371199325,-0.0232933052,-0.0260022786,-0.0206922721
2.7684450150,0.0114641702,0.0207408816,-0.0177950934,0.0631768703,-0.0316372626,-0.0079674218
2.7785029411,0.0017178867,0.0335084945,-0.0095805610,0.1740446687,-0.0178609975,0.0024885477
2.7884459496,-0.0108772898,0.0206823498,0.0004635371,0.2207983285,0.0008335955,0.0214577112
2.7984719276,-0.0135044539,-0.0098569533,0.0038776316,0.1439437568,-0.0028908351,0.0310996864
2.8084230423,-0.0062847221,-0.0393076390,0.0115693128,0.0267225914,-0.0189422388,0.0100378105
2.8184609413,0.0027638886,-0.0443850905,0.0077609336,-0.0659649968,-0.0305789225,-0.0174462777
2.8284590244,0.0017913792,-0.0275511295,0.0117908036,-0.1085931510,-0.0321318097,-0.0354670919
2.8384990692,-0.0012082246,-0.0061228718,0.0031890788,-0.1183934584,-0.0107849771,-0.0302873757
2.8483970165,-0.0053947354,0.0064037894,0.0035478987,-0.1219128296,0.0203463100,-0.0113637513
2.8584809303,0.0000381384,0.0132429460,0.0314098522,-0.1028026417,0.0228563398,0.0151675921
2.8684020042,0.0077995872,0.0094391564,0.0347734019,-0.0825005695,0.0166823342,0.0247549713
2.8784229755,0.0136041855,0.0098653594,0.0379692838,-0.0450631790,0.0084007019,0.0226590633
2.8884069920,0.0090263104,-0.0010289694,0.0193797275,0.0181325674,-0.0157381911,0.0174595080
2.8985729218,0.0102525270,0.0052237664,0.0054335510,0.0471058935,-0.0274214782,-0.0005474561
2.9102959633,0.0044389879,0.0233918577,0.0001246847,0.0726749077,-0.0135019338,-0.0208410099
2.9203228951,-0.0080971504,0.0153839448,-0.0100377882,0.1067441925,-0.0025515484,-0.0209352858
2.9290430546,-0.0197714958,0.0035598432,-0.0084306682,0.0937812552,0.0123930462,-0.0114616230
2.9390909672,-0.0160127673,0.0032609855,-0.0095532620,0.0509467050,0.0239285268,0.0012416556
2.9489121437,-0.0053975368,-0.0072343792,-0.0113536799,-0.0098740337,0.0234036185,-0.0050868141
2.9588439465,0.0089166379,0.0004494344,-0.0003392778,-0.0567797609,0.0155630056,-0.0050050551
2.9681968689,0.0194151010,0.0136193195,0.0009000219,-0.0728002712,0.0091897957,0.0141705032
2.9782419205,0.0203275289,0.0100197354,0.0138997352,-0.0801782906,0.0005225383,0.0078601427
2.9885568619,0.0134425377,-0.0024770345,0.0327766463,-0.0823367834,0.0099796895,-0.0091979355
2.9982938766,0.0017315659,-0.0042058374,0.0319521353,-0.0554805361,-0.0090858806,-0.0133432783
3.0082278252,-0.0003356423,0.0131719569,0.0358235165,-0.0010758825,0.0018775547,-0.0304506272
3.0181889534,-0.0102196122,0.0241574496,0.0160498545,0.0725185797,0.0140958717,-0.0433306061
3.0281920433,-0.0190016720,0.0064878915,-0.0027645312,0.1172690019,0.0188352317,-0.0295815039
3.0381908417,-0.0152413631,-0.0120079657,-0.0067902291,0.0829983875,0.0293275546,-0.0211249013
3.0482048988,-0.0097530270,-0.0211626440,0.0040172851,0.0296288989,0.0268225856,-0.0157594327
3.0581641197,0.0017072770,-0.0200579315,-0.0065752948,-0.0162592307,0.0222581923,-0.0082621016
3.0683300495,0.0082384860,-0.0105585894,-0.0024622760,-0.0674992427,0.0208294094,-0.0039674873
3.0783290863,0.0040334975,-0.0053391303,0.0017009891,-0.0856894404,0.0323108286,-0.0188990310
3.0883340836,-0.0041276300,-0.0080181500,0.0117934858,-0.0836124346,0.0377071910,-0.0146859121
3.0983860493,-0.0033097949,-0.0087503633,0.0091840541,-0.0652850941,0.0101820901,-0.0007109742
3.1083190441,0.0034768793,-0.0023426558,0.0142666018,-0.0417600609,0.0039785225,0.0024999992
3.1183471680,0.0026577327,-0.0055675651,0.0074886596,-0.0202192161,-0.0193675458,0.0026359537
3.1282901764,0.0078709340,-0.0006737853,-0.0033706508,0.0183966197,-0.0404810868,-0.0015036641
3.1383600235,0.0060654199,0.0211869925,-0.0105946744,0.0600147694,-0.0317677557,-0.0207145084
3.1482758522,-0.0055321539,0.0267512053,-0.0286193565,0.1025358588,-0.0048370734,-0.0347299278
3.1583309174,-0.0075384760,0.0150491754,-0.0347384885,0.0959253609,0.0165699478,-0.0242360085
3.1682901382,-0.0037784365,-0.0007643546,-0.0211166814,0.0360623002,0.0215689670,-0.0104155336
3.1783528328,-0.0001154926,-0.0132899126,-0.0082500661,-0.0312700048,0.0327758156,-0.0146943014
3.1882791519,0.0072530424,-0.0056917812,0.0037440576,-0.0398959816,0.0350283198,0.0065449416
3.1983079910,0.0109782433,-0.0128962239,0.0030559816,-0.0356422476,0.0288287457,0.0278306566
3.2082791328,0.0088152504,-0.0239691287,0.0257801935,-0.0451787636,0.0222968105,0.0225677174
3.2183380127,0.0116172349,-0.0314155668,0.0437209532,-0.0803687051,0.0114766527,0.0385964848
3.2282609940,0.0080791628,-0.0444052964,0.0265086219,-0.1302047074,-0.0242880024,0.0261145141
3.2383110523,0.0082013821,-0.0214652568,0.0219011232,-0.1662677675,-0.0345752612,-0.0184102096
3.2482450008,0.0014623317,0.0093544582,0.0005483545,-0.1245842427,-0.0323059820,-0.0407642499
3.2583119869,-0.0092066014,0.0241948813,-0.0111760581,-0.0606189705,-0.0221934263,-0.0408738405
3.2682340145,-0.0131130898,0.0288922042,-0.0190001205,-0.0042204112,-0.0056163142,-0.0282720290
3.2783110142,-0.0043030763,0.0290619880,-0.0394905284,0.0170092452,0.0021774268,-0.0113404496
3.2882251740,-0.0023424712,0.0146042565,-0.0325885490,-0.0193674043,0.0052568400,0.0067256363
3.2982888222,-0.0013545540,0.0017661010,-0.0177801326,-0.0577651300,0.0007023017,0.0089070322
3.3082299232,-0.0033825722,-0.0073625590,0.0000059523,-0.0663383752,0.0101370830,-0.0049592489
3.3182420731,-0.0056655491,-0.0067038084,0.0187662765,-0.0483073108,0.0293997265,-0.0189092867
3.3281919956,-0.0041421736,0.0056883250,0.0170046613,-0.0259966776,0.0361212790,-0.0030325847
3.3382070065,-0.0024637368,0.0083283046,0.0142723834,-0.0217140503,0.0298468713,0.0097556487
3.3482208252,0.0050937152,0.0119448463,0.0164654776,-0.0248936005,0.0287171584,0.0055156294
3.3582048416,0.0138237989,0.0146216014,0.0068874871,0.0009329394,-0.0030053509,0.0216365419
3.3682579994,0.0160775390,0.0017737602,0.0010759749,-0.0127083044,-0.0267333165,0.0090512428
3.3781828880,0.0153847849,0.0015394245,-0.0028590641,-0.0307096727,-0.0356162898,-0.0131874848
3.3882551193,0.0109296059,-0.0027404572,-0.0165822580,-0.0487925373,-0.0401039831,-0.0216448847
3.3981809616,-0.0034968939,-0.0001540924,-0.0118431533,-0.0328039825,-0.0284196325,-0.0451062657
3.4082379341,-0.0074740732,0.0164386779,-0.0158820227,0.0076331864,-0.0068672011,-0.0612101369
3.4181571007,-0.0134717906,0.0225598365,-0.0258048251,0.0245909989,0.0040387101,-0.0506668165
3.4282419682,-0.0185295437,0.0199048072,-0.0248884633,0.0159594268,0.0094430633,-0.0358223543
3.4381630421,-0.0176969562,0.0093207518,-0.0247953609,-0.0011756187,0.0146886911,-0.0315937884
3.4482200146,-0.0062505687,0.0017285799,-0.0138287032,-0.0043775365,0.0125717446,-0.0262658689
3.4581470490,0.0040790355,-0.0057735885,0.0127555048,0.0102942167,0.0384968184,-0.0073197414
3.4681439400,0.0036613855,-0.0203079730,0.0393600985,-0.0132012544,0.0299826916,0.0182492677
3.4782049656,0.0121065890,-0.0223729759,0.0835835263,-0.0472356565,0.0095298812,0.0322170146
3.4881300926,0.0182212796,-0.0171436518,0.0612690970,-0.0436686166,-0.0290462729,0.0175912008
3.4981579781,0.0169070866,-0.0187170655,0.0211652443,-0.0240827985,-0.0591541082,-0.0215371586
3.5080990791,0.0008946571,-0.0133114597,-0.0064618075,-0.0357674174,-0.0562560558,-0.0470451824
3.5181961060,-0.0124053443,-0.0050780619,-0.0134489024,-0.0774565414,-0.0522370823,-0.0396067090
3.5281119347,-0.0091241980,-0.0096354624,-0.0132927382,-0.0915143043,-0.0393204838,-0.0163080432
3.5381629467,-0.0068467045,-0.0152760586,-0.0267639831,-0.0821188018,-0.0167328808,-0.0079607647
3.5481009483,-0.0067519331,-0.0061465050,-0.0403397754,-0.0662098825,-0.0037933802,-0.0091181742
3.5581679344,-0.0040346170,0.0091897706,-0.0334182456,-0.0492633842,0.0144612575,-0.0145600773
3.5680949688,-0.0015826907,0.0218974501,-0.0157344416,-0.0088850698,0.0361676179,-0.0126042524
3.5781631470,0.0018272314,0.0144735137,-0.0067918980,0.0560597070,0.0548840463,-0.0074586254
3.5880908966,0.0031711075,-0.0001320089,0.0381662771,0.1019337177,0.0532102510,0.0052688876
3.5981609821,0.0027639482,-0.0138987144,0.0615578219,0.0731939524,0.0370922685,0.0213293470
3.6080889702,0.0202943292,-0.0046074237,0.0429604575,0.0500295125,-0.0026141328,0.0237277895
3.6181421280,0.0226249006,-0.0053221132,0.0144341504,0.0503078140,-0.0315773413,0.0111661917
3.6280498505,0.0075756526,-0.0150075993,-0.0044427002,0.0153250610,-0.0513041764,-0.0141788460
3.6381299496,0.0040349578,-0.0111789247,-0.0017051183,-0.0262542069,-0.0548927821,-0.0215647239
3.6480550766,-0.0052589858,-0.0155653497,-0.0086141312,-0.0530618541,-0.0422291867,-0.0163161661
3.6581158638,-0.0137363160,-0.0230527371,-0.0114836181,-0.0819579512,-0.0276129600,-0.0312660858
3.6680459976,-0.0137148583,-0.0072301473,-0.0230617598,-0.1183660254,-0.0087652355,-0.0441115759
3.6781201363,-0.0147902751,-0.0003471817,-0.0208208039,-0.1303342730,0.0063798949,-0.0112638827
3.6880369186,-0.0070372606,-0.0101885339,-0.0281146243,-0.1294250637,0.0256252289,-0.0113893179
3.6980400085,-0.0026147750,-0.0072877253,-0.0207417682,-0.1210905761,0.0419125855,0.0108093275
3.7079980373,0.0017850909,-0.0004754509,0.0061373031,-0.1201731116,0.0370842814,0.0703339130
3.7180659771,0.0062695956,0.0132649699,0.0280171558,-0.0572684519,0.0471707359,0.0681003109
3.7280559540,0.0078341579,0.0200384706,0.0427901074,0.0686543286,0.0513601527,0.0690476000
3.7378480434,0.0126233613,0.0093043307,0.0485064313,0.1669360250,0.0383111984,0.0786233991
3.7480709553,0.0077719903,-0.0098582944,0.0588856861,0.1628989428,0.0198925082,0.0532482676
3.7580130100,0.0062341606,-0.0246136039,0.0341164991,0.0886719823,-0.0279812738,0.0217389408
3.7680320740,0.0163549390,-0.0124105057,0.0142982518,0.0313415788,-0.0491041392,-0.0216420870
3.7778639793,0.0089901900,-0.0073356773,-0.0075425589,0.0218759067,-0.0516391993,-0.0598664396
3.7880611420,-0.0023997214,-0.0111157438,-0.0146336639,-0.0155391106,-0.0455067381,-0.0588176847
3.7979831696,-0.0100306356,-0.0096200546,-0.0097495997,-0.1032580435,-0.0331294313,-0.0312116258
3.8080170155,-0.0156741831,-0.0117721995,-0.0094780410,-0.1493120790,-0.0173901487,-0.0238447897
3.8178758621,-0.0177315567,-0.0003183628,-0.0189117268,-0.1303834170,0.0180109851,-0.0262136701
3.8279948235,-0.0105094397,0.0312171727,-0.0147247994,-0.0676489174,0.0421368256,-0.0115404529
3.8379650116,-0.0004659977,0.0409231931,-0.0036677204,-0.0007923897,0.0781853721,0.0189894922
3.8479549885,0.0085713482,0.0353246778,0.0152186668,0.0332513303,0.0818821043,0.0455015302
3.8581049442,0.0158000793,0.0210493654,0.0448071286,0.0344191268,0.0648967326,0.0583608672
3.8679528236,0.0186147001,0.0103719393,0.0263699815,0.0495144576,0.0416089892,0.0712500364
3.8780188560,0.0100513315,-0.0148493489,0.0107213771,0.0455462150,0.0198714696,0.0320827924
3.8879370689,-0.0064167166,-0.0275976807,0.0057355082,-0.0277583599,-0.0046085743,-0.0144524863
3.8980920315,-0.0083909715,-0.0106334528,-0.0000698052,-0.1065511778,-0.0235055648,-0.0280860066
3.9079108238,-0.0100722397,-0.0088118454,-0.0164357498,-0.1170887724,-0.0344021544,-0.0428814627
3.9179620743,-0.0107548023,-0.0040029730,-0.0377437547,-0.1042352915,-0.0396483168,-0.0428556278
3.9279160500,-0.0048346305,0.0156759471,-0.0414856151,-0.1032435298,-0.0300305765,-0.0439810827
3.9380531311,-0.0057967091,0.0237111598,-0.0423039272,-0.0842918083,-0.0072381794,-0.0207701698
3.9479079247,-0.0020012048,0.0163556784,-0.0332045034,-0.0599728897,0.0144711109,-0.0039296704
3.9579820633,-0.0091399336,0.0083047310,-0.0056724632,-0.0185211860,0.0340778343,0.0012250110
3.9678988457,-0.0105272615,0.0143752554,-0.0066302503,0.0665801316,0.0585038178,0.0307541415
3.9780750275,-0.0015215662,0.0282453448,0.0284283683,0.1583015323,0.0656826347,0.0370168313
3.9879369736,-0.0008604017,0.0121856490,0.0320825502,0.1935737729,0.0543258488,0.0519393198
3.9978959560,0.0100019490,-0.0109916171,0.0114132678,0.1233046576,0.0219418108,0.0787600204
4.0078477859,0.0143471276,-0.0409895629,0.0075358665,-0.0042626206,-0.0274675507,0.0409234241
4.0179538727,0.0119691407,-0.0543848127,-0.0021246753,-0.0967767090,-0.0500138737,-0.0119849341
4.0279049873,0.0121350801,-0.0231616944,-0.0021011315,-0.1221393272,-0.0676104426,-0.0469120257
4.0379257202,0.0084287142,0.0139496187,-0.0100042308,-0.1019392461,-0.0567854941,-0.0491205826
4.0478601456,0.0047058677,0.0259890407,-0.0021820746,-0.0679317489,-0.0404451378,-0.0439383388
4.0578899384,0.0011420462,0.0148469368,-0.0070126737,-0.0296549276,-0.0251181088,-0.0366298258
4.0678501129,-0.0124410475,0.0059340750,-0.0031669221,-0.0032371711,0.0071591353,-0.0357951894
4.0779080391,-0.0246121380,0.0149959186,0.0045349514,0.0476549044,0.0450548530,-0.0243874080
4.0878477097,-0.0224309359,0.0246991068,0.0093488609,0.1261206865,0.0909506977,0.0220053904
4.0979108810,-0.0048637474,0.0224762112,0.0376855060,0.1792488843,0.1076820195,0.0558573604
4.1078109741,0.0138556277,0.0046772216,0.0699855611,0.1654246747,0.0938442349,0.0750797912
4.1178669930,0.0332850441,-0.0101454994,0.0378482863,0.0836223587,0.0388619378,0.0935518742
4.1278309822,0.0298883226,-0.0367667824,0.0017749586,-0.0237136818,-0.0039872583,0.0545962229
4.1378960609,0.0010277841,-0.0535074025,-0.0128263915,-0.1333324611,-0.0171845537,-0.0142958919
4.1478261948,-0.0215110872,-0.0335666388,-0.0058440054,-0.1844600886,-0.0178615283,-0.0471899286
4.1579027176,-0.0215751920,-0.0087629696,-0.0133225406,-0.1705936790,-0.0187752582,-0.0418829098
4.1678128242,-0.0107307220,0.0007378911,-0.0295317844,-0.1268115789,-0.0174404830,-0.0504212715
4.1778850555,-0.0019380536,0.0135848382,-0.0449000075,-0.0884258300,-0.0128555847,-0.0494172610
4.1878771782,-0.0058405483,0.0178955644,-0.0487046316,-0.0650592595,-0.0113245333,-0.0165093783
4.1978902817,-0.0087307179,0.0215167850,-0.0516102389,-0.0053537181,-0.0106803142,0.0057590427
4.2076821327,0.0018466923,0.0346701294,-0.0360530093,0.0585869141,-0.0025952242,0.0184106547
4.2176051140,0.0143925464,0.0405268222,-0.0186678842,0.1064939871,0.0064709750,0.0353166647
4.2275700569,0.0136407530,0.0122169415,0.0026326694,0.0958240330,0.0021950037,0.0449133664
4.2379789352,0.0090648448,-0.0166333467,0.0211236998,0.0221447498,0.0037921011,0.0481405854
4.2477970123,0.0120506799,-0.0166831464,0.0113759553,0.0242835358,0.0132098375,0.0225806329
4.2577729225,-0.0009966281,-0.0161375850,0.0463609025,0.1020957753,0.0329164304,0.0064613177
4.2678399086,-0.0181240831,-0.0093377968,0.0733680055,0.1254053712,0.0471454337,0.0244134199
4.2777609825,0.0091538941,0.0030737077,0.0372019336,0.0585245937,-0.0003427227,0.0311416294
4.2878112793,0.0146495914,-0.0273977369,-0.0017403446,-0.0361188203,-0.0281487871,-0.0100452211
4.2977519035,0.0021907601,-0.0241880566,-0.0066275680,-0.0870617628,-0.0460412353,-0.0566397533
4.3077869415,-0.0066504264,0.0112128416,-0.0086911405,-0.0859802514,-0.0481613800,-0.0555643700
4.3177399635,-0.0094067538,0.0244434625,-0.0126633132,-0.0497744456,-0.0403364785,-0.0482035242
4.3277778625,-0.0111723626,0.0145347277,-0.0145784104,-0.0233225971,-0.0175600573,-0.0334962159
4.3377342224,-0.0061810995,0.0085371295,-0.0125160301,-0.0522671640,-0.0111815222,-0.0112066250
4.3477921486,-0.0001015153,-0.0007458474,-0.0083974684,-0.0844386816,-0.0047633038,0.0185211767
4.3577299118,-0.0019482162,-0.0103498241,-0.0042114938,-0.0834820718,0.0091314726,0.0184338260
4.3677787781,-0.0050729895,-0.0089521846,-0.0088782394,-0.0239255391,0.0331691653,0.0256730951
4.3776969910,-0.0106357122,0.0060037230,0.0487399027,0.0505614802,0.0531716347,0.0467360392
4.3877258301,-0.0074185515,0.0234117061,0.0808587596,0.1506137848,0.0735107288,0.0847803578
4.3976879120,0.0199537780,0.0178501755,0.0397310778,0.1999726743,0.0334740952,0.1073132306
4.4076719284,0.0323651358,-0.0240156800,0.0024524250,0.1182346642,-0.0059888903,0.0661929622
4.4177498817,0.0153569495,-0.0553283542,-0.0015815578,-0.0788017064,-0.0347861871,0.0027780333
4.4276709557,0.0001195285,-0.0471794158,-0.0023894988,-0.2470580786,-0.0705795959,-0.0308688767
4.4376549721,-0.0083237076,-0.0182647258,-0.0118566239,-0.2629754245,-0.0699034259,-0.0627353266
4.4477219582,-0.0148909474,0.0120311538,-0.0380128101,-0.1765419692,-0.0587104261,-0.0819913149
4.4576468468,-0.0099154199,0.0471270233,-0.0525950864,-0.1042759046,-0.0322218239,-0.0492779799
4.4677100182,-0.0099331820,0.0601717979,-0.0407721475,-0.0673157573,0.0004820584,-0.0080826040
4.4776391983,-0.0129766846,0.0374318212,-0.0238719657,-0.0080373855,0.0513910465,0.0170436557
4.4876337051,-0.0164759848,0.0180627555,0.0037595548,0.0153118782,0.0665620118,0.0201161429
4.4976968765,-0.0133957947,0.0089462856,0.0606079623,0.0568607859,0.0691814944,0.0381277651
4.5076217651,-0.0009828892,-0.0030891146,0.0441330001,0.0793607756,0.0565844737,0.0445680879
4.5176868439,0.0107228672,-0.0124991974,0.0139278686,0.0200327318,0.0152181275,0.0108825648
4.5276141167,0.0128640151,-0.0255572945,0.0004289664,-0.0799990594,-0.0166777540,-0.0037142211
4.5376787186,0.0093829250,-0.0394784361,-0.0051342333,-0.1543955207,-0.0526051298,-0.0129908100
4.5476140976,0.0116627431,-0.0293612927,-0.0008857928,-0.1852423847,-0.0552174225,-0.0405744985
4.5576701164,0.0019548151,0.0081153372,-0.0105822766,-0.1405532211,-0.0335861631,-0.0513701588
4.5676031113,-0.0070102001,0.0394227654,-0.0037298284,-0.0788930431,-0.0094504673,-0.0345714688
4.5776700974,-0.0107618058,0.0380169004,-0.0202757195,-0.0224853009,0.0029207151,-0.0134415496
4.5875859261,-0.0156585369,0.0252649039,-0.0221602395,0.0071093426,0.0300601907,0.0086720083
4.5976500511,-0.0089229131,0.0060009812,-0.0161137059,0.0326483920,0.0283725448,0.0384129919
4.6075758934,0.0105178868,-0.0062455679,-0.0071376050,0.0370620489,0.0112968888,0.0374582484
4.6175718307,0.0211174395,-0.0028330530,0.0055351770,0.0424738601,0.0059135752,0.0279275961
4.6276521683,0.0143342232,0.0004846012,0.0052947318,0.0617817789,-0.0046431953,0.0258577876
4.6375617981,0.0038503024,-0.0011869813,-0.0125700915,0.0597487167,-0.0122467857,0.0131585030
4.6476230621,-0.0027505246,-0.0105741462,-0.0147124613,0.0576307066,-0.0081242127,-0.0028026209
4.6575541496,-0.0026196328,-0.0190870613,-0.0089188302,0.0052335458,-0.0040983125,0.0152677251
4.6676158905,-0.0149322236,-0.0490844101,-0.0077555859,-0.1025046408,-0.0145235229,0.0185977425
4.6775431633,-0.0041429782,-0.0345036834,-0.0035356961,-0.1312189698,-0.0171126481,-0.0079240128
4.6874909401,0.0063531315,0.0084315399,-0.0102065289,-0.1003169864,-0.0125530502,-0.0026632042
4.6975350380,0.0149938380,0.0293264836,0.0055801189,-0.0587060228,-0.0174135845,0.0164632201
4.7076168060,0.0162240174,0.0220551640,0.0135047948,-0.0404737592,-0.0310942437,0.0250383317
4.7175250053,0.0206408110,0.0001692628,0.0195265934,-0.0499613993,-0.0429817960,0.0187491439
4.7276511192,0.0093672490,-0.0100968024,0.0243623778,-0.0509861857,-0.0378727876,-0.0078430530
4.7374439240,0.0017193172,0.0091364542,0.0163485929,-0.0051575769,-0.0247886777,-0.0196481794
4.7475500107,-0.0011485305,0.0240903348,0.0004570998,0.0555883273,-0.0073361835,-0.0336148627
4.7575130463,-0.0119116092,0.0188453645,-0.0066335881,0.0670947805,0.0142836245,-0.0157027058
4.7678260803,-0.0091203833,0.0126011232,-0.0017972670,0.0499490835,0.0132820094,0.0076883696
4.7775049210,-0.0004264798,0.0061171209,0.0011915483,0.0370704383,0.0175486598,0.0182934757
4.7875628471,0.0023454938,0.0005363678,0.0100291884,0.0274809264,0.0195212625,0.0076634688
4.7974977493,0.0001700435,-0.0041316594,0.0247141048,0.0082691498,0.0193699952,0.0076791821
4.8078012466,-0.0037415412,-0.0131102344,0.0199081227,-0.0364820771,0.0073125334,0.0131005794
4.8174867630,-0.0066233361,-0.0235474557,0.0240649506,-0.0951885357,0.0099943373,0.0046240031
4.8275241852,-0.0095523680,-0.0285832733,0.0185586140,-0.1324163228,-0.0000489759,-0.0112207402
4.8374829292,-0.0038488593,-0.0033241655,0.0119943535,-0.1003799587,-0.0019304994,-0.0101681259
4.8475122452,-0.0021786478,0.0293776542,0.0022516169,0.0040439111,0.0192205925,-0.0061286427
4.8574948311,-0.0082153464,0.0355143398,-0.0096041644,0.0733132660,0.0294593815,0.0033170569
4.8674941063,-0.0075297141,0.0313981920,0.0010551728,0.0860503688,0.0349745192,0.0117715281
4.8775420189,0.0050989008,0.0243287832,-0.0126523459,0.0787037686,0.0178565215,0.0161356498
4.8874731064,0.0061263954,0.0083579579,-0.0195601657,0.0669637546,0.0208994504,0.0076249861
4.8975110054,-0.0009580639,0.0002605771,0.0037490644,0.0594315343,0.0283206142,0.0075831749
4.9074697495,0.0066746688,-0.0011492218,0.0135000860,0.0296709798,0.0131182242,0.0066401493
4.9175181389,0.0054921722,0.0039698337,0.0232262537,0.0189564154,0.0204642881,0.0012915900
4.9274668694,0.0033319506,0.0118327597,0.0202686116,0.0157670137,0.0151773812,0.0108896224
4.9375200272,0.0062487936,0.0030033742,0.0282002017,-0.0118971039,0.0042728018,0.0099141067
4.9474172592,-0.0044124508,-0.0071696485,0.0243645832,-0.0438923240,0.0123214079,-0.0198626984
4.9574718475,-0.0161876474,-0.0155873438,0.0128006255,-0.0577857681,0.0143510029,-0.0198658928
4.9674348831,-0.0104488218,-0.0103024682,0.0003337778,-0.0747865885,0.0035588082,-0.0165968630
4.9775018692,-0.0037636545,0.0027468358,-0.0043287957,-0.0790312663,0.0024141818,-0.0218996163
4.9874267578,-0.0047549391,-0.0035661305,-0.0090187276,-0.0330685712,-0.0026287800,-0.0282733589
4.9974241257,-0.0018089798,0.0089748660,-0.0324969962,-0.0031932285,-0.0055041951,-0.0165892728
5.0074038506,-0.0048573399,0.0237901062,-0.0306890085,0.0499461554,0.0101514645,0.0162062254
5.0174121857,-0.0086575234,0.0114588896,-0.0434916094,0.0508899800,0.0198949054,0.0299539957
5.0274868011,-0.0021998074,0.0167088360,-0.0258587077,0.0250224303,0.0538145192,0.0201905798
5.0374121666,-0.0056467140,0.0027974700,0.0083767092,0.1146386042,0.0640370697,0.0094372667
5.0474300385,0.0024825248,-0.0046050395,0.0288332626,0.1401423663,0.0739442930,0.0199791249
5.0573348999,0.0164762046,0.0053401743,0.0385555550,0.1029056385,0.0555586256,0.0286238771
5.0673961639,0.0241949763,-0.0174172670,0.0386387035,0.0476786047,0.0230313092,0.0246238094
5.0773758888,0.0291599538,-0.0330469459,0.0407183692,-0.0405583121,-0.0141408257,0.0079308506
5.0874390602,0.0264850762,-0.0348381847,0.0418504998,-0.1246252432,-0.0374264419,-0.0141696576
5.0973510742,0.0170657840,-0.0344085842,0.0294108316,-0.1875104755,-0.0391979776,-0.0396124348
5.1074151993,0.0014966640,-0.0176443905,0.0198871419,-0.1854891330,-0.0179699194,-0.0588745438
5.1174058914,-0.0103603387,0.0023468290,0.0015683688,-0.1451694071,0.0091178911,-0.0527047962
5.1273870468,-0.0127452994,0.0198939890,-0.0059436643,-0.0996269584,0.0428207256,-0.0274577662
5.1374177933,-0.0180368219,0.0115709761,-0.0017168605,-0.0292398743,0.0456154495,-0.0147781912
5.1473441124,-0.0155794108,0.0117074409,-0.0083884681,0.0347004905,0.0557927191,-0.0074521005
5.1574258804,-0.0122541571,0.0250629038,-0.0113755548,0.0859208032,0.0468175970,0.0223204419
5.1673460007,-0.0163116846,0.0062945341,-0.0134036029,0.0806003362,0.0394129455,0.0361832604
5.1774010658,-0.0192764793,-0.0146986088,-0.0134147489,0.0433341935,0.0263333619,0.0405447185
5.1873130798,-0.0075436616,-0.0300905555,-0.0103196586,0.0050043804,0.0163723417,0.0353241265
5.1973628998,-0.0026439514,-0.0283388048,-0.0180481151,-0.0279735439,0.0095485244,0.0162646808
5.2073268890,0.0020423743,-0.0091358265,-0.0121117914,-0.0396136865,0.0029185843,0.0014423246
5.2173919678,0.0126924729,0.0130282799,-0.0179150179,-0.0256486014,-0.0076634865,0.0015022459
5.2273082733,0.0107998168,0.0206355602,-0.0218646601,-0.0074560186,-0.0086914664,-0.0101900967
5.2373719215,0.0068983054,0.0215613395,-0.0150613273,-0.0074259248,-0.0119093638,-0.0122971889
5.2473068237,0.0158961620,0.0146226445,-0.0139800990,-0.0329656377,-0.0248597842,-0.0036962444
5.2573490143,0.0153124845,0.0015467261,-0.0217130855,-0.0510299951,-0.0293930173,-0.0163983256
5.2683510780,-0.0010762301,-0.0078067030,-0.0217241719,-0.0746365190,-0.0083359340,-0.0324542560
5.2777819633,-0.0063833082,0.0152733484,-0.0060598338,-0.0278913844,0.0166549031,-0.0273377895
5.2873468399,-0.0109158540,0.0273991674,0.0349198505,0.0583470985,0.0367236882,-0.0084051127
5.2973327637,-0.0063076401,0.0290512592,0.0241057202,0.1010242552,0.0276905093,0.0213698279
5.3072710037,0.0093230223,0.0210977048,0.0084408438,0.0989954621,0.0106649213,0.0321055613
5.3172659874,0.0114737069,-0.0056510712,0.0074438965,0.0468338542,0.0015270829,0.0109546036
5.3272609711,0.0096033430,-0.0192840844,0.0201836750,-0.0415798984,-0.0132236341,-0.0090734325
5.3372769356,0.0027837667,-0.0140644750,0.0261366889,-0.0959458053,-0.0190620832,-0.0185629409
5.3472490311,-0.0087741697,-0.0092379292,0.0125592863,-0.1065814048,-0.0213364214,-0.0249151140
5.3572521210,-0.0144588435,-0.0043363417,-0.0039115632,-0.0937781259,-0.0159919895,-0.0355788097
5.3673758507,-0.0144765163,0.0066620861,-0.0145124877,-0.0724888146,-0.0041704839,-0.0473566391
5.3773002625,-0.0087716961,0.0160257071,-0.0211986378,-0.0427029543,0.0099195028,-0.0517191626
5.3872747421,-0.0061496878,0.0168528408,-0.0210067704,-0.0268267877,0.0218989328,-0.0401216298
5.3973121643,-0.0017391231,0.0208976716,-0.0023065291,0.0050769518,0.0297749657,-0.0231979061
5.4072299004,0.0036583457,0.0223042518,0.0036370077,0.0560546480,0.0528046489,-0.0010726315
5.4172897339,0.0109118735,0.0231688172,0.0212245509,0.0944679528,0.0489529222,0.0137993917
5.4272208214,0.0133737838,0.0193544477,0.0455413386,0.1126557440,0.0448002554,0.0116888369
5.4372587204,0.0113727665,0.0114440480,0.0160330459,0.1180896536,0.0309933610,0.0170865320
5.4472122192,-0.0079895044,-0.0211764127,0.0138903176,0.0595203526,0.0113565437,0.0236291196
5.4572572708,-0.0116458619,-0.0427113622,0.0090717589,-0.0374281630,-0.0055627851,0.0078713289
5.4671707153,-0.0057837153,-0.0384631306,0.0083091771,-0.0970930979,-0.0073564239,-0.0228847191
5.4772300720,-0.0038468626,-0.0228296965,-0.0080975974,-0.1055688709,-0.0138625260,-0.0260235220
5.4871959686,-0.0009880748,0.0016648029,-0.0206503943,-0.0938538909,-0.0105655324,-0.0260530822
5.4972600937,-0.0008308974,0.0141622284,-0.0663455203,-0.1492931694,-0.0153491031,-0.0355459228
5.5071868896,-0.0006174233,0.0123197595,-0.0883175805,-0.2336133868,-0.0201947242,-0.0258940905
5.5171890259,-0.0085159922,-0.0039831246,-0.0564921573,-0.1591605842,0.0145390211,-0.0314841978
5.5272407532,-0.0159496758,0.0013198410,-0.0259431675,-0.0175147764,0.0509774573,-0.0233202800
5.5371780396,-0.0073886598,0.0432214290,0.0257553384,0.1188254878,0.0778812394,-0.0002165583
5.5472121239,0.0053699529,0.0635472983,0.0352987573,0.2296031415,0.0887567922,0.0463807732
5.5571718216,0.0166771617,0.0394416898,0.0428723618,0.2637949288,0.0753347278,0.0708794519
5.5671882629,0.0244728532,-0.0073333527,0.0495262668,0.2117580920,0.0418177806,0.0732579231
5.5771608353,0.0218242612,-0.0597892553,0.0679811761,0.0979887843,-0.0020487437,0.0470658690
5.5872201920,0.0134428060,-0.0783060640,0.0600688383,-0.0360992476,-0.0344713964,0.0016869362
5.5971398354,0.0098574972,-0.0548529774,0.0326787755,-0.1350758970,-0.0558720306,-0.0374175906
5.6071848869,0.0003465030,-0.0221860856,0.0082866466,-0.1777448058,-0.0499981605,-0.0618608817
5.6171321869,-0.0111965025,-0.0013840343,-0.0042595351,-0.1778418571,-0.0371944793,-0.0640671775
5.6271581650,-0.0188577268,0.0087905088,-0.0137581313,-0.1501891911,-0.0293991417,-0.0524507351
5.6371078491,-0.0149369622,0.0226319581,-0.0223794058,-0.0424713902,-0.0199672896,-0.0472766124
5.6471228600,-0.0171010885,0.0395769328,-0.0303763822,0.0874104425,0.0174852777,-0.0348614864
5.6571831703,-0.0165088270,0.0546116680,-0.0385736898,0.1693017185,0.0366805419,0.0117056156
5.6671171188,-0.0069422508,0.0416666716,-0.0368750170,0.1616645753,0.0443754792,0.0435327850
5.6771359444,-0.0002726402,0.0060989414,-0.0115403021,0.1434673220,0.0485513136,0.0477654822
5.6870989799,0.0024793062,-0.0248846561,0.0128280437,0.1232081205,0.0441557691,0.0520576984
5.6971621513,0.0101324534,-0.0318084210,0.0293430015,0.0711722150,0.0179566555,0.0352658033
5.7070932388,0.0099813854,-0.0226575285,0.0438647196,0.0233317222,0.0024418784,0.0141519941
5.7171268463,0.0091876602,-0.0178324133,0.0242343470,0.0054009245,-0.0160383284,-0.0059013423
5.7270669937,0.0006397578,-0.0258391947,0.0173529312,-0.0285834074,-0.0240733512,-0.0398220234
5.7371358871,-0.0030330506,-0.0244990140,0.0037246265,-0.0913850069,-0.0407047905,-0.0534835085
5.7470712662,-0.0018449512,-0.0127676269,-0.0039491141,-0.1255448461,-0.0430521034,-0.0470700823
5.7571349144,-0.0023335305,-0.0135082146,-0.0397311524,-0.2642153800,-0.0579570159,-0.0394390598
5.7670640945,0.0051020896,-0.0106370291,-0.0643812492,-0.3943544626,-0.0727761760,-0.0296905618
5.7770571709,-0.0043901587,-0.0216924995,-0.0361707285,-0.3637494147,-0.0245639067,-0.0438346080
5.7871208191,-0.0105449343,-0.0037335898,-0.0179233029,-0.2486590445,0.0008722115,-0.0483294912
5.7970447540,-0.0095068896,0.0537385494,0.0037940063,-0.0495105274,0.0517095588,-0.0328605212
5.8071088791,-0.0133564854,0.0875985175,-0.0002834879,0.1710290313,0.0890033990,0.0039273202
5.8169479370,-0.0014730778,0.0752378851,0.0220247433,0.2689786553,0.0998312831,0.0569097102
5.8270702362,0.0138482368,0.0239824206,0.0434406921,0.2510816753,0.0624394342,0.0752253383
5.8370299339,0.0189108159,-0.0356176943,0.0647932217,0.1736545116,0.0103514679,0.0533051230
5.8470339775,0.0172970500,-0.0658862740,0.0616620108,0.0715622380,-0.0207095128,0.0132069727
5.8570408821,0.0088153100,-0.0570661873,0.0408784077,-0.0232178047,-0.0377010107,-0.0131766982
5.8670797348,-0.0035581973,-0.0333164483,0.0172080919,-0.0839317515,-0.0479168966,-0.0279415287
5.8770089149,-0.0111003006,-0.0110801896,-0.0052465284,-0.1311136484,-0.0278454535,-0.0131663121
5.8870859146,-0.0068543637,-0.0116045913,-0.0185260847,-0.1556860954,-0.0290225707,-0.0035799977
5.8971400261,-0.0092242742,-0.0279162675,-0.0484098867,-0.1556332409,-0.0302071441,-0.0173843596
5.9069118500,-0.0081522251,-0.0040399279,-0.0628273562,-0.1738039851,-0.0240075719,-0.0259110034
5.9170050621,-0.0083865011,0.0279603750,-0.0597137883,-0.1142783463,0.0042943736,-0.0197609644
5.9269900322,-0.0128599787,0.0511822253,-0.0440425351,0.0239642225,0.0569200329,0.0095481882
5.9370450974,-0.0066789770,0.0472190827,-0.0088170851,0.1176385134,0.0687753633,0.0614641160
5.9468140602,0.0154784834,0.0181853026,0.0079862392,0.1250375807,0.0690233037,0.0837675631
5.9570069313,0.0326850042,-0.0010538246,0.0168453977,0.1688360572,0.0776343644,0.0507452935
5.9669551849,0.0314305350,-0.0218522996,0.0403405949,-0.0057280259,0.0164407846,0.0523264110
5.9770331383,0.0374114141,-0.0182272643,0.0433415696,-0.0362032428,-0.0289735682,0.0186450128
5.9868378639,0.0036363516,-0.0316416174,0.0382833406,-0.0627885163,-0.0231660120,-0.0281192958
5.9970149994,-0.0263080988,-0.0500853211,0.0402318761,-0.0871323347,-0.0395825393,-0.0513701588
6.0069460869,-0.0116022313,-0.0146153411,0.0139071858,-0.0616616011,-0.0285432022,-0.0333988816
6.0169792175,-0.0095042074,0.0121334353,-0.0213280395,-0.0297482722,-0.0196437165,-0.0207268931
6.0268468857,-0.0201875661,0.0138871530,-0.0321421698,0.0095099155,0.0084667476,-0.0188118145
6.0370111465,-0.0224600527,0.0258321613,-0.0390605405,0.0433688127,0.0335603841,0.0096842758
6.0469312668,-0.0111233080,0.0285140127,-0.0224322751,0.0828389898,0.0276526939,0.0330676287
6.0569968224,-0.0063448334,0.0137554267,-0.0185810402,0.1019524932,0.0343372263,0.0478859879
6.0668940544,0.0062209284,0.0049035405,-0.0039736712,0.0870662257,0.0194315147,0.0681784749
6.0769948959,0.0141628897,-0.0120749017,0.0155525124,0.0337364264,0.0136852115,0.0693148524
6.0869050026,-0.0022408452,-0.0269738585,0.0194151923,-0.0217177756,0.0120785274,0.0566153005
6.0969762802,-0.0032244411,-0.0128509542,0.0106628453,-0.0344270468,0.0064906823,0.0396622829
6.1069331169,-0.0013146189,0.0042818640,0.0009263672,-0.0215645097,0.0054033138,0.0258492641
6.1169681549,0.0036230895,0.0088668028,-0.0058224881,-0.0182747096,-0.0010753582,0.0152653297
6.1268939972,0.0134411966,0.0115499357,-0.0037396036,-0.0363099054,-0.0130079174,0.0111057376
6.1369667053,0.0194615331,0.0092185596,-0.0006769382,-0.0511531606,-0.0217524059,0.0016101040
6.1469640732,0.0244230833,0.0175547749,0.0023446002,-0.0629368499,-0.0154580260,-0.0016096578
6.1569471359,0.0195486750,0.0218800455,0.0121834194,-0.0555276759,-0.0110534243,0.0068559982
6.1668748856,0.0050846552,0.0098150829,0.0082675731,-0.0075886436,0.0052493829,-0.0049695019
6.1768879890,-0.0068544233,0.0235527307,0.0022448816,0.0349111445,0.0311907008,-0.0094159152
6.1869497299,-0.0121346498,0.0319073349,0.0011373080,0.0892849043,0.0401434526,-0.0116367256
6.1969337463,-0.0036003378,0.0260504335,-0.0135853970,0.1149335504,0.0360789336,-0.0095006041
6.2068648338,-0.0038051095,0.0152555862,-0.0156605914,0.0851295814,0.0220358185,0.0001727960
6.2168931961,-0.0077504301,-0.0027744318,-0.0108210528,0.0361576378,0.0066792341,-0.0018199143
6.2268562317,-0.0069252336,-0.0034813727,0.0067585623,0.0074152066,-0.0021115942,-0.0038676187
6.2369127274,-0.0098004127,-0.0055004503,0.0086982166,-0.0127626322,-0.0150875803,-0.0037721447
6.2468380928,-0.0116477394,0.0020211493,0.0076819574,-0.0447352119,-0.0217385571,-0.0026442958
6.2569017410,-0.0162125323,-0.0064245011,0.0038761415,-0.0777679980,-0.0273695458,-0.0057697818
6.2668132782,-0.0208073352,-0.0093433103,-0.0018217049,-0.1129872352,-0.0245173015,-0.0153252035
6.2768831253,-0.0129018510,0.0072600399,0.0003292479,-0.1064692810,-0.0394046344,-0.0120451208
6.2868328094,-0.0010583785,0.0242565125,-0.0015058004,-0.0350560881,-0.0239436571,-0.0185695998
6.2968468666,0.0066826260,0.0362585932,0.0042721545,0.0566289574,-0.0051657073,-0.0304413065
6.3068099022,0.0133392429,0.0353055149,0.0138849532,0.1119055301,0.0188661255,-0.0200118348
6.3168749809,0.0035163674,0.0089077810,0.0156919286,0.0882382840,0.0369444601,-0.0094891526
6.3267998695,-0.0006288376,-0.0128417155,0.0254677460,0.0593957156,0.0399186797,-0.0105506890
6.3368177414,0.0040927744,-0.0280495137,0.0128677404,0.0146371666,0.0351998247,-0.0221763179
6.3467760086,-0.0011487391,-0.0271803290,0.0119903600,-0.0461468250,0.0314415693,-0.0316710211
6.3568258286,-0.0055338526,-0.0110364696,0.0121198213,-0.0536424257,0.0335380137,-0.0295539405
6.3667697906,0.0007997367,0.0111302892,0.0083745038,-0.0237372555,0.0274473634,-0.0189114157
6.3768458366,0.0090937829,0.0199524909,0.0388367102,-0.0130835446,0.0213082451,0.0034309071
6.3867712021,0.0120166158,0.0157477707,0.0233697817,-0.0205595680,0.0139414081,0.0236693341
6.3968372345,0.0142345047,-0.0041629518,0.0010963597,-0.0321926549,0.0031097995,0.0173729565
6.4067511559,0.0018354270,-0.0272300392,-0.0085446322,-0.0832047090,-0.0083268797,-0.0239505153
6.4167690277,-0.0060224915,-0.0105992099,-0.0211517289,-0.1204977557,-0.0129711656,-0.0334564038
6.4268260002,-0.0119217420,0.0001443480,-0.0288000777,-0.1066815332,-0.0043411925,-0.0367091894
6.4367341995,-0.0168024991,-0.0035489942,-0.0393492058,-0.0810568631,0.0021153751,-0.0537627414
6.4467182159,-0.0189754758,-0.0011365856,-0.0430671647,-0.0630568266,0.0183228422,-0.0496308468
6.4567971230,-0.0183507595,0.0070658182,-0.0457442477,-0.0867232755,0.0269839726,-0.0167424046
6.4667310715,-0.0061136270,0.0094387988,-0.0238255933,-0.0740751252,0.0379604585,0.0054877992
6.4767980576,0.0012283835,0.0052783345,-0.0088260854,-0.0058465358,0.0481249467,0.0085661476
6.4867138863,0.0084142303,0.0057670330,0.0342932269,0.0486928746,0.0336381495,0.0149963507
6.4967789650,0.0141037321,0.0102333585,0.0332263634,0.0754959956,0.0115722604,0.0342398174
6.5067038536,0.0173603203,-0.0059140767,0.0204479024,0.0532588623,-0.0152106173,0.0471777208
6.5167679787,0.0210601892,-0.0372825712,0.0048562801,-0.0509069562,-0.0589967147,0.0209754128
6.5267047882,0.0198549535,-0.0510753542,0.0001211084,-0.1807805449,-0.0797390118,-0.0372309014
6.5367460251,0.0095541095,-0.0285663456,-0.0065936530,-0.2297743112,-0.0772590786,-0.0775824562
6.5467238426,-0.0009957936,0.0046642576,-0.0152744735,-0.2107209861,-0.0589149557,-0.0745275393
6.5567159653,-0.0046425844,0.0234139711,-0.0345680192,-0.1927819401,-0.0435940549,-0.0491425544
6.5666780472,0.0053907549,0.0218586475,-0.0399717763,-0.1887046397,-0.0284177661,-0.0279959906
6.5767321587,0.0046669757,0.0047776555,-0.0375816897,-0.1492219418,-0.0270371847,-0.0269688107
6.5866680145,-0.0039000299,0.0039156829,-0.0394358709,-0.0435445122,-0.0272795316,-0.0259786472
6.5967340469,-0.0101002241,0.0422772020,-0.0290252641,0.0832070410,0.0026400178,-0.0166996606
6.6066570282,-0.0210183356,0.0505575389,-0.0148822153,0.2143703848,0.0029398894,0.0246400554
6.6166968346,-0.0091731036,0.0196798295,0.0111349141,0.2473557740,0.0045143506,0.0543556064
6.6266431808,0.0065911626,-0.0036516334,0.0284228846,0.1939857602,0.0061937398,0.0490700305
6.6367230415,0.0194854345,-0.0264681131,0.0457673594,0.1589522660,-0.0123549104,0.0364656895
6.6466469765,0.0247805025,-0.0370767266,0.0346906707,0.1111469269,-0.0321445949,0.0153795788
6.6567120552,0.0192654338,-0.0277485400,0.0274476930,0.0291848183,-0.0501086824,-0.0120721525
6.6666378975,-0.0027447429,-0.0319643468,0.0213326737,-0.0614995435,-0.0446515977,-0.0417911634
6.6766357422,-0.0151246870,-0.0279803425,0.0056944406,-0.1095755920,-0.0375891626,-0.0471144244
6.6866421700,-0.0100170160,-0.0135927042,-0.0106884921,-0.1661299467,-0.0401641726,-0.0470582321
6.6966948509,-0.0087915147,-0.0063156928,-0.0230881050,-0.1694035083,-0.0337265097,-0.0407212414
6.7065868378,-0.0106095159,0.0061163758,-0.0258279517,-0.1118858829,-0.0287794247,-0.0142337065
6.7166709900,-0.0038949337,0.0321279615,-0.0121409977,0.0042116903,-0.0094533963,0.0153047433
6.7266101837,-0.0051512206,0.0553714186,0.0012051380,0.1565386504,0.0249573067,0.0266615264
6.7366480827,-0.0102786506,0.0562914759,0.0065508401,0.2651952207,0.0410084464,0.0551649407
6.7466120720,-0.0004888263,0.0283860415,0.0188711211,0.2417173088,0.0303568654,0.0807478055
6.7566690445,0.0114736771,-0.0139219007,0.0333989188,0.1233793572,0.0165196136,0.0702990219
6.7664241791,0.0127678430,-0.0552931279,0.0568822548,0.0127215553,-0.0114012323,0.0301864874
6.7764720917,0.0082689142,-0.0597461015,0.0402853414,-0.0958294272,-0.0371409506,-0.0067544859
6.7863979340,0.0045203483,-0.0249219686,0.0295640752,-0.1671877652,-0.0485624485,-0.0278784130
6.7966842651,0.0009070549,-0.0002833749,0.0092270290,-0.1895451248,-0.0530711822,-0.0352717489
6.8066892624,0.0032891843,0.0096905986,-0.0090407813,-0.1894300729,-0.0596465245,-0.0543522313
6.8166017532,0.0006703052,0.0169540495,-0.0107454741,-0.1595990956,-0.0488109216,-0.0640041903
6.8265390396,-0.0058996463,0.0237533599,-0.0155657018,-0.0731605962,-0.0501800515,-0.0523693748
6.8365950584,-0.0026776579,0.0434626788,-0.0343912914,0.0858504921,-0.0488713756,-0.0439928025
6.8465590477,-0.0025813070,0.0604977757,-0.0369270518,0.1676963568,-0.0138734449,-0.0251538660
6.8565859795,-0.0103198076,0.0545405000,-0.0375084355,0.2197750062,0.0059418050,-0.0040672231
6.8665657043,-0.0073917294,0.0207007676,-0.0124940360,0.2333938777,0.0286825374,0.0180860162
6.8766088486,-0.0045012021,-0.0115209064,0.0067717349,0.1821346879,0.0273027532,0.0276904404
6.8865370750,-0.0086797262,-0.0334467441,0.0485495850,0.1394258291,0.0343268402,0.0128012393
6.8964638710,-0.0119808996,-0.0294026881,0.0512061045,0.1233821586,0.0416095220,0.0042671398
6.9065399170,-0.0084333206,-0.0080889603,0.0372985527,0.0807785019,0.0243064314,0.0192825738
6.9165878296,0.0072008288,-0.0107572516,0.0276266858,-0.0107511478,-0.0063811741,0.0131706204
6.9265398979,0.0125473058,-0.0358550698,0.0113100326,-0.1139353216,-0.0352948457,-0.0248159114
6.9364032745,0.0138856983,-0.0382565111,0.0067533767,-0.2001582235,-0.0554033108,-0.0479961969
6.9465098381,0.0062796688,-0.0138939759,0.0089514172,-0.2471198738,-0.0578677990,-0.0436978564
6.9565730095,-0.0051379288,-0.0015268470,0.0044190800,-0.2611120045,-0.0461677350,-0.0373881646
6.9664988518,-0.0037602868,0.0000878428,-0.0087317908,-0.2642822266,-0.0525505356,-0.0309702083
6.9766030312,-0.0023530808,0.0031217192,-0.0161923245,-0.1671154499,-0.0477070436,-0.0533833727
6.9864740372,-0.0133486474,0.0337866098,-0.0153063023,0.0095373467,0.0219894815,-0.0624578260
6.9965538979,-0.0151728177,0.0699818283,-0.0077734077,0.1723391712,0.0664158016,-0.0139884297
7.0064930916,-0.0021524217,0.0594303161,0.0115917241,0.2381607890,0.0835471153,0.0549099445
7.0167312622,0.0082397973,0.0125854174,0.0213755891,0.1900238991,0.0897227228,0.0708399042
7.0264692307,0.0195516553,-0.0269094557,0.0478795096,0.1336849928,0.0667151436,0.0561549701
7.0365428925,0.0192943718,-0.0494307727,0.0615445301,0.0753182247,0.0371362083,0.0245146211
7.0464620590,0.0074871695,-0.0396565050,0.0369594619,-0.0172473975,0.0084499698,0.0035174596
7.0567350388,0.0017625305,-0.0354396552,0.0135803735,-0.0927255079,-0.0190820564,-0.0228104182
7.0664849281,-0.0067548538,-0.0406373292,-0.0076798284,-0.1684708595,-0.0187262576,-0.0376333073
7.0764198303,-0.0134699428,-0.0405516475,-0.0072401250,-0.2281638980,-0.0267215986,-0.0439153016
7.0864448547,-0.0028024402,-0.0084284386,-0.0184906796,-0.2303737849,-0.0213129856,-0.0343873091
7.0965299606,-0.0009079960,0.0199432224,-0.0337499455,-0.1718831658,-0.0046083080,-0.0090402765
7.1064329147,-0.0000310924,0.0315985829,-0.0403384045,-0.0727291629,0.0058685681,0.0014464527
7.1164627075,-0.0029526737,0.0379887372,-0.0588563755,-0.0120237386,0.0129693542,0.0268551409
7.1264371872,-0.0130466605,0.0306556672,-0.0247221664,0.1050275192,0.0587458946,0.0243517682
7.1364927292,-0.0273364875,0.0184397250,-0.0073756659,0.2115077674,0.0905776024,0.0261982717
7.1464147568,-0.0164444540,0.0185600668,0.0168507621,0.2082373947,0.0823652074,0.0687494650
7.1564807892,0.0057716286,0.0065955375,0.0050409948,0.1860183626,0.0523969233,0.0838314742
7.1663908958,0.0193675365,-0.0182702690,0.0166708753,0.1510934085,0.0272902362,0.0542717166
7.1764588356,0.0213959720,-0.0291221887,0.0194314644,0.0660413727,-0.0066754529,0.0343672484
7.1864299774,0.0236618724,-0.0310506970,0.0213021562,-0.0296350904,-0.0460827798,0.0123793948
7.1964340210,0.0104307150,-0.0356762856,0.0222359821,-0.0935758576,-0.0437115021,-0.0279644318
7.2063870430,-0.0050863707,-0.0161532015,0.0280313417,-0.1085185856,-0.0365089849,-0.0471237451
7.2164540291,-0.0039815390,0.0044654165,0.0222253129,-0.0946883932,-0.0331435464,-0.0407796949
7.2263770103,-0.0027209606,0.0086693624,0.0086319959,-0.0594377294,-0.0381694622,-0.0354597643
7.2364439964,-0.0102156783,0.0034375046,-0.0050876224,-0.0147469528,-0.0217715818,-0.0334735811
7.2463688850,-0.0102960253,0.0241425782,-0.0218899921,0.0533332974,0.0013268131,-0.0187974330
7.2564182281,-0.0054608369,0.0288075060,-0.0308713987,0.0937566236,0.0061865496,0.0140816867
7.2663321495,-0.0034198549,0.0179353505,-0.0368945673,0.0979127511,0.0138364797,0.0299650449
7.2764239311,-0.0053204978,-0.0016967501,-0.0292239860,0.0968514755,0.0127648236,0.0299701076
7.2863502502,-0.0023646441,-0.0194924325,-0.0087789381,0.0509207398,0.0114497542,0.0427594036
7.2964148521,0.0054499721,-0.0231849402,0.0137365377,-0.0065875603,-0.0050232280,0.0439714082
7.3063411713,0.0134032285,-0.0185821503,0.0177033469,-0.0405694954,-0.0182932261,0.0228333678
7.3163337708,0.0106896674,-0.0083880266,0.0128019368,-0.0575218461,-0.0271226708,0.0048386538
7.3263692856,0.0002094421,-0.0070945765,0.0137638962,-0.0553681515,-0.0261098705,-0.0036685476
7.3363418579,-0.0160871241,-0.0137287518,-0.0038175664,-0.0597530417,-0.0101556722,-0.0090816887
7.3462638855,-0.0083218301,0.0014355634,-0.0144481743,-0.0352836549,-0.0013888123,-0.0059684534
7.3565750122,-0.0073981667,0.0041855429,-0.0163497999,-0.0065381601,0.0063490020,-0.0017879565
7.3667378426,-0.0016533223,0.0160006136,-0.0290637687,0.0370484665,0.0207439195,0.0172112994
7.3765249252,0.0047632670,0.0332547575,-0.0223254636,0.1008329093,0.0438788012,0.0403907895
7.3908390999,0.0024315033,0.0207506269,0.0185679719,0.1359986067,0.0401208140,0.0690751597
7.3964090347,0.0150413727,0.0071835672,0.0380425975,0.1030955240,0.0132330069,0.0788316578
7.4064292908,0.0270223226,-0.0000861431,0.0418676659,0.0468341187,-0.0204346757,0.0674029663
7.4161219597,0.0130891418,-0.0216356963,0.0230915472,0.0108944932,-0.0415037423,0.0112592690
7.4264717102,-0.0021862176,-0.0140242716,0.0101203835,-0.0189417005,-0.0335020088,-0.0259554777
7.4365358353,-0.0118035758,0.0021907543,0.0021451630,-0.0552457795,-0.0316593684,-0.0280688275
7.4461288452,-0.0156199122,0.0055952226,-0.0075747455,-0.0469356477,0.0003779288,-0.0389062949
7.4561061859,-0.0120154107,0.0151815275,-0.0133045996,-0.0118604871,0.0219540615,-0.0475706272
7.4661660194,-0.0037309912,0.0329939574,-0.0103179300,0.0242828708,0.0299422126,-0.0210878849
7.4760918617,0.0016944918,0.0364115387,0.0024247684,0.0498066023,0.0335238948,0.0001207311
7.4862618446,0.0064574694,0.0154683450,0.0093592918,0.0519722849,0.0219564568,0.0203796625
7.4962611198,0.0026643190,-0.0115811666,0.0093932664,0.0189494900,0.0121158119,0.0247172881
7.5062890053,-0.0108437920,-0.0254072398,0.0142488396,-0.0214674436,-0.0053065885,0.0237961002
7.5162520409,-0.0137878144,-0.0140276691,0.0200958773,-0.0332527272,0.0030826353,0.0152494833
7.5262947083,-0.0129667902,0.0051907753,0.0181471035,-0.0172998607,0.0106785027,0.0141266938
7.5362348557,-0.0043335939,0.0168674439,0.0269973204,0.0019541280,0.0034000841,0.0205349252
7.5462331772,0.0044425642,0.0206661671,0.0261055157,-0.0108892322,0.0033915616,0.0311678648
7.5562582016,0.0066670394,0.0086163143,0.0145111000,-0.0256719049,-0.0096936142,0.0142647801
7.5662288666,-0.0010437455,0.0063175713,0.0057235276,-0.0267305132,0.0028240422,-0.0208745673
7.5761957169,-0.0051493729,0.0188741833,-0.0011460268,-0.0096861487,0.0124566955,-0.0347598866
7.5862607956,-0.0121846283,0.0199420005,-0.0138641084,0.0146897640,0.0350626707,-0.0381106809
7.5961732864,-0.0211894605,0.0088415304,-0.0429954007,-0.0879186392,0.0471821837,-0.0274921209
7.6062221527,-0.0148034478,-0.0018527950,-0.0287340358,-0.1339053065,0.0501963496,-0.0083565097
7.6161699295,-0.0046589458,-0.0094819209,-0.0193409398,-0.0775191262,0.0751712099,-0.0138707180
7.6262559891,0.0050771451,0.0106428424,0.0064630425,-0.0614642575,0.0699514151,-0.0138480812
7.6361889839,0.0148751950,0.0367651135,0.0263045952,-0.0294352192,0.0649523884,-0.0021504126
7.6462130547,0.0230115559,0.0475976020,0.0323751494,0.0347197987,0.0473789945,0.0096050473
7.6561689377,0.0239372458,0.0323789269,0.0197095200,0.0691332966,0.0176908709,0.0065867538
7.6662001610,0.0133292889,0.0074939881,0.0234953687,0.0565506630,-0.0049601113,-0.0060062706
7.6761789322,-0.0000850048,-0.0155512532,0.0262751505,0.0385386385,-0.0127706295,-0.0282537844
7.6862339973,-0.0088460827,-0.0192120522,0.0241768286,0.0086260131,-0.0024775125,-0.0474226847
7.6961598396,-0.0177027676,-0.0153195402,0.0143217361,-0.0201949850,-0.0026977560,-0.0474024490
7.7061262131,-0.0215955172,-0.0136899194,-0.0051780427,-0.0543305799,-0.0051084496,-0.0484253690
7.7162170410,-0.0187313054,-0.0102493307,-0.0167339519,-0.0628139526,-0.0095034642,-0.0547654182
7.7261447906,-0.0100358808,-0.0018588151,-0.0282765105,-0.0479015782,-0.0093063908,-0.0452155918
7.7362160683,-0.0052545154,0.0038124775,-0.0272165611,-0.0265757851,-0.0101290410,-0.0356633663
7.7461338043,-0.0014461067,0.0116166631,-0.0232921317,-0.0020970721,-0.0066152662,-0.0218921602
7.7561321259,0.0073818779,0.0079488615,-0.0203324631,0.0128255524,-0.0095836259,-0.0080744810
7.7661762238,0.0165056195,-0.0057871784,-0.0329251364,-0.0383313745,-0.0248243622,0.0058711609
7.7761259079,0.0187638309,-0.0208733827,-0.0220297650,-0.0735042766,-0.0241841394,-0.0121680265
7.7861390114,0.0031766805,-0.0282160193,-0.0005057536,-0.0532661155,-0.0040474460,-0.0505588241
7.7960872650,-0.0118024135,-0.0059829797,0.0013164199,-0.0054265559,0.0146077303,-0.0369009376
7.8061761856,-0.0112573588,0.0128446678,0.0158967301,0.0329096466,0.0151403621,-0.0093089901
7.8160738945,0.0052312231,0.0163362771,0.0110356128,0.0618347749,0.0004469047,-0.0039222138
7.8261990547,0.0152474856,0.0012268578,-0.0026758991,0.0448920056,-0.0178173203,0.0004576209
7.8363361359,0.0097595667,-0.0231229514,0.0031696477,-0.0276632868,-0.0247258265,0.0079889074
7.8460769653,0.0070627546,-0.0256962627,0.0081547415,-0.0959677771,-0.0263229236,0.0080469642
7.8561348915,0.0080019450,-0.0099173030,0.0248783752,-0.0938835889,-0.0167619102,-0.0005148323
7.8660759926,-0.0016695943,0.0048414920,0.0063284552,-0.0725905523,-0.0070416378,-0.0080294739
7.8760852814,-0.0133422995,0.0051259552,-0.0082570398,-0.0482017174,0.0123935789,-0.0071097510
7.8860640526,-0.0172632728,-0.0030995454,-0.0188527778,-0.0364537127,0.0145584624,-0.0145687331
7.8961048126,-0.0104685212,-0.0093454560,-0.0264251307,-0.0651768371,0.0046714768,-0.0197963845
7.9088029861,-0.0067072893,-0.0070790197,-0.0202998593,-0.1035623103,-0.0030524891,-0.0133451438
7.9167537689,-0.0027424183,-0.0059459056,-0.0181151703,-0.0895928293,-0.0209673066,0.0037588752
7.9268360138,0.0012596461,-0.0016417350,-0.0130863274,-0.0512840562,-0.0088597778,0.0100279562
7.9366378784,-0.0027481106,0.0079836110,0.0083615100,0.0095448028,-0.0073106172,0.0110374279
7.9463062286,0.0001358006,0.0171665698,0.0228698179,0.0692845657,-0.0088499244,0.0269415602
7.9570407867,0.0052578365,0.0179275721,0.0177281424,0.1141311377,-0.0148186013,0.0386365615
7.9658808708,0.0017422053,-0.0006895210,0.0164694116,0.1099015027,-0.0160018429,0.0290856715
7.9761161804,0.0001220021,-0.0195149928,0.0211573169,0.0501940958,-0.0187318493,0.0132064382
7.9859070778,0.0003743980,-0.0272241682,0.0152329123,-0.0127883321,-0.0118827317,-0.0037922515
7.9959192276,-0.0006095555,-0.0186343342,0.0181509778,-0.0351763293,-0.0110787237,-0.0133384857
8.0058937073,0.0111547029,-0.0023954059,0.0025991120,-0.0543276556,-0.0208005924,-0.0079501122
8.0158519745,0.0172094610,0.0019051288,-0.0002048694,-0.0820128098,-0.0295586642,-0.0078771412
8.0258827209,0.0173942056,0.0060775434,0.0008714713,-0.0819992274,-0.0275027044,-0.0174520053
8.0358343124,0.0154146170,0.0161441714,0.0195445344,-0.0906929821,-0.0125221573,-0.0069161393
8.0458869934,0.0057217395,0.0191149563,0.0255074427,-0.1014311165,-0.0113911126,0.0100822859
8.0558328629,-0.0067989612,0.0114326933,0.0187855884,-0.0578021444,0.0091663599,-0.0007072457
8.0658397675,-0.0185792241,0.0158014446,-0.0065957988,-0.0215709060,0.0200618841,-0.0093023321
8.0758237839,-0.0225003455,0.0146886567,-0.0270820335,0.0104365628,0.0161635503,0.0055730203
8.0858106613,-0.0189631078,0.0169984549,-0.0143351639,0.0444062464,0.0441059694,-0.0073805945
8.0959701538,-0.0116860950,0.0166900009,-0.0074175084,0.0689191818,0.0485768840,-0.0063628675
8.1059684753,-0.0033426371,0.0076540564,0.0004984654,0.0677511171,0.0509233922,0.0191201214
8.1160259247,0.0000997398,0.0052798246,0.0200998113,0.0527750999,0.0456639156,0.0425370298
8.1259555817,0.0105969226,-0.0011991407,0.0378094241,0.0220086649,0.0229721870,0.0416432731
8.1359910965,0.0194015410,-0.0080457171,0.0398997590,-0.0161885247,0.0032514795,0.0194857735
8.1459550858,0.0087932860,-0.0133585772,0.0389391705,-0.0512327924,-0.0089942673,-0.0059077335
8.1559419632,-0.0056776786,-0.0219237953,0.0360853598,-0.0917202979,-0.0115913823,-0.0228603519
8.1659336090,-0.0124699259,-0.0151500544,0.0225616619,-0.1173420399,-0.0055039288,-0.0377554148
8.1759948730,-0.0184050892,-0.0092312237,0.0198071525,-0.0864708051,0.0033196565,-0.0335837044
8.1858987808,-0.0127697969,0.0048915599,-0.0063828910,-0.0279939156,0.0284268726,-0.0252882205
8.1957817078,0.0005017731,0.0255185515,-0.0297506526,0.0465562195,0.0419919528,-0.0063049439
8.2059164047,0.0089964187,0.0374107212,-0.0687528923,-0.0091014523,0.0482375994,0.0245027691
8.2159166336,0.0079214787,0.0210401565,-0.0723118261,-0.0986900553,0.0264398884,0.0565790795
8.2259769440,0.0008163664,-0.0144548556,-0.0230802372,0.0153188035,0.0675907880,0.0158617441
8.2357807159,-0.0129259909,-0.0019674744,0.0061521446,0.1270778328,0.1111172289,0.0048770038
8.2459182739,-0.0014992442,0.0307626277,0.0353408977,0.1516526788,0.0934647322,0.0432203971
8.2559003830,0.0056500053,0.0252493769,0.0411814973,0.1474350244,0.0859761909,0.0464598648
8.2659502029,0.0091570830,0.0068637882,0.0323836729,0.1327226609,0.0643412024,0.0296121780
8.2757940292,0.0109196221,-0.0136602959,0.0362645313,0.0904071629,0.0222320948,0.0182279628
8.2858209610,0.0071996665,-0.0357391685,0.0293853804,0.0245879348,-0.0137288347,-0.0027407024
8.2958812714,-0.0013269272,-0.0476953834,0.0244859979,-0.0605802163,-0.0317078345,-0.0291281007
8.3059539795,-0.0089126015,-0.0359227210,0.0167000815,-0.1352360845,-0.0418590046,-0.0236981828
8.3159465790,-0.0067330087,-0.0197595209,0.0071296012,-0.1726514995,-0.0367683731,-0.0183885042
8.3258914948,-0.0016302553,-0.0047459151,-0.0091656530,-0.1716056764,-0.0304292515,-0.0279918648
8.3358411789,0.0033084366,0.0134256640,-0.0128055299,-0.1364642084,-0.0194844604,-0.0302137397
8.3458766937,-0.0064462805,0.0243844241,-0.0127782309,-0.0255304929,-0.0111085512,-0.0260959603
8.3560066223,-0.0181951914,0.0334829539,-0.0257419422,0.1044263095,0.0135994572,-0.0040360638
8.3657989502,-0.0144848609,0.0456977636,-0.0349144414,0.2067513466,0.0241825934,0.0160092842
8.3759183884,-0.0106186057,0.0312186331,-0.0451170281,0.2525256276,0.0353178047,0.0265278369
8.3858356476,-0.0038439420,0.0080830911,-0.0464634970,0.2312301993,0.0308325086,0.0212598369
8.3959398270,0.0078270650,-0.0134952804,-0.0447407439,0.1565832496,0.0237956364,0.0160463005
8.4058246613,0.0145272231,-0.0221296698,-0.0273075774,0.0670674890,0.0091272127,0.0066424133
8.4158897400,0.0134288883,-0.0315033644,-0.0077725733,0.0073696664,0.0074185282,-0.0145543516
8.4258031845,0.0102654016,-0.0334735364,0.0147641217,-0.0363975242,0.0112734530,-0.0241103061
8.4358501434,0.0079490757,-0.0124008795,0.0294662639,-0.0609563887,0.0058794869,-0.0070572868
8.4458065033,0.0117439246,-0.0002455855,0.0442606136,-0.0586522222,-0.0196447819,0.0058553163
8.4558000565,0.0179827120,0.0020363783,0.0140779531,-0.0520220213,-0.0379633345,-0.0174028687
8.4658279419,0.0193141010,0.0024537896,0.0043564355,-0.0722151697,-0.0446230993,-0.0279694945
8.4758186340,0.0120134568,-0.0093734106,-0.0043019736,-0.1703595817,-0.0580784567,-0.0129412748
8.4858636856,-0.0038291302,-0.0232195407,-0.0186599568,-0.2598436773,-0.0770127326,-0.0212551318
8.4958000183,-0.0119894231,-0.0160550624,-0.0436817482,-0.2951499820,-0.0603384152,-0.0393997803
8.5057973862,-0.0182985160,-0.0071459855,-0.0578686669,-0.3280861080,-0.0808639303,-0.0349941142
8.5157604218,-0.0255638454,-0.0013835575,-0.0544264391,-0.3463318050,-0.0713311434,-0.0286689717
8.5258378983,-0.0223597381,0.0151791731,-0.0421062782,-0.3337174654,-0.0529460125,-0.0149859171
8.5357618332,-0.0181178246,0.0165168494,-0.0346599296,-0.2430941164,-0.0394179560,-0.0140708555
8.5457763672,-0.0182086919,0.0366024524,-0.0207503513,-0.0799288824,-0.0179033391,-0.0206986628
8.5557975769,-0.0087046409,0.0772905946,-0.0005417548,0.1857130527,-0.0113024293,0.0098785535
8.5657510757,-0.0032030430,0.0909896344,0.0221878812,0.4295608401,0.0506813154,0.0379908830
8.5758171082,-0.0005543020,0.0741136521,0.0231445357,0.5809488893,0.0659252480,0.0590355806
8.5857591629,0.0188092794,0.0288905054,0.0573763773,0.5960058570,0.0448292829,0.0782849044
8.5957679749,0.0181615856,-0.0239697546,0.0631509349,0.4799183011,0.0171081740,0.0657942817
8.6057291031,0.0119546270,-0.0696510524,0.0437722728,0.2700226009,-0.0147956973,0.0247144923
8.6157875061,0.0075144386,-0.0928440541,0.0414338633,0.0205878671,-0.0374730490,-0.0259565432
8.6257219315,-0.0018484679,-0.0955230147,0.0394885466,-0.1670257002,-0.0563063882,-0.0586375259
8.6357574463,-0.0075011337,-0.0577698797,0.0191969201,-0.3132480383,-0.0585122854,-0.0595849454
8.6457090378,-0.0005759385,-0.0063533033,-0.0026995621,-0.3795224130,-0.0535446927,-0.0436350070
8.6557779312,-0.0052870894,0.0138118425,-0.0127720321,-0.3230891824,-0.0297384281,-0.0608278401
8.6657009125,-0.0143230641,0.0319335312,-0.0142140472,-0.2156493068,0.0128391255,-0.0537422337
8.6757659912,-0.0127614224,0.0531858653,-0.0109559381,-0.0835064426,0.0196512248,-0.0018220450
8.6856622696,-0.0082741166,0.0570506603,-0.0039449418,0.0431071594,0.0593432412,0.0254543182
8.6957283020,-0.0078261578,0.0541143864,-0.0030345402,0.1540472507,0.0645678341,0.0370334759
8.7056827545,-0.0022072282,0.0226608068,0.0203072950,0.1872044057,0.0479142889,0.0594285317
8.7157554626,0.0035050723,-0.0012358571,0.0338572785,0.1360311061,0.0421283022,0.0541902259
8.7256832123,0.0024527821,-0.0246772319,0.0503853485,0.0818948969,0.0158223994,0.0267764442
8.7356901169,0.0055953478,-0.0400753468,0.0406410620,-0.0117956391,-0.0095844241,0.0153203234
8.7457065582,0.0048146164,-0.0388035625,0.0290185139,-0.1140564978,-0.0213811621,-0.0217154585
8.7556629181,-0.0037553099,-0.0325148851,0.0077474630,-0.1907849610,-0.0254387558,-0.0524476729
8.7657337189,-0.0115419114,-0.0150295338,0.0012560404,-0.2474059165,-0.0215651877,-0.0481836870
8.7756509781,-0.0116410637,0.0032829200,-0.0041058743,-0.2368641794,-0.0064956900,-0.0451004095
8.7856960297,-0.0078758979,0.0140665630,-0.0191987231,-0.1932589114,0.0109876962,-0.0399322808
8.7956485748,0.0005057666,0.0293408781,-0.0265442207,-0.1209977642,0.0427163318,-0.0200041104
8.8057146072,0.0069717681,0.0386909693,-0.0341292694,0.0168285482,0.0235660709,-0.0093522659
8.8155994415,0.0121956980,0.0486026555,0.0126443421,0.1404425055,0.0459715128,-0.0010851482
8.8256263733,0.0077375686,0.0610868782,0.0112465536,0.2438506484,0.0554760695,0.0168416537
8.8356742859,0.0135295009,0.0275226980,0.0079573905,0.3015449643,0.0432300530,0.0328180902
8.8456602097,0.0019110355,-0.0189612061,0.0065469062,0.2289863527,0.0426052772,0.0254360754
8.8556613922,-0.0156298969,-0.0587213188,0.0160787627,0.0743854493,0.0263173841,0.0097102411
8.8656253815,-0.0078788782,-0.0627227873,0.0035397925,-0.0855086073,0.0067386227,-0.0102365687
8.8756465912,-0.0001891639,-0.0425206572,-0.0156820491,-0.1739287525,-0.0079950495,-0.0281394012
8.8855915070,0.0065439260,-0.0187441558,-0.0299620703,-0.1790737212,-0.0210874155,-0.0546106920
8.8956375122,0.0053175604,0.0158755928,-0.0346105769,-0.1642905027,-0.0059116585,-0.0430323333
8.9055585861,0.0060682809,0.0272079557,-0.0274129584,-0.1367733926,0.0064211739,-0.0006358731
8.9156656265,0.0021274898,0.0086360434,-0.0084547484,-0.0824331865,0.0154623389,0.0077677323
8.9255743027,0.0076417839,0.0250343531,0.0072662150,0.0211477969,0.0130116986,0.0023993319
8.9356279373,0.0046169972,0.0364765972,-0.0017896972,0.1342105716,0.0140980026,0.0267468821
8.9455738068,-0.0050582970,0.0223221034,-0.0119807208,0.2120534331,0.0211764183,0.0340833589
8.9556484222,-0.0039800489,-0.0050543393,-0.0045188749,0.1929475218,0.0102912802,0.0288573019
8.9655551910,0.0011356983,-0.0301178247,0.0011517919,0.0906432569,-0.0139408223,0.0375850163
8.9755477905,0.0034555111,-0.0425408036,-0.0008877598,-0.0052607739,-0.0266100131,0.0175477918
8.9857196808,0.0017271552,-0.0381497890,-0.0057715857,-0.0692474842,-0.0262086745,-0.0025955602
8.9955511093,-0.0010959592,-0.0213813335,-0.0106170857,-0.0959173068,-0.0264536850,-0.0068237279
9.0055742264,-0.0039726282,-0.0076486017,-0.0046549523,-0.0981152132,-0.0200306736,-0.0036766704
9.0155382156,-0.0076572681,-0.0037288512,-0.0123488391,-0.0884211734,-0.0285533201,-0.0100060720
9.0255680084,-0.0064610625,0.0062298034,-0.0259538367,-0.0724523291,-0.0241364688,-0.0079210829
9.0355281830,-0.0044001723,0.0174370259,-0.0180997327,-0.0489757657,-0.0291642491,0.0090986472
9.0455474854,0.0037091288,0.0143241147,-0.0151286209,-0.0115975002,-0.0320633687,0.0112161264
9.0555191040,0.0038846943,0.0202075690,-0.0103605473,0.0085648932,-0.0180032104,0.0121728666
9.0655555725,0.0011427018,0.0184714943,-0.0016993367,0.0321373306,-0.0295594633,0.0143561251
9.0755119324,-0.0014938202,0.0150314132,-0.0009642922,0.0779583529,-0.0185475592,0.0100002596
9.0854949951,-0.0073923552,0.0168825835,-0.0012560569,0.1224611029,0.0286692213,-0.0083976556
9.0954923630,-0.0203394685,0.0024581407,0.0043396866,0.1447747946,0.0395658128,-0.0042342031
9.1054868698,-0.0140249813,0.0048300778,0.0227354690,0.1392055899,0.0558180176,0.0264736414
9.1154909134,0.0012172672,0.0049280380,0.0188221261,0.0965691879,0.0438297987,0.0382682495
9.1254873276,0.0069611585,-0.0218565911,0.0424067304,0.0125781437,0.0088425195,0.0226179175
9.1355257034,0.0150957620,-0.0231318325,0.0161102340,-0.0403927974,-0.0344436988,0.0080609461
9.1455898285,0.0173981395,-0.0080613336,0.0072434461,-0.0636826754,-0.0539529547,-0.0024201910
9.1555442810,0.0062434589,-0.0040390934,0.0032352128,-0.1019179374,-0.0725250468,-0.0139559396
9.1654710770,0.0038404975,-0.0021073665,0.0120783960,-0.1264898628,-0.0642918795,-0.0288656466
9.1755084991,0.0004461620,-0.0031614448,0.0063028848,-0.1104989201,-0.0578425005,-0.0395443924
9.1857414246,-0.0030581441,0.0018966948,-0.0034685812,-0.0774893016,-0.0437836722,-0.0502825230
9.1955251694,-0.0108988369,0.0269225389,-0.0065628970,-0.0190322474,-0.0123511823,-0.0526536666
9.2054529190,-0.0206818972,0.0270920247,-0.0154831493,0.0426108763,0.0097376080,-0.0252177827
9.2155170441,-0.0188101921,0.0139514068,-0.0164594129,0.0445580482,0.0217495300,0.0033900274
9.2254772186,-0.0072192932,-0.0041676606,-0.0094428146,0.0348486975,0.0271727908,0.0214222912
9.2355060577,0.0043230271,-0.0155267855,0.0063560521,0.0177894179,0.0217617806,0.0289053731
9.2454328537,0.0061144447,-0.0096583804,0.0180933401,-0.0087756133,0.0045100893,0.0354101472
9.2554273605,0.0031938169,-0.0040810551,0.0210284516,-0.0215870142,0.0033715882,0.0386125967
9.2654209137,0.0061889207,0.0034953807,0.0190924928,-0.0064789047,-0.0115836598,0.0259503312
9.2754192352,0.0132678663,-0.0004111672,0.0161781833,0.0139299650,-0.0211737026,0.0111255785
9.2854804993,0.0077850735,-0.0141291460,0.0151284253,-0.0083878571,-0.0257849656,-0.0079519758
9.2953748703,0.0040874695,-0.0105359694,0.0121505177,-0.0531618558,-0.0294175167,-0.0174595937
9.3054780960,0.0043249344,-0.0061582769,0.0082595861,-0.0563430004,-0.0315887928,-0.0185056850
9.3153963089,-0.0002610471,-0.0038227881,-0.0112812603,-0.0798553824,-0.0264638048,-0.0227716677
9.3252258301,-0.0049606347,0.0116827646,-0.0326867774,-0.1385969818,-0.0247351471,-0.0174298994
9.3352355957,-0.0165871177,0.0173126906,-0.0384125784,-0.1045692489,-0.0042647598,-0.0292727109
9.3451995850,-0.0206566248,0.0166515261,-0.0391912535,-0.0631776005,0.0207284745,-0.0188397765
9.3553190231,-0.0122810388,0.0260174125,-0.0262252763,-0.0537340343,0.0316871144,0.0044562239
9.3655710220,-0.0047567869,0.0171936303,-0.0113367522,0.0305925645,0.0271043479,0.0171757471
9.3753700256,0.0018313143,0.0129910568,0.0052705919,0.0861060247,0.0264646560,0.0171412583
9.3853673935,0.0033374045,0.0245095640,0.0285961553,0.0635980517,0.0338538662,0.0266705826
9.3954010010,0.0100015914,0.0172647387,0.0510855839,0.0563156381,0.0050661573,0.0417363495
9.4053678513,0.0171028879,-0.0115090748,0.0618858859,0.0638819486,-0.0034892475,0.0343498066
9.4154224396,0.0096878922,-0.0308400244,0.0373466536,0.0351709351,-0.0092256963,0.0142205721
9.4253482819,0.0029771540,-0.0328126103,0.0577667877,-0.0372292250,-0.0311797317,0.0122887138
9.4354019165,0.0082432842,-0.0237460583,0.0441178605,-0.0872172937,-0.0456321724,-0.0077686170
9.4452838898,0.0105714118,-0.0119662425,0.0148674762,-0.0978422388,-0.0364312157,-0.0471293405
9.4552745819,-0.0009120789,-0.0041599716,-0.0046548927,-0.1096050292,-0.0343747251,-0.0460724644
9.4653301239,-0.0085882032,0.0114678601,-0.0056051100,-0.1032560468,-0.0341803133,-0.0290798973
9.4754018784,-0.0085302079,0.0243901163,-0.0035842143,-0.0746192038,-0.0177925527,-0.0132693760
9.4853200912,-0.0033026126,0.0160486251,-0.0122345174,-0.0488938726,-0.0356541052,-0.0004228202
9.4953861237,-0.0010537293,0.0110751251,-0.0181247666,0.0193143431,-0.0160268769,-0.0165324155
9.5053100586,-0.0079047764,0.0191113502,-0.0339151099,0.0147097381,0.0193257891,-0.0029473635
9.5153064728,-0.0079501951,0.0053160642,-0.0230292752,-0.0440081693,0.0084422464,0.0269090682
9.5253334045,0.0007139358,-0.0056109871,-0.0032360039,-0.0141781019,0.0213713609,0.0119309183
9.5352458954,-0.0053987289,-0.0056815888,0.0036623992,-0.0056386767,0.0256201681,0.0012742791
9.5453338623,-0.0086565698,0.0029225801,0.0017697730,-0.0133852800,0.0503332391,0.0234296490
9.5551395416,-0.0091551924,0.0029224609,0.0136578595,0.0304077417,0.0505928956,0.0138345454
9.5653133392,-0.0058911527,-0.0050465609,0.0625922009,0.0923880190,0.0477478392,-0.0000013749
9.5752840042,0.0102797663,0.0096368054,0.0488480851,0.1159904152,0.0319313295,0.0043359827
9.5853404999,0.0201097932,-0.0002488340,0.0263105556,0.0873177573,0.0051804068,0.0268396921
9.5952682495,0.0089698946,-0.0362428278,0.0037786879,0.0011384021,-0.0234094262,0.0111486148
9.6053390503,-0.0033254114,-0.0544183999,0.0018654980,-0.1118696406,-0.0309142135,-0.0142211905
9.6152582169,-0.0148413563,-0.0401865691,0.0068157231,-0.1800220609,-0.0496402308,-0.0172382854
9.6252679825,-0.0088661695,-0.0046087350,0.0030605712,-0.1577279419,-0.0355553031,-0.0152204083
9.6352481842,-0.0049022818,0.0196724981,-0.0153709138,-0.0800657719,-0.0018601918,-0.0197417904
9.6452436447,-0.0010795083,0.0270917714,-0.0220814422,-0.0258070640,0.0136679010,-0.0028821162
9.6552438736,0.0045135533,0.0328299105,-0.0209726766,-0.0079869181,0.0428937003,0.0234739892
9.6652374268,0.0059464192,0.0328193307,-0.0266264752,0.0332358852,0.0892433524,0.0316437706
9.6753082275,-0.0104776407,0.0167967677,0.0125250136,0.0908602923,0.0865911096,0.0443696827
9.6852245331,-0.0033296433,0.0130315879,0.0467412397,0.1263959259,0.0452647097,0.0541743785
9.6952896118,0.0211535301,0.0103245238,0.0202996656,0.1417383999,0.0035534820,0.0374366790
9.7052173615,0.0174844172,-0.0120341917,0.0220083520,0.1002665833,-0.0034524959,0.0056393333
9.7152366638,0.0050915396,-0.0253692716,0.0081306016,0.0107807759,-0.0223833099,-0.0026762539
9.7252082825,0.0062588667,-0.0140174767,-0.0016840779,-0.0755719543,-0.0285586473,-0.0216989461
9.7352600098,-0.0014928069,-0.0041630710,-0.0074831331,-0.1054586172,-0.0193792637,-0.0461727306
9.7451820374,-0.0198903475,-0.0032843198,-0.0220805481,-0.1054849774,-0.0161730852,-0.0461935066
9.7552814484,-0.0278206859,0.0124532590,-0.0366677120,-0.0748169497,0.0172333419,-0.0421821177
9.7651882172,-0.0311252568,0.0266812146,-0.0424171165,-0.0247942619,0.0274119433,-0.0220976230
9.7751846313,-0.0150649333,0.0464093685,-0.0266483501,0.0231383778,0.0270007495,0.0118699325
9.7852087021,-0.0026261893,0.0508306473,-0.0344292000,0.0966160595,0.0374334194,0.0404355302
9.7951450348,-0.0015459743,0.0167428404,-0.0373998359,0.1521757245,0.0272601433,0.0500226431
9.8051834106,0.0062391078,-0.0014270390,-0.0258236602,0.1394721866,0.0164285339,0.0447897986
9.8151626587,0.0080104684,-0.0042894329,-0.0015732729,0.0871244147,0.0213705618,0.0447928607
9.8251581192,0.0157483723,-0.0105871102,0.0160095021,0.0328225642,0.0049095638,0.0438751355
9.8352069855,0.0206791963,-0.0173128694,0.0385307595,-0.0129316095,-0.0031401070,0.0195269194
9.8451509476,0.0110676503,-0.0274659544,0.0356252119,-0.0437960476,-0.0036149486,-0.0080706198
9.8552322388,0.0061676716,-0.0210972577,0.0444568321,-0.0574619249,-0.0210037939,-0.0291957445
9.8651399612,0.0110534644,-0.0010869647,0.0405731723,-0.0573865548,-0.0285210982,-0.0333966166
9.8751964569,0.0074155545,0.0080494741,0.0170937106,-0.0669161528,-0.0371627882,-0.0354589708
9.8851318359,-0.0010041383,0.0004765843,0.0073699867,-0.0925597250,-0.0362469293,-0.0301350430
9.8951063156,-0.0114081884,-0.0071621086,0.0035222687,-0.0786396489,-0.0404384769,-0.0333063342
9.9051456451,-0.0218341742,-0.0067946757,-0.0072808350,-0.0499757826,-0.0262134690,-0.0206699017
9.9151592255,-0.0259008203,0.0222030431,-0.0093652094,-0.0129450588,0.0083983038,-0.0060451524
9.9251203537,-0.0174365733,0.0410319716,-0.0191412047,0.0626066923,0.0336466692,0.0032998796
9.9351768494,-0.0100102806,0.0379616469,-0.0279237702,0.1081806943,0.0683119670,0.0157907717
9.9451017380,-0.0086439932,0.0204896480,-0.0141780460,0.1133424342,0.0855434239,0.0262993388
9.9551868439,-0.0034750488,0.0058543240,-0.0072031701,0.1056980938,0.1016235873,0.0389498845
9.9650936127,0.0054145968,0.0020443355,0.0095409667,0.1196791679,0.0930905566,0.0283715427
9.9751567841,0.0103882467,-0.0074609960,0.0399053022,0.1207634658,0.0940990970,0.0198631436
9.9850997925,0.0233988073,0.0034540449,0.0359653756,0.1307239532,0.0461893603,0.0329155624
9.9951477051,0.0311595108,-0.0081800064,0.0456290767,0.0980989039,-0.0044288104,0.0183957424
10.0051431656,0.0267514195,-0.0244062394,0.0229808614,0.0237538330,-0.0363076478,-0.0174669176
10.0150489807,0.0135813272,-0.0306283683,0.0140291965,-0.0827431828,-0.0576369017,-0.0406274982
10.0251655579,-0.0034188118,-0.0309459716,0.0022972741,-0.1797584146,-0.0722906813,-0.0415271148
10.0350732803,-0.0242725108,-0.0300624520,-0.0044218386,-0.2383826971,-0.0771440268,-0.0563293621
10.0450677872,-0.0258684848,-0.0037277783,-0.0149790728,-0.2096565217,-0.0630820021,-0.0628149584
10.0551023483,-0.0247838888,0.0270516723,-0.0285270885,-0.1372865885,-0.0347733982,-0.0672969222
10.0650472641,-0.0257793460,0.0467385203,-0.0470177606,-0.0617992878,-0.0062192539,-0.0462869816
10.0750026703,-0.0201180670,0.0513728410,-0.0517503098,-0.0290985946,0.0253802165,-0.0050801560
10.0850706100,-0.0096968794,0.0454214215,-0.0348510221,-0.0303404275,0.0362855978,0.0214097742
10.0950288773,-0.0003143337,0.0307243317,-0.0159389451,-0.0122614251,0.0470559523,0.0138875432
10.1050968170,0.0012052569,0.0152960131,0.0106614148,0.0187311117,0.0471957661,0.0021786885
10.1151371002,-0.0080222869,0.0077778106,0.0233964249,0.0378937535,0.0547969639,-0.0010705008
10.1250867844,-0.0144424820,0.0112459222,0.0272678658,0.0933157355,0.0648538619,-0.0001120290
10.1350469589,-0.0033727076,0.0105658928,0.0302016065,0.1679930240,0.0707660764,-0.0012647784
10.1450691223,0.0076308167,0.0027463292,0.0652530715,0.2012697607,0.0527540520,-0.0128575182
10.1550188065,0.0181147959,-0.0023832764,0.0542925522,0.1651863307,0.0247402601,-0.0062760487
10.1649780273,0.0124871051,-0.0258119553,0.0364906117,0.0747320652,-0.0101426225,-0.0038618932
10.1750173569,0.0061282730,-0.0502548367,0.0188641474,-0.0594371930,-0.0371236391,-0.0375889651
10.1850233078,0.0006038162,-0.0484146625,0.0053121960,-0.1841061562,-0.0512040406,-0.0714071169
10.1950092316,-0.0040316666,-0.0336908251,-0.0022522889,-0.2523194253,-0.0582691357,-0.0861883238
10.2050170898,-0.0096202875,-0.0114842197,-0.0283479765,-0.2374411523,-0.0485712364,-0.0905111656
10.2150077820,-0.0164940748,0.0092928419,-0.0359209254,-0.1694583744,-0.0105767176,-0.0833669752
10.2249946594,-0.0148043418,0.0305323303,-0.0503023341,-0.1334777325,0.0114316456,-0.0421015546
