0.0000000000,0.0030496125,-0.0112515185,-0.0041420241,-0.0477672629,0.0062667793,-0.0031331875
0.0098880529,0.0058964645,-0.0038427801,0.0015747765,-0.0296590999,0.0095943995,-0.0052597220
0.0201640129,0.0058373255,0.0047797766,0.0102696037,-0.0007257201,-0.0017764999,0.0021598449
0.0301370621,0.0028979708,0.0088415351,0.0112884259,0.0323963873,-0.0035810575,0.0074656606
0.0400240421,-0.0030041779,0.0004493503,0.0084855771,0.0419134051,0.0050057727,0.0095900651
0.0502569675,-0.0059061493,-0.0070541594,-0.0011458179,0.0246201698,-0.0752903968,0.0860038772
0.0603510141,-0.0668493360,-0.0206056926,-0.0129775191,0.0014799638,-0.4097918272,0.4033212662
0.0707199574,-0.0106934933,-0.0197762940,0.0271027312,-0.0187496729,-0.4165703654,0.3672218323
0.0805180073,0.0302824602,-0.0155403409,0.0289814100,-0.0555350929,-0.0644452795,0.0669194683
0.0904910564,0.0235645249,-0.0084787402,0.0072890739,-0.0637373626,0.0039353818,-0.0126792220
0.1006449461,-0.0018377261,-0.0021416934,-0.0017354867,-0.0306321941,0.0021795596,-0.0010097829
0.1108490229,0.0099142352,0.0123626497,-0.0027252217,0.0131674856,-0.0016199723,0.0085333884
0.1206200123,0.0069990200,0.0135291722,-0.0094860578,0.0345349610,-0.0035212697,0.0138363410
0.1308510303,0.0020367806,0.0070981886,-0.0093547488,0.0408344008,0.0071862359,0.0202108826
0.1408439875,-0.0040069330,-0.0013412328,-0.0063274880,0.0226367004,0.0123054972,0.0159704648
0.1509679556,-0.0041921842,-0.0080130193,0.0034837346,0.0002019657,0.0141832912,0.0085445074
0.1610070467,-0.0219019316,-0.0019351633,0.0045547704,-0.0157775581,0.0107838335,-0.0031324553
0.1710850000,-0.0147577627,-0.0007729324,0.0047167162,-0.0252464302,-0.0031346451,-0.0095077967
0.1811089516,-0.0054392698,0.0080798473,0.0070527415,-0.0112356981,-0.0167921335,-0.0073951110
0.1912410259,-0.0063461843,0.0096128490,0.0009880880,0.0121995863,-0.0123292087,-0.0052752346
0.2012289762,-0.0072292569,0.0030816107,0.0013386229,0.0228519384,-0.0101006087,-0.0031527618
0.2112849951,-0.0077290232,0.0010298102,0.0012312153,0.0269968808,0.0027241095,0.0053469827
0.2214169502,-0.0069527398,-0.0009690317,0.0033992745,0.0215792395,0.0111999521,0.0106617874
0.2314319611,-0.0055971886,-0.0087427888,0.0036766746,0.0055083940,0.0174261555,0.0106689772
0.2415670156,-0.0017544994,-0.0083433483,0.0076630334,-0.0137336105,0.0204064343,0.0053666905
0.2517050505,0.0020644632,-0.0102000032,0.0125884032,-0.0254091751,0.0139240324,0.0032428193
0.2617089748,0.0007776959,-0.0071969721,0.0142407035,-0.0232425593,0.0107524078,0.0021792194
0.2717579603,-0.0022516842,-0.0032568367,0.0138994073,-0.0200326517,0.0096916705,-0.0020693215
0.2819499969,-0.0090704551,-0.0008681210,0.0117394542,-0.0243749078,0.0171095729,0.0021822155
0.2918319702,-0.0128946109,-0.0060845409,0.0028630118,-0.0234153736,0.0277150795,0.0000636708
0.3019959927,-0.0147639504,-0.0033961625,-0.0020958562,-0.0309278034,0.0318724737,-0.0031171422
0.3119549751,-0.0108661307,-0.0012392194,0.0009041646,-0.0406171829,0.0402766094,-0.0031104847
0.3221089840,-0.0091270236,0.0027201681,0.0019007543,-0.0363161229,0.0371235609,-0.0041745505
0.3320989609,-0.0084985374,0.0047521200,0.0019521335,-0.0298409164,0.0297247674,-0.0084270854
0.3421989679,-0.0106227798,0.0095592942,-0.0000062963,-0.0190858990,0.0213304833,-0.0084345425
0.3522319794,-0.0106168007,0.0064680781,-0.0029968400,-0.0083725331,0.0171727575,-0.0095011387
0.3624919653,-0.0072878296,0.0024079292,-0.0049932380,0.0023728423,0.0098177716,-0.0126925372
0.3723959923,-0.0048012803,0.0017504303,-0.0058799763,0.0183898918,0.0088896602,-0.0137588670
0.3824330568,-0.0013322489,0.0011182337,-0.0048156758,0.0236604474,0.0153169334,-0.0116341971
0.3925700188,-0.0000652069,0.0003465621,-0.0028140328,0.0172262490,0.0184509419,-0.0105691990
0.4027780294,0.0040280339,-0.0055317376,-0.0057193418,0.0086873565,0.0183770377,-0.0105677349
0.4127169847,0.0061469791,-0.0086053405,-0.0086915279,0.0044960734,0.0109473513,-0.0052613863
0.4226800203,0.0043963720,-0.0079396460,-0.0078490162,0.0013391087,0.0066889571,-0.0031388470
0.4328340292,-0.0002619470,-0.0110029373,-0.0059810658,0.0034829536,0.0056327474,-0.0052635167
0.4430420399,-0.0001760194,-0.0032503696,-0.0030816575,0.0002456428,0.0099033257,0.0032346966
0.4529730082,-0.0051215920,-0.0032849403,-0.0070062061,-0.0041102245,0.0183263719,-0.0010071864
0.4629590511,-0.0062847319,-0.0092345271,-0.0089695239,-0.0212169066,0.0213391408,-0.0041864016
0.4731130600,-0.0025673429,-0.0094660018,-0.0041605611,-0.0329004601,0.0159523636,-0.0010007281
0.4833270311,0.0010596818,-0.0085568223,-0.0022046946,-0.0296776891,0.0138369482,-0.0041874000
0.4932420254,0.0036790264,-0.0074995849,-0.0002063891,-0.0190543421,0.0181049295,-0.0148059558
0.5032290220,0.0093661482,-0.0102755819,0.0008579114,-0.0093048261,0.0033503517,-0.0126939360
0.5133659840,0.0133930491,-0.0090429578,0.0019163111,-0.0005920287,-0.0134818926,-0.0020865656
0.5234600306,0.0077026081,-0.0050520096,-0.0048997183,0.0079451604,-0.0123003805,0.0053469832
0.5334149599,0.0000827579,-0.0048931930,-0.0116868997,0.0057070400,-0.0016743676,0.0106618535
0.5435620546,-0.0056836600,-0.0124114547,-0.0116171623,-0.0039856145,0.0067593977,0.0149137899
0.5535639524,-0.0057565640,-0.0142750535,-0.0115680480,-0.0178779960,0.0087810028,0.0181037243
0.5634649992,-0.0029980983,-0.0152916703,-0.0086475993,-0.0253762845,0.0118903769,0.0170468483
0.5737160444,0.0006438573,-0.0085875485,0.0000951508,-0.0274663325,0.0076484941,0.0202306584
0.5837980509,0.0042248596,-0.0018476041,-0.0038083573,-0.0189117268,0.0056023872,0.0202261303
0.5938290358,0.0038755094,-0.0008877905,-0.0047712107,-0.0113038747,-0.0081323339,0.0191555396
0.6038609743,0.0037439917,0.0049711373,0.0000925878,-0.0037294729,-0.0175338238,0.0318913087
0.6139379740,-0.0010683531,0.0100103822,0.0040223221,0.0112348292,-0.0194837917,0.0382573269
0.6240370274,-0.0087323068,0.0075306203,-0.0007302543,0.0218052361,-0.0098966779,0.0297647752
0.6341309547,-0.0046872231,0.0060932841,0.0023777108,0.0186464600,-0.0141686536,0.0297634434
0.6441750526,0.0013221285,-0.0002904327,0.0074159126,0.0059037940,-0.0206674989,0.0265782364
0.6542999744,0.0024461602,-0.0021222325,0.0035631873,0.0016720314,-0.0250249635,0.0148973446
0.6642910242,0.0045181517,-0.0011645944,0.0025743465,-0.0025498522,-0.0292863548,0.0180825517
0.6744159460,0.0026980084,-0.0031402202,-0.0003551623,-0.0014411779,-0.0335348956,0.0159565508
0.6844240427,0.0018942697,0.0006477443,-0.0004152438,0.0092072850,-0.0313120186,0.0170160234
0.6945060492,0.0001023305,0.0073858704,0.0043989639,0.0218663551,-0.0163115002,0.0223292969
0.7045700550,-0.0056352573,0.0044791903,0.0063164453,0.0099965669,-0.0025808411,0.0287113599
0.7146979570,-0.0095935119,-0.0053873453,0.0053072791,-0.0092985677,0.0057186345,0.0255350079
0.7246940136,-0.0097976653,-0.0017492862,-0.0006154558,-0.0243636724,0.0171909332,0.0149255740
0.7348380089,-0.0051889638,0.0008905737,-0.0006775638,-0.0350903496,0.0223750416,0.0106836911
0.7448259592,0.0033240695,-0.0014124603,0.0050826888,-0.0425012372,0.0159099530,0.0053725489
0.7549630404,0.0070856069,-0.0036713572,0.0157118663,-0.0434426628,0.0031408942,0.0011192147
0.7649500370,0.0060710316,0.0028237610,0.0126628494,-0.0231057815,-0.0030827133,-0.0041979863
0.7751059532,0.0051890169,0.0113479402,0.0067292075,0.0036272975,-0.0081339311,-0.0010219001
0.7851999998,0.0044115712,0.0181767549,-0.0010742327,0.0217216127,-0.0026371665,0.0042865789
0.7951940298,0.0025644680,0.0057986882,-0.0038863800,0.0162943564,0.0069206520,0.0127871223
0.8051439524,0.0016274384,-0.0018517466,-0.0028731010,0.0002994910,0.0057406719,0.0159759242
0.8153719902,0.0006044550,0.0000000803,-0.0048530479,-0.0146616157,0.0077321837,0.0159807187
0.8253630400,-0.0015364358,0.0007243661,-0.0088238502,-0.0297059193,0.0170684271,0.0032468140
0.8354469538,-0.0008233408,-0.0035188289,-0.0098911906,-0.0371774174,0.0169824064,0.0000632713
0.8454699516,0.0038475622,0.0038519113,-0.0041816612,-0.0317465961,0.0074660005,-0.0020663254
0.8555480242,0.0086538130,0.0093443003,0.0005792597,-0.0081951935,0.0002440405,-0.0020759129
0.8656619787,0.0076785949,0.0121086147,-0.0004642984,0.0228803530,-0.0121824685,0.0032183849
0.8757070303,0.0068067652,0.0104100313,0.0005940417,0.0410854556,-0.0183900315,0.0032106615
0.8857589960,0.0030192477,0.0108862128,-0.0012182376,0.0485321060,-0.0150808534,0.0127680143
0.8958109617,-0.0017897630,0.0054641869,-0.0108013535,0.0442113951,-0.0097992728,0.0148953479
0.9059079885,-0.0027101631,-0.0010782273,-0.0175137892,0.0110589005,-0.0037835243,0.0053495793
0.9159450531,0.0032078107,-0.0156823788,-0.0194292441,-0.0283614770,-0.0105013484,0.0042944350
0.9260259867,0.0071946201,-0.0141322706,-0.0098327780,-0.0484724157,-0.0265596118,0.0096012494
0.9360929728,0.0053169620,0.0008295683,-0.0100689316,-0.0442811325,-0.0191299245,0.0042949012
0.9462469816,0.0024460708,0.0022539108,-0.0112406397,-0.0336173810,-0.0190624800,0.0000430979
0.9562239647,0.0054964018,0.0038573651,-0.0064911027,-0.0164351985,-0.0295026023,0.0032189174
0.9662899971,0.0067124632,0.0085353162,0.0002293208,-0.0013919091,-0.0389167443,0.0042747278
0.9763549566,0.0021596854,0.0076086726,0.0011891344,0.0113625024,-0.0334721804,0.0085214041
0.9863820076,-0.0014735305,0.0029467850,-0.0026617427,0.0134515921,-0.0292228367,0.0063988650
0.9976019859,-0.0012944782,-0.0006371232,-0.0044988175,0.0027467497,-0.0261538103,0.0032177190
1.0084680319,-0.0001842635,-0.0014444084,-0.0044535180,-0.0111274943,-0.0263028815,-0.0010258284
1.0174020529,0.0019530809,-0.0064539704,-0.0025498052,-0.0260039121,-0.0328063183,-0.0020870981
1.0273599625,-0.0007236669,-0.0047819410,0.0012288907,-0.0324404500,-0.0296928212,-0.0042077731
1.0374410152,-0.0044984813,-0.0031316669,0.0049917321,-0.0283253342,-0.0148568815,-0.0126958005
1.0468089581,-0.0034770216,-0.0034511180,0.0039022784,-0.0177192707,-0.0083971852,-0.0126957335
1.0567220449,0.0015133513,0.0011887758,0.0028622367,-0.0123261027,-0.0136002032,-0.0042053098
1.0670109987,0.0055158515,0.0001038222,0.0106202578,-0.0080716219,-0.0113937072,0.0032285715
1.0768790245,0.0056158607,-0.0018535645,0.0154690361,-0.0048111137,-0.0165945925,0.0149049349
1.0869289637,0.0018024674,-0.0018580051,0.0183755979,-0.0015548943,-0.0218437500,0.0191484820
1.0970599651,-0.0029568034,-0.0018311234,0.0096000647,-0.0015474381,-0.0229463000,0.0127771357
1.1069279909,-0.0037305015,-0.0105922315,0.0076440792,-0.0132260658,-0.0294560641,0.0064057228
1.1170339584,-0.0014502885,-0.0117057953,0.0085692024,-0.0163720567,-0.0347613469,0.0106510678
1.1270450354,-0.0031082551,-0.0011264177,0.0045806388,-0.0058302004,-0.0219568685,0.0074693891
1.1373219490,-0.0049364450,-0.0001895817,0.0045594196,0.0004948340,-0.0145225879,0.0000391032
1.1473959684,-0.0019327620,-0.0050997529,0.0055268030,-0.0026741680,-0.0176981427,0.0053465171
1.1574770212,-0.0028282437,-0.0013091357,0.0035393455,-0.0069314986,-0.0187895056,0.0064088516
1.1674669981,-0.0086470461,0.0004950670,0.0015070060,-0.0113765532,-0.0007629006,0.0106670465
1.1775369644,-0.0145926354,0.0032806008,0.0014360765,-0.0126151880,0.0161899850,0.0085522300
1.1876569986,-0.0118433749,-0.0036041231,-0.0004979750,-0.0158847794,0.0224797707,0.0011234091
1.1976699829,-0.0061447206,-0.0017378421,-0.0014636299,-0.0168986432,0.0171654336,0.0011210124
1.2077300549,0.0016235715,0.0010321646,0.0004582027,-0.0135551784,0.0033848397,-0.0010086509
1.2177920341,0.0036653732,0.0009399859,0.0013922075,-0.0070341621,-0.0082164230,0.0011074968
1.2280110121,0.0047498387,-0.0000621470,0.0023534517,-0.0037865443,-0.0135051943,-0.0010217006
1.2381720543,0.0049520885,-0.0010630281,0.0003950814,-0.0047492767,-0.0241522454,-0.0052739698
1.2481820583,0.0043224921,-0.0001644583,0.0022850255,-0.0079011014,-0.0283911321,0.0000352415
1.2583019733,-0.0002170162,-0.0012334974,0.0051403861,-0.0047838716,-0.0198612940,0.0021623084
1.2683349848,-0.0048732120,-0.0012595744,-0.0007517120,-0.0059717214,-0.0082481140,-0.0052641165
1.2784039974,-0.0037668752,-0.0022935064,-0.0066022058,-0.0059908954,-0.0060984110,-0.0010158416
1.2884130478,0.0031184372,0.0024695902,-0.0027343412,-0.0102366665,-0.0082439864,0.0011078962
1.2984670401,0.0021434580,-0.0005816909,-0.0008350989,-0.0198152587,-0.0103944894,0.0096036466
1.3085809946,-0.0008066329,-0.0007689687,0.0029911019,-0.0145139433,-0.0071782558,0.0074798418
1.3187110424,-0.0067483294,0.0020292012,0.0029241662,-0.0135762449,0.0055423332,0.0043005603
1.3286910057,-0.0088034375,-0.0000684651,-0.0000486752,-0.0157573484,0.0097549874,0.0021784869
1.3387889862,-0.0059446017,0.0065688994,-0.0069173356,-0.0178489946,0.0054923319,0.0021768892
1.3488559723,-0.0059795636,0.0034702627,-0.0021181484,-0.0274293162,0.0033068757,0.0053639608
1.3589019775,-0.0070125828,0.0022671132,0.0085206842,-0.0360249355,0.0084680822,-0.0052492688
1.3689520359,-0.0060920450,-0.0000079663,0.0123072481,-0.0359489284,0.0010049724,-0.0105605442
1.3790990114,-0.0011369878,0.0036210029,0.0054031233,-0.0198695585,-0.0063099321,-0.0148154767
1.3890800476,0.0069157486,0.0064074304,-0.0033869524,-0.0037192712,-0.0210718997,-0.0222602785
1.3991709948,0.0141462991,0.0093802121,-0.0043564220,0.0134969996,-0.0346673392,-0.0148388455
1.4092409611,0.0155393528,0.0056548622,0.0005533913,0.0155927464,-0.0303563457,-0.0074044988
1.4193179607,0.0070220497,-0.0029895396,0.0025071122,0.0112406090,-0.0218848307,-0.0042137653
1.4293839931,-0.0006184275,0.0009713976,0.0024947147,0.0068426118,-0.0091965990,-0.0052685104
1.4393500090,-0.0004513854,0.0019633381,0.0053987722,-0.0016832314,-0.0103252465,-0.0042051105
1.4494279623,0.0015969916,-0.0010932477,0.0053583602,-0.0220294110,-0.0030553497,-0.0010101158
1.4595910311,0.0016372731,-0.0033633204,0.0033071856,-0.0348248333,-0.0042351298,-0.0020692549
1.4696570635,-0.0043239663,0.0001643507,0.0031548361,-0.0339360833,0.0126819350,-0.0126799541
1.4797350168,-0.0055281217,0.0056249406,0.0030247192,-0.0350841731,0.0200165473,-0.0254175868
1.4897650480,0.0001219405,0.0072540548,0.0068311910,-0.0308225565,0.0211063791,-0.0264783911
1.4998569489,0.0039383997,0.0070314612,0.0126116490,-0.0253265910,0.0052448576,-0.0254259091
1.5100480318,0.0069577959,0.0029761700,0.0164644942,-0.0135139534,-0.0020866247,-0.0264943037
1.5199880600,0.0051182178,0.0058606472,0.0115694618,0.0067726769,-0.0029636037,-0.0254380926
1.5300160646,0.0052415808,0.0060312953,0.0028552033,0.0281014293,-0.0016652464,-0.0180127360
1.5401500463,0.0033128154,0.0073619988,0.0020069103,0.0419591852,0.0006610249,-0.0052735037
1.5502289534,0.0013472742,0.0009136109,-0.0007761499,0.0365210921,0.0112301130,-0.0042037787
1.5602869987,-0.0036113556,-0.0095357690,0.0012619713,0.0204608999,0.0163953137,-0.0041971207
1.5703020096,-0.0017682755,-0.0143848751,0.0041986327,-0.0061437609,0.0087071676,-0.0084410002
1.5804380178,-0.0018271835,-0.0126815829,0.0031444647,-0.0253392942,0.0075060814,-0.0041895309
1.5904970169,-0.0048590521,-0.0081576500,-0.0008706233,-0.0296455994,0.0106183179,-0.0094970111
1.6005619764,-0.0069274786,-0.0065551493,-0.0019730707,-0.0275651366,0.0159350522,-0.0105566829
1.6105600595,-0.0080559580,-0.0029702575,-0.0030631204,-0.0264771022,0.0138296243,-0.0094965445
1.6206480265,-0.0091767153,0.0016228764,0.0017158607,-0.0222298913,0.0159889143,-0.0094965445
1.6307179928,-0.0122653199,0.0014423339,-0.0012829086,-0.0169888474,0.0255414080,-0.0158622991
1.6407510042,-0.0133748455,-0.0064774845,-0.0110305334,-0.0191353522,0.0265629962,-0.0190466419
1.6508029699,-0.0047302875,-0.0046015475,-0.0051796813,-0.0190647803,0.0202586278,-0.0094929487
1.6608730555,-0.0009252424,0.0011973290,0.0016249636,-0.0104451915,0.0118105486,-0.0148083530
1.6709580421,0.0010671472,-0.0065591428,0.0026233413,0.0024893554,-0.0007744853,-0.0095094610
1.6809970140,0.0021538553,-0.0015560479,0.0016941646,0.0174493957,-0.0027798454,-0.0116378590
1.6910730600,0.0033091609,-0.0090972874,0.0017779091,0.0218278728,-0.0133253634,-0.0073965760
1.7013200521,0.0035013747,-0.0108596180,0.0028035261,0.0175769348,-0.0143336374,0.0064073871
1.7112280130,-0.0011966074,-0.0117091630,0.0037980895,0.0090279486,-0.0133467354,0.0064095841
1.7213180065,-0.0089017516,-0.0135816727,0.0028270700,-0.0007040408,-0.0006985851,0.0064183725
1.7313510180,-0.0099160513,-0.0106808338,-0.0010816237,-0.0093152653,0.0066537363,0.0064243646
1.7414940596,-0.0061388197,-0.0088897441,0.0008278111,-0.0158133786,0.0161537658,0.0074925586
1.7514920235,-0.0024252417,-0.0041580591,0.0056540589,-0.0200604536,0.0140086552,0.0096158301
1.7615430355,-0.0026333141,-0.0004598291,0.0094845509,-0.0211835094,0.0192697290,0.0043097483
1.7715500593,-0.0018775010,-0.0015880258,0.0075068097,-0.0190750342,0.0213621743,-0.0031226014
1.7816970348,-0.0010818163,0.0012352972,0.0026244740,-0.0115854256,0.0192846432,-0.0063109379
1.7917879820,0.0027386439,0.0041562524,-0.0012527487,0.0034542186,0.0099002635,-0.0010099827
1.8018280268,0.0027268422,0.0062522199,0.0007361987,0.0141489413,0.0078991642,0.0032334984
1.8118879795,-0.0012733632,0.0036072938,0.0095827198,0.0258353166,0.0133276181,0.0064185057
1.8219820261,0.0005903585,0.0029179065,0.0097044921,0.0280281641,0.0081104860,0.0170333330
1.8320250511,0.0024339412,0.0031400530,0.0020045261,0.0226533730,0.0123280007,0.0202228688
1.8421380520,0.0013257532,-0.0016369612,-0.0028080721,0.0013619326,0.0068088658,0.0159783214
1.8521490097,0.0012302554,-0.0095765982,-0.0067423959,-0.0264173932,0.0097431364,0.0149245095
1.8622850180,0.0001034369,-0.0050562415,-0.0078320289,-0.0413928814,0.0127471825,0.0074972189
1.8722890615,0.0008738791,0.0003489761,-0.0050544520,-0.0425723679,0.0233144071,0.0021926682
1.8824039698,0.0016033842,0.0038249104,0.0016076782,-0.0425526612,0.0211716276,-0.0009938038
1.8924139738,0.0004113061,0.0101756360,0.0004735211,-0.0436707623,0.0264522750,-0.0031132805
1.9025540352,-0.0057128887,0.0078432765,-0.0025899191,-0.0341880471,0.0381518081,-0.0116042374
1.9125490189,-0.0031058672,0.0026910214,-0.0084844017,-0.0245730504,0.0371746272,-0.0116070993
1.9226870537,0.0014497271,0.0093350615,-0.0075449725,-0.0149768796,0.0383541435,-0.0062999525
1.9326800108,0.0030761291,0.0112735834,-0.0046023508,-0.0053084074,0.0320647545,-0.0073670149
1.9428119659,0.0028951247,0.0073721316,-0.0075037261,-0.0062583564,0.0203843955,-0.0073726075
1.9528139830,0.0057459106,0.0034345298,-0.0172436610,-0.0061722025,0.0118960356,-0.0073765353
1.9628829956,0.0106693925,-0.0034877749,-0.0211416259,-0.0134540852,-0.0073157419,-0.0148168746
1.9729449749,0.0118431868,0.0002201704,-0.0163566843,-0.0175745282,-0.0221711211,-0.0095155863
1.9830189943,0.0082153687,0.0049154367,-0.0086735273,-0.0175548214,-0.0243139006,-0.0127020581
1.9931210279,0.0035811109,0.0057586040,-0.0087461257,-0.0101043331,-0.0221344363,-0.0137637947
2.0031499863,0.0047846292,0.0056843664,-0.0068380614,-0.0047852015,-0.0199035052,-0.0042078397
2.0132169724,0.0020107185,0.0046338644,-0.0107743526,-0.0005917624,-0.0124532459,-0.0063285814
2.0233049393,-0.0037840824,0.0006918220,-0.0069268723,-0.0103045767,-0.0019547984,-0.0105680674
2.0333659649,-0.0057813632,-0.0023079009,-0.0030546566,-0.0178747177,0.0075020865,-0.0148094185
2.0435271263,-0.0068540345,-0.0034210177,-0.0040741344,-0.0232657567,0.0127328010,-0.0190526322
2.0533919334,-0.0020951065,-0.0055442248,-0.0021644016,-0.0243202858,0.0116404397,-0.0222370401
2.0636768341,0.0047129621,-0.0037722678,-0.0012345096,-0.0178413503,0.0042901146,-0.0190569609
2.0739049911,0.0076800738,0.0009723810,0.0045572738,-0.0102170650,-0.0104578715,-0.0126947351
2.0840210915,0.0058659543,-0.0001174601,0.0103464937,-0.0132975448,-0.0221084021,-0.0052671786
2.0937500000,0.0002294263,-0.0060867164,0.0063824872,-0.0132895019,-0.0231684744,-0.0052686436
2.1038188934,-0.0044178064,-0.0052574966,-0.0034378548,-0.0133438297,-0.0178773068,-0.0073895850
2.1139190197,-0.0022488455,-0.0004975887,-0.0015305063,-0.0122666880,-0.0189074166,-0.0042057759
2.1239480972,-0.0010840328,-0.0005634220,0.0042670588,-0.0155213363,-0.0136303622,-0.0042023137
2.1340289116,-0.0028814930,-0.0007177981,0.0110007739,-0.0261481497,-0.0179682523,-0.0042011151
2.1441640854,-0.0047052796,-0.0058393274,0.0031265835,-0.0272456352,-0.0147737907,-0.0010138443
2.1541619301,-0.0055934149,0.0017280488,0.0001059392,-0.0134401564,-0.0083067697,-0.0042001167
2.1642508507,-0.0055625136,-0.0003408285,-0.0057750721,-0.0082131699,0.0023221718,-0.0084433313
2.1742930412,-0.0016934419,-0.0101330075,0.0039694528,-0.0156478900,-0.0008916643,-0.0031338534
2.1843938828,-0.0016245799,-0.0073252413,0.0029514648,-0.0124379825,-0.0019524016,-0.0073823943
2.1944270134,-0.0074768509,-0.0015280636,0.0058171968,0.0013468321,0.0066150539,-0.0137522100
2.2045249939,-0.0036030929,0.0014651327,0.0077950577,0.0088636046,0.0024916821,-0.0052617858
2.2145471573,0.0022969251,-0.0004481764,0.0058851461,0.0068081236,-0.0048843417,0.0053526419
2.2246580124,-0.0015172133,-0.0052410457,0.0029766180,0.0057931929,-0.0102125285,0.0032266406
2.2346999645,-0.0053406949,-0.0061802361,0.0010318974,0.0057650972,-0.0070166690,0.0053528417
2.2448170185,-0.0043435576,-0.0002958866,0.0039639692,0.0025008600,-0.0006647632,0.0074804411
2.2554199696,-0.0033782269,-0.0070763920,0.0078896498,-0.0060291123,-0.0018346233,0.0021726945
2.2652359009,-0.0003935726,-0.0120262895,0.0049423794,-0.0156029090,-0.0051222956,-0.0010119134
2.2751779556,0.0026842882,-0.0102481041,0.0009861806,-0.0144814514,-0.0104041426,0.0011087618
2.2850818634,0.0037901294,0.0023025481,0.0048186402,-0.0016514072,-0.0123727517,0.0074753147
2.2950949669,0.0048207832,0.0072349217,0.0058151106,0.0175823420,-0.0142857675,0.0138406018
2.3052420616,0.0009340090,0.0084166732,0.0078090648,0.0239052176,-0.0056725712,0.0244612899
2.3152351379,-0.0049820165,0.0047442224,0.0127518987,0.0110293142,0.0005625547,0.0212805420
2.3252978325,-0.0089800609,-0.0049782787,0.0059467773,0.0013042493,0.0121012330,0.0138561819
2.3353569508,-0.0120494319,-0.0059746001,-0.0008661529,-0.0072979750,0.0183362253,0.0053681550
2.3454220295,-0.0063633430,-0.0001629682,0.0001102308,-0.0105467653,0.0224899575,-0.0041851364
2.3555359840,0.0042381291,-0.0012247653,0.0040195803,-0.0146146370,0.0034652671,0.0127953123
2.3655328751,0.0002660906,0.0044259336,0.0039292197,-0.0156844296,0.0034213248,0.0074865664
2.3756151199,-0.0047074179,0.0052450504,-0.0039223214,-0.0039954949,0.0088630952,0.0127957109
2.3857159615,-0.0077736746,0.0100738015,-0.0068675061,0.0076885913,0.0142567949,0.0106718410
2.3958401680,-0.0088969758,0.0003797619,-0.0087666297,0.0097974427,0.0163491070,0.0032396235
2.4058339596,-0.0031039934,-0.0092123840,-0.0028379341,0.0088235242,0.0067561353,-0.0020739154
2.4158389568,0.0037564007,-0.0061473344,0.0050151567,0.0110391676,-0.0017332232,-0.0052649151
2.4259581566,0.0077459929,-0.0040934775,0.0079758978,0.0089368690,-0.0049348753,-0.0052659805
2.4360949993,0.0078011644,-0.0010780485,0.0089699840,0.0100383777,-0.0081094299,-0.0052669789
2.4461309910,0.0088840956,-0.0098153446,0.0041350941,0.0015008161,-0.0081909224,-0.0063266507
2.4561128616,0.0070652668,-0.0137432609,-0.0017248174,-0.0027354462,-0.0113899792,-0.0031422423
2.4662418365,0.0022813645,-0.0011842044,-0.0037511368,-0.0049309572,-0.0050079795,0.0021704976
2.4762899876,-0.0026018689,0.0026681630,-0.0047719856,-0.0007831911,0.0078086164,0.0096096378
2.4863729477,-0.0036866213,0.0007294921,-0.0096214795,0.0002418598,0.0120688751,0.0106733050
2.4964339733,0.0019986932,0.0056102779,-0.0086144591,-0.0018951138,0.0120796608,0.0149193164
2.5064949989,0.0077223447,0.0016724674,-0.0066592474,-0.0113836909,0.0003039618,0.0117304474
2.5166349411,0.0096553126,-0.0052858088,-0.0027976413,-0.0240505897,-0.0136436783,0.0053571030
2.5266280174,0.0097529301,0.0003486483,0.0048970799,-0.0282567851,-0.0200677551,0.0021695653
2.5366921425,0.0010782188,0.0040191915,0.0028320770,-0.0272778347,-0.0116262678,-0.0063203922
2.5467200279,-0.0046257819,0.0096842851,0.0007858494,-0.0058479114,-0.0199001767,-0.0020827702
2.5568470955,-0.0044843885,0.0165389385,-0.0070110937,0.0164012816,-0.0037464399,0.0042890422
2.5668931007,-0.0034970227,0.0079776254,-0.0049781580,0.0206298493,0.0005694788,0.0095991194
2.5769701004,-0.0026181261,0.0130631831,-0.0039176126,0.0269622337,0.0080793938,0.0138491914
2.5870571136,-0.0008087675,0.0084648337,-0.0008883259,0.0248040073,0.0101481369,0.0085417777
2.5970909595,0.0059074019,-0.0029654296,0.0050989608,0.0153473895,-0.0048105726,0.0053513106
2.6071901321,0.0089485468,-0.0018927844,0.0090328669,0.0070308703,-0.0272077583,-0.0010285580
2.6172518730,0.0023684059,0.0029641299,0.0050823311,-0.0004569795,-0.0251521971,-0.0010244302
2.6272740364,-0.0032406743,0.0018183200,-0.0027940054,-0.0207968727,-0.0189702008,-0.0020779767
2.6374039650,-0.0069946679,0.0044439342,-0.0019668718,-0.0326137692,-0.0116443103,-0.0020727171
2.6474230289,-0.0078934422,0.0040673818,-0.0079387808,-0.0359962508,0.0063647837,-0.0020628632
2.6574931145,-0.0079780286,-0.0011849196,-0.0070852418,-0.0382397510,0.0168860015,-0.0126740960
2.6675610542,-0.0031915600,-0.0043860171,-0.0052138944,-0.0200900435,0.0159557592,-0.0169263650
2.6776371002,0.0045281765,0.0003966300,0.0006150821,-0.0018965509,0.0108166570,-0.0158722848
2.6877741814,0.0034892601,0.0073121693,0.0025907974,0.0216127709,0.0078456346,-0.0148179410
2.6977670193,0.0014968893,0.0075813439,-0.0002343437,0.0386678912,0.0101301605,-0.0126970652
2.7078380585,0.0034192917,0.0021286814,-0.0030065558,0.0419049636,0.0070235832,-0.0052668457
2.7179009914,0.0024809693,-0.0082152579,-0.0018810412,0.0281539708,-0.0047275485,0.0011020373
2.7279739380,0.0006114846,-0.0158091579,0.0020811181,0.0089887995,-0.0091324169,0.0021665026
2.7378559113,-0.0031802203,-0.0148521457,-0.0008723518,-0.0102551216,-0.0061372258,-0.0010132451
2.7481608391,-0.0021114829,-0.0120819304,0.0010235527,-0.0219828822,-0.0073007615,-0.0010108481
2.7581739426,0.0009157067,-0.0093330238,0.0009529212,-0.0154948654,-0.0157399848,-0.0020783097
2.7683000565,0.0029942212,-0.0026617141,0.0076962332,-0.0069237472,-0.0188207291,0.0021651713
2.7783241272,-0.0037255506,0.0021254926,0.0047055702,0.0004720902,-0.0113144116,0.0042904401
2.7883939743,-0.0095708324,-0.0008298250,-0.0021340032,-0.0029247710,0.0077072168,-0.0031317896
2.7984480858,-0.0106364517,-0.0037556679,-0.0040650149,-0.0050838226,0.0097975982,-0.0052546621
2.8085069656,-0.0038956995,0.0011290817,-0.0001522681,-0.0040145637,0.0098346164,-0.0010077190
2.8185570240,-0.0049525867,0.0001542775,0.0037530879,-0.0072146179,0.0097990632,-0.0020680567
2.8286700249,-0.0069993581,-0.0056504104,0.0086286282,-0.0008251611,0.0108813718,-0.0073781335
2.8387289047,-0.0041021924,-0.0026590319,0.0076977829,0.0099056466,0.0045887884,-0.0105703976
2.8487710953,0.0007806835,0.0023198931,0.0048296670,0.0152892265,0.0004606221,0.0000441632
2.8588218689,0.0007672464,-0.0024947913,0.0009638885,0.0024646679,0.0024557293,-0.0020739823
2.8689279556,-0.0011565791,-0.0103566144,-0.0019808791,-0.0209881924,0.0001632804,0.0032398230
2.8790190220,-0.0020739767,-0.0028282197,-0.0030662795,-0.0295017101,-0.0019771687,0.0117345750
2.8890700340,-0.0079674413,-0.0002562197,-0.0071030636,-0.0349156484,0.0053547798,0.0043070186
2.8990900517,-0.0080421744,-0.0015743466,-0.0081977630,-0.0307006091,0.0106544700,-0.0020611323
2.9091770649,-0.0002709622,0.0060232785,-0.0033842106,-0.0114145307,0.0034367712,0.0043011596
2.9192240238,0.0045947810,0.0089235809,-0.0004585168,0.0088997176,-0.0006572397,0.0000461605
2.9292900562,0.0065610451,0.0052063968,0.0035191397,0.0260163862,-0.0047521163,0.0000397690
2.9393138885,0.0066278246,0.0045268741,0.0006921509,0.0335723087,-0.0131894099,-0.0020892951
2.9494819641,0.0038041254,0.0029485433,0.0037281730,0.0346527509,-0.0142064719,0.0032189176
2.9594740868,0.0029556905,0.0013091771,0.0018959263,0.0282083545,-0.0099831643,0.0085310582
2.9696230888,-0.0028534229,-0.0004029067,0.0009809354,0.0174736846,-0.0037034301,0.0095987190
2.9795870781,-0.0067617181,-0.0022500844,0.0019738893,0.0013906145,0.0035558813,0.0053594331
2.9897260666,-0.0097800558,-0.0072279666,-0.0009844085,-0.0179412700,0.0149760488,-0.0073715420
2.9997758865,-0.0020749005,-0.0084710512,-0.0000707885,-0.0317865424,0.0116450330,-0.0116177518
3.0098590851,0.0066741672,-0.0059219394,-0.0011444470,-0.0381126143,0.0041897800,-0.0073726741
3.0198898315,0.0086168842,0.0073779430,-0.0012849948,-0.0209690183,-0.0019864230,-0.0010084513
3.0299911499,0.0047017899,0.0101953354,0.0006176451,0.0014167139,0.0002967047,-0.0063219899
3.0400650501,0.0027603437,0.0103079285,-0.0022723456,0.0174605828,-0.0026842379,0.0032287044
3.0501229763,0.0017845562,0.0056139138,0.0026663165,0.0153162051,-0.0016349526,0.0042915721
3.0600860119,-0.0040537673,-0.0030488463,0.0017173508,-0.0007245205,0.0014017832,0.0032348963
3.0702660084,-0.0030418034,-0.0041196737,-0.0099885846,-0.0146174338,0.0034164647,0.0053630285
3.0803229809,-0.0020718570,-0.0013732107,-0.0139537835,-0.0253076814,0.0043160804,-0.0052528642
3.0903611183,0.0028083851,-0.0045394693,-0.0110991383,-0.0295160078,-0.0021356933,-0.0126876114
3.1004171371,0.0067364951,-0.0028241070,-0.0063095470,-0.0177484062,-0.0041224118,-0.0073807295
3.1106328964,0.0097480351,0.0029278903,-0.0034179471,0.0047246795,-0.0102996137,-0.0084513202
3.1253910065,0.0088834958,0.0069432463,0.0014657596,0.0229157470,-0.0154378507,-0.0073981076
3.1306669712,0.0070725908,0.0052541997,0.0112742996,0.0272327308,-0.0195684135,0.0042785229
3.1405270100,0.0033117947,0.0045202579,0.0132848835,0.0196804851,-0.0111182034,0.0085321236
3.1505918503,-0.0063740457,-0.0060778055,0.0084370589,-0.0016881861,-0.0092449356,-0.0010177058
3.1608190536,-0.0072316895,-0.0129971299,0.0045185308,-0.0229880940,-0.0136896176,-0.0031377152
3.1708970070,-0.0051225196,-0.0093480144,0.0034464221,-0.0304132532,-0.0179711822,0.0011092279
3.1809329987,-0.0069659273,0.0020926206,-0.0005687258,-0.0145176705,-0.0072765267,-0.0073840590
3.1911029816,-0.0059975754,0.0068645384,0.0013342717,-0.0060770474,0.0023401480,-0.0084431982
3.2010941505,-0.0001797745,0.0020043759,0.0072031836,0.0024652006,0.0024626537,-0.0010121797
3.2112209797,0.0017241208,0.0000425784,0.0043048481,0.0035120891,0.0046078302,0.0011122238
3.2212159634,-0.0013185249,0.0029483347,0.0003926972,0.0023580622,0.0130871348,0.0011161520
3.2313549519,-0.0034435201,0.0019782095,0.0013767103,-0.0073611438,0.0247019790,0.0053716172
3.2413520813,-0.0036642100,0.0018528907,-0.0025555869,-0.0222890135,0.0235171393,0.0064368816
3.2515001297,-0.0038470509,0.0006347803,-0.0074925204,-0.0318862498,0.0223237779,-0.0009938704
3.2614850998,-0.0020734216,-0.0045589004,-0.0046596308,-0.0393712744,0.0232713297,-0.0084243566
3.2716221809,0.0027240445,-0.0059171710,0.0030083873,-0.0423936993,0.0051786117,-0.0126798209
3.2816290855,0.0076779355,0.0035294204,0.0097149825,-0.0209117327,-0.0084212199,-0.0116301365
3.2917680740,0.0068292250,0.0082822051,0.0038182952,0.0014766613,-0.0061034709,-0.0116346627
3.3017539978,0.0069514331,0.0073786881,-0.0029769919,0.0142771183,-0.0048756865,-0.0031424421
3.3118901253,0.0041154106,0.0046045091,-0.0068327566,0.0196452513,-0.0080051674,-0.0020835693
3.3218569756,0.0032164608,-0.0001050623,-0.0038572331,0.0100623202,-0.0101896925,0.0011025700
3.3320240974,0.0023133685,-0.0000445934,-0.0048165102,0.0004192805,-0.0059810989,0.0085397139
3.3420150280,-0.0064866613,-0.0069108102,-0.0077619334,-0.0156877302,0.0033584742,-0.0020691217
3.3520979881,-0.0104469983,-0.0090066884,-0.0039473553,-0.0242497921,0.0053574429,-0.0094985422
3.3622319698,-0.0046191621,0.0004902391,-0.0001243135,-0.0220941268,0.0032753837,-0.0063152658
3.3722259998,-0.0017424444,0.0031891672,0.0007775644,-0.0178336017,0.0044082925,-0.0010067867
3.3822188377,-0.0037702615,0.0039938893,0.0026568989,-0.0135438060,0.0023306939,0.0000526852
3.3923630714,-0.0106596416,0.0077516045,-0.0032507558,-0.0072502242,0.0129620330,-0.0052525979
3.4024858475,-0.0117729520,0.0008977560,-0.0061743637,-0.0051725851,0.0182370897,-0.0126829501
3.4124908447,-0.0001467386,-0.0020316930,0.0035956721,-0.0050660586,0.0076270550,-0.0126882764
3.4225549698,0.0067361002,0.0009184090,0.0065451483,0.0025006467,-0.0018570602,-0.0126946010
3.4326190948,0.0039424975,-0.0018702240,0.0065824012,0.0142774116,-0.0060539357,-0.0211940799
3.4426920414,0.0070288968,-0.0016714127,0.0105445599,0.0217992440,-0.0112861153,-0.0201374721
3.4527859688,0.0082112635,-0.0043915901,0.0076942663,0.0218338650,-0.0144345043,-0.0148300575
3.4628200531,0.0035089669,-0.0042565260,-0.0010451457,0.0153836356,-0.0091448007,-0.0084540509
3.4729628563,-0.0013053002,-0.0051951203,-0.0049363752,0.0013975129,0.0024535321,-0.0010121131
3.4829659462,-0.0033441181,-0.0071836505,-0.0010648748,-0.0147466501,0.0161205418,0.0011224770
3.4930710793,-0.0015775816,-0.0102894697,0.0027772407,-0.0275745615,0.0181168467,-0.0009968666
3.5030841827,0.0012023008,-0.0066774581,0.0036629655,-0.0285997726,0.0138495313,-0.0031222021
3.5132179260,0.0010721093,-0.0020867379,0.0016231159,-0.0275369063,0.0138034588,-0.0116168866
3.5231871605,0.0010124153,-0.0033198686,0.0005572060,-0.0220851228,0.0021580546,-0.0148092844
3.5333528519,0.0020263013,0.0033389835,-0.0033980391,-0.0070798090,-0.0040566982,-0.0116308024
3.5433530807,0.0020949659,0.0052972939,-0.0082559371,0.0067700408,-0.0018058612,-0.0105721289
3.5534319878,0.0001605345,-0.0023574324,-0.0072408100,0.0131983785,-0.0038165476,-0.0020803737
3.5634820461,0.0001723772,-0.0050799046,-0.0013190290,0.0185169782,-0.0015925418,0.0064137788
3.5736179352,0.0011197111,-0.0058752093,-0.0002749941,0.0131626921,0.0005174805,0.0117251873
3.5836129189,-0.0009133662,-0.0086850915,0.0007387617,0.0024382761,0.0057434682,0.0138537847
3.5937728882,-0.0019936706,-0.0116710160,-0.0022049330,-0.0157130323,0.0066529373,0.0149206482
3.6037559509,-0.0050539034,-0.0080711041,-0.0071732779,-0.0403186157,0.0127895270,0.0128075620
3.6138339043,-0.0081355413,-0.0095658693,-0.0054206033,-0.0659041405,0.0092997206,0.0000707282
3.6239061356,-0.0062570344,-0.0033455284,-0.0017432949,-0.0604954474,0.0030766453,0.0149320327
3.6339600086,-0.0102728223,0.0117986109,-0.0038828035,-0.0264831483,0.0160030965,-0.0009971329
3.6440849304,-0.0074287648,0.0097226705,-0.0068358560,-0.0050657410,0.0076411702,-0.0105649382
3.6540820599,0.0063358922,0.0049356427,-0.0057791849,0.0112096360,-0.0187164005,-0.0063350396
3.6641459465,0.0085203769,0.0012194721,-0.0037611504,0.0209137425,-0.0281260815,0.0021521216
3.6742210388,0.0019046372,-0.0004998835,-0.0037112017,0.0176367238,-0.0207408685,0.0000330445
3.6841299534,-0.0047238837,-0.0022997053,-0.0036995788,0.0070122280,-0.0250511300,0.0042815190
3.6941771507,-0.0054645087,-0.0022120865,-0.0036822341,0.0017010858,-0.0271781962,0.0106525989
3.7042210102,-0.0062682587,-0.0061142240,-0.0036968966,-0.0037288330,-0.0176549982,0.0138441315
3.7146689892,-0.0081065772,-0.0023057552,-0.0037492891,-0.0059350757,-0.0102404244,0.0149109270
3.7244281769,-0.0061219702,-0.0062813256,-0.0027957340,-0.0103049763,-0.0007480534,0.0117299808
3.7346379757,-0.0062030139,-0.0083074365,0.0039904336,-0.0081930906,0.0013787471,0.0096069090
3.7446808815,0.0005837796,-0.0034837218,0.0127610182,-0.0038802596,-0.0028357056,0.0085427091
3.7547490597,0.0015534876,-0.0015370937,0.0166490898,0.0036130762,-0.0048647681,0.0127869891
3.7648220062,-0.0033090482,0.0004310517,0.0078762984,0.0035830084,-0.0016895477,0.0117276506
3.7749218941,-0.0082313782,-0.0054050479,0.0010674814,0.0002617799,0.0099189058,0.0064252969
3.7849509716,-0.0064086313,-0.0063723717,0.0049786787,-0.0040160818,0.0109919598,0.0138586452
3.7950990200,-0.0035883519,-0.0035207660,0.0059344391,-0.0125536425,0.0109104672,0.0127989734
3.8050808907,-0.0037237625,-0.0095124040,0.0039512138,-0.0211241990,0.0139910113,0.0085556926
3.8152170181,-0.0009359228,-0.0067779515,0.0077949981,-0.0221620351,0.0107640587,0.0032453495
3.8252139091,0.0087812217,-0.0069319997,0.0116729951,-0.0113494145,-0.0029012193,0.0085448399
3.8353500366,0.0117536569,0.0095594134,0.0087043261,0.0111732045,-0.0132324193,0.0212755483
3.8453478813,0.0069673662,0.0136190560,-0.0058547040,0.0356819294,-0.0098551987,0.0180850141
3.8554780483,0.0011602087,0.0013666062,-0.0018191120,0.0388929024,-0.0109020881,0.0159600787
3.8654508591,-0.0007939892,-0.0070684943,0.0031740288,0.0249694698,-0.0056906808,0.0202135481
3.8755409718,-0.0008021141,-0.0069158468,0.0012778857,0.0089076795,-0.0005462526,0.0170347989
3.8855829239,-0.0018450612,-0.0049665961,-0.0026146551,-0.0018434217,0.0067467475,0.0106696431
3.8957409859,0.0019665738,-0.0079742465,-0.0055409451,-0.0189068280,0.0055366075,0.0106733711
3.9057450294,0.0077405651,-0.0042783711,0.0051081995,-0.0230392274,-0.0071574170,0.0223487355
3.9158821106,0.0037707989,0.0061964300,0.0040298919,-0.0124409124,0.0003835901,0.0255352072
3.9258799553,-0.0051810700,0.0021710007,0.0000693420,-0.0083026262,0.0130968560,0.0170467831
3.9360170364,-0.0053346115,-0.0018282027,-0.0009220621,-0.0114395646,0.0067097964,0.0181061886
3.9460139275,-0.0005688364,0.0038563518,-0.0058285971,-0.0157111939,0.0066593960,0.0159829147
3.9561510086,0.0022787717,0.0076217856,-0.0058685322,-0.0135460440,0.0034811795,0.0138571803
3.9661641121,0.0021867757,0.0085092094,-0.0010288140,-0.0060533984,0.0014381354,0.0159779899
3.9762649536,0.0021296595,0.0065427031,-0.0010357877,-0.0039255330,0.0013736868,0.0032358286
3.9862351418,0.0001556283,0.0036154299,0.0028605084,-0.0027859407,-0.0060788365,-0.0020769783
3.9963631630,0.0031625782,0.0035683124,-0.0010458013,-0.0027555814,-0.0092826197,-0.0052639828
4.0064859390,0.0032927622,0.0064521935,-0.0078790570,-0.0005768221,-0.0134659782,0.0011037018
4.0164799690,0.0014697729,0.0093642678,-0.0118027711,0.0036400277,-0.0081029050,0.0042907065
4.0263638496,0.0005245698,0.0054984298,-0.0156809464,0.0046307761,-0.0006801428,0.0021702978
4.0366120338,0.0044177552,0.0036044030,-0.0117481733,0.0067655663,-0.0006545766,0.0032315673
4.0467510223,0.0063703139,0.0055876281,-0.0088075185,0.0035648197,-0.0007041113,0.0000477583
4.0567460060,0.0073710051,0.0046111550,-0.0019947072,-0.0016957223,-0.0081708161,0.0011071638
4.0668220520,0.0074334522,-0.0002968104,0.0028574686,-0.0091707371,-0.0082626948,-0.0031392467
4.0768408775,0.0075505082,-0.0023636909,0.0037788968,-0.0166001562,-0.0125996526,-0.0073867217
4.0870170593,0.0077163097,0.0023617356,0.0056547741,-0.0144071234,-0.0178666543,-0.0042031123
4.0970220566,0.0059472066,0.0080525484,0.0065391283,-0.0133288102,-0.0189114120,-0.0031421091
4.1070957184,-0.0017502563,0.0059763696,0.0035412528,-0.0134501699,-0.0072673382,-0.0073841922
4.1171760559,-0.0036164741,0.0058351066,0.0005610803,-0.0134507027,-0.0072742626,-0.0084459940
4.1272511482,-0.0026240605,0.0086129513,0.0053711752,-0.0167268440,0.0001248640,-0.0084415339
4.1372771263,-0.0035955566,0.0084597673,0.0043382864,-0.0156831499,0.0022284950,-0.0126879439
4.1473450661,-0.0006175930,0.0005555658,-0.0015164992,-0.0124836555,0.0022144471,-0.0190590899
4.1574850082,0.0033693467,0.0033848493,0.0023479681,-0.0070745097,-0.0051798197,-0.0211877543
4.1675891876,0.0024843146,0.0053302851,0.0042773704,0.0046664104,-0.0050497241,-0.0169433430
4.1775431633,0.0005983455,0.0044813361,0.0101510501,0.0185092539,-0.0017178436,-0.0126979975
4.1874508858,-0.0013070995,0.0026470630,0.0101915812,0.0078535210,-0.0028382353,-0.0073860558
4.1981163025,-0.0031836960,-0.0060704742,0.0131194210,-0.0059536388,-0.0093046566,-0.0042003831
4.2078170776,-0.0099356500,-0.0062096808,0.0062241773,-0.0145990308,0.0012243502,-0.0052551944
4.2178192139,-0.0138828075,-0.0084180627,-0.0016584179,-0.0328510068,0.0116205327,-0.0137397600
4.2276849747,-0.0090867272,-0.0067931209,0.0011572459,-0.0371625014,0.0158273950,-0.0137366969
4.2377462387,-0.0043166536,-0.0081388745,0.0039680819,-0.0425199829,0.0178958718,-0.0147961034
4.2479219437,-0.0034601311,-0.0075346921,0.0077383141,-0.0339512601,0.0148088681,-0.0116150901
4.2579002380,-0.0025537866,-0.0010052414,0.0066558341,-0.0179246273,0.0128059052,-0.0148055572
4.2679300308,0.0003183117,-0.0020815225,0.0046848278,-0.0061596595,0.0108272433,-0.0084380051
4.2780857086,0.0032093045,-0.0030150206,0.0047136168,0.0099271648,0.0036092775,0.0021722952
4.2881779671,-0.0007339115,-0.0048254821,0.0018443683,0.0226902049,0.0079864487,0.0053561041
4.2982249260,-0.0037044766,-0.0074916277,-0.0029390238,0.0269885473,0.0048130262,0.0011062317
4.3082480431,-0.0017858216,-0.0042456184,0.0020612101,0.0355930589,-0.0014370130,0.0074718525
4.3183479309,0.0040988442,-0.0078060124,0.0041447501,0.0302904397,-0.0046527800,0.0095951911
4.3284130096,0.0061164876,-0.0172966216,0.0032788138,0.0207753647,-0.0132118464,0.0117179295
4.3384799957,0.0062868674,-0.0122976992,0.0062309126,0.0081519801,-0.0313469097,0.0138356751
4.3483681679,-0.0003395410,-0.0064320955,0.0032702903,-0.0004177783,-0.0281812754,0.0223320257
4.3586091995,-0.0080760447,-0.0036545487,-0.0065477272,-0.0155930026,-0.0049835453,0.0202238671
4.3686800003,-0.0130369505,-0.0048320685,-0.0095462585,-0.0253379606,0.0086979792,0.0159859117
4.3787798882,-0.0112712597,-0.0002237649,-0.0076919575,-0.0297337770,0.0213996600,0.0170551706
4.3887748718,-0.0105579076,0.0004736094,-0.0058251997,-0.0287114158,0.0255826209,0.0064401440
4.3988881111,-0.0078998236,0.0041890945,-0.0000355026,-0.0159069374,0.0256806239,0.0043133437
4.4089517593,-0.0032592560,0.0090435650,0.0038751583,0.0044078426,0.0215935390,0.0011201468
4.4190111160,-0.0005183736,0.0120687392,0.0049048285,0.0140540786,0.0174264889,0.0000538172
4.4290132523,0.0032571373,0.0034775941,0.0079279160,0.0152277341,0.0068257768,0.0000482245
4.4391469955,0.0013388736,-0.0022017451,0.0070194225,0.0142895021,-0.0059017362,0.0021657040
4.4491958618,0.0004881216,-0.0039808247,0.0031703333,0.0164188594,-0.0059667169,-0.0105759241
4.4592647552,0.0025862944,-0.0067545269,0.0012808660,0.0121737802,-0.0080983117,-0.0063287145
4.4693131447,0.0046259579,-0.0027615817,0.0032661180,0.0078969039,-0.0070398380,-0.0010182384
4.4793262482,0.0056915288,-0.0036691220,-0.0015806338,0.0078532286,-0.0028096731,-0.0031397124
4.4894418716,0.0047097732,-0.0006819459,-0.0005923292,0.0141847609,0.0047290036,0.0053565037
4.4995689392,0.0036454354,-0.0015408786,-0.0005438706,0.0183909573,0.0111530805,0.0085440408
4.5095758438,0.0015398419,-0.0052745435,0.0014696339,0.0141121354,0.0121837901,0.0096073747
4.5196881294,0.0023558629,-0.0061922465,0.0044250111,-0.0019134358,0.0142006027,0.0149214473
4.5298547745,-0.0007669324,-0.0043362472,0.0014617661,-0.0136862323,0.0172819458,0.0149251083
4.5399870872,-0.0029248777,-0.0045691226,-0.0083286548,-0.0264928415,0.0171562452,0.0128046991
4.5500097275,-0.0011624427,-0.0038726421,-0.0055110236,-0.0349842235,0.0128223505,0.0106825596
4.5601491928,0.0016106447,-0.0002689751,0.0012070754,-0.0306746960,0.0085948482,0.0074939569
4.5701661110,0.0005434421,0.0043562856,0.0030613760,-0.0210282207,0.0044134855,0.0043044882
4.5802440643,0.0015350735,0.0071484055,-0.0018455168,-0.0049051782,-0.0071315835,0.0021710303
4.5902662277,0.0026037847,0.0071605053,-0.0096316719,0.0079724304,-0.0144245178,0.0053480482
4.6003870964,0.0007589949,0.0102156010,-0.0125152254,0.0164593924,-0.0090033868,0.0117193945
4.6104431152,-0.0021771151,0.0074850228,-0.0143948579,0.0227108169,0.0058504608,0.0032315673
4.6205439568,-0.0032476927,-0.0000508221,-0.0133136297,0.0226698034,0.0101152472,0.0064191050
4.6305699348,0.0015424384,0.0001599996,-0.0073770066,0.0162994973,0.0068903584,0.0085425097
4.6406469345,0.0034094569,-0.0045722220,-0.0004983923,0.0110373572,-0.0005971189,0.0064165085
4.6507072449,0.0024228250,-0.0035612376,0.0004760841,0.0046690200,-0.0038013679,0.0117254537
4.6607398987,-0.0024794075,-0.0026519985,-0.0102566862,-0.0028445562,0.0003635499,0.0096058436
4.6707119942,-0.0015151793,-0.0027135403,-0.0073553105,-0.0123066613,-0.0134719713,0.0159722622
4.6809101105,0.0005400521,0.0039405730,-0.0074311872,-0.0143738063,-0.0198150892,0.0223404132
4.6909418106,-0.0023244019,-0.0040176306,-0.0142995501,-0.0155645078,-0.0081866616,0.0170361977
4.7010812759,-0.0002747024,-0.0021714659,-0.0075294753,-0.0111457901,-0.0229895767,0.0191512797
4.7110652924,0.0038258214,0.0045209732,-0.0066212793,-0.0078561464,-0.0314649530,0.0170240793
4.7213368416,0.0030824472,0.0015198796,-0.0047149439,-0.0110053355,-0.0368117802,0.0148986103
4.7313222885,-0.0005019637,0.0053116884,-0.0077092429,-0.0088752853,-0.0368129797,0.0117117381
4.7412800789,-0.0021684612,0.0033101945,-0.0116354609,-0.0057516629,-0.0293995403,0.0053438535
4.7513508797,-0.0019194403,0.0043148603,-0.0077558537,0.0059765782,-0.0282646324,0.0010951796
4.7614579201,-0.0017056869,0.0053535905,-0.0077405353,0.0101390984,-0.0176103897,0.0021612430
4.7714748383,-0.0005823965,-0.0042559002,-0.0057462235,0.0047749067,-0.0155395158,0.0010994406
4.7815771103,0.0024921601,-0.0071613286,0.0049772481,-0.0090200016,-0.0230461676,0.0074699884
4.7916097641,0.0026792218,-0.0053211246,0.0078385687,-0.0100479545,-0.0262268484,0.0095944582
4.8017549515,0.0009125923,-0.0015379877,0.0116565442,-0.0121577112,-0.0283259526,0.0159647390
4.8117427826,-0.0037550363,0.0002733676,0.0096282577,-0.0110789714,-0.0293850917,0.0149026709
4.8218870163,-0.0055175941,-0.0008619519,0.0066338400,-0.0175451264,-0.0230680741,0.0159692671
4.8318758011,-0.0024200524,-0.0040064547,0.0065539102,-0.0282203518,-0.0232025627,0.0096008498
4.8420119286,0.0016218541,-0.0013829262,0.0054778676,-0.0315261334,-0.0125927944,0.0138541842
4.8520078659,-0.0002672071,0.0002740828,0.0043784599,-0.0272931717,-0.0094067892,0.0085453726
4.8621459007,-0.0012096086,-0.0008951517,0.0004151681,-0.0156202735,-0.0029590100,0.0053602322
4.8721361160,0.0017174861,0.0029138236,0.0081756925,-0.0038269442,-0.0081549697,0.0064168414
4.8822779655,0.0036755768,0.0029028265,0.0120709753,-0.0007006582,-0.0007069076,0.0053579686
4.8923010826,-0.0012124175,0.0038536100,0.0120312786,-0.0028321473,-0.0007194246,0.0064211022
4.9024281502,-0.0041775140,0.0018339364,0.0081235385,-0.0072098514,0.0098187039,0.0011184823
4.9124040604,-0.0052156965,-0.0011876316,0.0012737730,-0.0114871012,0.0097276233,-0.0073764687
4.9225440025,0.0005740454,-0.0022699030,0.0022309045,-0.0135766165,0.0054926649,-0.0031308574
4.9325408936,0.0025162552,0.0005529133,0.0041452269,-0.0103291050,0.0012824737,-0.0020709191
4.9426779747,0.0005732109,0.0014089255,0.0031138281,-0.0102859624,-0.0029546157,-0.0010112476
4.9526729584,-0.0003643626,0.0032767265,0.0050329189,-0.0048987335,-0.0082124285,-0.0010158416
4.9628210068,0.0017025216,0.0051743295,0.0030586938,0.0015487801,-0.0123728188,0.0032276395
4.9728069305,-0.0001918780,0.0032291322,-0.0018096349,0.0046551712,-0.0027819097,0.0053551723
4.9828529358,-0.0011558117,-0.0016236396,-0.0037427924,0.0014314149,-0.0007017145,0.0032334318
4.9928841591,-0.0031325850,0.0022817163,-0.0047222157,0.0024263440,0.0067480127,0.0053609647
5.0030398369,-0.0032583917,-0.0006022247,-0.0017789385,-0.0008948836,0.0183564667,0.0000586108
5.0130829811,-0.0014673354,-0.0016037615,0.0021217088,-0.0083120260,0.0129721528,-0.0020655929
5.0231108665,0.0023584669,-0.0016883702,0.0021116356,-0.0082561001,0.0077017574,0.0032407553
5.0332059860,0.0012853971,0.0031289964,0.0040207724,0.0002671340,0.0088313371,0.0021764231
5.0432810783,-0.0007577831,0.0031284599,0.0098636961,-0.0018681884,0.0087988460,0.0000533510
5.0534172058,-0.0017717549,0.0001780896,0.0108292913,-0.0049724756,-0.0007572414,0.0032346300
5.0634059906,-0.0017565446,-0.0008447560,0.0049736719,-0.0038968259,-0.0018366205,-0.0010133781
5.0734739304,-0.0026607248,-0.0038472207,-0.0057628532,-0.0092016552,-0.0051085134,-0.0073837261
5.0835490227,0.0023639840,-0.0029914470,-0.0077477475,-0.0133956000,-0.0125728212,-0.0073863887
5.0936760902,0.0015396891,0.0017720370,-0.0048870821,-0.0102049755,-0.0114553589,-0.0031402451
5.1036820412,-0.0013319509,0.0037062673,0.0009301523,0.0068056998,-0.0049332781,-0.0020795080
5.1137447357,-0.0043110806,0.0009461848,0.0068270187,0.0226942003,0.0068637934,-0.0042013149
5.1238031387,-0.0014498899,-0.0007937642,0.0069198827,0.0194970742,0.0068912236,0.0042939023
5.1339468956,-0.0025107446,-0.0055457447,0.0030779461,0.0045110146,0.0120845884,0.0074876314
5.1439552307,-0.0046490612,-0.0066059027,-0.0008420130,-0.0180174652,0.0235391092,0.0043136766
5.1540069580,-0.0068397294,-0.0058981273,-0.0048263450,-0.0351686738,0.0308108032,0.0032591312
5.1640701294,-0.0022686529,-0.0062926803,-0.0020082970,-0.0479534455,0.0285700224,0.0021994594
5.1741552353,0.0004150016,-0.0057447646,0.0017483452,-0.0468362756,0.0232399050,-0.0031126812
5.1842060089,0.0021837619,0.0016522913,0.0074389200,-0.0360691138,0.0137840845,-0.0031201383
5.1942601204,0.0031073173,0.0052813794,0.0063681225,-0.0209893659,0.0001281265,-0.0020686558
5.2043490410,0.0031726924,0.0070868637,0.0004773358,-0.0038194340,-0.0092717670,-0.0020777106
5.2144379616,-0.0006283554,0.0032073765,-0.0053776284,0.0046600439,-0.0038906501,-0.0020787092
5.2244720459,-0.0025477256,0.0013241379,-0.0121677304,0.0088646431,0.0025126543,-0.0020765783
5.2345380783,0.0003644643,0.0014154820,-0.0101794982,0.0045989780,0.0024601235,-0.0041977195
5.2446231842,0.0003259933,0.0004812388,-0.0023773692,-0.0039247349,0.0013591727,0.0011128897
5.2547397614,-0.0006434502,-0.0083665941,-0.0014248869,-0.0166781358,-0.0040572975,0.0011130228
5.2647418976,-0.0015698815,0.0002020208,-0.0044380208,-0.0155556118,-0.0093252966,0.0053573027
5.2748031616,-0.0024994831,0.0078479853,-0.0045011421,-0.0081306649,-0.0050365422,0.0021718957
5.2849030495,-0.0005339155,-0.0009673031,-0.0015895149,-0.0092537189,0.0002245328,-0.0031341864
5.2949361801,0.0024082554,-0.0059336517,0.0003355959,-0.0156107396,-0.0040694149,-0.0020719846
5.3050832748,0.0014995305,-0.0031588764,0.0002793291,-0.0166427139,-0.0072202003,0.0042974977
5.3149700165,-0.0014164330,0.0024746566,-0.0046858569,-0.0188852288,0.0033362368,-0.0010053220
5.3252329826,-0.0004960815,0.0023018925,-0.0057234545,-0.0178724304,0.0086367261,-0.0031265297
5.3351998329,0.0033517298,0.0031675904,0.0020446400,-0.0114056878,0.0023621859,0.0021767560
5.3453378677,0.0042704907,0.0011734276,0.0030037384,-0.0029331055,0.0087958500,0.0011160189
5.3553342819,-0.0007259282,-0.0037160309,0.0039628963,-0.0008679582,0.0151254516,-0.0073760692
5.3654737473,0.0020978977,-0.0056903157,0.0000866869,-0.0051157000,0.0129592363,-0.0084378719
5.3754758835,0.0069408943,-0.0067730937,0.0020121555,-0.0230946224,-0.0030795846,-0.0031323889
5.3855729103,0.0060331416,-0.0021555217,0.0106662726,-0.0325656235,-0.0158262718,0.0074816397
5.3955707550,-0.0036424096,-0.0024759562,-0.0002052566,-0.0251581185,-0.0094026607,0.0064219013
5.4056987762,-0.0104209287,0.0011717288,-0.0100684548,-0.0188453607,-0.0009210256,-0.0031316564
5.4157328606,-0.0035304832,0.0038990288,-0.0120579386,-0.0145087503,-0.0072227973,0.0011120242
5.4258480072,-0.0015334407,0.0047914591,-0.0062538167,-0.0048811566,-0.0092332177,0.0053557716
5.4358668327,-0.0044079307,0.0028859584,-0.0023607991,0.0078990608,-0.0070192656,0.0021673683
5.4459748268,-0.0083021587,0.0030085056,-0.0013551494,0.0131356334,0.0025348254,-0.0041999836
5.4560012817,-0.0053972523,-0.0007168146,0.0006711105,0.0153154051,-0.0016702395,-0.0010167737
5.4661369324,0.0014892077,-0.0006173642,0.0017132977,0.0068556080,-0.0091372114,0.0042906404
5.4761028290,0.0015655278,-0.0015417130,0.0036745886,0.0015378613,-0.0112903761,0.0064129131
5.4862780571,-0.0003136838,-0.0044968817,-0.0021922369,-0.0049639801,-0.0018388175,0.0000484907
5.4962649345,-0.0002815085,-0.0045068357,-0.0002505562,-0.0028428249,-0.0008009837,-0.0063220570
5.5063800812,0.0036310856,-0.0084176157,0.0046330313,-0.0039541628,0.0034129359,-0.0095050670
5.5163540840,0.0085756453,-0.0084675644,0.0085110283,-0.0070334962,-0.0082451180,-0.0031387135
5.5265312195,0.0086838836,-0.0046116207,0.0123764491,-0.0027633840,-0.0081870612,0.0000456278
5.5365400314,0.0048501496,-0.0046747718,0.0074768285,-0.0006473949,-0.0060119247,0.0053553055
5.5466318130,-0.0000267284,-0.0008085759,0.0035513858,0.0003904384,-0.0027849721,0.0106656486
5.5566649437,-0.0039626579,0.0010962395,-0.0023118635,-0.0060549183,0.0013959910,0.0096077742
5.5668101311,-0.0040073651,-0.0028714628,-0.0013679644,-0.0134917954,-0.0018384182,0.0117316451
5.5767989159,-0.0040610167,-0.0000755580,-0.0014090916,-0.0114024384,0.0024392842,0.0138556492
5.5869379044,-0.0051319781,-0.0011351497,0.0034265141,-0.0082394024,0.0055671670,0.0011148205
5.5969309807,-0.0022521685,-0.0001843365,0.0053730826,0.0014170073,0.0003179433,-0.0031370493
5.6070289612,0.0046389070,0.0037901013,0.0063880305,0.0132507635,-0.0091354800,-0.0042065750
5.6170339584,0.0067344871,0.0049099233,0.0064395885,0.0197331626,-0.0164656974,0.0021595787
5.6272077560,0.0048963246,0.0021424203,0.0035788040,0.0143687576,-0.0132877473,0.0085333223
5.6370239258,-0.0067574116,0.0002429394,-0.0032668491,0.0014873948,-0.0059863580,0.0064165751
5.6473188400,-0.0126128038,-0.0007733496,-0.0071882387,-0.0092824288,0.0034348406,0.0011150202
5.6573500633,-0.0107297255,-0.0028561146,-0.0052850624,-0.0211173594,0.0128531093,-0.0031239332
5.6674351692,-0.0020089033,-0.0001884492,-0.0053419252,-0.0285318643,0.0075105419,0.0011224770
5.6774649620,0.0008758051,0.0073530283,-0.0025149961,-0.0220414735,-0.0008654988,0.0096103707
5.6875700951,-0.0021087858,0.0121040251,0.0022902708,-0.0050350605,0.0056011891,0.0021766894
5.6975860596,-0.0031981091,0.0033339171,0.0032789926,0.0001996225,0.0151630687,-0.0031297258
5.7076878548,0.0015760703,0.0023940413,0.0062234621,0.0045565544,0.0067538712,0.0032357620
5.7177329063,0.0015434778,0.0043942835,0.0091719842,0.0056771855,0.0014438612,0.0011096939
5.7278089523,-0.0023486088,0.0015408902,0.0062700729,0.0088791046,0.0014787486,0.0021706973
5.7378821373,-0.0053431573,0.0006535856,-0.0005216381,0.0108657684,0.0163366571,0.0000549488
5.7479329109,-0.0015710363,-0.0002355369,0.0005113104,0.0077075260,0.0120716048,0.0011154197
5.7580671310,0.0032479730,-0.0021216364,0.0025040128,0.0046261959,0.0004000352,0.0053578354
5.7681360245,0.0042319712,-0.0021119805,0.0025071721,0.0036139283,-0.0048935302,0.0085408455
5.7781500816,0.0012933320,-0.0050317440,0.0015291193,-0.0007119244,0.0003685434,0.0074815066
5.7882800102,-0.0036407444,-0.0050668512,0.0053872089,-0.0049809720,0.0003243349,0.0064207693
5.7983560562,-0.0036670747,-0.0041872356,0.0034212689,-0.0082252873,0.0045262706,0.0043003606
5.8084149361,-0.0037815715,-0.0052735303,0.0053183059,-0.0158033110,0.0150502836,0.0011221442
5.8184299469,-0.0049027200,0.0003863184,0.0023406963,-0.0169238895,0.0203460474,0.0011250072
5.8284797668,-0.0031473706,0.0002071468,-0.0016045949,-0.0191236585,0.0266726520,-0.0020566713
5.8385448456,-0.0014625074,0.0009745268,-0.0026377817,-0.0202129483,0.0287642982,-0.0052404804
5.8486328125,0.0012481293,0.0037004857,-0.0017035982,-0.0211815387,0.0192405675,0.0000640036
5.8586869240,0.0010692818,0.0074479189,0.0040695886,-0.0179346148,0.0150377005,0.0021853447
5.8687467575,-0.0019749100,0.0053740647,0.0001314500,-0.0061535891,0.0108962189,0.0021802846
5.8787822723,-0.0001139635,0.0082752313,-0.0086189294,0.0044512264,0.0173421353,0.0000566801
5.8889007568,-0.0002241874,0.0063824262,-0.0115135098,0.0087692756,0.0120259319,-0.0073796641
5.8989548683,0.0046120775,-0.0003828199,-0.0085411454,-0.0018156990,0.0034514186,-0.0063192602
5.9090290070,0.0055812788,0.0005538968,-0.0036948104,-0.0081721311,-0.0008000517,0.0011128231
5.9190669060,0.0026656282,-0.0014902146,-0.0008069059,-0.0124328155,-0.0019400176,-0.0052573248
5.9291458130,0.0017302601,-0.0015934499,-0.0047478457,-0.0060849059,0.0034001528,-0.0084416671
5.9392008781,0.0027489369,-0.0016379447,-0.0086572552,-0.0028091371,-0.0039988412,-0.0084462604
5.9492940903,0.0037927856,-0.0016297193,-0.0037973304,0.0036506262,-0.0091994619,-0.0010179054
5.9591732025,-0.0010744476,0.0032360165,-0.0067323823,0.0056585707,0.0035933652,0.0053581684
5.9693870544,-0.0031202468,-0.0025594921,-0.0057385941,-0.0018225154,0.0045821965,0.0042987624
5.9794678688,-0.0012450250,-0.0084487889,0.0020433883,-0.0188735109,0.0023388830,0.0085490346
5.9912810326,0.0006755186,-0.0096512530,0.0029519419,-0.0273684617,-0.0019866230,0.0074872323
5.9996390343,0.0017036578,-0.0021075697,0.0028445343,-0.0230244473,-0.0093766954,0.0074827718
6.0096778870,0.0007743990,0.0084239151,0.0017723063,-0.0145103214,-0.0072008930,0.0042962991
6.0202040672,-0.0041051651,0.0053778496,0.0017119268,-0.0124397408,-0.0008305449,0.0021758238
6.0303540230,-0.0080469502,-0.0005751046,-0.0022180458,-0.0136192534,0.0096940007,-0.0094984090
6.0399560928,-0.0032217572,-0.0036760659,-0.0061542173,-0.0264816284,0.0148457531,-0.0158634968
6.0502977371,0.0045561013,-0.0009800585,-0.0062082191,-0.0264033340,0.0074671991,-0.0084346095
6.0600199699,0.0074629043,0.0056660976,0.0005315760,-0.0124444524,-0.0008644336,-0.0031339200
6.0699658394,0.0045418409,0.0066337194,0.0005114892,0.0078533618,-0.0027954916,-0.0010164408
6.0799770355,0.0035958071,0.0057980325,-0.0013739249,0.0228083692,-0.0036991690,0.0032273729
6.0900788307,0.0007116763,0.0060230996,0.0016067842,0.0260987040,-0.0121107623,0.0106549291
6.1001548767,-0.0011882180,0.0013462512,0.0055753211,0.0132364091,-0.0069305813,0.0085363183
6.1102237701,-0.0080269268,-0.0044429395,0.0036211829,-0.0017779600,0.0003659467,0.0085437745
6.1202430725,-0.0051135714,-0.0045645330,0.0006836870,-0.0231347010,0.0011848690,0.0000554816
6.1303648949,-0.0012069413,-0.0028877647,-0.0003908059,-0.0327617601,0.0032022134,-0.0031264634
6.1404290199,0.0046688770,-0.0013042481,-0.0014769813,-0.0412467010,-0.0022125258,-0.0084354747
6.1506252289,0.0047047590,0.0032095520,0.0022615413,-0.0305535756,-0.0042343978,-0.0073774010
6.1606588364,0.0008480107,0.0108190682,0.0021625976,-0.0060430132,-0.0008507182,-0.0095056659
6.1708030701,-0.0010782959,0.0079329219,0.0031473259,0.0120747378,0.0014020497,-0.0137563376
6.1808347702,0.0018880708,0.0071393754,0.0051830034,0.0238146968,0.0015396019,-0.0084506543
6.1909070015,0.0009377828,0.0034877269,0.0052663903,0.0195035711,0.0057463311,-0.0084474590
6.2009310722,-0.0010451706,-0.0012250335,0.0043503265,0.0087781176,0.0109513467,-0.0095040677
6.2110700607,0.0008376469,-0.0060995314,-0.0004936835,-0.0072490526,0.0129473852,-0.0073754033
6.2210388184,-0.0002489531,-0.0052487943,0.0033495047,-0.0210995115,0.0107109956,-0.0063110711
6.2311687469,-0.0032590474,-0.0054595862,0.0032744030,-0.0232577398,0.0127797397,-0.0116184847
6.2411632538,-0.0043087411,-0.0027912648,0.0002462486,-0.0222277883,0.0159241334,-0.0190503020
6.2513289452,0.0015212452,-0.0029468329,0.0021676640,-0.0124936681,0.0033036796,-0.0148118809
6.2610731125,0.0044980575,0.0018852560,0.0031126956,0.0068502272,-0.0091922041,-0.0042041778
6.2712950706,0.0026499745,0.0048724618,-0.0017421028,0.0153568964,-0.0059138532,-0.0010193036
6.2812738419,-0.0051446739,-0.0008471998,-0.0036499284,0.0089008613,-0.0006647632,-0.0010150425
6.2917170525,-0.0071269828,-0.0037518831,-0.0065683504,-0.0072021019,0.0087373946,-0.0020679231
6.3016090393,-0.0042535621,-0.0068002436,-0.0046474715,-0.0188971870,0.0043977061,-0.0010052556
6.3116817474,-0.0042911316,-0.0021658929,-0.0037725349,-0.0285237134,0.0064219749,-0.0031253982
6.3217382431,-0.0004433164,-0.0024110170,-0.0067757149,-0.0253753271,0.0117335171,-0.0063082753
6.3317999840,0.0024286178,-0.0006403418,-0.0009832165,-0.0135863107,0.0064964104,-0.0116228787
6.3419342041,0.0043962826,0.0041647460,0.0019065359,-0.0006643068,-0.0050198305,-0.0052625183
6.3519339561,0.0064287712,0.0081070270,0.0048452239,0.0111002075,-0.0069769882,0.0042897081
6.3619880676,0.0015907144,0.0043495502,0.0000163534,0.0185058974,-0.0005669584,0.0011060986
6.3720688820,-0.0023116092,0.0015757589,-0.0048074503,0.0109811369,0.0046520382,-0.0020747809
6.3821959496,0.0015781788,-0.0012969167,-0.0047743698,-0.0061262911,0.0076650721,-0.0052542621
6.3921909332,0.0025378694,-0.0033576281,-0.0018912932,-0.0220581181,0.0001051568,-0.0041921935
6.4022617340,0.0035509360,-0.0016305537,0.0029033045,-0.0273612440,-0.0031246585,-0.0041922601
6.4123449326,-0.0003271246,0.0030060618,0.0047353725,-0.0220479742,-0.0009698947,-0.0063161310
6.4224720001,-0.0022252235,0.0076739695,0.0056020240,-0.0177737065,-0.0020274359,-0.0116275400
6.4324669838,0.0007638937,0.0056040790,0.0007025221,-0.0081700804,-0.0019504710,-0.0126917390
6.4425220490,0.0037631993,0.0055395570,-0.0051425477,0.0004485212,-0.0092342831,-0.0020789756
6.4526610374,0.0009614830,0.0045968797,-0.0071057458,0.0058592651,-0.0166077781,-0.0010222330
6.4626579285,-0.0047599147,0.0007997660,-0.0061179181,0.0133051183,-0.0144337714,-0.0031472361
6.4727950096,-0.0046467702,0.0038875251,-0.0041113873,0.0196413118,-0.0080464464,-0.0084546497
6.4827947617,-0.0006383429,0.0002075939,-0.0001214525,0.0196317248,-0.0070213955,-0.0137617970
6.4929299355,0.0053727669,-0.0015664191,0.0028766016,0.0111804483,-0.0155770667,-0.0127021251
6.5029311180,0.0065654223,-0.0024944635,0.0038526277,-0.0005506696,-0.0167394038,-0.0127009265
6.5130348206,0.0018322548,-0.0054779444,0.0018689254,-0.0091729192,-0.0083259447,-0.0126945348
6.5230278969,-0.0000222730,-0.0056181941,-0.0011192342,-0.0220441371,-0.0020996076,-0.0169352200
6.5332031250,-0.0009496207,-0.0058467481,0.0036514618,-0.0316498913,-0.0022042696,-0.0201182291
6.5431909561,0.0010828866,-0.0022256465,0.0025729160,-0.0241527222,-0.0042133587,-0.0126877436
6.5533399582,0.0031458181,0.0044254865,-0.0033443947,-0.0049326876,-0.0050927345,-0.0105694653
6.5633258820,0.0041927923,0.0063980129,-0.0052886386,0.0100063942,-0.0049690972,-0.0116350632
6.5734038353,0.0072125201,0.0006990639,-0.0042375703,0.0164448526,-0.0080477111,-0.0042056423
6.5835371017,0.0043913466,-0.0020375343,-0.0032151719,0.0207884125,-0.0154162794,-0.0010254289
6.5935258865,-0.0003776992,-0.0047736559,-0.0012173435,0.0175454821,-0.0111863799,0.0011011052
6.6034917831,-0.0022567990,-0.0075829718,-0.0021594544,0.0036286013,-0.0070843124,-0.0020787092
6.6136817932,-0.0060752216,-0.0046654139,-0.0012023827,-0.0038428968,-0.0071703331,-0.0052622519
6.6237950325,-0.0060180794,-0.0066955481,0.0036196925,-0.0188184604,-0.0041449154,-0.0095047336
6.6337771416,-0.0020521092,-0.0078796539,0.0054994444,-0.0252414756,-0.0020649869,-0.0073784664
6.6438651085,0.0019101432,-0.0110016260,0.0064085941,-0.0176852606,-0.0104810419,-0.0063225892
6.6539258957,0.0050154109,0.0015240221,0.0082949614,-0.0026032487,-0.0240951199,0.0010993741
6.6640639305,0.0003051987,0.0093410518,0.0063138823,0.0068932115,-0.0133865504,0.0032251093
6.6740570068,-0.0064833458,-0.0061766300,0.0014658788,0.0036060717,-0.0049334113,0.0021683669
6.6841230392,-0.0044771913,-0.0139651988,0.0014847139,-0.0070288358,-0.0081969816,0.0042942353
6.6942367554,-0.0043941061,-0.0091867540,0.0033833601,-0.0080746608,-0.0103283096,0.0042934362
6.7042899132,-0.0043330411,-0.0034132691,0.0052961926,-0.0038716849,-0.0039386535,0.0021717625
6.7143349648,-0.0013804765,-0.0033889802,0.0023905854,0.0067580566,0.0004124190,0.0042948346
6.7243890762,-0.0004477309,-0.0062050913,0.0063361744,0.0099627441,0.0004534316,0.0064184396
6.7344589233,-0.0004838923,-0.0041658971,0.0083091473,0.0099861799,-0.0016408782,0.0106645832
6.7446041107,-0.0034328322,-0.0041141007,0.0073535661,0.0067858058,-0.0016407450,0.0149121918
6.7545890808,-0.0063905972,-0.0070215259,0.0054097394,-0.0027613603,-0.0069811819,0.0223445427
6.7646522522,-0.0083440160,-0.0051236842,0.0053733806,-0.0059508421,-0.0080563668,0.0244684797
6.7747220993,-0.0122426106,-0.0013317259,-0.0005268833,-0.0060067680,-0.0027859709,0.0191621315
6.7847881317,-0.0074006128,-0.0062624607,-0.0005237242,-0.0071063880,0.0003807941,0.0181021933
6.7948899269,-0.0035381797,-0.0005033406,-0.0005466124,-0.0049518906,-0.0017364193,0.0159769896
6.8049259186,-0.0016250567,0.0004219918,0.0023660283,-0.0070995418,-0.0007073069,0.0138538517
6.8150720596,-0.0016554700,-0.0015921087,0.0013774851,-0.0081885094,0.0013984544,0.0127933808
6.8250942230,-0.0046558264,0.0022194891,-0.0015874883,-0.0050459523,0.0066765063,0.0043003606
6.8351898193,-0.0057565267,0.0041552987,0.0013281325,-0.0019292552,0.0151994210,0.0053656250
6.8451881409,-0.0059667896,0.0022320061,0.0042755823,0.0055219498,0.0173857436,0.0053657582
6.8553171158,-0.0022109221,0.0062912013,0.0014415005,0.0386343636,0.0144847613,0.0042941021
6.8653202057,-0.0003979461,0.0126047935,0.0045437436,0.0525172055,0.0135735609,0.0085363844
6.8754148483,0.0042858426,0.0160362329,0.0086534237,0.0567100868,0.0210240204,0.0064154430
6.8854331970,0.0070943017,-0.0000060888,0.0098610735,0.0451879501,-0.0003139584,0.0042856466
6.8954930305,0.0100965509,-0.0044728611,0.0100240326,0.0410680398,-0.0152122136,0.0032174527
6.9056000710,0.0063604866,-0.0012408288,0.0003808358,0.0346750133,-0.0163359344,0.0021565827
6.9156651497,0.0006072340,-0.0019523592,-0.0044023772,0.0249739178,-0.0068846419,0.0000401684
6.9256200790,-0.0052158157,-0.0056786332,-0.0092192674,0.0163287651,0.0036300500,-0.0031377815
6.9357910156,-0.0052764821,-0.0006953867,-0.0101626301,0.0098306518,0.0131300781,-0.0020695878
6.9458971024,-0.0034902911,0.0003327040,-0.0062274714,0.0044385232,0.0184038710,0.0000564803
6.9559531212,-0.0017557064,-0.0006657632,-0.0013509771,-0.0073403716,0.0225730482,0.0043087495
6.9659910202,-0.0010338159,-0.0027431042,-0.0013823292,-0.0180420466,0.0256409440,0.0011287355
6.9760279655,-0.0012997644,-0.0029575021,-0.0014472386,-0.0276557915,0.0266319048,0.0032552695
6.9861507416,0.0023710248,0.0006728379,-0.0005398175,-0.0275904872,0.0202440470,0.0000677321
6.9961910248,0.0022071195,0.0033725111,-0.0006265423,-0.0211339220,0.0150018809,0.0011252734
7.0062751770,-0.0027926299,0.0051699486,-0.0006937763,-0.0147039061,0.0118409079,-0.0041876668
7.0163393021,-0.0028779763,0.0021409600,-0.0055880924,-0.0051253149,0.0139914118,-0.0126834167
7.0264110565,0.0029553142,0.0002091138,-0.0065293093,0.0067182686,0.0034986231,-0.0105689336
7.0364670753,0.0069174734,0.0081529226,-0.0045325537,0.0281876065,-0.0078613563,0.0085323229
7.0464739799,0.0059651700,0.0153072979,-0.0073255678,0.0473553352,-0.0034431727,0.0095919948
7.0565900803,0.0039999713,0.0012120514,-0.0061533828,0.0505545922,-0.0034429063,0.0053439867
7.0668249130,0.0089264559,-0.0041610394,-0.0020679613,0.0431936681,-0.0140763763,0.0117110722
7.0769090652,0.0080654928,-0.0048067663,-0.0019500038,0.0283305645,-0.0216061976,0.0159582812
7.0867929459,0.0013659528,-0.0066039953,-0.0038678430,0.0079872906,-0.0154656805,0.0085338540
7.0968670845,-0.0034547630,-0.0105269644,-0.0000003359,-0.0155577166,-0.0093601178,0.0000484908
7.1069927216,-0.0023983750,-0.0058694873,0.0047773342,-0.0294517744,-0.0073379120,0.0032378258
7.1169710159,-0.0033320482,0.0016083329,0.0036737542,-0.0273739751,-0.0020557989,-0.0031308574
7.1270680428,-0.0062670666,0.0023175387,-0.0003427645,-0.0210477430,0.0054065119,-0.0063142669
7.1372232437,-0.0014023924,0.0080425050,0.0006118038,-0.0039726179,0.0055694971,-0.0041949237
7.1471929550,0.0024512266,0.0051744487,-0.0003287575,0.0109787676,0.0046386560,-0.0041988515
7.1573219299,0.0033820723,0.0004568903,0.0007168272,0.0141705656,0.0057414705,-0.0020755134
7.1673297882,0.0004240801,-0.0013697536,-0.0021633287,0.0099433027,0.0014250861,-0.0073851245
7.1773991585,-0.0015322113,-0.0022413523,0.0007842401,0.0035538469,0.0003427775,-0.0020750472
7.1874899864,-0.0005478258,-0.0032336207,-0.0031064530,-0.0060577681,0.0013614364,0.0042986963
7.1975240707,-0.0045012939,-0.0033294947,-0.0051082154,-0.0124807796,0.0034413652,0.0064249639
7.2075901031,-0.0074924822,0.0004115014,-0.0051706810,-0.0167795215,0.0065722438,0.0043050209
7.2177071571,-0.0056298668,0.0021636097,-0.0062024971,-0.0253490414,0.0096737612,0.0032469472
7.2277860641,-0.0037777419,0.0009204058,-0.0043442030,-0.0274681970,0.0074997563,-0.0020638620
7.2377948761,0.0010824358,-0.0032094510,0.0053140144,-0.0316126086,-0.0053180382,-0.0095018046
7.2475819588,0.0071095158,0.0004612712,0.0110739088,-0.0196815915,-0.0242925286,-0.0063291807
7.2579188347,0.0074221310,0.0100694504,0.0032125334,0.0049294773,-0.0304026175,0.0000323121
7.2680530548,-0.0020885351,0.0130822565,-0.0084872032,0.0176279061,-0.0197232105,-0.0063354392
7.2780599594,-0.0058488506,0.0074444916,-0.0113476301,0.0196337998,-0.0069794506,-0.0073913820
7.2881488800,-0.0028882320,-0.0011649521,-0.0054308553,0.0046092048,0.0014135011,-0.0020751804
7.2982950211,-0.0009773666,-0.0079779718,0.0043219547,-0.0093060778,0.0055363411,-0.0020695878
7.3083090782,-0.0010368893,-0.0100335572,0.0101183867,-0.0189205147,0.0065133218,-0.0020665252
7.3183941841,0.0008873982,-0.0063207243,0.0100525832,-0.0178011879,0.0012037774,-0.0041930592
7.3283910751,0.0028388877,-0.0025826187,0.0100004887,-0.0103346976,0.0012346698,-0.0095042009
7.3384718895,0.0028588180,-0.0007136257,0.0070443372,-0.0006794063,-0.0028146666,0.0074801082
7.3485908508,-0.0040701139,0.0080583896,0.0089615798,0.0066433544,0.0120683424,0.0021783537
7.3586177826,-0.0090791387,-0.0074839983,0.0089860177,-0.0051168995,0.0140808932,0.0011205463
7.3686532974,-0.0053536477,-0.0075835083,0.0099511361,-0.0147751188,0.0193165354,0.0032485451
7.3787870407,-0.0035585086,-0.0087508056,0.0040661315,-0.0254181772,0.0159918442,-0.0041830055
7.3888168335,0.0022275005,-0.0041236077,0.0059333066,-0.0264109485,0.0085626906,-0.0031249318
7.3988637924,0.0051242192,0.0053836908,0.0048788409,-0.0178542137,0.0064944797,-0.0063135345
7.4089078903,0.0071029966,0.0023251085,0.0009381989,-0.0113893626,0.0001779278,-0.0073805964
7.4190282822,0.0071573858,0.0032053499,-0.0000725171,-0.0091560362,-0.0093109151,-0.0010151091
7.4290857315,0.0063009602,0.0060448553,0.0018227914,-0.0069469446,-0.0166909341,0.0032271734
7.4391388893,-0.0004005799,0.0059818830,-0.0031016846,-0.0017093047,-0.0071229953,-0.0010165740
7.4491901398,-0.0091895154,0.0069171693,-0.0070272465,0.0002808748,0.0077407723,-0.0020694546
7.4592847824,-0.0083441241,0.0039733555,-0.0080070281,-0.0083605498,0.0183039345,0.0021852115
7.4693470001,-0.0065782177,0.0028893261,-0.0070506115,-0.0190357491,0.0182121228,0.0021864765
7.4794092178,-0.0057665552,0.0006911067,-0.0071339984,-0.0307565890,0.0159391146,-0.0052442756
7.4894528389,-0.0019550095,0.0023630767,-0.0072194119,-0.0296495650,0.0116840480,-0.0084324796
7.4995222092,0.0019039555,0.0031314699,-0.0053276201,-0.0157161728,0.0053976569,-0.0148099493
7.5096530914,0.0038810042,0.0031140654,0.0005016545,0.0089246705,-0.0039586937,-0.0180053450
7.5197319984,0.0069457483,0.0043048766,0.0074044685,0.0346215144,-0.0122160912,-0.0169541948
7.5297107697,0.0051683751,0.0076297428,0.0055829505,0.0484709069,-0.0099437488,-0.0127108470
7.5398149490,0.0023576920,0.0021871536,0.0028142552,0.0302780550,-0.0047764173,-0.0095182490
7.5498528481,0.0024050516,-0.0112671647,0.0038560249,0.0003853505,-0.0028685289,-0.0020755134
7.5599389076,0.0014843909,-0.0152643118,-0.0020099063,-0.0188107155,-0.0040765386,0.0011141546
7.5699200630,0.0034756330,-0.0106559489,-0.0060046692,-0.0273904875,0.0000787249,-0.0010048561
7.5801362991,0.0015068954,-0.0060590897,-0.0022378941,-0.0295124948,-0.0009801481,0.0021805509
7.5901718140,-0.0004497575,-0.0033834965,0.0025320270,-0.0241943970,0.0000801228,-0.0052539962
7.6002550125,-0.0014072874,-0.0026039274,0.0073070149,-0.0177511461,-0.0041356608,-0.0095049338
7.6102519035,0.0005989676,0.0050655212,0.0091986870,-0.0060302299,-0.0018840246,-0.0052589895
7.6203551292,0.0016322328,0.0040666666,0.0033645846,0.0046852650,-0.0060140546,-0.0020783762
7.6304159164,-0.0002812700,0.0031609444,0.0062977890,0.0035714237,-0.0017778978,-0.0020774440
7.6404857635,-0.0042174454,0.0012728183,0.0102019524,-0.0007508863,0.0034829106,-0.0031355182
7.6505370140,-0.0081979847,-0.0035790296,0.0072828154,0.0001867870,0.0161608215,-0.0126844821
7.6606197357,-0.0043692994,-0.0016657503,0.0004804352,-0.0051818788,0.0192833785,-0.0148051577
7.6706819534,0.0013861737,0.0012068360,0.0024239044,-0.0061811516,0.0129493158,-0.0084370067
7.6807117462,0.0032904823,0.0002163259,0.0072927098,-0.0060943337,0.0044820621,-0.0052558603
7.6907768250,0.0013000375,0.0011149554,0.0014183739,-0.0018563904,0.0077303196,-0.0010083847
7.7009191513,-0.0046399529,0.0010990708,-0.0034597297,0.0034440989,0.0109183900,-0.0073789326
7.7109169960,-0.0037414725,0.0021262078,-0.0005221745,0.0088031776,0.0088706855,-0.0031341198
7.7210330963,-0.0018684672,-0.0007301362,-0.0014402649,0.0056044552,0.0088773426,0.0021756906
7.7310490608,-0.0029297131,-0.0045995209,-0.0014278075,-0.0007731235,0.0067051356,0.0032392242
7.7411170006,-0.0079137674,0.0012275188,-0.0043825884,0.0012727166,0.0151702594,-0.0031278618
7.7512159348,-0.0100310287,-0.0007350834,-0.0072840233,-0.0009698784,0.0257480685,-0.0052458737
7.7612600327,-0.0063425223,-0.0017708333,-0.0092304731,-0.0084488345,0.0267645977,-0.0020580697
7.7712869644,-0.0016755530,-0.0038151236,-0.0082664276,-0.0105350474,0.0214428026,-0.0020620644
7.7813830376,0.0001143036,-0.0058439169,-0.0072996398,-0.0051461412,0.0161843915,-0.0020660590
7.7915201187,0.0029506688,-0.0019809694,-0.0102277780,0.0045222798,0.0099092517,-0.0010099160
7.8015160561,0.0068249558,-0.0029046924,-0.0092196846,0.0046639601,-0.0038422470,0.0053539737
7.8115830421,0.0059164693,-0.0076830778,-0.0004284164,0.0058538057,-0.0154917119,0.0074730506
7.8216609955,-0.0017711626,-0.0076460633,-0.0014143965,0.0037280703,-0.0165990554,0.0032258416
7.8317871094,-0.0045667584,-0.0056888256,-0.0053307195,0.0026307153,-0.0134402132,0.0011050999
7.8417358398,-0.0034605558,-0.0017880590,-0.0063112755,-0.0016271463,-0.0145384995,0.0011056326
7.8518648148,-0.0033303867,-0.0046925936,-0.0082522416,0.0026162555,-0.0123565057,0.0042891088
7.8619151115,-0.0042575779,-0.0027060600,-0.0062996526,0.0078554917,-0.0027677950,0.0032307685
7.8719940186,-0.0042604688,-0.0026085170,-0.0072388430,0.0120920222,0.0004596235,0.0042929035
7.8821191788,-0.0013711335,-0.0014838369,-0.0052114506,0.0195427481,0.0026745745,0.0085393135
7.8919320107,-0.0004422585,-0.0022813769,-0.0041695614,0.0163744111,-0.0005296743,0.0096005173
7.9022459984,0.0005184790,-0.0031189413,0.0007461527,0.0110723246,-0.0037385172,0.0127856582
7.9122638702,0.0025093448,-0.0069365297,0.0027344446,0.0026379060,-0.0133218355,0.0191550739
7.9223589897,0.0016003257,-0.0030615123,0.0017382720,0.0015702443,-0.0133380797,0.0180935375
7.9323787689,0.0007085694,-0.0001458915,-0.0002195021,-0.0016328720,-0.0134009980,0.0127856582
7.9425158501,0.0027301018,0.0008081106,-0.0011935016,-0.0048310626,-0.0133874156,0.0191572718
7.9525117874,0.0037737009,-0.0051282737,0.0016911248,-0.0187302865,-0.0114273950,0.0127902515
7.9626502991,0.0018853886,-0.0062843952,0.0074502449,-0.0251010992,-0.0146663338,0.0127902515
7.9726409912,0.0000026194,0.0022383539,0.0092835044,-0.0219360106,-0.0114893811,0.0074814400
7.9827632904,-0.0038102488,0.0010748117,0.0072380523,-0.0187479407,-0.0104350355,0.0021721618
7.9927878380,0.0002004696,0.0057641473,0.0042559127,-0.0155658657,-0.0082715508,0.0042963657
8.0028858185,-0.0017229872,0.0066170003,0.0022595148,-0.0060149720,-0.0028826436,0.0042966320
8.0129146576,-0.0017291823,0.0036762564,-0.0035875221,0.0035469225,0.0014522503,0.0053581018
8.0229682922,0.0001864327,0.0056846049,0.0013187149,0.0078165028,0.0015033829,0.0074806409
8.0330953598,0.0050622118,0.0038706569,0.0043056230,0.0142941093,-0.0058393516,0.0117218578
8.0431041718,0.0040800986,0.0020353405,0.0043500881,0.0110735483,-0.0037176113,0.0159709305
8.0531692505,0.0001469856,0.0001641719,0.0033853273,0.0067842617,-0.0016259647,0.0170348659
8.0632476807,-0.0037935744,0.0001300184,0.0033591012,-0.0124496203,0.0002728694,0.0085463049
8.0733833313,-0.0058269235,0.0028681962,0.0032804231,-0.0253182538,0.0065053985,0.0053681550
8.0833778381,-0.0059002894,0.0054803994,0.0021936516,-0.0328318290,0.0106703155,0.0032485453
8.0934448242,-0.0001255864,0.0051554348,0.0011350134,-0.0317051783,0.0042938432,0.0000586774
8.1035423279,0.0027858992,0.0088102724,0.0029776315,-0.0220387038,-0.0020090605,-0.0031323223
8.1137723923,0.0057420549,0.0067146327,-0.0009534141,-0.0081670443,-0.0019159827,-0.0073825940
8.1280117035,0.0097506093,0.0018663912,0.0010103801,0.0090678688,-0.0176680479,-0.0052712401
8.1336326599,0.0109209912,0.0058714654,0.0010482291,0.0176791474,-0.0238849297,0.0064048567
8.1438226700,0.0032806625,0.0012097268,-0.0028048537,0.0261208341,-0.0142544089,0.0074693225
8.1538457870,-0.0034832465,-0.0004944595,-0.0017602822,0.0228815526,-0.0111043546,0.0064079864
8.1639175415,-0.0044199708,0.0016061871,-0.0026760479,0.0120605966,0.0036495579,0.0053563039
8.1739788055,-0.0035275514,-0.0071318243,-0.0046009799,-0.0061111636,0.0066522718,0.0021780874
8.1840810776,0.0003372176,-0.0072736237,-0.0017136118,-0.0209758654,-0.0008983223,0.0032398899
8.1941223145,-0.0006643305,-0.0026226135,0.0030563693,-0.0209807642,-0.0009321445,-0.0020699208
8.2042512894,-0.0016581075,-0.0008125695,0.0039639096,-0.0082098404,0.0023280971,-0.0073805298
8.2140550613,0.0042152782,0.0030747561,0.0049534659,0.0078936815,-0.0070742592,-0.0063274498
8.2243900299,0.0082040178,0.0022299199,0.0127988076,0.0133635486,-0.0196766052,0.0064064548
8.2343778610,0.0044738022,-0.0024925263,0.0070063095,0.0176350977,-0.0196048319,0.0117145348
8.2444772720,-0.0061842347,-0.0053022597,0.0031094174,0.0089340191,-0.0038197432,0.0032302360
8.2545080185,-0.0091306334,-0.0072511528,0.0001823524,-0.0093035745,0.0055639045,0.0021777546
8.2645959854,-0.0052934918,-0.0054564867,-0.0008286616,-0.0210638270,0.0075764554,0.0011199471
8.2746648788,-0.0024322825,-0.0017964335,0.0010401824,-0.0253135655,0.0053967247,-0.0020657927
8.2847690582,0.0004742561,0.0058126654,0.0029072980,-0.0145868864,0.0002126151,0.0021760901
8.2947759628,0.0004474712,0.0105922427,0.0048189382,0.0014242772,0.0003651478,0.0042968318
8.3048534393,-0.0025159526,0.0067815986,0.0067981104,0.0131621594,0.0004607553,0.0032321000
8.3149509430,-0.0054750885,0.0030403046,0.0010047177,0.0184093863,0.0089538423,-0.0031357843
8.3249883652,-0.0035934257,-0.0017043145,-0.0037893434,0.0087482370,0.0141265001,-0.0105633400
8.3350429535,0.0002438096,-0.0035888643,-0.0008256218,-0.0050839297,0.0097762933,-0.0084395353
8.3451128006,0.0011468983,-0.0026667805,0.0030632834,-0.0083284583,0.0139854187,-0.0094984081
8.3552589417,0.0000771886,-0.0027434321,0.0030243017,-0.0083180983,0.0129031772,-0.0126838824
8.3652467728,0.0058910851,-0.0027681084,0.0030490379,0.0035097990,0.0045730756,-0.0041966545
8.3753118515,0.0078422064,-0.0007416697,-0.0017835280,0.0163996574,-0.0037600885,0.0021652379
8.3854360580,0.0039761704,-0.0005654188,-0.0027044197,0.0239377357,-0.0100054676,0.0106545966
8.3954572678,0.0010713605,-0.0013496669,-0.0036098144,0.0207349397,-0.0089045838,0.0212753490
8.4054927826,-0.0038274559,-0.0031774731,-0.0065058251,0.0078415107,-0.0005630304,0.0159737952
8.4155483246,-0.0028352733,-0.0041162167,-0.0025977273,-0.0037930403,-0.0113102160,0.0106623853
8.4256305695,0.0021513854,-0.0002874823,0.0003018597,-0.0069645997,-0.0145488866,0.0064143781
8.4357357025,0.0023102020,0.0025200753,-0.0036481400,-0.0090698833,-0.0177992750,-0.0010190372
8.4457502365,0.0005011079,0.0122100618,-0.0007759711,0.0005108388,-0.0156210754,-0.0052675782
8.4558467865,-0.0003392914,0.0112972762,-0.0017364403,0.0111345090,-0.0112891784,-0.0063315113
8.4659194946,-0.0022314857,0.0075401571,-0.0046033640,0.0163870621,-0.0027268485,-0.0020813723
8.4760332108,-0.0071396003,0.0027855544,-0.0065212031,0.0098390402,0.0120271966,-0.0084406016
8.4860219955,-0.0092083951,-0.0039653573,-0.0045316597,-0.0040762424,0.0161500368,-0.0084350090
8.4961061478,-0.0044520120,-0.0050348733,-0.0064964076,-0.0179462526,0.0160634834,-0.0031225351
8.5061855316,0.0003041891,0.0015802889,-0.0046074172,-0.0232488718,0.0128477160,-0.0009991968
8.5163364410,0.0021830429,0.0062513854,-0.0017704746,-0.0199075341,-0.0009107725,0.0000552152
8.5263214111,0.0012564292,0.0051247384,0.0010987142,-0.0069954665,-0.0114089539,0.0000466931
8.5362710953,0.0023716209,0.0002666621,0.0011033037,0.0080132298,-0.0187319145,-0.0042092376
8.5464458466,0.0045516756,-0.0005705448,0.0011428812,0.0198049080,-0.0239343997,-0.0042148307
8.5565795898,0.0038695340,-0.0003382655,0.0021902542,0.0251879562,-0.0292191766,-0.0084673660
8.5665922165,0.0012321105,-0.0049668644,-0.0035804291,0.0208422095,-0.0218640584,-0.0137715833
8.5765953064,-0.0004930714,-0.0077202711,-0.0015798589,0.0100874333,-0.0134840887,-0.0158872660
8.5867099762,0.0006101248,-0.0086182449,0.0003886441,0.0046900054,-0.0071369763,-0.0116355289
8.5968542099,0.0006514160,-0.0105587635,-0.0005856535,-0.0007357597,0.0024203092,-0.0031344530
8.6068401337,0.0035801237,-0.0066745374,0.0003893593,0.0003659902,-0.0007187587,0.0021726945
8.6168870926,0.0045361561,-0.0037271173,0.0013798097,0.0089059761,-0.0005883302,0.0106645161
8.6270084381,0.0024920334,0.0012539534,0.0062743644,0.0109901661,0.0047768741,0.0170374624
8.6371088028,-0.0005347835,-0.0035773010,0.0101784682,-0.0017503714,-0.0016942746,0.0180994626
8.6471357346,-0.0044429670,-0.0046682153,0.0033048014,-0.0166092105,-0.0103681898,0.0096045118
8.6571998596,-0.0053142826,-0.0038543136,0.0032360773,-0.0197607987,-0.0157710798,-0.0010147097
8.6672153473,-0.0022200677,-0.0001517327,0.0012074927,-0.0176031031,-0.0178467445,0.0032309017
8.6773338318,0.0018683193,0.0055552926,0.0011657098,-0.0101496605,-0.0167611074,-0.0031421757
8.6874113083,0.0020267819,0.0016587286,-0.0017607590,0.0047784224,-0.0155834593,-0.0052689761
8.6974334717,0.0031112847,0.0027736037,-0.0007380625,0.0228209384,-0.0058749719,-0.0052697086
8.7075004578,0.0031326120,0.0040120389,0.0003220061,0.0312738121,0.0027014725,-0.0031439736
8.7175846100,0.0001492282,0.0023327975,0.0004290560,0.0237782672,0.0058738962,0.0053546396
8.7276897430,-0.0018650288,-0.0023901255,0.0004822830,0.0035353126,0.0025207102,0.0064199041
8.7377099991,-0.0019376160,-0.0111965630,-0.0063300510,-0.0103794383,0.0066504739,0.0074872989
8.7478456497,-0.0069192047,-0.0055066142,0.0023527960,-0.0221109279,0.0054384694,0.0000570795
8.7578430176,-0.0099333962,0.0010704605,0.0012637594,-0.0253940225,0.0139043927,0.0011250071
8.7679758072,-0.0081172278,-0.0011539848,0.0041076760,-0.0361063220,0.0168764815,-0.0169213712
8.7779836655,-0.0003407778,-0.0053458605,0.0049959640,-0.0295691937,0.0031479513,-0.0158697553
8.7880516052,0.0065966328,0.0080602076,0.0068500261,-0.0123747578,-0.0083324034,-0.0095090624
8.7981395721,0.0047629145,0.0080224182,0.0039051990,0.0068484964,-0.0092271585,-0.0095128566
8.8082818985,0.0009737020,0.0081545915,-0.0009284398,0.0228825901,-0.0111331828,0.0021619089
8.8183040619,-0.0028685140,0.0093650725,-0.0018347284,0.0239257514,-0.0089866752,0.0042849807
8.8283767700,-0.0057385745,0.0027344136,-0.0037045262,0.0175480135,-0.0111161387,0.0117181297
8.8381786346,-0.0115652410,-0.0000526996,-0.0036731742,0.0099822925,-0.0016466042,0.0096015828
8.8483085632,-0.0135754040,-0.0068108831,-0.0036524914,0.0002881195,0.0066952156,0.0000520195
8.8583478928,-0.0067949849,-0.0048912857,-0.0026538153,-0.0083160205,0.0129451221,-0.0063134679
8.8688259125,0.0048555066,-0.0088989232,0.0031899430,-0.0167560838,0.0033282475,-0.0052541289
8.8786821365,0.0068294001,-0.0031871588,0.0089763021,-0.0124417646,-0.0008369365,0.0011134888
8.8887252808,0.0029007238,0.0015459566,0.0050164084,-0.0050054183,0.0023905484,-0.0020721843
8.8987760544,-0.0000862846,0.0074024107,0.0069463472,0.0109482212,0.0078425054,-0.0010119134
8.9089164734,-0.0011585274,0.0075028446,0.0060141901,0.0077292584,0.0099850185,0.0064225672
8.9189548492,-0.0032227966,-0.0022326203,0.0070069651,-0.0104657784,0.0150890993,0.0000598758
8.9290027618,-0.0042739729,-0.0072978232,0.0059594135,-0.0327673554,0.0043040961,0.0032455490
8.9389438629,-0.0063067782,-0.0037240179,0.0048510055,-0.0350339189,0.0169692915,-0.0041804090
8.9491519928,-0.0035345065,0.0037674813,0.0057259421,-0.0297014713,0.0169743523,-0.0105525544
8.9592018127,0.0041810651,0.0074270573,0.0095494008,-0.0221134052,0.0054037822,-0.0052518654
8.9692792892,0.0061089923,0.0043651965,0.0085339760,-0.0124836816,0.0034210584,0.0032390910
8.9792861938,-0.0007922719,0.0062419679,0.0045930366,0.0013051005,0.0120226685,0.0021787533
8.9894151688,-0.0038792188,0.0043027010,0.0026549320,0.0012054984,0.0215232298,-0.0052490691
8.9994497299,-0.0001706140,-0.0044664238,0.0007556895,-0.0030581681,0.0214842148,-0.0052462728
9.0095405579,0.0055342433,-0.0035477669,0.0027122118,-0.0105046341,0.0193246566,-0.0009982646
9.0195751190,0.0063474593,-0.0026531012,0.0075514535,-0.0115575418,0.0171958599,-0.0010015937
9.0297117233,0.0022695367,-0.0018190236,0.0084675169,-0.0126337241,0.0182683151,0.0021846122
9.0397138596,-0.0028170380,-0.0000318380,0.0045063118,-0.0147917634,0.0203369912,-0.0031227348
9.0498065948,-0.0049377638,0.0027478843,0.0083344793,-0.0126468530,0.0192946307,-0.0031238003
9.0598402023,-0.0031491029,0.0075053480,0.0034412958,-0.0073175235,0.0204362608,0.0021850117
9.0699739456,-0.0072866823,0.0074316468,0.0004877666,-0.0052828686,0.0299554635,-0.0052433433
9.0800514221,-0.0075400318,0.0015422015,-0.0004817030,-0.0117146149,0.0319815986,-0.0116130915
9.0901098251,-0.0028587910,-0.0005061420,-0.0014514705,-0.0127119683,0.0244829338,-0.0211727750
9.1001081467,0.0019206112,-0.0015796812,-0.0092417384,-0.0062814737,0.0223932173,-0.0243579820
9.1102066040,0.0076967408,0.0013243167,-0.0131249810,0.0055336412,0.0150964232,-0.0201174300
9.1202592850,0.0086576799,0.0053515043,-0.0091864849,0.0184453651,0.0046410528,-0.0137564046
9.1303634644,0.0066912700,0.0046004262,-0.0032624383,0.0248880833,0.0016178323,0.0021674349
9.1403617859,-0.0021715271,-0.0010243745,-0.0041723032,0.0194995236,0.0068832347,0.0032331655
9.1505098343,-0.0081270440,-0.0096817110,-0.0041285534,0.0023727342,0.0120460391,0.0043018921
9.1605730057,-0.0092423586,-0.0107313488,-0.0109624052,-0.0169322789,0.0213991273,0.0000647360
9.1705722809,-0.0074418481,-0.0109782908,-0.0110475207,-0.0361011811,0.0169457886,-0.0063034147
9.1805753708,-0.0026442180,-0.0016180368,-0.0121567035,-0.0381753296,0.0105340295,-0.0105538862
9.1907720566,0.0012165761,0.0058756974,-0.0103119994,-0.0253287740,0.0063810954,-0.0137446197
9.2007780075,0.0041159694,0.0037878363,-0.0084149623,-0.0050620381,0.0076469625,-0.0095020048
9.2108554840,0.0070291762,0.0028536527,-0.0093648816,0.0089176940,-0.0028349729,-0.0084489910
9.2208862305,0.0081081213,0.0010693579,-0.0102661634,0.0250151977,-0.0111708669,-0.0063321101
9.2310609818,0.0062450101,0.0013478904,-0.0101802135,0.0313769579,-0.0068501541,-0.0031461706
9.2410354614,0.0043860120,-0.0051305387,-0.0051837941,0.0303647406,-0.0121081667,0.0053449189
9.2511825562,0.0035117012,-0.0097336862,0.0007586697,0.0165559854,-0.0185953602,0.0053451853
9.2611694336,0.0027261605,-0.0164685044,0.0017501930,-0.0015016571,-0.0272412468,0.0053448523
9.2713079453,0.0000313600,-0.0097545180,0.0036236863,-0.0142837651,-0.0294474103,0.0095941918
9.2813014984,-0.0056323516,-0.0030878277,0.0045037488,-0.0121998964,-0.0240963195,0.0138437981
9.2914409637,-0.0094396314,0.0007106272,-0.0014055750,-0.0038594091,-0.0049860082,0.0042950343
9.3014373779,-0.0074770297,-0.0022428127,-0.0004293701,-0.0028439714,0.0003064252,0.0011131560
9.3115406036,-0.0026046964,-0.0042304788,0.0034736018,-0.0081785480,0.0002736684,0.0032380922
9.3215732574,-0.0006673256,-0.0062347744,0.0054020504,-0.0081870444,0.0002553591,0.0000502219
9.3317298889,-0.0006687114,-0.0004451366,0.0063415389,-0.0049760714,-0.0007915294,-0.0020747143
9.3416948318,-0.0016089337,0.0004877655,0.0033996920,-0.0038689421,-0.0039254045,0.0042959666
9.3518390656,-0.0045400294,0.0004333763,-0.0044057746,-0.0028438913,0.0003348545,0.0053596329
9.3618354797,-0.0075184437,0.0033017306,-0.0063890000,-0.0039769337,0.0066780383,0.0032391576
9.3719711304,-0.0075957547,0.0032414405,-0.0034788628,-0.0103882272,0.0077108121,0.0074884975
9.3819694519,-0.0008039320,0.0012139289,-0.0005708119,-0.0145811085,0.0002603526,0.0096094385
9.3921070099,-0.0017868610,-0.0018406601,0.0042363028,-0.0177420136,-0.0040393211,0.0053608981
9.4021015167,-0.0017451117,-0.0010373981,0.0012583950,-0.0177135430,-0.0072851148,-0.0041964548
9.4122381210,0.0013001120,0.0036695211,-0.0017334005,-0.0133805824,-0.0136069283,-0.0031389135
9.4222221375,0.0043764417,0.0113559570,-0.0047019501,-0.0005974360,-0.0113797924,-0.0042030457
9.4323139191,0.0005766978,0.0084535982,-0.0066509028,0.0067952331,-0.0039221421,-0.0095101930
9.4424390793,0.0016077427,0.0046540704,-0.0007722160,0.0078391675,-0.0017830248,-0.0084484583
9.4524431229,0.0035924283,0.0018047004,-0.0017043730,0.0077869687,0.0035358407,-0.0063221897
9.4625015259,0.0036092517,-0.0010454745,0.0012431958,0.0003613820,-0.0007811433,-0.0073834602
9.4725685120,0.0036650416,-0.0020495744,0.0022057514,-0.0081330370,-0.0050997254,-0.0073834602
9.4827041626,0.0037594032,-0.0001883896,0.0031258680,-0.0123721221,-0.0083404593,-0.0105697317
9.4926996231,0.0038835746,0.0016510396,0.0079410886,-0.0122954240,-0.0157397855,-0.0063262512
9.5027036667,0.0011566064,0.0044933464,0.0059478502,-0.0015588365,-0.0219846331,-0.0020851674
9.5128517151,-0.0065055373,0.0035242049,-0.0009037635,0.0058034728,-0.0113231996,-0.0042053098
9.5228738785,-0.0093222028,-0.0013011487,-0.0018709084,0.0036411723,-0.0081602298,-0.0042017815
9.5330524445,-0.0083015552,-0.0003223510,-0.0038199208,0.0036012251,-0.0038815956,0.0011093610
9.5430335999,-0.0082957326,-0.0022744925,-0.0047871252,-0.0060299896,-0.0018485382,0.0000491566
9.5531463623,-0.0102820499,-0.0013882609,-0.0019064924,-0.0146218799,0.0033611374,-0.0031314567
9.5631866455,-0.0102820201,-0.0034593435,0.0048558931,-0.0156153459,-0.0040819980,-0.0041968543
9.5733127594,-0.0063079591,-0.0025608928,0.0038611512,-0.0006888611,-0.0029251210,-0.0095090624
9.5832996368,0.0006257524,-0.0044238660,0.0058677415,0.0175054297,-0.0080787372,-0.0105779208
9.5934391022,0.0066591953,-0.0032179148,0.0079150414,0.0293072276,-0.0143491495,-0.0116458498
9.6034355164,0.0088373059,-0.0028846951,0.0119140362,0.0336780623,-0.0238418542,-0.0084645702
9.6135711670,0.0061826487,-0.0064831469,0.0129864430,0.0262209438,-0.0249404088,-0.0042160293
9.6235694885,0.0014790042,-0.0102095101,0.0071852426,0.0100873001,-0.0122987814,0.0032260413
9.6336870193,0.0015428817,-0.0130866859,0.0072109322,-0.0006793281,-0.0028360384,0.0042953007
9.6436872482,0.0015488534,-0.0082498882,0.0071834545,-0.0049659256,-0.0007168944,0.0096066426
9.6538372040,-0.0004498953,-0.0034301372,0.0081350422,-0.0007517384,0.0046115583,0.0074846353
9.6638250351,-0.0044490504,-0.0024529190,0.0071492414,0.0034309160,0.0131086400,0.0032411548
9.6739368439,-0.0036428380,-0.0043677781,0.0081501221,0.0023067957,0.0183558669,-0.0041885320
9.6839694977,-0.0008487659,-0.0062924121,0.0072032432,-0.0008441769,0.0130381323,-0.0020681897
9.6940393448,0.0000473453,-0.0043423567,0.0101367449,0.0002756827,0.0077355122,-0.0031329212
9.7041015625,-0.0010141724,0.0034567027,0.0110936379,0.0056147617,0.0078093489,0.0011134223
9.7141675949,-0.0030782889,0.0054748263,0.0043175439,0.0119211273,0.0174073800,0.0000548158
9.7243051529,-0.0012804748,-0.0022575052,-0.0043834825,0.0055280486,0.0162979085,0.0011171508
9.7343130112,0.0025028703,-0.0070779715,0.0024653892,-0.0018315967,0.0056710970,0.0085463049
9.7443647385,0.0004788568,-0.0022357495,0.0024447064,-0.0028949967,0.0056604440,0.0085479030
9.7544317245,-0.0044906694,0.0006444959,-0.0005022070,0.0024182750,0.0078152083,0.0064240322
9.7644996643,-0.0055481787,0.0025808124,-0.0053739329,-0.0007612994,0.0056792861,0.0085471701
9.7746000290,-0.0027106698,0.0055161919,-0.0053508659,0.0013644360,0.0067866286,0.0127943791
9.7846336365,-0.0038210745,0.0054886844,-0.0073005934,-0.0008680662,0.0163036343,0.0106756352
9.7947788239,-0.0069640907,0.0015103726,-0.0073365350,-0.0127066160,0.0256947391,0.0021889401
9.8047676086,-0.0052739414,-0.0025293918,-0.0063920994,-0.0223624371,0.0308868382,-0.0020518778
9.8148670197,-0.0035631242,-0.0017817707,-0.0025595208,-0.0276464149,0.0255144425,-0.0052386164
9.8248071671,0.0001368305,0.0038348942,0.0012560108,-0.0222602822,0.0202499069,-0.0063052122
9.8350133896,0.0019283077,0.0075912084,-0.0007241747,-0.0051878197,0.0203782711,-0.0094948802
9.8450336456,0.0037672264,0.0115158465,-0.0007035515,0.0109048374,0.0120441075,-0.0073797312
9.8551702499,0.0037025106,0.0096831229,0.0032309513,0.0120587852,0.0035861745,-0.0041988520
9.8651618958,0.0007487615,0.0020325689,0.0042681317,0.0110124294,0.0014479226,-0.0052614529
9.8754863739,-0.0021933238,-0.0047244225,0.0052632312,-0.0018160185,0.0034373039,-0.0084425993
9.8854198456,-0.0031641605,-0.0028054805,0.0003795841,-0.0018371372,0.0055592442,-0.0084414668
9.8953685760,0.0017265199,-0.0028140040,0.0003919819,-0.0028611217,0.0013128337,-0.0073815286
9.9054183960,0.0036614505,0.0000663309,-0.0005966803,-0.0007666526,0.0056171678,-0.0010092503
9.9154720306,0.0026101139,-0.0018898041,-0.0035069368,-0.0018976973,0.0119738672,-0.0010057881
9.9256076813,-0.0014363149,-0.0057890508,-0.0015707394,-0.0019402802,0.0162107572,-0.0020652602
9.9356307983,-0.0025953497,-0.0058180485,0.0003810147,-0.0019594552,0.0183604602,0.0021830145
9.9456758499,-0.0027556750,-0.0029527040,-0.0015960118,-0.0041027674,0.0194235947,0.0053694863
9.9557685852,-0.0039300392,-0.0000806840,-0.0035480044,-0.0030675968,0.0226159263,0.0053708181
9.9658679962,-0.0051361392,-0.0000659319,-0.0015826008,0.0000971174,0.0257930104,0.0000618731
9.9758977890,-0.0023822444,-0.0010361762,-0.0054532667,0.0012052590,0.0215375442,-0.0031259307
9.9859647751,0.0013886882,-0.0049005840,-0.0054105301,-0.0018790280,0.0098101152,-0.0073774680
9.9960317612,0.0043068160,-0.0020000131,-0.0005535862,-0.0049403319,-0.0039901193,-0.0041981861
10.0060873032,0.0033966680,0.0008609800,0.0003823856,-0.0049081603,-0.0071803196,-0.0052613197
10.0161542892,-0.0003985310,-0.0011161657,-0.0064472337,-0.0006172759,-0.0092511941,-0.0031398458
10.0263004303,0.0016216716,-0.0010894330,-0.0054642339,0.0057546832,-0.0059699798,0.0032302360
10.0364837646,0.0026694951,0.0009477941,-0.0025214930,0.0133130001,-0.0143512134,0.0095949247
10.0465707779,0.0017889036,0.0059804227,-0.0034400008,0.0186284836,-0.0121403243,0.0159647390
10.0565443039,-0.0021082754,0.0041743424,-0.0033999465,0.0099849291,-0.0016048590,0.0159721971
10.0665111542,-0.0070584039,-0.0055295322,-0.0053277393,-0.0071523534,0.0045762048,0.0106718400
10.0765666962,-0.0052006277,-0.0056664143,-0.0063515683,-0.0210734941,0.0086228773,-0.0010023925
10.0865764618,0.0005890024,-0.0000659021,-0.0044815321,-0.0274826847,0.0085407859,-0.0052495352
10.0967063904,0.0024482203,0.0055417325,0.0012699583,-0.0254043564,0.0138298245,-0.0105564166
10.1067295074,0.0033701737,0.0034109561,0.0021751742,-0.0189285856,0.0064308299,-0.0148087535
10.1168031693,0.0073080068,0.0033195524,0.0041063647,-0.0028364342,-0.0019173811,-0.0148170087
10.1268024445,0.0093546035,0.0101573672,0.0002140024,0.0132179260,-0.0059663840,-0.0063285148
10.1369314194,0.0065346700,0.0132401194,-0.0055799265,0.0260687433,-0.0100639239,-0.0010248297
10.1470355988,0.0017640746,0.0096375253,-0.0045146723,0.0293031521,-0.0132051231,0.0010963781
10.1571531296,-0.0020350660,0.0001546053,-0.0073439260,0.0206995439,-0.0069482913,-0.0042073070
10.1672096252,0.0009892030,-0.0085029397,-0.0082565928,0.0025792634,-0.0092713013,-0.0105736610
10.1772518158,0.0031416421,-0.0095359180,-0.0043896218,-0.0143461917,-0.0242814105,-0.0116386591
10.1873168945,0.0043921401,-0.0037962885,0.0004147509,-0.0121477777,-0.0305933002,-0.0063342405
10.1973381042,-0.0012158932,0.0048638489,-0.0025864621,0.0005634911,-0.0209116451,-0.0031472361
10.2074651718,-0.0069526467,0.0049293246,-0.0084372545,0.0174694769,-0.0037730713,-0.0010189043
10.2175083160,-0.0059785503,0.0002467839,-0.0073798080,0.0173911788,0.0036054826,-0.0084477924
10.2275838852,-0.0020991149,-0.0064407978,-0.0004883787,0.0067363246,0.0024990055,-0.0010123129
10.2376527786,-0.0011522988,-0.0074207280,0.0014593223,-0.0092583550,0.0013189589,0.0021765563
10.2476701736,-0.0021658684,-0.0095258448,-0.0005502483,-0.0242245197,0.0032695914,-0.0041901297
10.2577753067,-0.0011957133,-0.0010053010,0.0012962440,-0.0316081345,-0.0052698348,-0.0020689219
10.2678318024,-0.0020963508,0.0054953303,0.0040732245,-0.0304995421,-0.0094970036,-0.0010101157
10.2779417038,-0.0039411816,0.0052431729,0.0010397056,-0.0198213290,-0.0105132665,-0.0084459279
10.2879810333,-0.0028085890,0.0089871790,-0.0048578163,-0.0048831003,-0.0104106674,-0.0126966657
10.2980632782,0.0032798541,0.0031993596,0.0000364998,0.0091024898,-0.0220159255,-0.0212004054
