0.0000000000,-0.0184476245,-0.0114166988,-0.0439883024,-0.1241525784,0.1894694567,-0.0475040190
0.0099769831,-0.0181041230,0.0063146921,-0.0536962301,-0.1168962494,0.2095483691,-0.0697936118
0.0200309753,-0.0148558486,0.0302314498,-0.0449141413,-0.0761051476,0.1854371727,-0.0793722048
0.0300559998,-0.0065356963,0.0527515002,-0.0235228688,-0.0109099559,0.1763555259,-0.0942542106
0.0401589870,-0.0002364389,0.0574351214,-0.0039642602,0.0391160063,0.1882625818,-0.1250518709
0.0502049923,0.0129870307,0.0244106911,0.0049620718,0.0212027859,0.1658784449,-0.1165641099
0.0603139400,0.0108043682,-0.0050671725,0.0194663852,0.0078482572,0.1172968000,-0.0634945035
0.0710139275,-0.0008873813,0.0050180377,0.0394896120,0.0133197214,0.1059147120,-0.0263386108
0.0804469585,-0.0046838992,0.0286529474,0.0332035273,0.0336143970,0.1039776653,-0.0252838656
0.0904539824,0.0043737418,0.0337567218,0.0103717893,-0.0035998188,0.0898168385,-0.0316522829
0.1006789207,-0.0012346379,0.0102460133,0.0050106496,-0.0815198347,0.0912578106,-0.0316311792
0.1107579470,-0.0049280399,-0.0208271407,0.0015799848,-0.1733317822,0.0947486833,-0.0241735280
0.1224719286,-0.0057253712,-0.0273329653,-0.0038644823,-0.2353002429,0.1016494557,-0.0220312811
0.1311769485,-0.0075344914,-0.0137607409,-0.0171489865,-0.2427712232,0.1015703604,-0.0241530202
0.1409709454,-0.0112184752,-0.0059786988,-0.0363087207,-0.2437769920,0.0951319039,-0.0337113738
0.1510289907,-0.0149475802,-0.0136234937,-0.0427801758,-0.2257061005,0.1015732959,-0.0464543328
0.1611019373,-0.0019723049,-0.0413788594,-0.0564333946,-0.2395929843,0.1036214009,-0.0390159898
0.1711959839,-0.0066949003,-0.0516657420,-0.0542545468,-0.2588130236,0.1057002619,-0.0198976900
0.1812329292,-0.0126364697,-0.0429270230,-0.0641701967,-0.2866561711,0.1161786690,-0.0028965352
0.1912950277,-0.0236797202,-0.0144653721,-0.0470106155,-0.3256182075,0.1687270999,-0.0283435713
0.2014369965,-0.0236754287,-0.0149672953,-0.0296410471,-0.3317817152,0.2479174584,-0.0803316087
0.2114189863,-0.0198880304,-0.0193669312,-0.0294422060,-0.2707356513,0.3298022151,-0.1344579607
0.2215559483,-0.0324635990,-0.0004581689,-0.0406823307,-0.1698734313,0.3815460205,-0.1450751126
0.2315809727,-0.0538703687,0.0058367746,-0.0498946458,-0.0690959543,0.4418061674,-0.1514414102
0.2416369915,-0.0683430880,0.0082784416,-0.0600289851,0.0146889603,0.4945801497,-0.1440037340
0.2516909838,-0.0703225583,0.0071898522,-0.0709598213,0.0798844770,0.4868615270,-0.1132319644
0.2617709637,-0.1670546979,-0.0184420682,-0.0846415311,0.1025079787,0.1607999355,0.1350600123
0.2718279362,-0.1901880950,-0.0421575122,-0.1049415618,0.0395140946,0.2647031546,0.0438131802
0.2819169760,-0.1176826209,-0.0174834989,-0.1065091044,-0.0869065821,0.7294508219,-0.1141311750
0.2919819355,-0.0907795876,0.0021378146,-0.1168307811,-0.1925326139,0.9373566508,-0.1458544880
0.3019149303,-0.1460551769,0.0271335728,-0.1279834062,-0.2069253474,0.9916585088,-0.0980430245
0.3121169806,-0.1187824160,0.0821788236,-0.1173026711,-0.1936305761,1.0514382124,-0.0608535744
0.3222579956,-0.1157126874,0.0896105170,-0.1179922372,-0.1498278975,1.1537408829,-0.0523186140
0.3322489262,-0.1204751283,0.0526165329,-0.1396187693,-0.1167343929,1.2590785027,-0.0522744060
0.3422999382,-0.1135317236,0.0392773636,-0.1423903853,-0.0878892392,1.3622642756,-0.0511689894
0.3523700237,-0.1184678227,0.0388700701,-0.1390314847,-0.0485314503,1.4814509153,-0.0511194579
0.3624390364,-0.1432617754,0.0573368333,-0.1256370097,0.0087913098,1.6200734377,-0.0234574024
0.3725099564,-0.1606884748,0.0734064803,-0.0981690437,0.0789877102,1.7525185347,0.0158774853
0.3825709820,-0.1423395127,0.0751471445,-0.0896993428,0.1169560775,1.9058547020,0.0477993339
0.3926209211,-0.1431047469,0.0655919537,-0.1208892018,0.2103118598,2.0691630840,0.0701549724
0.4026750326,-0.1809122115,0.0985368416,-0.1695118695,0.2829344869,2.2779245377,0.0936003104
0.4127899408,-0.2211662978,0.1176319867,-0.1768352538,0.3469206393,2.4973115921,0.1308566034
0.4228389263,-0.2214002162,0.0837270692,-0.1458769590,0.3807816505,2.6359798908,0.1967479289
0.4329339266,-0.1896734685,0.1075755134,-0.1327531487,0.4608890116,2.7377121449,0.2318177670
0.4429730177,-0.1617812514,0.1914749295,-0.1689431816,0.5562532544,2.8053183556,0.2201474011
0.4530799389,-0.1463111937,0.2278920263,-0.1862023026,0.6413928866,2.8282549381,0.2063338459
0.4631240368,-0.1243734509,0.1681807041,-0.1523758322,0.7311276197,2.8194746971,0.2041834742
0.4731630087,-0.0887514502,0.0929938331,-0.1504387408,0.8390215635,2.8087034225,0.1977799088
0.4833679199,-0.0743892044,0.0888053402,-0.1359896213,0.9101976156,2.7374329567,0.2380749285
0.4933109283,-0.0405087583,0.0737291276,-0.0990294367,0.9671791792,2.5905697346,0.2581613064
0.5033890009,0.0132589843,0.0219861194,-0.0501600057,0.9427989125,2.4684283733,0.2729710937
0.5134489536,0.0369284749,-0.0204497501,-0.0314712673,0.8916643858,2.3534386158,0.2814210355
0.5235320330,0.0520859137,-0.0206502415,-0.0097294599,0.8184373379,2.2075452805,0.2994185984
0.5336170197,0.0804618523,0.0057420032,0.0006722061,0.7685168982,2.0776832104,0.3036136031
0.5436149836,0.0933767185,0.0075843250,0.0095674247,0.7577617168,1.9788246155,0.2908249795
0.5536929369,0.1051259264,0.0020201271,0.0462771505,0.8085857630,1.9111922979,0.2652951181
0.5637639761,0.1214381382,0.0299449712,0.0776086301,0.8412441611,1.8466601372,0.2514517903
0.5738379955,0.1394047290,0.0387554206,0.0881325454,0.8790714741,1.7968214750,0.2057599276
0.5839309692,0.1335984617,0.0244142786,0.1011732072,0.8788601160,1.7107666731,0.1897903681
0.5939719677,0.1444414258,-0.0063056899,0.0886595100,0.9214257002,1.6154944897,0.1674341857
0.6040829420,0.1378097981,0.0052528502,0.0796037763,0.9770112038,1.4991633892,0.1524959207
0.6141070127,0.1383000761,0.0260761343,0.1083236188,0.9987162352,1.3571937084,0.1566666961
0.6241879463,0.1441003829,0.0099992501,0.1292449087,0.9828994870,1.2306963205,0.1428029388
0.6342480183,0.1355991960,0.0012914360,0.1481069177,0.9277009368,1.0955380201,0.1554910392
0.6443200111,0.1382999867,0.0143154236,0.1504497379,0.8660870194,0.9612715840,0.1511947662
0.6543469429,0.1287581921,0.0286273025,0.1382364482,0.8077968359,0.8155167699,0.1702491492
0.6644449234,0.1127268374,0.0501567759,0.1232189983,0.7554970384,0.7100533247,0.1765801460
0.6745219231,0.0896774530,0.0653885528,0.1131477207,0.7080248594,0.6543924809,0.1659464091
0.6846129894,0.0846461356,0.0559958108,0.1383223981,0.6722686291,0.6009209752,0.1500023454
0.6946480274,0.0860090405,0.0405661352,0.1723551601,0.6589887738,0.5413351655,0.1425433606
0.7047200203,0.0781195313,0.0607967712,0.1771024913,0.6410409808,0.5221421123,0.1520933807
0.7147699594,0.0606442504,0.0605114140,0.1740265340,0.6369674206,0.5030483007,0.1584556848
0.7248469591,0.0611183159,0.0572858788,0.1612702459,0.6469317675,0.4669876397,0.1478183419
0.7349870205,0.0462137572,0.0617964454,0.1445426792,0.6278960109,0.4486719966,0.1308252364
0.7449879646,0.0334893279,0.0688670948,0.1405411214,0.5823915005,0.4088832438,0.1106420159
0.7550759315,0.0319187753,0.0716083124,0.1250050515,0.5614670515,0.3649533391,0.0734624192
0.7651020288,0.0376265459,0.0742392913,0.1173733324,0.5759066939,0.3064557612,0.0330816396
0.7751959562,0.0397896729,0.0641539022,0.0981020778,0.5558980703,0.2773615122,-0.0083379727
0.7852479219,0.0263838749,0.0458547659,0.1022716612,0.4973678589,0.2585767508,-0.0444340594
0.7953169346,0.0189948212,0.0278009810,0.1066194028,0.4207268953,0.2376150191,-0.0645992458
0.8053569794,0.0078652930,0.0331502296,0.0925848335,0.3343232274,0.2336905897,-0.0624554045
0.8154629469,-0.0161696989,0.0359257050,0.0844402760,0.2827724218,0.2661550641,-0.0592406988
0.8255150318,-0.0305974055,0.0336381234,0.0938775986,0.2815986872,0.2791761160,-0.0135771427
0.8355909586,-0.0325232781,0.0424280353,0.0953827947,0.3356137276,0.3211206198,0.0002334781
0.8458759785,-0.0268182475,0.0758884624,0.0771771520,0.3770105243,0.3437927961,0.0044816192
0.8557590246,-0.0241690595,0.0892842337,0.0520492643,0.4111453295,0.3451174498,-0.0008353814
0.8657549620,-0.0204913933,0.0893182829,0.0385817736,0.4187857211,0.3281995058,-0.0019073703
0.8758510351,-0.0205380786,0.0737492368,0.0241844505,0.4072885811,0.3036454320,-0.0093493070
0.8859609365,-0.0291886497,0.0706041679,0.0293378085,0.3584266007,0.2809347808,-0.0093474435
0.8959540129,-0.0347825177,0.0775336847,0.0346437544,0.2923391759,0.2729298770,-0.0093346611
0.9061160088,-0.0363635309,0.0751973614,0.0381664485,0.2400949001,0.2682851553,-0.0008299887
0.9161159992,-0.0330130346,0.0694597289,0.0486652702,0.1804720461,0.2539424896,-0.0050692083
0.9261709452,-0.0216864813,0.0630868003,0.0584288687,0.1208204329,0.2427745014,-0.0103673013
0.9362770319,-0.0238951612,0.0640202984,0.0409649462,0.1028486192,0.2256261408,-0.0124949003
0.9463230371,-0.0327519961,0.0678495094,0.0430351943,0.0881796032,0.2002680451,0.0235962588
0.9563879967,-0.0246577729,0.0415100642,0.0511865467,0.0766089708,0.1843543202,0.0395182334
0.9665269852,-0.0134959091,0.0218371041,0.0496528000,0.0544353873,0.1596448570,0.0225226060
0.9765880108,0.0048474497,0.0270176716,0.0522014946,0.0015428783,0.1124323308,0.0129562635
0.9866149426,0.0010778435,0.0172043331,0.0432087630,-0.0066456767,0.0761178061,-0.0125433030
0.9966529608,-0.0112262834,0.0336106904,0.0273721665,0.0021858979,0.0464358106,-0.0199929643
1.0067709684,-0.0135780741,0.0609614737,0.0486203283,0.0238189679,0.0179527663,-0.0231964793
1.0169199705,-0.0128598083,0.0565804727,0.0620891303,0.0985451415,0.0141604263,-0.0540095232
1.0268819332,-0.0130989123,0.0859223232,0.0509105176,0.1902991086,0.0171401706,-0.0455376729
1.0369719267,-0.0201811958,0.0899924561,0.0512034148,0.2789618671,0.0095019583,-0.0338842124
1.0470019579,-0.0235374440,0.0904098973,0.0495825261,0.2822288871,0.0056049544,0.0149552329
1.0570800304,-0.0314027853,0.0852145180,0.0615223497,0.2341095507,0.0182983801,0.0733727366
1.0671299696,-0.0372889228,0.0601961203,0.0501965731,0.1890797615,0.0415605567,0.1211767420
1.0771969557,-0.0313989706,0.0591223426,0.0311663598,0.1368666142,0.0348970629,0.1456080526
1.0872579813,-0.0091305543,0.0750064477,0.0397086591,0.1103700548,0.0177764650,0.1594111472
1.0973219872,-0.0039299601,0.0938374326,0.0335422009,0.0954803154,0.0122994091,0.1530413926
1.1074420214,-0.0055205398,0.1019585654,0.0342135280,0.1031212211,-0.0057612834,0.1392259151
1.1174989939,0.0066673285,0.0586513467,0.0311568826,0.1277109832,-0.0109488554,0.1243518963
1.1275409460,0.0122019183,0.0201265104,0.0319024175,0.1370252073,0.0165550075,0.0988800228
1.1376249790,0.0179860722,-0.0073666973,0.0430645794,0.0977710113,-0.0071942643,0.0893219411
1.1476619244,0.0174384248,-0.0198112838,0.0258676857,0.0698383674,0.0093178004,0.0553597808
1.1577270031,0.0068263835,-0.0256397836,0.0066400021,0.0857712626,0.0144925890,0.0139481584
1.1677650213,0.0199676286,-0.0270952098,0.0030474511,0.1074121371,-0.0162356962,-0.0083702626
1.1779289246,0.0182978939,-0.0466771536,-0.0023808631,0.1489587724,-0.0108025819,-0.0444792658
1.1879929304,-0.0060566836,-0.0314585380,-0.0128417760,0.1700902283,0.0105889942,-0.0465964787
1.1980279684,-0.0111498404,-0.0162767284,-0.0209338218,0.1913694143,0.0159488712,-0.0667733848
1.2080760002,-0.0093679000,-0.0187950246,-0.0196865946,0.1796663254,0.0115551222,-0.0742064714
1.2181479931,-0.0106469858,-0.0086276336,-0.0100250989,0.1179832593,-0.0090407003,-0.0582741052
1.2281999588,-0.0105201174,-0.0151207549,-0.0021186622,0.0709622204,-0.0019552270,-0.0476399697
1.2383049726,-0.0145612229,0.0013708369,0.0079738349,0.0559281409,0.0074840807,-0.0444460399
1.2483459711,-0.0134610403,0.0225954242,0.0198533386,0.1080641001,0.0227252189,-0.0550692603
1.2584190369,-0.0131306220,0.0626399443,0.0284197181,0.1881136596,0.0224186890,-0.0465953462
1.2684839964,-0.0117744673,0.0710373446,0.0365391225,0.2254086286,0.0280432850,-0.0476640724
1.2783919573,-0.0101874042,0.0259825177,0.0187890977,0.1967543364,0.0118557932,-0.0508502759
1.2884290218,-0.0185129214,0.0224365182,0.0155820101,0.1476632357,0.0113854790,-0.0572088398
1.2985299826,-0.0231453050,-0.0059809787,0.0203624815,0.1114692762,0.0026220810,-0.0508332327
1.3087419271,-0.0149147380,-0.0130274398,0.0261567086,0.0445479229,-0.0274703074,-0.0200412348
1.3188660145,-0.0150661934,-0.0270787589,0.0197345465,-0.0638816133,-0.0661740303,0.0479221046
1.3289319277,-0.0219969023,-0.0543131642,0.0079359263,-0.1844983101,-0.0616598353,0.0883040205
1.3389530182,-0.0292175878,-0.0507279150,-0.0306965858,-0.2817646861,-0.0453658178,0.1138200313
1.3490029573,-0.0299293268,-0.0125133200,-0.0498731881,-0.2971897721,0.0056929053,0.1541998833
1.3590719700,-0.0506350584,0.0230384059,-0.0552453548,-0.2160664499,0.1115676761,0.1722827405
1.3691369295,-0.0464016385,0.0917925462,-0.0571862608,-0.1358489990,0.2015815824,0.1999128908
1.3792209625,-0.0281866658,0.1099779233,-0.0509172231,-0.0387011357,0.3054257035,0.2105580866
1.3892760277,-0.0403184779,0.0457118638,-0.0617792159,0.0587360188,0.3818216026,0.2424260825
1.3993669748,-0.0224086214,0.0350763388,-0.0525970012,0.1256551296,0.4131640792,0.2403011471
1.4093999863,0.0105521213,0.0574175008,-0.0465209633,0.1600104421,0.3909666240,0.2073655576
1.4197599888,0.0177794825,0.0939254984,-0.0422390848,0.2222607732,0.3541644216,0.1754774004
1.4295690060,0.0214088690,0.0499541350,-0.0442930013,0.2962986231,0.3132752776,0.1520793885
1.4396159649,0.0275216531,0.0083947675,-0.0216482431,0.3157860339,0.2846851945,0.1350713819
1.4496679306,0.0344844870,-0.0180882923,0.0052870959,0.3182984293,0.2452460974,0.1042586789
1.4600470066,0.0432908945,-0.0080764694,0.0195364803,0.2975092828,0.1886810958,0.0819379315
1.4697790146,0.0530818813,-0.0213149600,0.0270121545,0.2471509576,0.1023205072,0.0861543790
1.4798829556,0.0494509153,-0.0592706017,0.0307902545,0.1464182138,0.0366445631,0.0755291656
1.4899289608,0.0378428809,-0.0909468010,0.0398135632,0.0158422142,-0.0336479768,0.0479212403
1.5003550053,0.0382940285,-0.0718252137,0.0630560964,-0.0527786613,-0.1085656285,0.0415304527
1.5100690126,0.0363603644,-0.0630002990,0.0785509199,-0.0725772604,-0.1577078104,0.0170892254
1.5201439857,0.0346414857,-0.0639566854,0.0879725665,-0.0773339346,-0.2173990905,-0.0179787483
1.5302590132,0.0223260652,-0.0195771866,0.0951886028,-0.0715337843,-0.2652559578,-0.0424264334
1.5405989885,0.0023066232,-0.0006578370,0.0810327977,-0.0592009537,-0.3257968128,-0.0679429770
1.5503330231,-0.0007069878,-0.0125331981,0.0709317774,-0.0596812218,-0.3853682578,-0.0902698562
1.5604059696,-0.0059978538,-0.0103105707,0.0608419627,-0.0518326238,-0.4235614538,-0.0998471156
1.5704720020,-0.0116195846,0.0040977197,0.0546432585,-0.0214236360,-0.4763779342,-0.1041288152
1.5808439255,-0.0139589477,0.0282648690,0.0572995991,0.0185437519,-0.5249222517,-0.1169048026
1.5905979872,-0.0247721244,0.0319053717,0.0483686179,0.0196396150,-0.5281304121,-0.1222158670
1.6007429361,-0.0535898991,0.0343501456,0.0451577753,-0.0197277665,-0.4340712726,-0.1274679005
1.6107360125,-0.0879194587,0.0542596467,0.0498336405,-0.0990723893,-0.3977311254,-0.1433552355
1.6211539507,-0.0881946534,0.0391742177,0.0900767893,-0.2006765008,-0.3775765896,-0.1709261537
1.6308720112,-0.0636935383,0.0247327574,0.1259775609,-0.3158195317,-0.3903360069,-0.1836462766
1.6409900188,-0.0536981560,-0.0003900035,0.1543608755,-0.4033155441,-0.3909895420,-0.1666356027
1.6509490013,-0.0880788267,0.0206240900,0.1746873707,-0.4330351353,-0.2987132668,-0.1326034665
1.6613459587,-0.1301852316,0.0649810359,0.1712477654,-0.4013214111,-0.1590658873,-0.0762664229
1.6711449623,-0.1441339999,0.1078251526,0.1479646415,-0.3686044216,-0.0130218603,-0.0167415775
1.6812080145,-0.1601053327,0.1130160019,0.1087973565,-0.3676733673,0.1104955450,0.0480896197
1.6912640333,-0.1615715176,0.0891577825,0.1025779694,-0.3923539519,0.2325401753,0.0842591375
1.7016019821,-0.1285083741,0.0854160115,0.0992532820,-0.4621407688,0.2768080235,0.1320799291
1.7113980055,-0.0857491046,0.0986406580,0.1008989662,-0.5293496847,0.2752986848,0.1533318162
1.7214759588,-0.0701408833,0.1052818522,0.0919550508,-0.6067531109,0.2259020954,0.1671301872
1.7315469980,-0.0498691387,0.0958453491,0.0970273465,-0.6675841808,0.1204332039,0.1840814799
1.7420589924,-0.0283398200,0.1014801934,0.1122346371,-0.7246852517,-0.0369210020,0.2126859576
1.7516499758,-0.0041172677,0.1007590219,0.1319082826,-0.8007126451,-0.2219597548,0.2518993318
1.7617759705,0.0189276766,0.0691548064,0.1609966606,-0.9013077021,-0.4051255882,0.2858109772
1.7718039751,0.0351682417,0.0422043391,0.1897524446,-1.0570005178,-0.6268973351,0.3313983381
1.7822170258,0.0586484484,0.0323539861,0.1987427920,-1.1677299738,-0.8631511927,0.3737804294
1.7919440269,0.0705571324,0.0129753994,0.2071960419,-1.2234605551,-1.0524697304,0.3800690174
1.8020769358,0.0831362307,0.0231961794,0.2206751555,-1.2720928192,-1.2034387589,0.4001801610
1.8120769262,0.0921856910,0.0406677164,0.2400351018,-1.3188654184,-1.3279535770,0.4065001607
1.8224979639,0.1024421453,0.0352300890,0.2545634806,-1.3549994230,-1.4504199028,0.3873357773
1.8322179317,0.1138797402,0.0225894488,0.2367905229,-1.3368680477,-1.5565319061,0.3628583550
1.8423659801,0.1076133400,0.0033641355,0.2118491977,-1.2806529999,-1.6305943727,0.3203351200
1.8523479700,0.0981201082,-0.0096294386,0.1757486910,-1.2105911970,-1.7012693882,0.2905515134
1.8626760244,0.1050380319,-0.0219212286,0.1656065434,-1.1371097565,-1.7930743694,0.2703128159
1.8724809885,0.1187043115,-0.0260416679,0.1764963716,-1.1266565323,-1.8778982162,0.2660202980
1.8825479746,0.1112706736,-0.0352954902,0.2054385990,-1.1895296574,-1.8869085312,0.2702789307
1.8925999403,0.0981452763,-0.0228823610,0.2153310031,-1.2085102797,-1.9105085135,0.2564687133
1.9029099941,0.0953148603,0.0002297991,0.1770012826,-1.1514378786,-1.9633001089,0.2203266919
1.9128550291,0.0766142756,0.0491604917,0.1312076896,-1.0875871181,-2.0507657528,0.2277001888
1.9228179455,0.0535516255,0.0530121885,0.1102492660,-1.0371044874,-2.0820538998,0.2435987294
1.9328759909,0.0355652459,0.0309202708,0.1014850587,-1.0261911154,-2.1051917076,0.2605729103
1.9431970119,0.0462956503,0.0398171805,0.1145986170,-1.0608496666,-2.1570384502,0.3295727372
1.9530709982,0.0526299812,0.0287778899,0.0813368410,-1.0892726183,-2.1953744888,0.3465487361
1.9630839825,0.0565666147,0.0042780070,0.0260177106,-1.1899552345,-2.2663969994,0.3295500576
1.9731990099,0.0670293272,-0.0164849758,0.0011379569,-1.3255889416,-2.3631088734,0.3252897859
1.9834870100,0.0863037556,-0.0123690618,-0.0149327070,-1.4545722008,-2.4853041172,0.3093345165
1.9933279753,0.1056070179,0.0005440385,-0.0271707326,-1.5175454617,-2.5933017731,0.2668245733
2.0033569336,0.1170611233,0.0209207796,-0.0259612948,-1.5462788343,-2.7082066536,0.2582800686
2.0134358406,0.1201682836,0.0189793892,-0.0043969303,-1.5213420391,-2.7484838963,0.2317091078
2.0237751007,0.1183661968,-0.0263628624,0.0298760384,-1.5138098001,-2.7524063587,0.2709918022
2.0335400105,0.1188406199,-0.0375416987,0.0778242797,-1.4782930613,-2.6756336689,0.2805761099
2.0435948372,0.1054688245,-0.0511487536,0.0978675932,-1.4024184942,-2.5770733356,0.3230780363
2.0538020134,0.0801492780,-0.0281342231,0.0550480336,-1.2926121950,-2.4594850540,0.3093068302
2.0643658638,0.0309200715,0.0048605399,0.0304366201,-1.1851311922,-2.3263590336,0.2403291017
2.0738258362,0.0036869475,0.0318215229,0.0050390214,-0.9881203771,-2.1818602085,0.1681486517
2.0839028358,-0.0060210996,0.0610447414,-0.0454189330,-0.7519369125,-2.1111719608,0.1150340289
2.0940330029,-0.0251626242,0.1111590490,-0.1113434583,-0.5006628633,-2.0551862717,0.0650936365
2.1043038368,-0.0579223223,0.1064773425,-0.1524922997,-0.2564077973,-1.9388974905,-0.0028654425
2.1141138077,-0.0752279013,0.0760510191,-0.1919382364,-0.0387669951,-1.8279865980,-0.0463996045
2.1241350174,-0.0641205162,0.0882753357,-0.2143884450,0.0894490331,-1.7402857542,-0.1122198999
2.1342229843,-0.0508616753,0.0498750992,-0.2345110327,0.0993054137,-1.6608321667,-0.1450982839
2.1447458267,-0.0560249276,0.0083618062,-0.2507532537,0.0173855163,-1.5822145939,-0.1832629740
2.1543519497,-0.0578726418,-0.0240397118,-0.2690548599,-0.0695530027,-1.5331379175,-0.1885245889
2.1644368172,-0.0514898784,-0.0348542742,-0.2767753899,-0.1799849719,-1.4820533991,-0.1799766421
2.1745018959,-0.0446831472,-0.0331294648,-0.2584443986,-0.3425811827,-1.4454059601,-0.2000908852
2.1848568916,-0.0411299951,-0.0252826922,-0.2355047017,-0.3898150325,-1.4206706285,-0.2489092946
2.1946268082,-0.0408410318,-0.0142924292,-0.2193938643,-0.3391480446,-1.3650077581,-0.2425251752
2.2046899796,-0.0314906128,-0.0185549967,-0.1990256459,-0.3420637250,-1.2876216173,-0.2499183714
2.2147541046,-0.0228695739,-0.0588346832,-0.1696066409,-0.3415322900,-1.2310409546,-0.1978611052
2.2251029015,-0.0295746196,-0.0491396897,-0.1557596475,-0.3955880702,-1.1578338146,-0.1266702861
2.2348959446,-0.0556744821,-0.0062537743,-0.1418835670,-0.4634940326,-1.0880769491,-0.0777748376
2.2449729443,-0.0774469227,0.0136267738,-0.1414387971,-0.4906132817,-1.0424652100,-0.0437676050
2.2550189495,-0.0820796937,0.0312639661,-0.1427731067,-0.5016568899,-1.0029674768,0.0072199483
2.2653608322,-0.0853340477,0.0348770507,-0.1322475225,-0.5287899971,-0.9551369548,0.0560934804
2.2751679420,-0.0753769726,0.0390996523,-0.1118263751,-0.5451471806,-0.9190360904,0.0815985128
2.2852289677,-0.0726576895,0.0325623937,-0.0961313397,-0.4921178520,-0.8832384348,0.1304456741
2.2952938080,-0.0771776885,0.0486903675,-0.1064481884,-0.3728978634,-0.8500944972,0.1718422472
2.3056499958,-0.0662680119,0.0908723101,-0.1174397022,-0.2277028561,-0.8527730703,0.2174614072
2.3155140877,-0.0673010796,0.0970362499,-0.1173804551,-0.1103751063,-0.8464984894,0.2089407593
2.3254950047,-0.0670528263,0.1344342977,-0.1339227706,0.0351911448,-0.8935299516,0.1239363775
2.3357219696,-0.0960329026,0.1855331063,-0.1579207331,0.2165658772,-0.7911106348,-0.0342673734
2.3461818695,-0.1758105606,0.1297248155,-0.2242841870,0.3948338926,-0.5862312913,-0.0968564525
2.3557038307,-0.2003006786,0.0956527516,-0.2839470208,0.5154286623,-0.3741814494,-0.1212000027
2.3657178879,-0.1979259104,0.1345925033,-0.3148122728,0.6191393137,-0.1813070774,-0.1349333972
2.3758220673,-0.1861448139,0.0982116237,-0.3266958892,0.5971733928,-0.0150709627,-0.1603298336
2.3861198425,-0.1470211595,-0.0054707332,-0.3054481447,0.5150628090,0.0850575045,-0.1538881809
2.3959798813,-0.0812601298,-0.0250803344,-0.2458868772,0.4449948370,0.1555996537,-0.1442774385
2.4060668945,-0.0325012691,-0.0189995728,-0.1668639928,0.3637428582,0.1709309369,-0.1251367629
2.4161520004,0.0123288166,-0.0625203475,-0.0860756189,0.2499638498,0.1332427412,-0.0571726896
2.4265098572,0.0396627896,-0.0867130682,-0.0135679990,0.1744405925,0.1105491519,-0.0189400837
2.4362339973,0.0498059504,-0.0514402501,0.0290414542,0.1229761466,0.0296570286,0.0118246870
2.4463539124,0.0427739136,-0.0273326747,0.0662343949,0.1095663384,-0.0148254856,0.0425980464
2.4563450813,0.0144664180,-0.0327866189,0.0797743052,0.0906439349,-0.0412834585,0.0786913410
2.4667730331,-0.0127948392,-0.0318422727,0.0824486464,0.0693343878,-0.0434395522,0.1020552516
2.4765219688,-0.0370671041,-0.0253234021,0.0743397921,0.0662197918,-0.0518778451,0.1137300804
2.4866161346,-0.0525719412,-0.0110075576,0.0536557883,0.0670349896,-0.0275554620,0.0999386311
2.4966399670,-0.0888777226,0.0053807097,0.0409317464,0.0568703935,0.0262289401,0.0628056452
2.5069949627,-0.1393654794,0.0180050321,0.0130985230,0.0653922409,0.1333910674,0.0501154177
2.5167708397,-0.1898057908,0.0169077702,-0.0275089890,0.0157439448,0.2940763831,0.0247267038
2.5268468857,-0.2367611974,0.0180262811,-0.0386282951,0.0348856822,0.5103473663,-0.0303836875
2.5369329453,-0.2696623206,0.0662124977,-0.0521713048,0.0805852860,0.7421221137,-0.0217862688
2.5473518372,-0.2730860710,0.0930705890,-0.0688711554,0.0524788126,0.9901385903,-0.0269642547
2.5571069717,-0.2784886956,0.0875289366,-0.0879385620,-0.0356944762,1.2660026550,-0.0745845661
2.5671629906,-0.2899549603,0.0798918977,-0.1229074150,-0.0741273612,1.5813132524,-0.1604230553
2.5772428513,-0.2920779586,0.0960093662,-0.1619615108,-0.0580742732,1.8907407522,-0.2452172339
2.5875878334,-0.2975914478,0.1324697435,-0.1974433213,0.0221321490,2.1879394054,-0.3385274410
2.5973379612,-0.2987045646,0.1438081264,-0.2148066312,0.0973291099,2.4533872604,-0.4127409756
2.6073999405,-0.2843385935,0.1338325590,-0.2348863035,0.2083802670,2.6566390991,-0.4721283913
2.6174569130,-0.2596195340,0.1027103141,-0.2467315942,0.3950541019,2.6716091633,-0.3787274063
2.6278381348,-0.2242032140,0.0537662841,-0.2284267694,0.5425002575,2.7705569267,-0.2098893970
2.6376180649,-0.2149936110,-0.0411801152,-0.2225276381,0.6499574184,2.9106180668,-0.1917974204
2.6477899551,-0.1740535945,-0.0577757917,-0.1992296129,0.6799086332,3.0106987953,-0.1800752431
2.6577439308,-0.1323203892,-0.0226287507,-0.1764652282,0.6824383140,3.0775275230,-0.1864123642
2.6679959297,-0.1149183661,0.0174274929,-0.1583823711,0.6992402077,3.1041254997,-0.1980831325
2.6778478622,-0.0959891528,0.0413811095,-0.1625084430,0.7430253029,3.0989468098,-0.2373836637
2.6879429817,-0.0795110613,0.0717746317,-0.1636180431,0.7959454656,3.1393225193,-0.3000230789
2.6979689598,-0.0719767660,0.0441579930,-0.1476646811,0.9368062615,3.2442145348,-0.3499104083
2.7083730698,-0.0492173620,0.0333477147,-0.1147739440,1.0458672047,3.3324398994,-0.3095456958
2.7181401253,-0.0104013551,0.0189889707,-0.0847992450,1.0532016754,3.2499108315,-0.1205902100
2.7282218933,0.0140837859,-0.0366612561,-0.0493723899,1.0710885525,3.1790611744,0.0556284934
2.7382669449,0.0193581562,-0.1029993668,-0.0483303219,1.0791687965,3.1186623573,0.0577206090
2.7486310005,0.0448811166,-0.0737945959,-0.0535401851,1.1272995472,3.0000324249,0.0257951636
2.7584359646,0.0674860477,-0.0095927408,-0.0083856136,1.2075103521,2.8753294945,-0.0040174592
2.7684431076,0.0911806896,0.0320461877,0.0434831232,1.2547875643,2.7378759384,0.0075816722
2.7785680294,0.1152730808,0.0087282201,0.0700905174,1.2476201057,2.6009263992,0.0064518261
2.7889289856,0.1219307408,-0.0410469212,0.0869620293,1.2124344110,2.4889202118,-0.0371289402
2.7988250256,0.1161080450,-0.0661204457,0.0834089965,1.1389474869,2.3648514748,-0.0891995355
2.8087430000,0.0968112797,-0.0471509099,0.1023396701,1.0697734356,2.2366318703,-0.1327797621
2.8188118935,0.0826543123,-0.0111986855,0.1391172260,1.0433164835,2.1067731380,-0.1593821496
2.8291349411,0.0796242207,0.0208665654,0.1539524645,1.0808403492,1.9816908836,-0.1902463287
2.8389480114,0.0768246055,0.0407705121,0.1780758351,1.1386445761,1.8568693399,-0.2083744705
2.8490271568,0.0781674087,0.0356695652,0.1911161989,1.1462244987,1.7402840853,-0.1978166252
2.8590841293,0.0818871707,0.0166944452,0.2028866857,1.0933090448,1.5926893950,-0.1426634938
2.8694269657,0.0753465369,-0.0157206543,0.1900808066,1.0049575567,1.4659032822,-0.1034178138
2.8791818619,0.0601135083,-0.0237567835,0.1809301823,0.9214797616,1.3847100735,-0.0758297294
2.8893120289,0.0524945073,-0.0033054752,0.2076769322,0.8295215964,1.2994066477,-0.0163882431
2.8993179798,0.0683124214,0.0278676413,0.2412782162,0.7278697491,1.2224661112,0.0366886891
2.9097118378,0.0722314417,0.0220833831,0.2349485010,0.6421130300,1.1549925804,0.0557891466
2.9194488525,0.0769282430,0.0261612497,0.2169390172,0.5712828636,1.0886474848,0.0653309897
2.9295859337,0.0823939592,0.0237453021,0.1989835352,0.5103146434,0.9945791960,0.0408781096
2.9395818710,0.0977801532,0.0393495299,0.1723700017,0.5083089471,0.8733261228,-0.0005913695
2.9500370026,0.0948750675,0.0552032925,0.1321473569,0.5865201354,0.7347772717,-0.0357197970
2.9597439766,0.0784338266,0.0612092949,0.1065261215,0.6761801243,0.6249574423,-0.0740223154
2.9698219299,0.0618552528,0.0708162114,0.1238024086,0.7144052982,0.5371096134,-0.0910646766
2.9799890518,0.0477064066,0.0628662333,0.1274964064,0.6845671535,0.5301988721,-0.1345945001
2.9902968407,0.0247055124,0.0595006980,0.1398833841,0.6974344850,0.5215179920,-0.1813212633
3.0000119209,0.0252542477,0.0594140030,0.1327178329,0.7807863951,0.5093821883,-0.2015233487
3.0100789070,0.0132147800,0.0784208849,0.1292042583,0.8245701194,0.5077738762,-0.1813610792
3.0201830864,0.0069946772,0.0284413584,0.1121014208,0.7839341164,0.5158720613,-0.1866547167
3.0304679871,-0.0003518186,-0.0010153755,0.1086422652,0.6514061689,0.5360540748,-0.1685604006
3.0403130054,-0.0176103730,0.0030189650,0.0974550694,0.4857786000,0.5581036806,-0.1451477557
3.0503578186,-0.0253090877,0.0047528045,0.0893755406,0.3638628125,0.5836077332,-0.1387332678
3.0604391098,-0.0076403790,0.0394703783,0.0863248557,0.2689009011,0.5817591548,-0.1323397458
3.0707559586,0.0022824833,0.0531046577,0.0707242340,0.2338156104,0.5675477386,-0.1493267119
3.0806069374,0.0056530065,0.0731201246,0.0513137430,0.1852375567,0.5161842108,-0.1504021734
3.0906059742,0.0155729484,0.0625832900,0.0595635623,0.1190183163,0.4171729088,-0.1122100428
3.1006879807,0.0206138622,0.0304313190,0.0818040818,0.1188978627,0.3250626326,-0.0804006457
3.1110320091,0.0168261062,0.0452291109,0.0894638151,0.1700004637,0.2322639972,-0.0602857918
3.1208829880,0.0334732048,0.0800912604,0.0933685154,0.2422059774,0.1629672796,-0.0444128886
3.1308708191,0.0361664109,0.0845120475,0.1119943112,0.2783666551,0.0712099299,-0.0073049320
3.1409730911,0.0447288565,0.0766154453,0.1230691522,0.3027950823,-0.0217591599,0.0223725364
3.1513049603,0.0456154160,0.0679896101,0.1119355410,0.3211133778,-0.1433761269,0.0605319068
3.1611139774,0.0437351577,0.0732987598,0.1059042066,0.3627158701,-0.2469034046,0.0753348842
3.1711478233,0.0407194905,0.0676122233,0.1009330004,0.4573198557,-0.3149929643,0.0837712511
3.1812789440,0.0372295193,0.0841731057,0.0909361690,0.5205242038,-0.3376604021,0.1028561965
3.1915578842,0.0111115705,0.0982222930,0.1060572118,0.5254486203,-0.2949797809,0.1326066256
3.2014260292,0.0010908075,0.0629740879,0.1337764710,0.5545660853,-0.2170718610,0.1623687297
3.2114269733,0.0010993310,0.0648535118,0.1387308091,0.5738870502,-0.1201495752,0.1921425909
3.2215459347,0.0064142770,0.0813496634,0.1005101055,0.5658461452,-0.0640149415,0.1868623495
3.2318279743,0.0115533900,0.0779041275,0.0438473076,0.4901237190,-0.0689069033,0.1890027374
3.2416779995,0.0021779069,0.0415426679,0.0118349642,0.3786008060,-0.1218902841,0.1868826449
3.2516839504,0.0149801504,-0.0065058274,0.0233048648,0.2580916882,-0.2388307601,0.1518154740
3.2618188858,0.0415276997,-0.0108378036,0.0694263428,0.1718349308,-0.3661177456,0.1114255786
3.2720828056,0.0525868051,0.0053854780,0.0886257142,0.1175719574,-0.4909821749,0.0742140263
3.2819538116,0.0509886406,-0.0195226483,0.1013792008,0.1454796195,-0.6174929142,-0.0001825076
3.2919421196,0.0364894383,-0.0073412759,0.0907185525,0.1777097285,-0.6383917928,0.0061696647
3.3020820618,-0.0416978337,-0.0164393596,-0.0041453391,0.2356260270,-0.5615762472,-0.0076107294
3.3123650551,-0.1239542514,-0.0229247920,-0.0712403804,0.3037728369,-0.4412431717,-0.0330511071
3.3222160339,-0.1222044230,0.0733274147,-0.0919161588,0.3391183019,-0.3464013636,-0.0181461945
3.3322119713,-0.1119219959,0.0478969701,-0.1232747585,0.2611750662,-0.2343568355,0.0201543216
3.3422889709,-0.1375194192,-0.0210567825,-0.1323887855,0.1392211467,-0.0972507894,0.0552927367
3.3527219296,-0.1349454522,-0.0161149614,-0.1357265264,0.0550998747,-0.0075294226,0.0957072675
3.3624191284,-0.0839767754,0.0265321918,-0.1116904169,-0.0095510259,0.0557792410,0.1276092827
3.3725681305,-0.0697802603,0.0303775556,-0.0768613368,-0.1225012839,0.1450342983,0.1351151317
3.3825631142,-0.0609051473,0.0498271771,-0.0514316708,-0.1763726622,0.1954692304,0.1309062690
3.3928880692,-0.0336643346,0.0485823341,-0.0265961438,-0.1765601486,0.2134231925,0.1181736961
3.4027471542,-0.0055378848,0.0297844894,0.0190493912,-0.1784477383,0.1878583133,0.1054188907
3.4127469063,0.0101014208,0.0130407410,0.0402719229,-0.1898841560,0.1568966806,0.0916029438
3.4228820801,0.0156992953,-0.0003039046,0.0497540683,-0.2256971896,0.1098313630,0.0820342675
3.4331820011,0.0199237596,-0.0150058372,0.0555849522,-0.2453047037,0.0415700115,0.0543983802
3.4430160522,0.0231922250,-0.0048683984,0.0565807670,-0.1913870722,-0.0165877659,0.0129440799
3.4530248642,0.0128946584,0.0185472555,0.0505226105,-0.1171586588,-0.0777597800,-0.0295772813
3.4631929398,0.0046998686,0.0160809346,0.0542067140,-0.0722308382,-0.0879861191,-0.0306547284
3.4734148979,-0.0216821004,-0.0065275533,0.0576743335,-0.0702569038,-0.0720593482,-0.0317090750
3.4832849503,-0.0300830174,-0.0062126918,0.0735250562,-0.0328910761,-0.0738675669,-0.0338444635
3.4932830334,-0.0189947356,0.0287068971,0.0774854273,-0.0039299978,-0.0872773826,-0.0136843352
3.5033731461,-0.0204578210,0.0170284100,0.0600594729,-0.0571103096,-0.1046930552,-0.0094310669
3.5137469769,-0.0355484970,-0.0031208498,0.0545160025,-0.1566366404,-0.0756579414,0.0203390792
3.5234599113,-0.0626581013,-0.0233912878,0.0520905107,-0.2765616775,-0.0340410620,0.0543687530
3.5369148254,-0.0585113205,-0.0146534247,0.0412259549,-0.3632052541,-0.0122864945,0.0894409865
3.5446929932,-0.0554319806,0.0052037137,0.0158237666,-0.3987547755,0.0203411561,0.0958345011
3.5540909767,-0.0691521764,0.0143193500,0.0088720769,-0.4257600307,0.0530407801,0.1022284850
3.5643911362,-0.0617488064,0.0134981768,0.0097894520,-0.4679373503,0.1088872030,0.0990841612
3.5745439529,-0.0541791953,-0.0006590887,0.0263179392,-0.5306483507,0.1888789684,0.0832130536
3.5845508575,-0.0444278307,-0.0248930268,0.0515429229,-0.5516269803,0.2575428486,0.0641398877
3.5945968628,-0.0292414445,-0.0043560369,0.0619160384,-0.5308005214,0.3085951209,0.0546039119
3.6040120125,-0.0260067601,0.0387889482,0.0623082966,-0.5171301961,0.3276687562,0.0323123857
3.6139230728,-0.0160860438,0.0525453426,0.0735075921,-0.5587919354,0.3303358853,0.0089647183
3.6240210533,-0.0131358821,0.0075779157,0.0906856507,-0.5599696040,0.3397243619,-0.0143909380
3.6343419552,-0.0214478839,0.0022185342,0.1076326221,-0.5666099191,0.3629689515,-0.0207484365
3.6441869736,-0.0220697988,0.0249361582,0.1049811691,-0.5591596961,0.3651556075,-0.0207486358
3.6542079449,-0.0146562178,0.0196684487,0.0955591649,-0.5267862678,0.3293265104,-0.0260837469
3.6643338203,-0.0096735079,0.0223826207,0.0705514997,-0.5037208200,0.2637061179,-0.0314321071
3.6745948792,-0.0145588536,0.0378317125,0.0612540096,-0.5302832127,0.1492978185,0.0332872346
3.6844480038,-0.0126533676,0.0145053016,0.0805544108,-0.5273711681,0.0730199441,0.0481147841
3.6944530010,-0.0050808066,-0.0041202111,0.0961467475,-0.5564075708,-0.0110395364,0.0512655675
3.7045879364,0.0171321761,0.0393082090,0.1158026308,-0.5649439096,-0.1171748936,0.0586469211
3.7148699760,0.0335182063,0.0582925864,0.1259963959,-0.5777704716,-0.2212467045,0.0628453940
3.7246618271,0.0480891578,0.0442177691,0.1325899810,-0.5658544898,-0.3452831805,0.0638414174
3.7347340584,0.0590180866,0.0272530206,0.1345615834,-0.5666545033,-0.4778926075,0.0690843761
3.7448348999,0.0633980632,0.0238626190,0.1387037486,-0.5781707764,-0.6063646674,0.0722080693
3.7551519871,0.0630496591,0.0155172097,0.1566921920,-0.5844630599,-0.7242636085,0.0625945926
3.7649650574,0.0706606507,0.0022802697,0.1651388258,-0.5673694015,-0.8335812092,0.0359916724
3.7749738693,0.0714461058,-0.0059996201,0.1658533663,-0.5376370549,-0.9269263148,0.0008981366
3.7852230072,0.0710659176,-0.0267590843,0.1646572202,-0.5284044743,-0.9981602430,-0.0331177562
3.7955598831,0.0711226463,-0.0497368835,0.1615296453,-0.5708350539,-1.0264099836,-0.0777166486
3.8053698540,0.0684750825,-0.0692472681,0.1817295402,-0.6057464480,-1.0587767363,-0.1127626523
3.8154358864,0.0661831498,-0.0600586049,0.1813546270,-0.6364257932,-1.0867577791,-0.1318812221
3.8255620003,0.0563530736,-0.0435455851,0.1623475999,-0.6853106022,-1.1073387861,-0.1308172047
3.8358578682,0.0556714945,-0.0477733649,0.1521180719,-0.7104812264,-1.1510151625,-0.1234000474
3.8456959724,0.0605111234,-0.0524297319,0.1184558719,-0.7600083351,-1.2140380144,-0.1212959513
3.8555459976,0.0542939864,-0.0157368593,0.0865237564,-0.7978135347,-1.2747954130,-0.1128223017
3.8656129837,0.0457275324,0.0128452526,0.0749491900,-0.8452521563,-1.3324189186,-0.0990356505
3.8758449554,0.0473993309,0.0303837992,0.0925001949,-0.8821968436,-1.3718638420,-0.0778099895
3.8865129948,0.0466062240,0.0448072553,0.0932606310,-0.8881713152,-1.4119404554,-0.0321709327
3.8960099220,0.0443204604,0.0699267760,0.0713386983,-0.8633040190,-1.4423081875,-0.0035238427
3.9060869217,0.0492824763,0.0835961029,0.0628359765,-0.8617150784,-1.4930599928,0.0219327807
3.9162600040,0.0617623292,0.1002676636,0.0638305396,-0.8524004221,-1.5680396557,0.0643649325
3.9261789322,0.0642572716,0.1014315635,0.0538006872,-0.8484548330,-1.6399251223,0.1004297882
3.9362280369,0.0657116175,0.0871074200,0.0493157953,-0.8333938718,-1.7562997341,0.1332836002
3.9463369846,0.0731657818,0.0682894289,0.0386206359,-0.7715975046,-1.8511488438,0.1502103359
3.9565999508,0.0765918940,0.0657698736,0.0186962336,-0.6640601158,-1.9330581427,0.1374005228
3.9665088654,0.0847946107,0.0556735806,-0.0055436045,-0.5543118715,-2.0235545635,0.1065354198
3.9765980244,0.0928070322,0.0407521240,-0.0020289572,-0.4681346714,-2.1046793461,0.0799280405
3.9866061211,0.0976551026,0.0234474503,-0.0097466260,-0.4589127302,-2.1748094559,0.0522823669
3.9968848228,0.0991307572,0.0116770444,0.0062929243,-0.5458233356,-2.2350244522,0.0469653644
4.0067839622,0.0991963595,-0.0391905718,0.0208006948,-0.6848803759,-2.3082916737,0.0628926605
4.0168380737,0.0970203876,-0.0965125039,0.0053727478,-0.8433434963,-2.3626475334,0.0756473467
4.0268697739,0.0960926116,-0.1223610863,-0.0040409714,-0.9999709725,-2.3872125149,0.0979708284
4.0371899605,0.1087412238,-0.1301990449,0.0179344863,-1.1600502729,-2.3863432407,0.1203096882
4.0469932556,0.1271097064,-0.1220434457,0.0420394391,-1.2837703228,-2.3914282322,0.1575035155
4.0571031570,0.1316434592,-0.1160866171,0.0360873789,-1.3938236237,-2.3762032986,0.1989492327
4.0671091080,0.1228996068,-0.0896115303,0.0594935268,-1.4762753248,-2.3482043743,0.2096020132
4.0775642395,0.1049828678,-0.0589270629,0.0577326864,-1.5202251673,-2.3283650875,0.2191792727
4.0873050690,0.0776624531,-0.0193760358,0.0767199248,-1.4694961309,-2.2791247368,0.2170666456
4.0973420143,0.0516397767,0.0046026753,0.0593134612,-1.3420000076,-2.2241027355,0.1852077842
4.1074471474,0.0357968025,0.0378578193,0.0338411182,-1.1757905483,-2.1984884739,0.1480157524
4.1177830696,0.0353590064,0.0750726685,0.0091268271,-0.9420548081,-2.1995954514,0.1532648504
4.1275830269,0.0112002026,0.1077486947,-0.0547005683,-0.6743106842,-2.1866176128,0.1574502736
4.1376047134,-0.0083372165,0.1154984608,-0.0883509070,-0.4637715220,-2.2154743671,0.1690621823
4.1476411819,0.0023059079,0.0878837928,-0.1035471112,-0.3420161009,-2.2238638401,0.1838920563
4.1580781937,0.0126647186,0.0619214810,-0.0986212045,-0.3016212583,-2.2087457180,0.1700859517
4.1678047180,0.0204452705,0.0390811898,-0.0754091293,-0.3524624705,-2.1425485611,0.1382783055
4.1779069901,0.0255388748,0.0457341708,-0.0418710858,-0.4992838800,-2.0859756470,0.0608325116
4.1879839897,0.0204513799,0.0229104199,-0.0417157561,-0.5265167356,-2.0382404327,-0.0676144809
4.1982998848,0.0228859913,-0.0012714966,-0.0680076033,-0.4852348268,-2.0074610710,-0.1217613369
4.2080960274,0.0267493259,-0.0023940308,-0.0768336803,-0.4408937991,-1.9604884386,-0.1376767159
4.2181787491,0.0309194457,-0.0401483886,-0.0719770342,-0.4382522106,-1.9029655457,-0.1068564877
4.2282466888,0.0234229099,-0.0568017624,-0.0554536134,-0.4678543806,-1.8223248720,-0.0675220639
4.2385292053,-0.0085653532,-0.0378265940,-0.0505389124,-0.4872414172,-1.6983389854,-0.0663934201
4.2483520508,-0.0399288423,-0.0012386247,-0.0449942499,-0.4706785679,-1.5411798954,-0.0705661923
4.2584109306,-0.0588034280,0.0522213317,-0.0484602600,-0.4422881901,-1.3959492445,-0.1299616098
4.2684569359,-0.0736983269,0.0785405561,-0.0773034245,-0.3283159733,-1.2735913992,-0.2318626642
4.2787871361,-0.0725690573,0.0887197033,-0.1248117238,-0.2211639732,-1.2124427557,-0.2732695043
4.2885971069,-0.0651042312,0.0696237907,-0.1475028545,-0.1544467956,-1.1609627008,-0.2785690129
4.2986798286,-0.0777974576,0.0258329101,-0.1532067209,-0.1124050766,-1.0969851017,-0.2870421112
4.3087468147,-0.0802937001,0.0219588764,-0.1615054160,-0.1089001969,-1.0181578398,-0.2445304692
4.3191099167,-0.1162740439,0.0032372819,-0.1670743376,-0.0406774655,-0.7907525897,-0.1223273277
4.3288812637,-0.2567126155,0.0405701138,-0.2561611235,-0.0318960659,-0.2870562673,-0.1836624593
4.3389482498,-0.3343584538,0.0854411647,-0.4004178941,0.0896498039,0.0404701941,-0.2376814783
4.3490238190,-0.3098405600,0.1300227195,-0.5568987727,0.3859189451,0.1872644424,-0.2536114454
4.3593621254,-0.3086282015,0.1924882382,-0.6072219014,0.5531619787,0.2172641456,-0.2706277370
4.3691349030,-0.2432943434,0.1152868792,-0.5245460868,0.3838962615,0.1790827364,-0.2037100047
4.3792490959,-0.1396959275,-0.0372642837,-0.3967691362,0.0668607876,0.0881432369,-0.0560848564
4.3892469406,-0.0698913187,-0.0870098844,-0.2725560367,-0.1905022562,0.0050290460,0.0724157318
4.3996677399,-0.0439308174,-0.0474096350,-0.1727336794,-0.3205800653,-0.0042499397,0.1255340725
4.4093799591,-0.0100872386,-0.0177879147,-0.0868633538,-0.4152197540,-0.0343453251,0.1934990883
4.4195318222,0.0239024293,-0.0239653699,-0.0197445899,-0.4320530593,-0.0577534437,0.2062332481
4.4295148849,0.0229700338,0.0267340578,0.0100763291,-0.3060213625,-0.0731770694,0.1127543673
4.4399399757,0.0303248893,0.0679563805,0.0158545226,-0.0154412203,-0.1084485129,0.0096684592
4.4496488571,0.0390781872,0.0650679246,0.0172557086,0.2484238446,-0.1372480094,-0.0413789488
4.4597840309,0.0402163379,0.0221557207,0.0122356266,0.4118165076,-0.1498295814,-0.0743424892
4.4697709084,0.0386462323,-0.0158169232,-0.0014855417,0.4888908267,-0.1748023033,-0.1019815728
4.4802050591,0.0273813140,-0.0028208597,0.0002199857,0.4888551533,-0.1716677696,-0.1094125882
4.4898872375,-0.0007073752,-0.0026785834,0.0116761774,0.4104981720,-0.1267255843,-0.1093697175
4.5000438690,-0.0272894371,-0.0160591714,0.0223645419,0.2870817184,-0.0564887114,-0.0753257275
4.5100507736,-0.0387260802,-0.0170679949,0.0177220553,0.1594992727,0.0042661834,-0.0253589004
4.5204448700,-0.0341085084,-0.0065442575,0.0259543508,0.0682117045,0.0642834455,0.0256606061
4.5302047729,-0.0457456596,0.0060990052,0.0374165624,0.0075822617,0.1519834101,0.0501417853
4.5403428078,-0.0621380694,0.0256625451,0.0319551677,0.0033486346,0.2548866272,0.0523178540
4.5503177643,-0.0783684105,0.0321568586,0.0148100704,0.0246812738,0.3610517383,0.0321906805
4.5606889725,-0.0803856105,0.0438811071,0.0273434967,0.0422317721,0.4171040952,-0.0198139343
4.5704622269,-0.0715367645,0.0357765295,0.0244713277,0.0746541843,0.4807684720,-0.0633232594
4.5805978775,-0.0912261456,0.0166296847,0.0033460108,0.1035313755,0.5795504451,-0.0866408348
4.5905880928,-0.1174464077,0.0017243222,-0.0210179240,0.1312476844,0.6878998280,-0.1057061404
4.6010026932,-0.1259693354,-0.0091411872,-0.0454901010,0.1749858558,0.7965828776,-0.0950449705
4.6107211113,-0.1413083524,-0.0016471102,-0.0760776550,0.1511513591,0.9374465346,-0.1034642905
4.6208391190,-0.1706321090,-0.0257126205,-0.1212623864,0.0521858968,1.1199718714,-0.1309547722
4.6310420036,-0.2037765831,-0.0747583881,-0.1670652181,-0.0775065869,1.2834674120,-0.1064181328
4.6412959099,-0.2080352753,-0.0677199140,-0.1946755201,-0.2082355618,1.4461772442,-0.0383485369
4.6509938240,-0.2069021314,-0.0398143493,-0.2119997293,-0.3612697124,1.5980606079,0.0265357886
4.6611590385,-0.2093070000,-0.0310201906,-0.2044662982,-0.5262336135,1.7689394951,0.0914327651
4.6711597443,-0.1968569607,-0.0236044936,-0.1699972898,-0.6455636024,1.9645111561,0.1393420249
4.6814370155,-0.1841615289,0.0264468379,-0.1555130631,-0.7209888697,2.1432676315,0.1532538533
4.6913309097,-0.1856903881,0.0868843421,-0.1853645593,-0.6832717061,2.3173608780,0.1140447259
4.7013378143,-0.2005578727,0.1318272352,-0.2106314451,-0.5389057398,2.4963531494,0.0323389508
4.7114710808,-0.2090880722,0.1593679190,-0.2341109663,-0.3056547344,2.6442272663,-0.0589616671
4.7217559814,-0.1925100535,0.1778676957,-0.2451069504,-0.0274023563,2.7732489109,-0.1725803763
4.7315902710,-0.1838564426,0.1704714894,-0.2486602813,0.3302524686,2.8594527245,-0.2873029113
4.7415952682,-0.1732074469,0.1763418466,-0.2488448173,0.6686486602,2.9520134926,-0.3775955141
4.7516779900,-0.1540642828,0.1605217159,-0.2193211466,1.0592631102,3.0548770428,-0.4222381413
4.7620477676,-0.1293971390,0.1350390017,-0.1798953563,1.2869453430,3.1283538342,-0.3617367148
4.7717857361,-0.1051522642,0.1234900728,-0.1068707854,1.4143719673,3.1992754936,-0.2332563102
4.7818737030,-0.0881217271,0.0395052917,-0.0655718595,1.4744908810,3.2757751942,-0.1355478615
4.7919311523,-0.0564120002,-0.0085646613,-0.0535531789,1.4347906113,3.3013710976,-0.0622599944
4.8023381233,-0.0272246767,-0.0137152476,-0.0468557030,1.3443664312,3.2778530121,0.0322513320
4.8120517731,-0.0035927317,-0.0093608750,-0.0690207630,1.2164958715,3.1574761868,0.1309705079
4.8222060204,0.0071791536,0.0206675567,-0.0714756995,1.0416548252,3.0364534855,0.1936006099
4.8321962357,-0.0009183161,0.0127357962,-0.0509495884,0.9870457053,2.9490561485,0.2073746175
4.8425369263,-0.0017273597,0.0146823721,-0.0168906599,1.0430161953,2.9006032944,0.1871620119
4.8523187637,0.0272499453,0.0705933794,0.0182058662,1.2463854551,2.8396234512,0.1637196094
4.8624420166,0.0460360311,0.1124978289,0.0475652069,1.5107427835,2.7632591724,0.1402547657
4.8724832535,0.0382615551,0.1313823462,0.0642610639,1.6728912592,2.6638498306,0.1369791329
4.8828740120,0.0325483121,0.0757639483,0.0840269178,1.7573279142,2.5446419716,0.1305273622
4.8925881386,0.0308459867,0.0099379243,0.0755507201,1.7795810699,2.4522635937,0.0911902785
4.9026737213,0.0193407834,0.0017484961,0.0698599070,1.8092287779,2.3674135208,0.0571628064
4.9127469063,0.0144066196,0.0228090901,0.0944270939,1.7662316561,2.2917430401,0.0635051951
4.9230761528,0.0415725149,0.0206632912,0.1563706249,1.6049053669,2.2045719624,0.0921711922
4.9329380989,0.0560520105,-0.0235366225,0.2167672962,1.3423671722,2.0994343758,0.1049279347
4.9429321289,0.0629500598,-0.0598197989,0.2406608909,1.0755783319,1.9909321070,0.0953852981
4.9530582428,0.0721776485,-0.0462524332,0.2194112986,0.8687055111,1.8658384085,0.0645821095
4.9635028839,0.0661658049,-0.0159722678,0.1901054233,0.7345159650,1.7308851480,0.0518071875
4.9732837677,0.0613288395,-0.0039842082,0.1802254766,0.7089439631,1.6190590858,0.0230899919
4.9832859039,0.0478432737,-0.0037790192,0.1808999628,0.7026149631,1.5042808056,0.0039218897
4.9932799339,0.0452159606,0.0013005108,0.2205235213,0.6995178461,1.3851913214,-0.0301160403
5.0036001205,0.0536574386,0.0002264203,0.2514283359,0.6495942473,1.2552876472,-0.0322918408
5.0134649277,0.0576162450,0.0159490220,0.2434446067,0.5921221375,1.1338114738,-0.0333975181
5.0234861374,0.0520542078,-0.0039135618,0.2366292924,0.5305629373,0.9931467175,-0.0430083349
5.0335712433,0.0703069419,-0.0080039008,0.2223212570,0.4547906518,0.8863768578,-0.0430439524
5.0438880920,0.0699314624,-0.0098493947,0.2149618715,0.3937930763,0.7967257500,-0.0409496427
5.0536599159,0.0625634193,-0.0198880248,0.2331344336,0.3530492485,0.7093811035,-0.0377978608
5.0637478828,0.0725963861,-0.0018358781,0.2621719539,0.3666191399,0.6342656016,-0.0219118372
5.0738658905,0.0774848908,0.0203816630,0.2717666924,0.4206061959,0.5733524561,0.0024656067
5.0841369629,0.0763285905,0.0316980518,0.2648154795,0.5133231282,0.4808689058,0.0151374592
5.0939989090,0.0841069669,0.0446079411,0.2444115728,0.5497680306,0.3604229689,0.0458601527
5.1040077209,0.0773636550,0.0346577056,0.2183404416,0.6041289568,0.2623957396,0.0734041631
5.1141190529,0.0568173937,0.0212764032,0.1894250959,0.6379889250,0.1852380931,0.0744190961
5.1244111061,0.0555401556,0.0413072594,0.1908311695,0.6633067727,0.1079507694,0.0669414699
5.1341948509,0.0686606318,0.0536472984,0.1670732945,0.6842053533,0.0442741886,0.0371735841
5.1442909241,0.0638300627,0.0745360181,0.1316954345,0.6358114481,-0.0250990298,0.0403366201
5.1544141769,0.0506685786,0.0520984866,0.1258424371,0.5593708754,-0.0650836676,0.0318426713
5.1647000313,0.0466435663,0.0093328850,0.1115460843,0.4604485333,-0.0977667794,0.0339750648
5.1745419502,0.0429207198,0.0124686407,0.0905192345,0.4041045904,-0.1194455698,0.0392868705
5.1845397949,0.0286034774,0.0404823311,0.0636624545,0.3763879836,-0.1217129827,0.0541579649
5.1946768761,0.0288150739,0.0334829427,0.0378693193,0.3932030797,-0.0961626172,0.0446107984
5.2049031258,0.0268145930,0.0412324108,0.0109199136,0.4185153544,-0.0662377477,0.0435575172
5.2148151398,0.0185517203,0.0598490573,-0.0025805386,0.4201948643,-0.0217325948,0.0318989940
5.2248048782,0.0147069823,0.0832623020,-0.0035354050,0.4027186632,0.0184710175,0.0372325107
5.2348771095,0.0243188273,0.0775104091,-0.0015320929,0.4142847359,0.0367142037,0.0531659350
5.2452139854,0.0357729010,0.0640835539,-0.0210396796,0.4237567782,0.0506742299,0.0659120902
5.2550511360,0.0394336395,0.0721242800,-0.0201652199,0.4046460390,0.0421989858,0.0935189500
5.2651000023,0.0412351601,0.0615189411,-0.0084640533,0.3781340122,0.0261339992,0.1062592492
5.2752280235,0.0518768840,0.0544050075,0.0189695805,0.3603531718,-0.0089553464,0.1189886853
5.2854938507,0.0649584383,0.0567426719,0.0377923697,0.3513727188,-0.0717007518,0.1094034389
5.2953472137,0.0818734616,0.0567384996,0.0472065061,0.3268357813,-0.1791065037,0.1061705574
5.3053441048,0.0783153921,0.0543007143,0.0442976207,0.3215589821,-0.2916703522,0.0997448862
5.3154840469,0.0541511886,0.0527662970,0.0308262557,0.3087823987,-0.3999247551,0.1134983897
5.3257741928,0.0503820591,0.0454835184,0.0761843175,0.2808626294,-0.4869294465,0.1516867727
5.3355779648,0.0550881140,0.0059559839,0.1159662455,0.2708737850,-0.5561052561,0.1336038560
5.3456192017,0.0653588921,0.0044675367,0.1411681622,0.2886503935,-0.6259892583,0.1325026304
5.3557529449,0.0565116964,0.0099835591,0.1428863257,0.2900014818,-0.6546471119,0.1293018460
5.3660430908,0.0380725525,-0.0098883016,0.1358851045,0.2722863853,-0.6984452009,0.1080484986
5.3758549690,0.0466140620,-0.0270066671,0.1349492520,0.2636422515,-0.7964543104,0.0602221787
5.3858947754,0.0347511135,-0.0003208025,0.1621109098,0.2445556372,-0.7033483386,0.0443465412
5.3959469795,-0.0375307538,0.0082416730,0.0778127760,0.1688212901,-0.4937801063,0.0646434277
5.4063482285,-0.1153178811,-0.0546963029,-0.0299945027,0.1492238939,-0.3497390449,0.0498551615
5.4160871506,-0.1221667975,0.0335637219,-0.0437263399,0.1971185803,-0.2292925715,0.0690158680
5.4261078835,-0.0937497169,0.0711904988,-0.0808240920,0.1213383377,-0.1204539835,0.1009434462
5.4362201691,-0.0962582529,0.0095452862,-0.1090691239,-0.0408101976,-0.0198879559,0.1190859675
5.4466519356,-0.1093609333,-0.0023345454,-0.1100835353,-0.0757237077,0.0562267862,0.1223182380
5.4563827515,-0.0773852915,0.0527387448,-0.1081019193,-0.0535454601,0.0798347071,0.1329415143
5.4664368629,-0.0407153256,0.0788963065,-0.0798219591,-0.0515821800,0.0968224779,0.1318877041
5.4765219688,-0.0326333530,0.0611614473,-0.0671528131,-0.0635630190,0.1199795380,0.1191601306
5.4868941307,-0.0286238808,0.0628186092,-0.0448177606,-0.0635236055,0.1156939790,0.1127871871
5.4966340065,-0.0089390147,0.0313305147,-0.0096219331,-0.0975931138,0.1068317741,0.1011113524
5.5067601204,0.0104052853,-0.0089596612,0.0133259147,-0.1636325717,0.0934525803,0.0905034542
5.5167560577,0.0144708883,-0.0116038723,0.0245955437,-0.1986200213,0.0708624572,0.0905025229
5.5271029472,0.0151630621,0.0032236474,0.0310358256,-0.1705300510,0.0372011662,0.0979111716
5.5369262695,0.0218612831,-0.0082144542,0.0249139518,-0.0999211892,0.0185594335,0.0734621510
5.5469889641,0.0253746342,0.0147253769,0.0361173600,-0.0474662371,0.0019777955,0.0638843551
5.5570569038,0.0229108017,-0.0104117496,0.0433319062,-0.0410174988,-0.0045108628,0.0362712406
5.5673637390,0.0243795346,-0.0366486423,0.0408348292,-0.0451161042,-0.0227306131,0.0139654018
5.5771789551,0.0110642593,-0.0344751589,0.0283753127,-0.0577864908,-0.0366912335,0.0054675885
5.5872392654,-0.0023726842,-0.0347986035,0.0314136595,-0.0650039315,-0.0622621067,-0.0009141444
5.5973062515,-0.0088228602,-0.0391677730,0.0140393823,-0.0809831023,-0.0656545758,-0.0115293711
5.6076531410,-0.0301751811,-0.0195915513,-0.0004430564,-0.1058599576,-0.0330124795,-0.0168157462
5.6174812317,-0.0469569452,0.0047841268,0.0006229131,-0.1124735400,-0.0118491370,-0.0168026965
5.6274862289,-0.0453238972,0.0181911178,-0.0040308982,-0.1360462606,-0.0013056824,0.0044445349
5.6376128197,-0.0553229488,0.0228459723,-0.0106384307,-0.1669659615,-0.0024294029,0.0363059305
5.6479468346,-0.0691381097,0.0274644084,-0.0260145813,-0.2001439035,0.0092158020,0.0766685307
5.6577091217,-0.0722331554,0.0347638614,-0.0198425800,-0.2314964980,0.0504990593,0.1032407507
5.6677780151,-0.0698602051,0.0164717622,-0.0048069507,-0.3004734218,0.1190200597,0.1266520768
5.6778321266,-0.0728602707,0.0255848207,0.0199911445,-0.4044982791,0.1701944917,0.1405080259
5.6882038116,-0.0594540276,0.0081581669,0.0422556251,-0.5233138800,0.2052062750,0.1363084912
5.6979808807,-0.0491038598,0.0021115886,0.0510981530,-0.6323755383,0.2254690081,0.1352841705
5.7080478668,-0.0496897884,0.0067130970,0.0727283210,-0.7198737264,0.2235882878,0.1268110573
5.7181301117,-0.0336836465,0.0037227618,0.0974993557,-0.7776356936,0.2356495410,0.1013498455
5.7284841537,-0.0394096114,0.0082497643,0.1016489714,-0.7555834055,0.2695827484,0.0684454218
5.7382707596,-0.0502532907,0.0326331295,0.0948073119,-0.6712315679,0.2649943829,0.0652352497
5.7483310699,-0.0394329019,0.0230676271,0.0966440886,-0.5673924685,0.2341722846,0.0811204761
5.7583990097,-0.0206177253,0.0096871154,0.0992879719,-0.4690224826,0.2147812098,0.0672819540
5.7687768936,0.0043696142,0.0261063464,0.1193455905,-0.4523641467,0.1502206028,0.0704308748
5.7785367966,0.0297621619,0.0218544938,0.1317906231,-0.4783658981,0.0831566751,0.0725291148
5.7885351181,0.0392345004,-0.0051607890,0.1356636137,-0.5202025771,-0.0021449109,0.0650645420
5.7986960411,0.0497184210,-0.0042689992,0.1329068989,-0.5361416340,-0.1158623546,0.0586403981
5.8090538979,0.0574906282,0.0186674781,0.1264856905,-0.5838772058,-0.2510454655,0.0575232022
5.8188338280,0.0537956916,0.0107828276,0.1341301054,-0.6765478849,-0.3749638200,0.0543003753
5.8288989067,0.0540341847,-0.0098018600,0.1450868696,-0.8004814982,-0.4684447646,0.0415435694
5.8389110565,0.0571041219,-0.0267415307,0.1631713361,-0.9094699621,-0.5616904497,0.0447091348
5.8492588997,0.0639218688,-0.0562051348,0.1785709709,-0.9748729467,-0.6387644410,0.0287602600
5.8591008186,0.0734437257,-0.0387267135,0.1900822371,-1.0318914652,-0.6997375488,0.0298056174
5.8691778183,0.0677853078,-0.0351581685,0.1918223351,-1.0219256878,-0.7369341850,0.0074867308
5.8792209625,0.0468600951,-0.0292573832,0.1787113994,-0.9127578139,-0.7702271938,-0.0371523760
5.8895511627,0.0418017469,0.0109745236,0.1555778831,-0.7505425215,-0.7722565532,-0.0775429457
5.8993420601,0.0288431775,0.0323306061,0.1321554631,-0.5883308649,-0.7719069123,-0.0786464885
5.9093751907,0.0167740565,0.0028356882,0.1446384639,-0.4528023601,-0.7706815600,-0.0723094940
5.9195051193,0.0175398123,-0.0052660583,0.1403889507,-0.3790280521,-0.7837902308,-0.0659637228
5.9297890663,0.0186306071,0.0064487653,0.1262848824,-0.3743707240,-0.8218798041,-0.0553659350
5.9396457672,0.0191907268,0.0256864466,0.1024106592,-0.4198321998,-0.8635351062,-0.0362628140
5.9496331215,0.0201537441,0.0377442650,0.0853559226,-0.4610981643,-0.8977053165,-0.0139716230
5.9597239494,0.0244932156,0.0427290909,0.0780630559,-0.4796955287,-0.9559526443,0.0284773000
5.9700541496,0.0264348742,0.0534507148,0.0619315356,-0.4857760668,-0.9866045713,0.0550085083
5.9798469543,0.0208864640,0.0611341260,0.0505593866,-0.5185647011,-1.0142219067,0.0942880735
5.9899511337,0.0175370481,0.0557102971,0.0411119312,-0.5845311880,-1.0326498747,0.1229641959
5.9999780655,0.0162929725,0.0300375633,0.0452614874,-0.6803568006,-1.0534890890,0.1473999619
6.0103816986,0.0368625484,0.0210492089,0.0532716960,-0.7472609878,-1.0846377611,0.1792553514
6.0201101303,0.0608521700,0.0348141529,0.0348045081,-0.7820263505,-1.1294727325,0.1845507324
6.0301771164,0.0694615096,0.0130613046,0.0239975303,-0.8522821069,-1.1482080221,0.1718176156
6.0402379036,0.0781607330,-0.0151874917,0.0218016356,-0.9077263474,-1.1564369202,0.1229835600
6.0506620407,0.0899551511,-0.0274183638,0.0213107318,-0.9394818544,-1.1857445240,0.0645780414
6.0603446960,0.1070301533,-0.0232424904,0.0274184793,-0.9314969182,-1.2390006781,0.0231403932
6.0704927444,0.1168875918,-0.0431770645,0.0333007425,-0.9127224684,-1.3037780523,-0.0098124985
6.0804967880,0.1235594079,-0.0728452876,0.0428097099,-0.9416931272,-1.3953965902,-0.0268392190
6.0909090042,0.1431674957,-0.1038898900,0.0627707690,-0.9913738370,-1.5497310162,-0.0332744792
6.1006398201,0.1596860141,-0.1041095108,0.0705429763,-0.9874628186,-1.7281057835,-0.0556629449
6.1107749939,0.1573285609,-0.0680202618,0.0572485775,-0.9048563838,-1.8769642115,-0.0504492745
6.1207647324,0.1378436238,-0.0647221133,0.0171671361,-0.7444608212,-2.0169436932,-0.0898478106
6.1311860085,0.1286990196,-0.0547724627,-0.0292600542,-0.5400046110,-2.1873667240,-0.1377658099
6.1409082413,0.1192087531,-0.0249121413,-0.0714120418,-0.3218390942,-2.3406953812,-0.1856762022
6.1510329247,0.0991674066,0.0012021706,-0.0733121783,-0.1574823856,-2.4498975277,-0.2293062359
6.1610088348,0.0839001834,-0.0099894954,-0.0786950141,-0.0306808390,-2.5392370224,-0.2686715424
6.1714639664,0.0850168616,-0.0210344568,-0.0613794476,0.0224580131,-2.6224958897,-0.2527996302
6.1811671257,0.0892838240,-0.0456946306,-0.0350610763,-0.0287233070,-2.6248657703,-0.2219941914
6.1912989616,0.0782942027,-0.1166674122,0.0043125600,-0.1149665788,-2.5362033844,-0.1783942580
6.2013010979,0.0638853759,-0.1604142338,0.0238165706,-0.1967107356,-2.3647766113,-0.1411257833
6.2117099762,0.0456909649,-0.1276471615,0.0264619440,-0.3370992839,-2.1968734264,-0.0772983283
6.2214350700,0.0366533212,-0.0874051526,0.0192926377,-0.4153275490,-2.0549831390,-0.0177459214
6.2315678596,0.0212293398,-0.0526837073,-0.0122200996,-0.4306164980,-1.9127845764,0.0046267617
6.2415680885,0.0006336399,0.0080565335,-0.0360026509,-0.4891478419,-1.8219027519,0.0259226616
6.2519912720,-0.0129392017,0.0594514422,-0.0579152852,-0.5323991776,-1.7660632133,0.0227761380
6.2617130280,-0.0183203388,0.0359854586,-0.0846263915,-0.5264991522,-1.7161892653,0.0153675564
6.2718358040,-0.0153210033,0.0632133111,-0.1008846313,-0.5010499954,-1.7000781298,0.0111219455
6.2818808556,-0.0203530062,0.0900996774,-0.1163838655,-0.4028085768,-1.7055302858,0.0195877366
6.2921791077,-0.0257336665,0.0907544643,-0.1046590358,-0.2911424935,-1.6651421785,0.0429391302
6.3020372391,-0.0289563108,0.0690675527,-0.0810500532,-0.1799718738,-1.5760383606,0.0525121279
6.3120460510,-0.0124805439,0.0587213673,-0.0824461132,-0.1348086447,-1.5034754276,0.0546605028
6.3221731186,0.0035568604,0.0821402818,-0.0964844376,-0.0134765245,-1.4741737843,-0.0080023473
6.3324580193,0.0046542413,0.0759988353,-0.1366984397,0.1344096065,-1.4318798780,-0.0664177239
6.3423180580,0.0030462870,0.0469915755,-0.1327521950,0.2285376489,-1.3496780396,-0.1163055152
6.3523120880,0.0124780666,-0.0418196507,-0.1381260306,0.2011840641,-1.2831232548,-0.1247597188
6.3624539375,0.0339860432,-0.0963201597,-0.1278538257,0.0660865605,-1.2194521427,-0.1055809036
6.3727359772,0.0283309352,-0.1210840866,-0.1098246127,-0.0873607844,-1.1346498728,-0.0757692158
6.3825860023,0.0130251180,-0.1394699663,-0.1023121029,-0.2099162191,-1.0443074703,-0.0512711927
6.3925900459,0.0136585366,-0.1075838208,-0.1082968861,-0.3546390533,-0.9785840511,-0.0299656373
6.4026560783,0.0167566072,-0.0536877252,-0.1084378511,-0.4723358154,-0.9440481067,0.0539624840
6.4130749702,-0.0111562479,-0.0169434957,-0.0988193303,-0.6780181527,-0.8661932349,0.0646715909
6.4227929115,-0.0354242809,0.0370287783,-0.0990668684,-0.7697570920,-0.8713496327,0.0477035232
6.4326820374,-0.0451416858,0.0822336599,-0.1168073565,-0.6846781969,-0.8408058882,0.0615005642
6.4427700043,-0.0512689240,0.1418089122,-0.1324088722,-0.5782598257,-0.8089177012,0.0901580378
6.4530091286,-0.0480258949,0.1447789818,-0.1232606322,-0.4738522172,-0.7886361480,0.1315518171
6.4628739357,-0.0390565880,0.1200309917,-0.1324194819,-0.3543290198,-0.7839313745,0.2047879547
6.4733529091,-0.0303316582,0.1405746490,-0.1307900697,-0.2445910573,-0.7624729872,0.2567989528
6.4832620621,-0.0268876422,0.1541513652,-0.1161833555,-0.1404167712,-0.7224766016,0.2302486300
6.4933958054,-0.0147681702,0.1424651891,-0.1022420675,-0.0582878068,-0.7210787535,0.1718295366
6.5033898354,-0.0055909627,0.1202014312,-0.0949426442,0.0363673829,-0.6932029128,0.0889988318
6.5133881569,-0.0062681907,0.0582202263,-0.1039222628,0.1248106956,-0.6821031570,0.0454481617
6.5235028267,0.0076945550,0.0027394490,-0.0991604477,0.1622883379,-0.6944948435,0.0475557856
6.5337328911,0.0294646155,-0.0409450792,-0.0788732320,0.1889889389,-0.6951704621,0.0709082484
6.5436239243,0.0423857085,-0.0710202530,-0.0596181899,0.1825699508,-0.6930706501,0.0762207881
6.5536589622,0.0492550842,-0.0838309452,-0.0190168768,0.1599493176,-0.6684201360,0.1441939771
6.5637941360,0.0210871231,-0.0823009983,0.0043660849,-0.0273143910,-0.5118542910,0.1591836363
6.5740170479,-0.0236098636,-0.1348224580,-0.0339420587,-0.1777664870,-0.4081130028,0.1603354514
6.5839481354,-0.0150372256,-0.1376000792,-0.0718481094,-0.2348206639,-0.3586986959,0.1667458266
6.5939321518,-0.0127150286,-0.0678946897,-0.0883119851,-0.3290853798,-0.3245820105,0.1551070064
6.6040601730,-0.0214251745,-0.0647713915,-0.0793365985,-0.4008897841,-0.2956092060,0.1381509304
6.6143341064,-0.0608227141,-0.0697246715,-0.0857564956,-0.4027057886,-0.2201903611,0.1530542374
6.6240997314,-0.0762728304,-0.0141886873,-0.0907744914,-0.3402396739,-0.1708896011,0.1445685476
6.6341910362,-0.0654713362,0.0391502120,-0.1040941030,-0.2540797591,-0.1461538821,0.0797892958
6.6443281174,-0.0634625405,0.0638296828,-0.1151655465,-0.0929962769,-0.1442252249,-0.0030712385
6.6546297073,-0.0566189773,0.0522431917,-0.1150393039,0.0635339469,-0.1112603396,-0.0391956866
6.6644530296,-0.0451242812,0.0270063020,-0.1095761806,0.1144120395,-0.0769521743,-0.0529935248
6.6744790077,-0.0337818153,0.0079455720,-0.0980720073,0.1195756420,-0.0611497760,-0.0774083138
6.6845579147,-0.0352539904,0.0016636447,-0.0855564624,0.1407498121,-0.0439382307,-0.0699731112
6.6948680878,-0.0281185973,0.0021285163,-0.0699463040,0.1181553006,-0.0249458980,-0.0561544970
6.7046632767,-0.0013834111,-0.0026492728,-0.0533924848,0.0575861707,-0.0509062558,-0.0508434884
6.7147321701,0.0088231098,-0.0088013066,-0.0351473838,0.0159804076,-0.0523100086,-0.0476482287
6.7248649597,0.0043864376,0.0032146471,-0.0267962366,0.0086193494,-0.0617581755,-0.0221678354
6.7351508141,-0.0000892154,0.0142994272,-0.0193725377,0.0714680851,-0.0494679511,-0.0115596652
6.7450060844,0.0003351696,0.0229323395,-0.0244458467,0.1452190131,-0.0604965053,-0.0115832342
6.7549939156,0.0086716544,0.0379238017,-0.0246086270,0.2157261968,-0.0672806352,-0.0073573301
6.7651052475,0.0051655299,0.0212570168,-0.0236202627,0.2688359320,-0.0412612185,0.0064463001
6.7754178047,0.0063099987,0.0027724104,-0.0126474649,0.2954007089,-0.0281092003,0.0351146944
6.7852640152,0.0141187441,-0.0099330200,-0.0180003792,0.3026262522,-0.0035699680,0.0457414426
6.7952651978,0.0108865630,-0.0384056233,-0.0085874349,0.2436257899,0.0278928820,0.0680699199
6.8053331375,0.0143026840,-0.0588891320,-0.0020572694,0.1387759894,0.0534137562,0.0543066338
6.8156900406,-0.0088586677,-0.0496893190,-0.0082623512,0.0998384506,0.1026822329,0.0139927668
6.8255367279,-0.0216742028,-0.0492893867,-0.0324575454,0.1053415760,0.1918072551,0.0055412911
6.8355298042,-0.0293660630,-0.0538416617,-0.0404380113,0.0735282525,0.2774297595,-0.0018404586
6.8456602097,-0.0424383171,-0.0643467084,-0.0460434705,0.0087864101,0.3467654884,-0.0219639037
6.8559417725,-0.0569248684,-0.0615142994,-0.0406827480,-0.0729731694,0.4106744230,-0.0378382094
6.8657650948,-0.0669482797,-0.0581793897,-0.0427916795,-0.1631260216,0.4607494473,-0.0484073609
6.8758220673,-0.0704011172,-0.0524296872,-0.0496245176,-0.2703560591,0.5118688345,-0.0387984104
6.8859472275,-0.0753301233,-0.0282113366,-0.0397640020,-0.3937965930,0.5841646791,-0.0143088456
6.8961529732,-0.0914510339,0.0138155865,-0.0657109767,-0.4062540531,0.6538806558,-0.0461248308
6.9059929848,-0.1090479344,0.0796740726,-0.0989945084,-0.3506532013,0.7451375127,-0.1204205677
6.9160799980,-0.1274856180,0.0502401479,-0.1293038875,-0.2560119033,0.8837060332,-0.1511675566
6.9261269569,-0.1402581185,0.0142531442,-0.1682996899,-0.2072609961,1.0254024267,-0.1288108528
6.9365272522,-0.1474050134,0.0397463776,-0.1870225817,-0.1680938900,1.1649004221,-0.1053915471
6.9462680817,-0.1538317055,0.0700728968,-0.1971410662,-0.1791862696,1.3134127855,-0.0968205705
6.9563560486,-0.1585971564,0.0662400797,-0.2015628368,-0.2009131312,1.4574974775,-0.1020520777
6.9664278030,-0.1616470665,0.0584668256,-0.2101295739,-0.2163781077,1.6130260229,-0.1508138925
6.9767928123,-0.1709694713,0.0831367001,-0.2208937556,-0.1776152700,1.7880511284,-0.2112588733
6.9865159988,-0.1817970723,0.0967871323,-0.2395281345,-0.1497104615,1.9809366465,-0.2844334543
6.9966111183,-0.1926545948,0.0848450288,-0.2318010479,-0.1276730597,2.2256474495,-0.3756315410
7.0067410469,-0.2066809386,0.0698735788,-0.2103423029,-0.0565978736,2.4760978222,-0.4657765031
7.0170359612,-0.2219269723,0.0878217593,-0.2104572803,0.0457143858,2.7018401623,-0.4816167057
7.0268340111,-0.2434868664,0.0983232632,-0.1854033023,0.2610057294,2.9424409866,-0.4857998192
7.0369691849,-0.2496313602,0.1012680456,-0.1868688613,0.5604185462,3.0956697464,-0.4953554869
7.0470108986,-0.2062886208,0.1439111084,-0.1871603280,0.9045585990,3.1551761627,-0.4550641477
7.0573167801,-0.1540617794,0.1638997793,-0.1974783689,1.2160978317,3.1702821255,-0.3457704186
7.0670871735,-0.1074527651,0.1355394125,-0.1869897395,1.4276422262,3.1526050568,-0.2481469065
7.0771570206,-0.0590048619,0.0758815557,-0.1610388309,1.4565001726,3.0521614552,-0.0687603652
7.0872259140,-0.0209323037,-0.0115604056,-0.1258016974,1.3924266100,2.9545204639,0.0140273208
7.0975699425,0.0067972667,-0.0807712078,-0.1056805402,1.1932847500,2.9125423431,0.0267985109
7.1073589325,0.0110974740,-0.0700160488,-0.0665591508,1.0593070984,2.8672211170,0.0905182362
7.1174249649,0.0024645606,-0.0362322330,0.0006564705,0.9311056137,2.8857960701,0.1818747818
7.1275219917,-0.0065375590,0.0035182172,0.0338348597,0.9148806930,2.9068496227,0.1776412129
7.1378231049,-0.0019595942,0.0429120697,0.0262498111,1.0462185144,2.8958542347,0.1054000407
7.1476287842,0.0056592352,0.1068258807,0.0196465105,1.2865753174,2.8688542843,0.0363085233
7.1576828957,0.0064635924,0.1236239895,0.0345499963,1.4799424410,2.8469707966,0.0012091273
7.1677379608,0.0124150347,0.0806281120,0.0446726531,1.5615985394,2.7913289070,-0.0168903805
7.1781659126,0.0122074764,0.0322158039,0.0663470477,1.5487111807,2.6924650669,-0.0275544766
7.1879410744,0.0129849520,0.0292638056,0.0859019011,1.5240418911,2.5976862907,-0.0467067324
7.1980047226,0.0067988955,0.0516469702,0.0839557499,1.5780774355,2.5278143883,-0.0945363045
7.2080497742,0.0100384234,0.0803080127,0.1064299196,1.5895496607,2.4460039139,-0.1264352500
7.2184348106,0.0375457108,0.0639760494,0.1399484128,1.5113464594,2.3688871861,-0.1317629069
7.2282228470,0.0533425622,0.0141363861,0.1484966129,1.3385602236,2.2539916039,-0.1084153652
7.2382812500,0.0529316626,-0.0113092912,0.1691619009,1.1511772871,2.1062970161,-0.0511044115
7.2483491898,0.0481862612,-0.0221454762,0.1797722429,0.9731734991,1.9797685146,-0.0150217079
7.2586679459,0.0634429082,-0.0375663750,0.2049281448,0.7975673079,1.8254783154,-0.0086833844
7.2684507370,0.0882578641,-0.0275112651,0.1979133934,0.6539910436,1.6704688072,0.0072028376
7.2785410881,0.0773522556,-0.0126876188,0.1722417921,0.5996816754,1.5521988869,0.0050339592
7.2886018753,0.0619471781,0.0104874121,0.1611596793,0.5618151426,1.3917675018,0.0240754932
7.2988910675,0.0735975653,0.0200760700,0.1755840629,0.5753080249,1.2167629004,0.0176138654
7.3087248802,0.0842301399,0.0201189704,0.1794431657,0.6123926640,1.0338633060,0.0706029832
7.3187918663,0.0727950037,0.0021306919,0.1842890829,0.6325495839,0.9408081174,0.0928491652
7.3288431168,0.0564351492,-0.0072941734,0.1852897853,0.5854830146,0.8460639119,0.1087401137
7.3391952515,0.0586742125,0.0073559927,0.1942426413,0.5788797140,0.7613053322,0.1373680383
7.3489360809,0.0537427925,0.0223022141,0.2060925215,0.6241242290,0.7204209566,0.1532637030
7.3590831757,0.0570680313,0.0502119698,0.2130064815,0.6416525841,0.6760979891,0.1670404971
7.3691539764,0.0646138042,0.0539202578,0.2355481833,0.6450729370,0.6525759101,0.1351741254
7.3794951439,0.0754934400,0.0581778623,0.2347928137,0.5922336578,0.6000583768,0.1256051213
7.3892087936,0.0880216658,0.0562228747,0.2000952214,0.5853637457,0.5394118428,0.1096498519
7.3993568420,0.0709298998,0.0140709924,0.1762952656,0.5234870911,0.4306049049,0.1043022275
7.4093427658,0.0774447173,-0.0178338699,0.1675436348,0.4851504564,0.3168154359,0.1169970408
7.4197640419,0.0720386356,-0.0382258557,0.1501396149,0.4984827638,0.2626014650,0.0840508118
7.4294958115,0.0697969645,-0.0196260624,0.1541271657,0.5241962671,0.2509744167,0.0564313717
7.4395971298,0.0646329373,0.0117449956,0.1521559805,0.5360401273,0.2392535955,0.0330629312
7.4496107101,0.0636040717,0.0148532735,0.1561545581,0.5226346850,0.1900498420,-0.0094307344
7.4600210190,0.0649041086,-0.0126313074,0.1331174821,0.4845876992,0.1501386464,-0.0582837574
7.4697532654,0.0547522716,-0.0067117615,0.0847973675,0.4422519803,0.1135183647,-0.0848360732
7.4798970222,0.0440067165,-0.0001733406,0.0571591705,0.4075416625,0.0621995255,-0.0975944847
7.4900989532,0.0286026131,-0.0076162918,0.0365046114,0.3650217056,0.0436103269,-0.1252004802
7.5002222061,0.0122556817,0.0029018419,0.0315615982,0.3020280898,0.0462295488,-0.1273067743
7.5100860596,0.0034736821,0.0081380801,0.0413322300,0.2664991319,0.0766287297,-0.1368387491
7.5200581551,0.0082851183,0.0237319656,0.0453178138,0.2259684950,0.0765376538,-0.0964801461
7.5302600861,0.0130996834,0.0274857767,0.0464578718,0.2139118612,0.1106494814,-0.0561108217
7.5405130386,-0.0007666819,0.0332291313,0.0172261447,0.2341734469,0.1130455285,-0.0412495844
7.5503430367,0.0287754964,0.0947174653,0.0241274685,0.2402330637,0.0445069484,0.0171143916
7.5603847504,0.0435177200,0.1137311086,0.0175778121,0.2815892994,-0.0334315263,0.0510425270
7.5704159737,0.0306651723,0.1225822493,0.0139501542,0.3347092867,-0.1145263836,0.0732860491
7.5807709694,0.0420766585,0.1358665675,0.0592381805,0.3484794199,-0.2086291760,0.1061513200
7.5906219482,0.0564138107,0.1308083981,0.0774872750,0.3749882877,-0.2962744236,0.1358307153
7.6006412506,0.0412705056,0.1318033189,0.0830939263,0.3971122205,-0.3710938096,0.1856922805
7.6107621193,0.0425059907,0.1166898832,0.1073686332,0.4287185669,-0.4342277646,0.2249395549
7.6210432053,0.0512895696,0.1056130454,0.1151851863,0.4229421914,-0.4945116043,0.2631357014
7.6308960915,0.0549711101,0.1083841547,0.1552336067,0.4076133668,-0.5601766706,0.3023926020
7.6408929825,0.0563702397,0.0925179347,0.1691428274,0.3984433115,-0.6025968790,0.3183007240
7.6510338783,0.0593250208,0.0911326036,0.1694775075,0.3915042877,-0.6545477509,0.3342038691
7.6612691879,0.0547315143,0.0663429424,0.1708265990,0.3862948716,-0.6685466766,0.3097768128
7.6711640358,0.0551119708,0.0258945711,0.1819733828,0.3770394623,-0.7060843110,0.2609178126
7.6811699867,0.0733428746,-0.0159973018,0.1825906485,0.3261592388,-0.7440684438,0.1993273944
7.6912441254,0.0623181425,-0.0451285057,0.1569639295,0.2547777593,-0.7611402273,0.1175775528
7.7015790939,0.0414098166,-0.0749324933,0.1490207165,0.2241964340,-0.8034405112,0.0177550800
7.7114348412,0.0353441350,-0.0787374154,0.1596665233,0.1999827325,-0.8401516676,-0.0470266454
7.7214379311,0.0179804694,-0.0842219666,0.1303360313,0.1345280856,-0.6997290254,-0.0671140701
7.7315659523,-0.0574468113,-0.1693654507,0.0121863335,0.0700384229,-0.5510092974,-0.1179903001
7.7418489456,-0.1145772934,-0.0908031240,-0.0448606759,-0.0065985657,-0.4646341801,-0.1126187071
7.7517089844,-0.1218447536,-0.0077700121,-0.0852133781,-0.0528767630,-0.3184831738,-0.0934209749
7.7617058754,-0.1421781331,-0.0070598526,-0.1234976798,-0.1555642635,-0.1876657605,-0.0720935762
7.7717962265,-0.1342229992,0.0249375589,-0.1196937114,-0.2558925450,-0.0767051652,-0.0072426805
7.7821650505,-0.1290525496,0.0416787453,-0.1538487226,-0.2913248241,0.0538392588,0.0448596701
7.7919082642,-0.1307951659,0.0693965480,-0.1756646782,-0.2230288386,0.1629167497,0.0831215680
7.8020219803,-0.1048085243,0.1379363984,-0.1637863070,-0.1316344887,0.2043757737,0.1351472288
7.8120608330,-0.0514709391,0.1511997432,-0.1471681744,-0.0163208619,0.2002159804,0.1563517749
7.8224191666,-0.0236454774,0.1002377197,-0.1152258068,0.0379120186,0.2210027575,0.1797079593
7.8321599960,-0.0038309714,0.0758632645,-0.0825541764,0.0535737462,0.2562530041,0.1945863664
7.8422937393,0.0117339175,0.0360083468,-0.0489639193,0.0575280078,0.2869901359,0.1839827299
7.8523101807,0.0379128270,0.0000665383,-0.0056378394,0.0577108338,0.2677387595,0.1606144905
7.8626790047,0.0757852346,-0.0431005172,0.0058743805,0.0518225878,0.2143972516,0.1244881898
7.8724260330,0.0915434062,-0.0484905057,0.0085478276,0.0727287978,0.1496180445,0.0883490220
7.8825721741,0.0822363496,-0.0391658358,0.0101524442,0.1214537323,0.0776261464,0.0479523316
7.8925681114,0.0851141661,-0.0411215536,0.0137180537,0.1756312102,-0.0059687444,0.0107331909
7.9029898643,0.0877661705,-0.0347654931,0.0103953928,0.2269404680,-0.1212700382,-0.0031408134
7.9127039909,0.0785604566,-0.0453242175,0.0148465484,0.2810524702,-0.1949781477,0.0116746845
7.9227681160,0.0561101995,-0.0758553222,0.0035801975,0.3038099706,-0.2298439741,0.0042188987
7.9328508377,0.0435858332,-0.0653112903,0.0019581167,0.2933797240,-0.2531749308,0.0201364122
7.9432210922,0.0380047075,-0.0334554426,0.0130234212,0.2456417680,-0.2811042964,0.0318143740
7.9530529976,0.0147557389,-0.0527132265,0.0009054391,0.1771613657,-0.2637338340,0.0212232489
7.9630398750,-0.0047489577,-0.0494227819,-0.0188062340,0.1076232940,-0.2474190593,0.0127546620
7.9731607437,-0.0167468060,-0.0153572662,-0.0385155231,0.1018911898,-0.2082361579,0.0085284263
7.9834570885,-0.0330922343,0.0138590531,-0.0378272682,0.0918571949,-0.1635294110,0.0435926691
7.9932489395,-0.0370599218,-0.0006620987,-0.0263133198,0.0593791232,-0.1158345267,0.0786632374
8.0033092499,-0.0421565212,-0.0026680930,-0.0226168782,0.0344335586,-0.0744897500,0.1062969938
8.0134449005,-0.0463125594,0.0339778848,-0.0169789940,0.0001991531,-0.0639646724,0.1392280608
8.0237283707,-0.0426391996,0.0400863774,-0.0110944659,-0.0349745490,-0.0685301274,0.1371111125
8.0335845947,-0.0406482108,0.0359578021,-0.0235119611,-0.1224609837,-0.0714082047,0.1381923407
8.0435733795,-0.0543225594,0.0386164673,-0.0121917874,-0.2530176640,-0.0353340916,0.1499232948
8.0537281036,-0.0637013316,-0.0144373281,0.0142433494,-0.3639423847,0.0644863844,0.1478786618
8.0639820099,-0.0729153007,-0.0183124356,0.0448427647,-0.4994242787,0.1651543975,0.1458397508
8.0737953186,-0.0683607906,-0.0025797887,0.0589565486,-0.5665525198,0.2599414289,0.1267924905
8.0838565826,-0.0626162887,0.0087428289,0.0848234743,-0.6205342412,0.3197171688,0.0907348841
8.0939807892,-0.0467487462,0.0300283618,0.0903130025,-0.6542882323,0.3839157820,0.0546725504
8.1042509079,-0.0473130830,0.0523237176,0.0984526128,-0.5940051675,0.4361592829,0.0122113787
8.1141119003,-0.0368615277,0.0600890405,0.1412749141,-0.4631894827,0.4795307219,-0.0207154136
8.1240787506,-0.0189936329,0.0824955925,0.1709535569,-0.3708089590,0.5247445703,-0.0451376662
8.1342458725,-0.0290898252,0.0714637563,0.1504908651,-0.3192660213,0.5982509255,-0.0695350841
8.1445302963,-0.0644231886,0.0265474506,0.1122181863,-0.2908461094,0.6377804875,-0.0663371608
8.1543912888,-0.0715710372,0.0499336906,0.1010449380,-0.2897017002,0.6303973794,-0.0610321425
8.1643772125,-0.0480918176,0.1042107865,0.1241452545,-0.3680668473,0.5703676343,-0.0493624359
8.1745128632,-0.0317122974,0.0932787582,0.1448839158,-0.5124098063,0.4917502403,-0.0334377326
8.1847972870,-0.0410943367,0.0448683985,0.1593423933,-0.6899890900,0.4276290238,-0.0281156711
8.1946487427,-0.0348244347,0.0443235524,0.1783143133,-0.8765159249,0.2987856865,-0.0100819431
8.2046489716,-0.0036808571,0.0546444543,0.2010418028,-1.0786811113,0.1338185817,0.0217409674
8.2147855759,0.0207693856,0.0503847189,0.2110341042,-1.2928055525,-0.1138106585,0.0853793323
8.2250528336,0.0410783105,0.0578259267,0.2082860321,-1.4928553104,-0.3802924156,0.1681173593
8.2349252701,0.0501007549,0.0638685301,0.2256832570,-1.6091836691,-0.5888906717,0.2285669148
8.2449102402,0.0639332235,0.0574605353,0.2512297332,-1.6725612879,-0.7578541040,0.2752177715
8.2550497055,0.0813243538,0.0750415251,0.3011844456,-1.6869601011,-0.9169418216,0.3059322834
8.2653226852,0.0825475901,0.0952489749,0.3295942247,-1.7028496265,-1.0348346233,0.3101246059
8.2751674652,0.0730954409,0.0939809009,0.3470969498,-1.6602356434,-1.1342532635,0.3026309609
8.2851963043,0.0783876032,0.0659797117,0.3351524174,-1.5716232061,-1.2438333035,0.3025537133
8.2953205109,0.0896459520,0.0485460497,0.3306443989,-1.4745399952,-1.3470288515,0.2939837873
8.3055896759,0.0950656980,0.0201605968,0.3062652647,-1.3839185238,-1.4462225437,0.2567482889
8.3154525757,0.0975317731,-0.0114092780,0.2717747986,-1.2954602242,-1.5434168577,0.2035874724
8.3254699707,0.0950529724,-0.0237498470,0.2329228371,-1.1952930689,-1.6372908354,0.1557341963
8.3355865479,0.0925796106,-0.0197015367,0.2111801356,-1.1247864962,-1.7525699139,0.1195576042
8.3458700180,0.0962103233,-0.0199276842,0.1959028691,-1.0658442974,-1.8848788738,0.0908079892
8.3557233810,0.1032548398,-0.0352918468,0.1705048531,-1.0216734409,-2.0342938900,0.0620529018
8.3656673431,0.1099011675,-0.0367709510,0.1494748443,-1.0083136559,-2.1966357231,0.0449796431
8.3758563995,0.1192981601,-0.0440541841,0.1347344965,-1.0191544294,-2.3930878639,0.0363892838
8.3861389160,0.1190270036,-0.0555968620,0.1270840019,-1.0735775232,-2.6057271957,0.0447912887
8.3959884644,0.1208870187,-0.0736536905,0.1127783507,-1.1483483315,-2.8110888004,0.0574492961
8.4059972763,0.1198890358,-0.0923735052,0.0915983170,-1.2061027288,-3.0110516548,0.0616112836
8.4161262512,0.1175023317,-0.1146294028,0.0828671902,-1.2775193453,-3.1275794506,0.0244103204
8.4264173508,0.1167274415,-0.1347170174,0.0456577986,-1.3731997013,-3.1693041325,-0.0626537427
8.4361886978,0.1144855767,-0.1293651760,0.0421282500,-1.4992413521,-3.2683908939,-0.1189484373
8.4462547302,0.1168938130,-0.1136986390,0.0302811116,-1.6693332195,-3.3370161057,-0.1635350734
8.4562997818,0.0844114572,-0.1175105497,0.0109643191,-1.7435885668,-3.3835072517,-0.1964544803
8.4666748047,0.0518147163,-0.1359258741,-0.0360466987,-1.7055959702,-3.3407037258,-0.1921955496
8.4765262604,0.0090355705,-0.1173186228,-0.0627564937,-1.5865837336,-3.1825664043,-0.1836527288
8.4866027832,-0.0280378629,-0.0780961588,-0.0412523299,-1.3045192957,-2.9982676506,-0.1241715625
8.4966049194,-0.0595133491,0.0300547965,-0.0393793136,-0.9950905442,-2.7767307758,-0.0859138593
8.5069484711,-0.1083277315,0.1414756030,-0.0399745852,-0.6181302071,-2.4817402363,-0.1017892286
8.5167703629,-0.1593889147,0.1901154816,-0.0588160902,-0.3143030107,-2.1299855709,-0.1016910896
8.5268325806,-0.1893848032,0.2052086443,-0.0810557157,-0.0775115117,-1.7979091406,-0.1005235538
8.5376701355,-0.1730847508,0.1598405540,-0.1495235711,0.0780060962,-1.5556750298,-0.0993801951
8.5496912003,-0.1263297945,0.1280604750,-0.1957590729,0.1418476552,-1.4286601543,-0.0706643909
8.5576772690,-0.0853401273,0.0800972879,-0.2456165701,0.1798712760,-1.3890250921,-0.0642841980
8.5678768158,-0.0632127076,0.0400804467,-0.2858900726,0.1979602724,-1.3823482990,-0.0409258753
8.5778560638,-0.0519270487,0.0274460800,-0.3157257736,0.2312324047,-1.3999434710,-0.0175841339
8.5881719589,-0.0436109491,0.0198410042,-0.3185371459,0.2335940897,-1.4221574068,-0.0101632364
8.5972175598,-0.0381246097,-0.0025273813,-0.3031809032,0.2073462456,-1.4624260664,0.0333584063
8.6073722839,-0.0286574829,-0.0388797186,-0.2832520306,0.2032875866,-1.4813259840,0.0694511682
8.6172666550,-0.0211293567,-0.0463920943,-0.2714804709,0.1552939415,-1.4837840796,0.0822035149
8.6276292801,-0.0207003821,-0.0236146934,-0.2619483769,0.0279817823,-1.4531186819,0.0737567618
8.6373872757,-0.0343365557,-0.0242549442,-0.2506329119,-0.0982907712,-1.4191983938,0.0748674348
8.6474704742,-0.0662861317,-0.0355078690,-0.2509076893,-0.1624439359,-1.3009090424,0.0760046020
8.6575307846,-0.0877699107,-0.0588286035,-0.2407789975,-0.2141514868,-1.1464345455,0.0771574825
8.6678647995,-0.0774990171,-0.0552731343,-0.2092952281,-0.2521936893,-0.9705139995,0.0942437947
8.6776504517,-0.0647126287,-0.0269197561,-0.1915868074,-0.3233557940,-0.7929747701,0.0784231573
8.6877365112,-0.0639437884,0.0060182856,-0.1906126291,-0.3525451124,-0.6524568200,0.0243490003
8.6979084015,-0.0593237765,0.0082420604,-0.1926578432,-0.3112370074,-0.5175982714,-0.0159438923
8.7082891464,-0.0458513983,0.0030557113,-0.1871324331,-0.3121446073,-0.4274406731,-0.0201458279
8.7180833817,-0.0113931764,-0.0148066832,-0.1762355119,-0.3681566119,-0.3783710003,-0.0678868517
8.7281732559,0.0151484739,-0.0348470919,-0.1585777551,-0.4384667277,-0.3930146694,-0.1039774790
8.7382354736,0.0173799526,-0.0316044502,-0.1431595236,-0.4074234664,-0.4034646451,-0.1209798977
8.7485837936,0.0168647896,-0.0220775716,-0.1210764199,-0.3493047655,-0.4505195022,-0.0923495889
8.7583131790,0.0302529465,-0.0113894446,-0.0825940520,-0.3201554716,-0.4818764031,-0.0583950169
8.7683916092,0.0380815379,-0.0220550559,-0.0599190742,-0.2715376019,-0.5396667719,-0.0361384451
8.7785205841,0.0483889692,0.0143825011,-0.0396758467,-0.1820919514,-0.6258670688,-0.0319576114
8.7888603210,0.0533639304,0.0536461808,-0.0081331283,-0.0694639459,-0.6833266616,-0.0447564982
8.7986688614,0.0332138650,0.0665333942,0.0096087903,0.0535597913,-0.7118865848,-0.0331222787
8.8087377548,-0.0017728679,0.0803872272,0.0188129991,0.2256926745,-0.6360578537,-0.0256955251
8.8187789917,-0.0522272475,0.1063119695,-0.0090270787,0.4055857360,-0.4851646423,-0.0702593997
8.8291578293,-0.0871754140,0.1055929288,-0.0626979619,0.6280113459,-0.3166158199,-0.0681080967
8.8389387131,-0.0968774408,0.0781886205,-0.1013365537,0.8049739003,-0.1896933019,-0.0426077954
8.8488759995,-0.0956408828,0.0697553083,-0.1314464360,0.8319964409,-0.1148829758,0.0030800644
8.8590393066,-0.0850736350,0.0172217824,-0.1553306133,0.7367742658,-0.0913369730,-0.0011313920
8.8693790436,-0.0580916889,-0.0401338376,-0.1422192603,0.5605595708,-0.0778824165,0.0201560538
8.8791484833,-0.0214688648,-0.0797647759,-0.0981871635,0.3098498583,-0.0840191394,0.0658740029
8.8892850876,0.0052898652,-0.1236464456,-0.0525311381,0.0279388241,-0.0649482384,0.1137360707
8.8992795944,0.0112978350,-0.1216240600,-0.0189330131,-0.2488106191,-0.0313377492,0.1063915342
8.9097013474,0.0026262531,-0.0693835095,-0.0167709738,-0.3470956385,-0.0240188502,0.0586391985
8.9194173813,0.0026751885,-0.0548953898,-0.0163547546,-0.3281614184,0.0014132721,0.0278538540
8.9295082092,0.0221061837,-0.0780770630,-0.0088083297,-0.3441720605,0.0012249866,0.0204252321
8.9395303726,0.0338733308,-0.0661109164,-0.0199600011,-0.3321549296,-0.0274800286,-0.0040123328
8.9498958588,0.0086172353,-0.0125824912,-0.0293687135,-0.2511495650,-0.0196284968,-0.0475627370
8.9597082138,-0.0138433445,0.0224842317,-0.0306973010,-0.1660965830,0.0118394811,-0.0550028794
8.9697933197,-0.0267641414,0.0494419374,-0.0316189080,-0.1131460220,0.0514103249,-0.0783561394
8.9798498154,-0.0486358292,0.0868372098,-0.0372103006,-0.0376920626,0.0803153440,-0.1399429291
8.9901447296,-0.0618935116,0.0969350263,-0.0384940654,0.0835312977,0.1237765402,-0.1463228017
9.0000238419,-0.0528986938,0.0911771506,-0.0577799827,0.1676279604,0.1446734369,-0.1463351846
9.0098495483,-0.0469632633,0.0861318186,-0.0720151216,0.2432865053,0.1559314132,-0.1484723687
9.0199613571,-0.0590089448,0.0657931566,-0.0800935179,0.2789004147,0.2255251408,-0.1006657034
9.0301752090,-0.0834246129,0.0324233212,-0.0857482702,0.2642362714,0.3050761521,-0.0857570618
9.0409278870,-0.0790329427,0.0046844976,-0.0802278668,0.2390675247,0.3675094247,-0.0782869011
9.0504541397,-0.0496768244,-0.0120309321,-0.0772407204,0.1540777981,0.4370139241,-0.0453148335
9.0603485107,-0.0521779545,-0.0298507176,-0.0954362303,0.0454909466,0.5179215074,-0.0218866710
9.0706396103,-0.0847285241,-0.0277351774,-0.1210889965,-0.0195604898,0.6180052757,-0.0451797433
9.0804758072,-0.1034787148,-0.0297047980,-0.1285069734,-0.0527849421,0.7375574112,-0.0546685159
9.0905628204,-0.1155735105,-0.0542211197,-0.1281596571,-0.0875197500,0.9028888345,-0.0386501364
9.1006164551,-0.1290166825,-0.0570769422,-0.1628929526,-0.1630426347,1.0911664963,-0.0289805997
9.1109151840,-0.1469176263,-0.0381755643,-0.2044712454,-0.2044582516,1.2840142250,-0.0150703778
9.1207485199,-0.1840861887,0.0117246853,-0.2431301624,-0.1979851872,1.4887158871,-0.0372664258
9.1308860779,-0.2200830430,0.0484241582,-0.2689465582,-0.1553208232,1.7009894848,-0.0860139951
9.1408843994,-0.2306254357,0.0538981371,-0.2875852287,-0.0819196850,1.9336241484,-0.1453779787
9.1512660980,-0.2354457229,0.0817464367,-0.2972329557,-0.0152194835,2.1934833527,-0.2514450252
9.1610050201,-0.2426379174,0.0994503647,-0.2832528055,0.1112080738,2.4558694363,-0.3755770922
9.1711626053,-0.2384558171,0.1149945185,-0.2662304342,0.2710840106,2.6837177277,-0.4710658193
9.1811590195,-0.2207519263,0.1168709099,-0.2630101144,0.4610260725,2.8938877583,-0.5517065525
9.1915588379,-0.2119926065,0.1050963476,-0.2554612458,0.6544969678,3.0735304356,-0.5994468927
9.2012901306,-0.1944200248,0.0699487329,-0.2350527197,0.8794131279,3.2083041668,-0.5728905797
9.2114171982,-0.1665079743,0.0675085559,-0.2179979235,1.0626349449,3.2488720417,-0.4550571442
9.2214145660,-0.1265010983,0.0841795728,-0.1970355660,1.2052761316,3.1921975613,-0.2247109562
9.2317876816,-0.0916646868,0.0444160327,-0.1804618388,1.2244434357,3.0012521744,0.0831105188
9.2416276932,-0.0719547421,-0.0299728550,-0.1672191173,1.2322381735,2.9719698429,0.1383070648
9.2516250610,-0.0647619516,-0.0917509124,-0.1882887036,1.1817574501,2.8959972858,0.1085515618
9.2617559433,-0.0443420298,-0.0041402252,-0.1563122422,1.1345905066,2.8131029606,0.1520562917
9.2720251083,-0.0540534891,0.0492027439,-0.1039924771,1.0931509733,2.7958672047,0.1679851860
9.2818250656,-0.0484381951,0.0663776100,-0.0426608473,1.0767889023,2.8307275772,0.1658822894
9.2919683456,-0.0200150628,0.0544692799,0.0092620701,1.0771822929,2.8963460922,0.1393699944
9.3019504547,0.0075906194,0.0224177632,0.0526326150,1.1031286716,2.9673810005,0.0958664566
9.3123846054,0.0309823733,-0.0035311980,0.0268238634,1.1427433491,2.9526364803,0.0597478710
9.3220949173,0.0382023640,-0.0134244328,0.0037417260,1.1820832491,2.8582739830,0.0182791241
9.3322219849,0.0316528268,-0.0123046776,-0.0088072568,1.1819839478,2.7592937946,-0.0274276454
9.3422288895,0.0289165843,-0.0073110787,-0.0047867447,1.1574033499,2.6536622047,-0.0837480426
9.3526353836,0.0397830494,-0.0062632812,0.0509891361,1.1414190531,2.5429332256,-0.1199004576
9.3623552322,0.0555944033,-0.0099553419,0.1274120063,1.1755409241,2.4380314350,-0.1433218271
9.3724555969,0.0606322996,0.0081072124,0.1922304481,1.2212487459,2.3492155075,-0.1561193764
9.3824920654,0.0756166577,0.0244562291,0.2320247740,1.2470110655,2.2285168171,-0.1498151422
9.3929195404,0.0880671665,0.0046539204,0.2469387501,1.2077283859,2.1031095982,-0.1275700331
9.4026222229,0.0733335167,-0.0090575172,0.2574103773,1.1245145798,1.9942281246,-0.1159245521
9.4126968384,0.0638943166,0.0063834386,0.2724380195,1.0172120333,1.8418308496,-0.0735014603
9.4228258133,0.0648919195,0.0129962461,0.2571590245,0.9448750615,1.7140463591,-0.0459392071
9.4331083298,0.0476369821,-0.0063175960,0.2329942435,0.8852838874,1.5904316902,-0.0470476151
9.4429683685,0.0532113425,-0.0048111184,0.2253633589,0.8344842792,1.4402357340,-0.0683463141
9.4529561996,0.0526301078,0.0166681595,0.2089552134,0.8053133488,1.2627363205,-0.0747983605
9.4630928040,0.0448853634,0.0496065058,0.2315895408,0.7855553627,1.1056252718,-0.0589448214
9.4733753204,0.0435111932,0.0386297144,0.2271552533,0.7901794314,0.9622169137,-0.0898097977
9.4832611084,0.0619649403,0.0324647166,0.2267794460,0.7892388105,0.8421733379,-0.1100436971
9.4932384491,0.0570848845,0.0320499428,0.2351916283,0.7872070670,0.7242078185,-0.1355852783
9.5032949448,0.0611479096,0.0236012228,0.2448094934,0.7488749623,0.6092954874,-0.1324476749
9.5136842728,0.0681494325,-0.0154022379,0.2508250773,0.7017239332,0.5206258297,-0.1611485630
9.5234003067,0.0600213669,-0.0240698867,0.2471882552,0.6241862774,0.4826360345,-0.1876916885
9.5335140228,0.0503169857,-0.0023610992,0.2495192140,0.5564349890,0.4267496169,-0.2057529837
9.5435791016,0.0598115139,0.0098988311,0.2473456711,0.4921050966,0.3486255407,-0.2217043191
9.5539264679,0.0631486923,0.0057150321,0.2338531464,0.3902786076,0.2861925364,-0.2217096388
9.5637750626,0.0483847670,-0.0186574571,0.2294081300,0.3341536820,0.2433342189,-0.2100366652
9.5737628937,0.0339790098,-0.0190624110,0.1997012347,0.3290933967,0.2156807482,-0.2132345885
9.5839004517,0.0356974714,0.0406735130,0.1661501974,0.3147183657,0.1593170166,-0.2132590264
9.5941839218,0.0368072800,0.0507211275,0.1357571930,0.3022862077,0.1220769733,-0.2122126818
9.6040353775,0.0196291935,0.0480007716,0.1200599521,0.2715888917,0.0986726508,-0.1803629249
9.6140489578,0.0066540665,0.0733662769,0.1102688760,0.2727923691,0.0872602090,-0.1421441734
9.6241359711,0.0073514706,0.0824493691,0.0809736699,0.2959789634,0.1184126586,-0.1145259961
9.6344585419,-0.0018013887,0.1014957950,0.0866508931,0.2875149250,0.1132892743,-0.0752398446
9.6443090439,0.0096500944,0.0824783072,0.0583997220,0.2756479979,0.1270971596,-0.0571790151
9.6543006897,0.0054966337,0.0741255209,0.0183521956,0.2842324376,0.1229900420,-0.0476270542
9.6645965576,0.0103643071,0.0961027965,-0.0022267851,0.2921728790,0.0776197612,-0.0189838260
9.6747503281,0.0225720238,0.1114450023,-0.0080425292,0.2862281799,0.0343396626,0.0234680269
9.6845026016,0.0205296408,0.0957063064,0.0057850331,0.2673653066,0.0014958966,0.0563717149
9.6945905685,0.0335024111,0.0741164908,0.0197711438,0.2730002701,-0.0281517431,0.0584790744
9.7047061920,0.0497745089,0.1011495516,0.0249690861,0.2777414024,-0.0747430846,0.0669488609
9.7149953842,0.0607803576,0.1049512252,0.0351941437,0.2912937105,-0.1488876045,0.0690319836
9.7248182297,0.0695252568,0.0759594664,0.0426605195,0.3273336589,-0.2314214408,0.0562400892
9.7348985672,0.0800968856,0.0577655919,0.0590824932,0.3047788143,-0.3227966428,0.0678799674
9.7449398041,0.0747315735,0.0284930654,0.0894104689,0.2329967916,-0.4019996226,0.0593637750
9.7552566528,0.0887047201,-0.0025598211,0.1241664141,0.1505336165,-0.4802422225,0.0497894473
9.7650480270,0.0896350741,-0.0167614631,0.1572301835,0.0936804712,-0.5583319068,0.0295922328
9.7750883102,0.0922574997,-0.0149553521,0.1944810003,0.0539823286,-0.6447589397,0.0093849655
9.7851686478,0.0898850709,-0.0321616642,0.1979580969,0.0089611132,-0.7322587371,-0.0055127577
9.7955703735,0.0803747475,-0.0537672751,0.1870822161,-0.0382239781,-0.8189725876,-0.0596958324
9.8053083420,0.0686633885,-0.0391059630,0.1754432172,-0.1057028025,-0.9024505615,-0.0788341761
9.8153810501,0.0450823270,-0.0308415703,0.1718796939,-0.1559087187,-1.0036380291,-0.0703775734
9.8254394531,0.0179257076,-0.0341635458,0.1887680739,-0.1321169585,-0.9281008840,-0.0714060217
9.8358621597,-0.0497822203,0.0279161222,0.0842211694,-0.2116805017,-0.6511992812,0.0285615884
9.8455696106,-0.1439101994,-0.0160944574,-0.0576641709,-0.1453591436,-0.4519593120,0.0647450909
9.8556356430,-0.1448311359,0.1017867252,-0.1164841205,0.0035720188,-0.2954615951,0.1072573960
9.8656883240,-0.1079797000,0.1750181466,-0.1385579258,0.0075617279,-0.1581857055,0.1625387073
9.8760566711,-0.1016274542,0.0408428498,-0.1799060851,-0.0513340831,-0.0324711911,0.1562456489
9.8858375549,-0.1023293585,0.0032582479,-0.1971295625,-0.1281594336,0.0706942752,0.1329558492
9.8959207535,-0.0854864866,0.0672619566,-0.1648201495,-0.1759519875,0.1529385597,0.1170820668
9.9059629440,-0.0527534522,0.0529992767,-0.1361446530,-0.2299873084,0.2192046642,0.1001403704
9.9163856506,-0.0374192931,-0.0184013955,-0.1209814698,-0.3246882558,0.2956299186,0.0683486164
9.9260978699,-0.0334476270,-0.0461110882,-0.0921333581,-0.4381987453,0.3338921666,0.0673346817
9.9361724854,-0.0130449552,-0.0309839062,-0.0484682471,-0.5245988965,0.3288238943,0.0567361005
9.9462308884,0.0103592705,-0.0264150016,-0.0182097107,-0.6024629474,0.3238376379,0.0471966565
9.9566316605,0.0150951277,-0.0373092704,-0.0072956830,-0.6976813674,0.3474249840,0.0493562147
9.9663763046,0.0059454567,-0.0559265427,0.0135164708,-0.7927684188,0.3582506180,0.0472641736
9.9765129089,0.0222835969,-0.0558240525,0.0227917284,-0.8362991214,0.3355596662,0.0430166945
9.9866180420,0.0333594494,-0.0286828540,0.0077004880,-0.7760897875,0.2892334163,0.0174930245
9.9971132278,0.0300984364,-0.0091836555,-0.0008836539,-0.6300143003,0.1960440725,0.0131621929
10.0069236755,0.0386304073,0.0170043297,0.0137070268,-0.4551257491,0.1042772084,0.0258145370
10.0167522430,0.0371330194,0.0098577784,0.0319502205,-0.2889916599,0.0336360559,0.0352932625
10.0268373489,0.0313640945,0.0051475214,0.0431338400,-0.1591680348,-0.0340692215,0.0554001294
10.0371656418,0.0273061227,0.0190424509,0.0473263711,-0.0870200619,-0.0957600176,0.0988847539
10.0469188690,0.0188818406,-0.0063243015,0.0418003052,-0.0824697837,-0.1220470145,0.1296626329
10.0572080612,0.0065709031,-0.0316192918,0.0421050638,-0.0908906981,-0.1326069832,0.1487718821
10.0672435760,-0.0016549401,0.0243895389,0.0326135010,-0.1045766324,-0.1506818533,0.1615076512
10.0776557922,-0.0157571901,0.0693938211,0.0153732747,-0.1197353378,-0.1296684444,0.1498422027
10.0874214172,-0.0430758335,0.0566789694,0.0040640086,-0.1404917389,-0.0821780935,0.1381929368
10.0972995758,-0.0571188517,0.0389635153,0.0083564371,-0.1557724178,-0.0483564809,0.1382137239
10.1072998047,-0.0450237133,0.0203487612,-0.0058496743,-0.1380252838,-0.0089124702,0.1424753815
10.1176881790,-0.0498940684,0.0309713967,-0.0095445067,-0.1309122741,0.0272961352,0.1531096399
10.1274623871,-0.0570865013,0.0349596776,-0.0006745012,-0.1356357783,0.0717098713,0.1361445636
10.1374673843,-0.0421223380,0.0244177021,0.0072612017,-0.1381146461,0.1043953821,0.1074929535
10.1476020813,-0.0273662228,0.0437791236,0.0112292022,-0.1083593071,0.1150308475,0.0713896751
10.1578550339,-0.0234540720,0.0428105481,0.0024787036,-0.0647609681,0.1290052533,0.0405934192
10.1676979065,-0.0344107039,0.0362789072,0.0131041259,-0.0608137846,0.1608448029,0.0363612548
10.1780347824,-0.0250917245,0.0319078453,0.0480843037,-0.0675164312,0.1916756928,0.0544289425
10.1878814697,-0.0140650738,0.0079393582,0.0606461614,-0.0912751853,0.2189873308,0.0438307561
10.1982593536,-0.0179834533,0.0126414495,0.0624080151,-0.1481685638,0.2525146902,0.0544799380
10.2080326080,-0.0240954328,0.0216812529,0.0759367794,-0.2101995498,0.2646099329,0.0396357477
10.2181205750,-0.0147438962,-0.0059267534,0.0770081133,-0.2711483836,0.2744809389,0.0078021819
10.2281742096,-0.0300914068,-0.0262020640,0.0663015097,-0.2724701166,0.2987500727,-0.0112977428
10.2385282516,-0.0543042906,-0.0075810058,0.0486211628,-0.2691994905,0.2936807275,0.0205528662
10.2482633591,-0.0500343330,0.0102763372,0.0534466952,-0.2818929255,0.2842132747,0.0502821989
10.2583732605,-0.0427537449,-0.0010971084,0.0622626394,-0.2923916280,0.2671717107,0.0545235500
10.2683944702,-0.0331751592,0.0213784762,0.0672050565,-0.3345801234,0.2181041688,0.0714978725
10.2787408829,-0.0278702695,0.0465142168,0.0732977837,-0.3573133945,0.1448006630,0.0884558111
10.2885351181,-0.0178493727,0.0548229553,0.0718649477,-0.3969378173,0.0533245392,0.1075328365
10.2986431122,-0.0040231966,0.0764052495,0.0804371685,-0.4270366132,-0.0306819472,0.1202401146
