0.0000000000,0.0133399926,0.0824667215,0.0311730932,0.1397318542,-0.2346434444,0.1208800599
0.0099990368,0.0194662772,0.0630857348,0.0215984415,0.2206653208,-0.1926477849,0.1075267047
0.0199770927,-0.0004990136,0.0312876105,0.0026224081,0.3126740754,-0.1419587731,0.0844687894
0.0300880671,-0.0324108340,0.0351464748,0.0002795283,0.3785719872,-0.1060305238,0.0159808137
0.0400110483,-0.0510223545,0.0437729359,0.0261058640,0.3374856710,-0.0610193945,-0.0342951380
0.0503410101,-0.0424986668,-0.0035132777,0.0791010708,0.2561506033,-0.0858248845,-0.0315265171
0.0634890795,-0.0231731571,-0.0410979986,0.0911966413,0.2219990343,-0.1291807741,-0.0053460454
0.0705550909,-0.0149510689,0.0052895532,0.0497476272,0.1998372674,-0.1435314864,-0.0024000565
0.0804220438,-0.0042025782,0.0395675302,0.0207494926,0.1487542391,-0.1891825050,-0.0050387164
0.0905500650,0.0266606472,0.0117049208,0.0580892973,-0.0751763135,-0.2240824401,0.0026543569
0.1006159782,0.0563280843,-0.0447046161,0.1313905567,-0.3252697885,-0.1835790575,0.0481968075
0.1105600595,0.0539790057,-0.0727643371,0.1304341406,-0.3537701368,-0.1259463876,0.0748819411
0.1206980944,0.0283000134,-0.0264159460,0.0938254446,-0.2276803702,-0.0667898059,0.0432563797
0.1306750774,0.0047363900,0.0519975424,0.0578808598,-0.0568210110,0.0334039107,0.0051651853
0.1407220364,0.0143663846,0.0933439136,0.0250353049,0.1643695682,0.0621748082,-0.0155747142
0.1508090496,0.0081117414,0.0874402523,0.0190847944,0.2430830151,0.0831301659,-0.0571437292
0.1608290672,0.0047097467,0.0509649515,0.0327008180,0.2410333157,0.0174521618,-0.0255652964
0.1709200144,0.0194875263,-0.0023278606,0.0385472588,0.0953032747,-0.0792528093,0.0365143195
0.1809040308,0.0045137964,-0.0386557579,0.0212088656,-0.0614662319,-0.1091257781,0.0966327786
0.1909739971,-0.0316436328,-0.0486288071,-0.0420440622,-0.1234766021,-0.0855187252,0.1235727817
0.2009760141,-0.0305860676,0.0030211199,-0.0932473093,-0.0430274382,-0.0692204162,0.1415440589
0.2110580206,-0.0040438809,0.0430727601,-0.0859376341,0.1240246668,-0.0410881154,0.1116546094
0.2210960388,-0.0183139779,0.0613651276,-0.0154993711,0.2001338154,-0.0369974449,0.0394256860
0.2311520576,-0.0393825509,0.0318480134,0.0351917557,0.1860685945,-0.0131981075,0.0290468149
0.2414040565,-0.0177854933,0.0071620927,0.0005256955,0.0759090707,-0.0414676666,0.1523453146
0.2512530088,-0.0576493777,-0.0157611389,-0.0118527589,-0.1271194071,-0.3463165164,0.5492050648
0.2614080906,0.0269631110,-0.0198289175,0.0093402686,-0.2738181651,-0.3773682415,0.5007304549
0.2713940144,0.0762134194,0.0074456916,0.0061532082,-0.2638195753,-0.0762379840,0.2199635059
0.2813789845,0.0511932932,0.0207065921,-0.0091735302,-0.1374817640,0.0617753640,0.1202813834
0.2914940119,-0.0081962086,0.0256784540,-0.0206043888,0.0988546014,0.1063841134,0.0996341631
0.3015100956,0.0076030158,0.0382701159,-0.0768183619,0.3633632064,0.1310818344,0.0815859213
0.3115190268,-0.0116840042,0.0194160920,-0.0986967236,0.4861445129,0.1002906412,0.0124334842
0.3218350410,-0.0664833188,-0.0238160510,-0.0526108928,0.3922744989,0.0540685467,-0.0422827564
0.3316090107,-0.1013482809,-0.0981195569,-0.0156039177,0.1798583716,0.0222094189,0.0481515341
0.3416930437,-0.1058195829,-0.1426422000,-0.0144552169,0.1302017272,-0.0134175243,0.1843921989
0.3517140150,-0.1010615230,-0.0988754034,-0.0206781793,0.1215427294,-0.0513001941,0.2629780769
0.3618080616,-0.0845233500,-0.0353930593,-0.0240264107,0.0827886760,-0.0793392360,0.2639333606
0.3718020916,-0.0352567472,-0.0369575024,-0.0371498056,-0.0366301239,-0.1000056267,0.2596355379
0.3819110394,0.0030272568,-0.0545967817,-0.0330493636,-0.2846481800,-0.1195947751,0.2189126164
0.3919000626,0.0035904909,-0.0748487115,-0.0017364200,-0.6049457788,-0.1065620631,0.2375068069
0.4021580219,0.0267689787,-0.0681245923,-0.0264471937,-0.8306930065,-0.0382513665,0.3122806549
0.4119870663,0.0514197908,-0.0163744707,-0.0511707254,-0.9035749435,0.0047815861,0.3395711184
0.4220420122,0.0353850685,0.0482584238,-0.0441000648,-0.7974938750,0.0012973989,0.2873643935
0.4321860075,-0.0056140460,0.1007509232,-0.0461259075,-0.5573540330,0.0118666869,0.1931065917
0.4420580864,-0.0117234029,0.1496239305,-0.0743419081,-0.2395984232,0.0554268919,0.1463880837
0.4521830082,-0.0001881158,0.1659707427,-0.0921938568,0.0610471666,0.0864644349,0.0834147111
0.4622620344,0.0028795863,0.1251975894,-0.0580254979,0.3043428957,0.0955995098,0.0438414738
0.4722970724,0.0174342953,0.0695599914,0.0167468619,0.4857113659,0.0296564437,0.0210597292
0.4823300838,0.0481638275,0.0405353308,0.0358124785,0.6771561503,-0.0407347940,0.0036730161
0.4923800230,0.0604626797,0.0573913455,0.0256166290,0.8070454597,-0.0781807005,-0.0517215319
0.5024189949,0.0400955938,0.0726828575,0.0217776131,0.8091704845,-0.0896572471,-0.1369149983
0.5124750137,0.0439125262,0.0500938892,0.0067146844,0.5987448096,-0.0372742005,-0.2337733656
0.5225040913,0.0433170758,0.0275922995,0.0503538661,0.3100046813,-0.0452117510,-0.2373451889
0.5325490236,0.0316538773,-0.0758627057,0.0606069379,-0.0026706941,-0.0477148555,-0.2044690102
0.5426110029,0.0192986690,-0.1485719681,0.0492791347,-0.2400339842,-0.0083569065,-0.1748991311
0.5526880026,-0.0082009770,-0.1149287224,-0.0100066243,-0.3522305489,0.0517264046,-0.1491620690
0.5626900196,-0.0097215213,-0.0004633081,-0.0793897063,-0.3865839839,0.1110107079,-0.1247299612
0.5731610060,0.0144919120,0.0730969906,-0.0965219885,-0.3620959520,0.1725233495,-0.1046289578
0.5828020573,0.0287039839,0.0536574125,-0.0575508066,-0.2504964769,0.2062549442,-0.1131382957
0.5928710699,0.0178043209,0.0022924531,-0.0331089683,-0.0263142381,0.2224014252,-0.1134935543
0.6028710604,-0.0099257566,-0.0083970437,-0.0141282259,0.2251459658,0.1980951279,-0.1285721064
0.6129419804,-0.0393906869,0.0059902058,0.0159385037,0.4094231129,0.1282662451,-0.1852034330
0.6229610443,-0.0421837904,0.0231589656,0.0330142789,0.4393927455,0.0856071413,-0.2155568153
0.6330109835,-0.0135950781,0.0358049870,0.0458568148,0.3608502746,0.0415874831,-0.1895020455
0.6430540085,0.0149929784,0.0162306409,0.0535577945,0.1823050231,-0.0080152228,-0.1627599001
0.6531120539,0.0150725506,-0.0017392647,0.0400175266,-0.0602919124,-0.0065827086,-0.1417496949
0.6631740332,0.0260757171,-0.0386979580,-0.0062036691,-0.2115152478,-0.0090052262,-0.0812895522
0.6732170582,0.0222730599,-0.0678632855,-0.0407985039,-0.3012872040,-0.0011198721,-0.0383319594
0.6832810640,0.0024524594,-0.0634952784,-0.0593037196,-0.3440281451,-0.0005750163,-0.0165419746
0.6933000088,-0.0062409081,-0.0352237225,-0.0745192915,-0.2923236787,0.0344809704,0.0087335547
0.7033420801,0.0023953284,0.0072638975,-0.1138963848,-0.1705614179,0.0856293440,0.0389071703
0.7133849859,0.0248817168,0.0297347885,-0.1072156578,-0.0384995341,0.1461856365,0.0615477674
0.7234669924,0.0184647702,0.0188140254,-0.0636142641,0.0915669873,0.2027222812,0.0627765507
0.7335300446,0.0152101479,-0.0049080863,-0.0322045274,0.2186921835,0.2095120102,0.0795579255
0.7435539961,0.0082340203,-0.0151190171,-0.0039298711,0.3804436624,0.1861275733,0.0797177106
0.7536900043,-0.0079053380,-0.0315611362,0.0385827236,0.5945748687,0.0978379175,0.0460716039
0.7636910677,-0.0391612686,-0.0079075703,0.0580454879,0.6213638783,0.0310384370,-0.0259802174
0.7737050056,-0.0483103730,0.0353968143,0.0526361875,0.3799283504,-0.0381329134,-0.0429986157
0.7837300301,-0.0252260305,0.0045545683,0.0311996173,0.0246645249,-0.0356191508,-0.0197425615
0.7937750816,-0.0170296468,-0.0714436173,0.0031708304,-0.3143005073,-0.0005051084,0.0096536772
0.8038409948,-0.0146765746,-0.0960901380,-0.0070441542,-0.5448627472,0.0150359012,0.0411897637
0.8139150143,-0.0094105639,-0.0484616160,-0.0289840270,-0.6086997986,0.0105032008,0.0453504212
0.8239330053,-0.0090087391,0.0253820401,-0.0779489428,-0.5316380262,0.0185244828,0.0234371331
0.8341810703,0.0040657185,0.0928416252,-0.1023517400,-0.4241754413,0.0327691957,0.0174215846
0.8440420628,0.0250676535,0.0780233145,-0.0734545141,-0.3101362288,0.0238231625,0.0199318808
0.8541200161,0.0351739191,0.0250872951,-0.0371564813,-0.1784218848,0.0261214692,-0.0016682198
0.8641500473,0.0254991613,0.0466862917,0.0104995789,-0.0030652413,0.0458168760,-0.0086683389
0.8742010593,0.0163495801,0.0807558894,0.0192555021,0.1771066636,0.0638882890,-0.0077213189
0.8842370510,0.0176834427,0.0884431005,0.0155069651,0.3172491193,0.0827930048,-0.0134886606
0.8942570686,0.0190739594,0.0564606786,0.0027137224,0.4689885974,0.0526601337,-0.0102225598
0.9043010473,0.0103574954,0.0201925617,-0.0048508225,0.6257444620,-0.0331411883,-0.0569543801
0.9143450260,-0.0201446153,0.0254867058,0.0112871947,0.6827132106,-0.1003724262,-0.1385773420
0.9243880510,-0.0309363939,0.0335956812,0.0042847218,0.5966444612,-0.1171061248,-0.1448445618
0.9344470501,0.0108581148,0.0074921236,-0.0110946475,0.4072459936,-0.1055014059,-0.0747171342
0.9446350336,0.0403900705,-0.0484707952,-0.0161654521,0.1779564768,-0.0756091475,-0.0371412598
0.9545960426,0.0292532407,-0.0826755762,-0.0004550393,-0.0407846570,-0.0408594310,-0.0449608341
0.9645860195,0.0025711621,-0.0798675418,0.0226341318,-0.1542362571,-0.0026997128,-0.0312945545
0.9746210575,-0.0114666559,-0.0587666631,0.0435839109,-0.1810071468,-0.0088148629,0.0013041341
0.9846730232,-0.0042175092,-0.0253790040,0.0637648553,-0.2046216577,-0.0117875915,0.0199252237
0.9948060513,0.0142918192,0.0022696245,0.0430224352,-0.1981011778,0.0074707931,0.0389503129
1.0049999952,0.0251181684,0.0057439194,0.0109960260,-0.1547703594,0.0481253043,0.0588883348
1.0149140358,0.0100895725,0.0145320287,0.0016437594,-0.0420904011,0.0799239799,0.0295986235
1.0248399973,-0.0084839500,0.0294405203,-0.0039516268,0.1005538255,0.0900665224,-0.0177031122
1.0349609852,-0.0148416199,0.0596751571,-0.0072365580,0.2298236638,0.0816746354,-0.0625699237
1.0450149775,-0.0133175589,0.0743384361,-0.0099053560,0.3343187869,0.0620533973,-0.0995481834
1.0550470352,-0.0124800839,0.0718730092,-0.0211382676,0.3738161325,0.0418008566,-0.1139420345
1.0651050806,-0.0055767633,0.0490798950,-0.0461382456,0.3522804677,-0.0456912816,-0.1209083274
1.0753670931,-0.0221739449,0.0068812356,-0.0383196063,0.2213903666,-0.1518635303,-0.2285013646
1.0851540565,-0.0666567087,-0.0417622924,-0.0245449115,-0.0442492962,-0.0964400545,-0.2236352414
1.0951900482,-0.0479811765,-0.0931336880,-0.0075533567,-0.3185514212,-0.0281795077,-0.1181311831
1.1052560806,0.0028462673,-0.1180925369,0.0079975547,-0.3891980350,-0.0118258055,-0.0304593891
1.1153659821,0.0080131851,-0.0836659670,0.0384436660,-0.3767432272,-0.0675487220,-0.0535663031
1.1253720522,0.0025230164,-0.0301084537,0.1148681492,-0.2977822125,-0.1166938692,-0.1083288863
1.1354010105,0.0434102230,0.0382767916,0.1509572119,-0.1975696087,-0.1093027964,-0.1031458452
1.1454360485,0.1089921892,0.0985065103,0.0633287877,-0.0372343957,-0.0222519748,-0.0542286336
1.1554809809,0.1474739015,0.1292626858,-0.0315790959,0.1264591962,0.0851077735,-0.0677239373
1.1654950380,0.1247492880,0.1368578076,-0.0433280654,0.2960061729,0.1662188619,-0.1883193254
1.1755909920,0.0708749145,0.1225244403,-0.0308692623,0.4806116819,0.2062219381,-0.3168003261
1.1856350899,0.0207062624,0.1174583435,-0.0222134162,0.6298815608,0.1877169609,-0.4175319970
1.1956620216,-0.0197967328,0.1108690500,-0.0253362823,0.6647987962,0.1267806441,-0.4567803442
1.2057110071,-0.0262362100,0.0811163783,-0.0312429834,0.5750810504,0.0672485828,-0.4626661837
1.2157820463,-0.0129988529,0.0439545512,-0.0207534600,0.4051495194,0.0523556583,-0.4761188924
1.2258189917,0.0025707001,0.0024592269,0.0024790589,0.2621515393,0.0145305935,-0.4675765336
1.2358720303,0.0070326589,-0.0380733013,0.0079878392,0.1698309034,-0.0071741692,-0.4507179260
1.2460809946,-0.0103981532,-0.0487145782,0.0077953162,0.1156160012,0.0145947486,-0.4292842746
1.2559530735,-0.0286427774,-0.0394564271,0.0193463992,0.0192721542,0.0674084350,-0.4266456068
1.2659710646,-0.0336336233,-0.0348074436,0.0480471663,-0.0938770398,0.0920461267,-0.4239888489
1.2760620117,-0.0138848163,-0.0630177259,0.0769012421,-0.1798814237,0.0812981427,-0.3941673040
1.2860560417,0.0046682023,-0.0801035762,0.0758449882,-0.2241648585,0.0687673613,-0.3524246514
1.2961490154,-0.0032191013,-0.0773137808,0.0604120903,-0.1986512542,0.0816996694,-0.3230425119
1.3061640263,-0.0229175128,-0.0452244878,0.0021789495,-0.1209431365,0.1218141243,-0.2927874029
1.3162690401,-0.0198553242,-0.0031489742,-0.0739487559,0.0035170275,0.1714069694,-0.2446758151
1.3262829781,-0.0034202074,0.0171371084,-0.1044873148,0.1151709855,0.2055430710,-0.2199672759
1.3364100456,-0.0129317082,0.0084508052,-0.0833974630,0.1822767854,0.2010641694,-0.2461277694
1.3463610411,-0.0400151648,0.0056052790,-0.0629412085,0.2229544520,0.1969731897,-0.2365124226
1.3564350605,-0.0462005474,0.0150094023,-0.0743835717,0.2290682644,0.1039606854,-0.2147900909
1.3664410114,-0.0234120525,0.0226348024,-0.0429209061,0.1392120123,0.0219184142,-0.2411284745
1.3765640259,-0.0074182190,0.0044631348,0.0427729301,0.0059458306,0.0080577265,-0.2464209795
1.3864970207,0.0077157430,-0.0329617262,0.0803549141,-0.1322991252,-0.0251857676,-0.1935726851
1.3966619968,0.0249392055,-0.0513812304,0.0637970418,-0.2674761117,-0.0590499900,-0.1686920971
1.4066140652,0.0306442194,-0.0462116599,0.0196725558,-0.3476098478,-0.0592088215,-0.1860814691
1.4167339802,0.0220057629,-0.0208015461,-0.0085395155,-0.4029971957,-0.0360081606,-0.1937204897
1.4267420769,0.0042716227,-0.0056839599,-0.0119951544,-0.4619268477,-0.0016490156,-0.1985487938
1.4368029833,-0.0107653774,-0.0108023891,-0.0199065972,-0.5181522965,0.0505255051,-0.1939465851
1.4468510151,-0.0214225985,-0.0224810261,-0.0525432415,-0.4255255461,0.0845240876,-0.1938006431
1.4568750858,-0.0284481682,-0.0146759162,-0.0973953158,-0.1780614108,0.0915351287,-0.1590937972
1.4669409990,-0.0252562203,0.0475116372,-0.1224565655,0.1191240549,0.0890115425,-0.1384015679
1.4770619869,-0.0169190802,0.0823100209,-0.1079079062,0.4125671089,0.0459133387,-0.1415313184
1.4870530367,-0.0142959394,0.0563755631,-0.0534987040,0.6217309833,-0.0042762780,-0.1319229007
1.4972600937,-0.0150627233,0.0204701405,0.0190070700,0.7332756519,-0.0342168659,-0.1263899207
1.5071120262,-0.0258209445,0.0012420404,0.0370117836,0.7978097796,-0.0465822667,-0.1267313361
1.5171700716,-0.0258841105,-0.0025331390,0.0319374017,0.7701347470,-0.0482091904,-0.1586200297
1.5272650719,-0.0194756724,-0.0065812482,0.0589724593,0.5915607214,-0.0417438373,-0.1792302281
1.5372430086,-0.0052262284,-0.0360123515,0.0605595522,0.3512935042,-0.0299862493,-0.1593409479
1.5473420620,-0.0034799909,-0.0805666447,0.0424894504,0.0839169249,-0.0232012607,-0.1322054565
1.5574810505,-0.0091849454,-0.0790370107,0.0270632338,-0.1762861460,-0.0041303630,-0.1276282817
1.5674380064,-0.0111780055,-0.0548278689,0.0166224074,-0.3626604080,0.0025508425,-0.1220196709
1.5794789791,-0.0061463453,-0.0312859416,0.0080718817,-0.4932562411,-0.0051704608,-0.1102383733
1.5875279903,-0.0024810170,-0.0067049279,-0.0313286968,-0.5209339261,0.0029297038,-0.1056681275
1.5980360508,0.0011303389,0.0047875629,-0.0920116454,-0.4201359749,0.0268283784,-0.0825353786
1.6081670523,-0.0103157647,0.0242196303,-0.1231333762,-0.1986861378,0.0159456376,-0.0820706561
1.6183080673,-0.0146711804,0.0434945226,-0.1079473048,0.0488078073,0.0064261677,-0.1063062176
1.6281330585,-0.0160748996,0.0537585616,-0.0631883293,0.2064372450,-0.0076118074,-0.1242239624
1.6381840706,-0.0153080560,0.0367391706,-0.0421073623,0.2765369713,-0.0226325691,-0.1039565131
1.6477830410,-0.0124891289,-0.0029171121,-0.0274171997,0.2486190647,-0.0603367500,-0.0884097740
1.6576540470,0.0016752743,-0.0261391420,0.0089477720,0.1272412390,-0.0751657635,-0.0795947164
1.6676959991,-0.0003752297,-0.0294832606,0.0355579667,-0.0090489648,-0.0780948699,-0.0733474717
1.6778860092,-0.0133338757,-0.0273026843,0.0441648774,-0.1525387615,-0.0953196585,-0.0808591843
1.6878420115,-0.0130396523,-0.0103814611,0.0395421796,-0.2244255841,-0.1162436679,-0.0909312591
1.6978220940,-0.0172677375,0.0101563325,0.0183100533,-0.2782086432,-0.1020205244,-0.1352566481
1.7078720331,-0.0183168091,0.0341913700,0.0161875915,-0.3468612432,-0.0871613547,-0.1531336457
1.7180950642,0.0017068797,0.0296782237,0.0084042968,-0.4270766973,-0.0676406547,-0.1639974713
1.7279679775,0.0171654560,0.0090289107,-0.0140226064,-0.4444637001,-0.0342108980,-0.1590133756
1.7380310297,0.0233393274,0.0203294735,-0.0518384762,-0.2798076272,-0.0503597781,-0.1668145657
1.7480520010,0.0236075781,0.0806838274,-0.0636766702,-0.0332854651,-0.0820741355,-0.1965413094
1.7582690716,0.0199609213,0.1608662605,-0.0450955816,0.2431826144,-0.1145926639,-0.2467480153
1.7681630850,0.0184295066,0.1757310629,-0.0298912693,0.5333696604,-0.1635122597,-0.2511672676
1.7783710957,0.0099502243,0.1558052897,-0.0056280075,0.6884862781,-0.2067500204,-0.2264786959
1.7884169817,-0.0163099878,0.1143907905,0.0210228395,0.6899603605,-0.2060182393,-0.2300926149
1.7986650467,-0.0532041825,0.0575593710,0.0257903766,0.5876033902,-0.1706296206,-0.2567212880
1.8085100651,-0.0642441511,0.0178086739,0.0121386470,0.4328928888,-0.1194789261,-0.2929067314
1.8186579943,-0.0545311607,0.0147895804,-0.0235083867,0.2740928531,-0.0691936538,-0.3306205571
1.8288650513,-0.0286342241,0.0263451319,-0.0523426123,0.1447548419,-0.0591904484,-0.3599653840
1.8388600349,-0.0158432089,0.0246723872,-0.0501589961,0.0071652913,-0.0706452280,-0.3862691522
1.8486880064,-0.0181820355,-0.0011574042,-0.0429417677,-0.1373994797,-0.0901443437,-0.4186984599
1.8588080406,-0.0204890706,-0.0293179173,-0.0346998759,-0.2713609934,-0.1116661429,-0.4393880367
1.8688020706,-0.0196087845,-0.0292659421,-0.0216900874,-0.3677232265,-0.1277167499,-0.4515405893
1.8790560961,-0.0117752142,-0.0190175790,-0.0087902127,-0.4120683372,-0.1662838459,-0.4578607976
1.8888800144,-0.0002296901,-0.0098667750,-0.0048473654,-0.4226477146,-0.1706464738,-0.4646545053
1.8989610672,0.0042159893,0.0015397656,-0.0197194982,-0.3697381616,-0.1691670865,-0.4644086957
1.9089800119,0.0160298757,0.0359986424,-0.0391894765,-0.2180104405,-0.1466010660,-0.4693406224
1.9192370176,0.0219608061,0.0871481299,-0.0708999187,0.0106741395,-0.1393977404,-0.4959040582
1.9290740490,0.0182439797,0.1315145493,-0.0897162706,0.2987032533,-0.1484937221,-0.5375516415
1.9391140938,0.0251690857,0.1496074200,-0.0981605202,0.5598041415,-0.1598089635,-0.5570086837
1.9491649866,0.0416984521,0.1399936080,-0.0845835358,0.7231568098,-0.1668037027,-0.5543596148
1.9593780041,0.0321748741,0.1043719053,-0.0567929931,0.7964571118,-0.1706740707,-0.5622652173
1.9692320824,0.0003806690,0.0718739033,-0.0213462878,0.7032917738,-0.1609219462,-0.5923605561
1.9793080091,-0.0221777558,0.0241016131,0.0119997682,0.5119017959,-0.1343952566,-0.6018722653
1.9894530773,-0.0173326358,-0.0252181310,0.0442132168,0.2454771996,-0.0951049328,-0.5773988962
1.9995690584,0.0028279808,-0.0520858765,0.0541744046,0.0080361450,-0.0596238971,-0.5427530408
2.0094981194,0.0256433040,-0.0465649366,0.0116259875,-0.1423652172,-0.0405947901,-0.5289866328
2.0194489956,0.0243197754,-0.0237060208,-0.0196457077,-0.2387348861,-0.0405625664,-0.5511172414
2.0298109055,0.0156125324,-0.0198923368,-0.0339958258,-0.2850770950,-0.0640031770,-0.5731314421
2.0396490097,0.0167851374,-0.0252019186,-0.0333079882,-0.3126663864,-0.1062323898,-0.5828434825
2.0496270657,0.0141879171,-0.0269749779,-0.0359692164,-0.3019008338,-0.1392459422,-0.5703899860
2.0597128868,0.0028783402,-0.0166860837,-0.0333838649,-0.2696776390,-0.1443264484,-0.5500903130
2.0697209835,-0.0060904063,0.0190769415,-0.0222743917,-0.2007073462,-0.1172083467,-0.5449080467
2.0799260139,-0.0052577592,0.0529433489,-0.0212689210,-0.0713956952,-0.0687452033,-0.5450380445
2.0899128914,-0.0003259516,0.0733913779,-0.0227481294,0.1073447540,-0.0206998046,-0.5324996114
2.0998611450,0.0081884004,0.0940326452,-0.0141567169,0.2508553267,-0.0044971332,-0.5298470855
2.1098930836,0.0172621049,0.0871934891,-0.0115464507,0.3541781008,-0.0251269639,-0.5418166518
2.1199040413,0.0181937404,0.0527446866,-0.0195758510,0.4264610708,-0.0637420043,-0.5425360203
2.1301720142,0.0103861056,0.0252931099,-0.0137642203,0.4073759615,-0.0865816697,-0.5506887436
2.1400330067,-0.0018312446,-0.0050482764,0.0008352224,0.3147173822,-0.0887662619,-0.5569527745
2.1500899792,-0.0121330954,-0.0389984846,0.0164764952,0.2146001011,-0.0664445013,-0.5352884531
2.1601090431,-0.0152085461,-0.0623359680,0.0390673093,0.1082241312,-0.0482710861,-0.5049806237
2.1702160835,-0.0096544512,-0.0685622096,0.0402305536,-0.0341469944,-0.0485447794,-0.4779021442
2.1802549362,-0.0004824733,-0.0574198365,0.0248664450,-0.1601030678,-0.0245667435,-0.4625053406
2.1903629303,0.0041804500,-0.0790362954,-0.0039948402,-0.1872907430,-0.0276462622,-0.4430754483
2.2001261711,0.0046972744,-0.0738382936,-0.0060301600,-0.1220624670,-0.0520812981,-0.4285170138
2.2104279995,-0.0056023486,-0.0115610370,-0.0099294363,0.0263621565,-0.0583314151,-0.4262818396
2.2204589844,-0.0076670758,0.0539497733,-0.0365519710,0.2254094779,-0.0453977734,-0.4312411547
2.2304701805,0.0124540962,0.0993098617,-0.0262762476,0.4257953167,-0.0305085182,-0.4362175465
2.2403759956,0.0324864946,0.1129288077,0.0051447577,0.5694656372,-0.0212644208,-0.4504606724
2.2507669926,0.0351619683,0.0983031988,0.0297372770,0.6713131666,-0.0066481419,-0.4639229476
2.2606840134,0.0230313204,0.0691765547,0.0275219511,0.6960632801,0.0057691126,-0.4829182029
2.2706689835,0.0109573863,0.0342756510,0.0334407501,0.6468068957,0.0094866455,-0.4922736287
2.2806820869,0.0082162134,-0.0091468105,0.0412105136,0.5318715572,0.0123801697,-0.5028889775
2.2907609940,0.0030081088,-0.0362470150,0.0341548137,0.3884105086,-0.0014290120,-0.4901223183
2.3008260727,0.0033946896,-0.0583006144,0.0244489145,0.2394476682,-0.0348231867,-0.4730895460
2.3108558655,0.0035006071,-0.0720139146,0.0312712006,0.1096736863,-0.0178205557,-0.4586221874
2.3208389282,-0.0223655589,-0.0820364356,0.0501541309,0.0166819654,-0.0212666858,-0.4549523592
2.3309640884,-0.0274871029,-0.0719853640,0.0532355718,-0.0372747444,-0.0154455490,-0.4521730840
2.3410191536,-0.0118770637,-0.0397713780,0.0440220051,-0.0529197492,-0.0163174681,-0.4382079840
2.3510661125,0.0009726250,-0.0246111173,0.0211769771,-0.0071607837,-0.0306520909,-0.4339804947
2.3609120846,0.0079806857,-0.0137398252,0.0074763121,0.0615373217,-0.0141878966,-0.4381488860
2.3711240292,-0.0036528741,0.0082030883,-0.0002010639,0.1378496736,-0.0161448400,-0.4585526884
2.3812210560,-0.0058006383,0.0318128467,-0.0094201742,0.2026766092,-0.0348647311,-0.4522226155
2.3912181854,0.0030311609,0.0512354374,-0.0035691436,0.1849755049,-0.0084762424,-0.4325202703
2.4012351036,-0.0121119209,0.0387625694,0.0188838076,0.1453569829,0.0179945137,-0.4115707874
2.4113960266,-0.0363348164,0.0091267219,0.0203741025,0.1357004941,0.0466905795,-0.3939928710
2.4213719368,-0.0538453199,0.0118718138,0.0080586495,0.1300492734,0.0696779191,-0.3797002137
2.4314830303,-0.0505890884,0.0256355386,0.0028509919,0.1217017248,0.0828800872,-0.3809694648
2.4413580894,-0.0319452919,0.0247700792,-0.0047647534,0.1096168309,0.0849123448,-0.3703519702
2.4515099525,-0.0144347288,0.0104453554,-0.0065611182,0.1324768811,0.0864441395,-0.3542838097
2.4615540504,-0.0162746347,-0.0026940119,0.0000213806,0.1928416789,0.0809324682,-0.3434673846
2.4716429710,-0.0281350054,-0.0143954763,0.0150025906,0.2779875994,0.0413171723,-0.3461512923
2.4815831184,-0.0345638432,-0.0261796135,0.0261449646,0.3006614745,0.0141446739,-0.3385064304
2.4917159081,-0.0246297456,-0.0331442356,0.0514026694,0.2284452170,-0.0220872313,-0.3358184993
2.5019550323,-0.0075300224,-0.0480838418,0.0731876343,0.1513272673,-0.0267980993,-0.3120370209
2.5118398666,0.0055380128,-0.0496360660,0.0553201251,0.0899942592,0.0007767773,-0.2962023914
2.5216960907,0.0065724216,-0.0279930253,0.0187650751,0.0572152771,0.0386908725,-0.3193322122
2.5317249298,0.0019791985,0.0022233117,-0.0249835420,0.0503717512,0.0848285407,-0.3399522603
2.5417590141,0.0034001882,0.0283036213,-0.0408128090,0.0591452681,0.1067681909,-0.3681263626
2.5520191193,-0.0017526186,0.0268639904,-0.0459956117,0.0963079482,0.1217406690,-0.3740631044
2.5620589256,-0.0090534128,0.0155547252,-0.0352686830,0.1270642728,0.1100216955,-0.3767872453
2.5721690655,-0.0086367019,0.0182309132,-0.0109332977,0.1623391658,0.0922014713,-0.3942951262
2.5823440552,0.0029156918,0.0273472052,0.0040046396,0.2298084944,-0.0234990269,-0.4197943509
2.5922009945,0.0296509229,0.0339710712,0.0456445627,0.2309528589,-0.0632904917,-0.4315474331
2.6021761894,0.0288652889,0.0508801341,0.0962830037,0.2442199290,-0.0637054145,-0.4247526526
2.6122689247,0.0136576556,0.0418879390,0.0803165883,0.2955961525,-0.0381170362,-0.4229302406
2.6223130226,-0.0071854331,0.0360608697,0.0499269776,0.3478585780,-0.0171571616,-0.4474302530
2.6324369907,-0.0100066699,0.0286896210,0.0257497858,0.3530505002,0.0163560286,-0.4764429927
2.6422240734,-0.0027419066,0.0004239071,0.0231855344,0.3137840629,0.0322740115,-0.4888120592
2.6525149345,-0.0014139450,-0.0384681225,0.0261137318,0.2459255308,0.0434744954,-0.4830263257
2.6624979973,-0.0111663975,-0.0716359019,0.0254614782,0.1836808026,0.0534096844,-0.4717166722
2.6725301743,-0.0102638640,-0.0785405040,0.0048871464,0.1207393929,0.0803453177,-0.4473013580
2.6825261116,0.0050185286,-0.0688964725,-0.0125421463,0.0385569036,0.0986915678,-0.4414048493
2.6926820278,0.0278794132,-0.0530663133,-0.0186168123,-0.0382091142,0.0701140165,-0.4217994511
2.7026891708,0.0440820716,-0.0389197469,0.0031946723,-0.1221594140,0.0332910195,-0.3995191753
2.7128839493,0.0392015539,-0.0215179939,0.0451047234,-0.2352392226,0.0058893012,-0.3973926604
2.7229199409,0.0233428441,-0.0340738893,0.0412085466,-0.2284747958,0.0455608144,-0.3888548315
2.7329349518,-0.0041101910,-0.0241881628,0.0256343316,-0.1230543628,0.0640162006,-0.3811947703
2.7428741455,-0.0178749003,0.0044879899,0.0154327573,0.0662870705,0.0553691834,-0.4246362448
2.7529520988,-0.0381291546,0.0273046475,-0.0002330716,0.2067476362,0.0586187989,-0.4752717316
2.7629129887,-0.0421430208,0.0392674208,-0.0083642779,0.2971299887,0.0686940700,-0.4814372361
2.7730450630,-0.0397751369,0.0185970049,-0.0215732027,0.3441041708,0.0876319706,-0.4625484943
2.7830560207,-0.0457298793,-0.0064495220,-0.0271758009,0.3432381153,0.1060639769,-0.4594054222
2.7931189537,-0.0406619348,-0.0285071153,-0.0247150231,0.3232514858,0.1030915380,-0.4380980134
2.8029360771,-0.0204533674,-0.0548197031,-0.0217301417,0.2530247271,0.0594268814,-0.4220868051
2.8132550716,-0.0018509961,-0.0661617517,-0.0223308373,0.1710582227,0.0508393608,-0.3962192535
2.8232488632,0.0049982630,-0.0615864992,-0.0289977361,0.0901756212,0.0478925705,-0.3730138242
2.8335709572,0.0008320773,-0.0498206615,-0.0288148690,0.0498332605,0.0514524207,-0.3503894508
2.8431701660,-0.0115020312,-0.0447214246,-0.0227705408,0.0377667435,0.0578413419,-0.3313470483
2.8534679413,-0.0263975300,-0.0376009345,-0.0118178306,0.0660135597,0.0603604279,-0.3231408000
2.8634819984,-0.0346344151,-0.0344731212,-0.0045383745,0.0997313112,0.0608848035,-0.3144953847
2.8735508919,-0.0315597691,-0.0178608317,-0.0013279493,0.1281064898,0.0508038849,-0.3166325688
2.8833351135,-0.0329329111,0.0089077344,-0.0144424019,0.1260577291,0.0589289218,-0.3393607736
2.8935880661,-0.0216319598,0.0245096069,-0.0374793597,0.1163932458,0.0717716739,-0.3384393156
2.9036920071,0.0026865865,0.0174689870,-0.0293408800,0.0827327520,0.0576201677,-0.3303092122
2.9139370918,0.0108293854,0.0113157025,-0.0101659475,0.0823628381,0.0334424973,-0.3025625348
2.9237041473,0.0134003125,0.0054723606,0.0148752751,0.1296161115,0.0257057510,-0.2701143324
2.9338350296,0.0101945959,-0.0073827519,0.0234221052,0.2130201906,0.0387791507,-0.2670775354
2.9438428879,0.0185299776,-0.0238704104,0.0269643497,0.2849862576,0.0524219945,-0.2758776844
2.9538741112,0.0269798301,-0.0360260606,0.0328642540,0.3140931427,0.0674983412,-0.2858847678
2.9640378952,0.0210672580,-0.0361176729,0.0344625525,0.3018306196,0.0731746033,-0.2943989038
2.9742720127,0.0033737386,-0.0378614664,0.0239626002,0.2634664476,0.0773819685,-0.2913599610
2.9842109680,-0.0063412227,-0.0437144041,0.0085975947,0.2192340046,0.0884511322,-0.2881066501
2.9941301346,-0.0180603899,-0.0407724977,-0.0044389539,0.1874814034,0.1101436391,-0.2978692651
3.0039820671,-0.0158399381,-0.0385882854,-0.0116633354,0.1575376242,0.1035227552,-0.2972772419
3.0142321587,-0.0059250332,-0.0365998149,-0.0139360605,0.1118320525,0.0911547989,-0.2980943024
3.0242199898,0.0092435442,-0.0264774580,-0.0110931573,0.0602151938,0.0869424790,-0.2838929892
3.0342650414,0.0172749124,-0.0106310854,-0.0105344830,0.0272725578,0.0604835674,-0.2625637352
3.0440969467,0.0089938603,-0.0127022872,-0.0111342249,0.0331221893,0.0235854741,-0.2589474320
3.0543370247,-0.0061681010,-0.0013489139,0.0324200206,0.0205336940,0.0151557159,-0.2687984705
3.0644369125,-0.0107345618,0.0041153417,0.0683455318,0.0365962833,0.0157272313,-0.2725439370
3.0744571686,-0.0015817619,0.0009736407,0.0594853573,0.1005458385,0.0311891455,-0.2694386840
3.0846030712,0.0081430934,0.0028972018,0.0313828997,0.1478526294,0.0605193339,-0.2793608308
3.0945658684,0.0088888071,0.0077673183,0.0185919236,0.1890445501,0.0989514142,-0.2939858437
3.1045808792,0.0082501136,-0.0108773122,0.0146975340,0.2496120185,0.1121372581,-0.3144359887
3.1146299839,0.0079438053,-0.0250770468,0.0077692093,0.3001654744,0.1185553670,-0.3233040571
3.1244769096,0.0010291898,-0.0222950596,-0.0052147084,0.3536768854,0.0872717500,-0.3306562304
3.1347889900,0.0060104690,-0.0153924832,-0.0297880936,0.3873433769,0.0379917361,-0.3340397775
3.1447620392,0.0183572136,0.0046976791,-0.0398108549,0.3262043893,0.0108221676,-0.3347385824
3.1548581123,0.0205357037,0.0133153787,-0.0169586707,0.2237186283,0.0272251889,-0.3254396319
3.1646142006,-0.0136561431,-0.0090347538,0.0104104700,0.1276067495,0.0592909828,-0.3394236267
3.1749658585,-0.0582152642,-0.0251876134,0.0329861455,0.0383787379,0.1097115204,-0.3335212767
3.1850140095,-0.0624766387,-0.0258924980,0.0330343656,-0.0133385193,0.1371287704,-0.3084446788
3.1950590611,-0.0452788211,-0.0372638702,0.0304039549,-0.0195387565,0.1522070765,-0.3005270958
3.2047829628,-0.0340800919,-0.0627629161,0.0112330141,0.0271688271,0.1579626948,-0.3103320599
3.2151541710,-0.0317093171,-0.0636699796,-0.0103342710,0.0789494663,0.1497442871,-0.3433565795
3.2252202034,-0.0162235238,-0.0350340605,-0.0242057610,0.1293380857,0.1487442702,-0.3645795882
3.2352571487,0.0084800385,-0.0160411615,-0.0299462844,0.1764493883,0.1167663112,-0.3746524453
3.2450509071,0.0148459040,0.0024977315,-0.0164425541,0.1829975694,0.1129896864,-0.3783076406
3.2552762032,0.0088678561,0.0206137281,-0.0005356248,0.1810139120,0.0985690653,-0.3733972907
3.2653629780,-0.0068351068,0.0244687777,0.0190987419,0.1700209081,0.1116718128,-0.3717312217
3.2754030228,-0.0239386000,0.0140359392,0.0186122488,0.2011254430,0.1220386773,-0.3583786786
3.2852201462,-0.0260189213,0.0050788508,0.0077588381,0.2587392032,0.1115207896,-0.3564465642
3.2955331802,-0.0188515820,0.0185400229,0.0133431973,0.3270435631,0.1079901010,-0.3612128198
3.3055779934,-0.0104723312,0.0324198008,0.0082627358,0.4013241827,0.1164712012,-0.3792109787
3.3156230450,-0.0037364399,0.0229243618,-0.0268771816,0.4648124874,0.1406540126,-0.3776493073
3.3254618645,0.0040557943,0.0121479025,-0.0463279076,0.4830103815,0.1617531627,-0.3534105420
3.3357181549,0.0069550537,0.0075507150,-0.0391652174,0.4475955367,0.1710884422,-0.3550105691
3.3457670212,-0.0039646067,-0.0112982402,-0.0126556931,0.3875604272,0.1670619994,-0.3531287909
3.3558111191,-0.0120234527,-0.0515765548,0.0265664291,0.3409222364,0.1278422326,-0.3486227095
3.3656048775,-0.0183717646,-0.0830135942,0.0587736182,0.2633051872,0.0550383404,-0.3538121581
3.3757550716,-0.0127493180,-0.0984835029,0.0392672233,0.2195124477,-0.0174106155,-0.3371040225
3.3862071037,0.0126522742,-0.0863251686,0.0247523617,0.1420536041,-0.0202889591,-0.3094015419
3.3960590363,0.0181947313,-0.0447985530,0.0309500527,0.0894007757,0.0046590008,-0.2836485207
3.4058370590,0.0038264955,-0.0254012961,0.0153209390,0.1168667600,0.0449859165,-0.2714182138
3.4161081314,-0.0163520910,-0.0021052372,-0.0311480928,0.2196712941,0.0848613530,-0.2882291377
3.4261450768,-0.0164419450,0.0242466908,-0.0578630753,0.3791139424,0.0999881029,-0.3308351934
3.4361991882,-0.0212599076,0.0461189747,-0.0611238666,0.5178826451,0.0967340618,-0.3586191535
3.4459550381,-0.0265060402,0.0583778024,-0.0841058046,0.6009668708,0.0461867377,-0.3649595976
3.4562849998,-0.0219104923,0.0433636904,-0.1221432239,0.4673053324,-0.0075752689,-0.3756314218
3.4662718773,-0.0054801144,0.0014023769,-0.0811301023,0.1908300668,-0.0301676635,-0.3371104002
3.4763169289,0.0070186220,-0.0587048531,-0.0134896813,-0.0691895336,-0.0351363756,-0.2697377503
3.4861130714,-0.0180470683,-0.0920647979,0.0083916606,-0.2485118806,-0.0118542230,-0.2205326557
3.4966511726,-0.0341230668,-0.0914446712,-0.0086237965,-0.3077656329,0.0119894845,-0.2054455876
3.5064759254,-0.0289205350,-0.0763960481,-0.0153863607,-0.2959888577,0.0390948728,-0.2007541656
3.5165560246,-0.0134459771,-0.0581828952,-0.0267701913,-0.2131553590,0.0752078444,-0.1949324906
3.5262870789,-0.0089584626,-0.0474495888,-0.0462426133,-0.0617940649,0.0961903557,-0.2096690983
3.5365738869,-0.0125626363,-0.0366045833,-0.0654205829,0.1127661541,0.0856396779,-0.2261833549
3.5466551781,-0.0069871582,0.0082870116,-0.0666908175,0.1925304830,0.0737593174,-0.2427663207
3.5566630363,0.0144406520,0.0456178784,-0.0526704974,0.2589951158,0.0440130122,-0.2467919588
3.5666241646,0.0228010975,0.0547495484,-0.0457634516,0.3346368968,0.0533777513,-0.2498761714
3.5767979622,-0.0028846299,0.0610015988,-0.0353154130,0.4370892346,0.0915541127,-0.2578259706
3.5868999958,-0.0234125294,0.0546383262,-0.0111124096,0.5766077042,0.1042944118,-0.2665025592
3.5968852043,-0.0179803409,0.0569149852,0.0219148230,0.6833553314,0.0642480552,-0.3140040338
3.6067261696,-0.0131262578,0.0790251493,0.0627454966,0.6767754555,0.0587385073,-0.3500999808
3.6169738770,-0.0074510612,0.0613372326,0.0663635582,0.6266354322,0.0529252812,-0.3243820965
3.6270830631,-0.0010731256,0.0181617718,0.0487103872,0.5190152526,0.0707487464,-0.2969424725
3.6370959282,-0.0152543820,-0.0200928468,0.0345932655,0.4104971886,0.0731631517,-0.2845854163
3.6469211578,-0.0272284783,-0.0493467450,0.0245452952,0.3018396795,0.0838879645,-0.2748571634
3.6571600437,-0.0255192555,-0.0580604672,0.0165239405,0.2170697898,0.0913511813,-0.2635573447
3.6672680378,-0.0192029513,-0.0616751313,0.0081049623,0.1700101346,0.0997198969,-0.2588438392
3.6772551537,-0.0183920898,-0.0588825941,-0.0058713136,0.1591446996,0.1162369251,-0.2631661296
3.6871800423,-0.0132794417,-0.0459048748,-0.0231530238,0.2019502223,0.1230594143,-0.2641102374
3.6973471642,-0.0191122331,-0.0243638176,-0.0326977558,0.1407293379,0.1397606581,-0.2939099371
3.7074260712,-0.0181062259,-0.0267953891,-0.0275687147,0.0791354850,0.1286773831,-0.2845177650
3.7174429893,0.0113476478,-0.0487584472,-0.0267949272,0.0832358226,0.1183638871,-0.2362847179
3.7272880077,0.0168923102,-0.0278188009,-0.0383528061,0.1304360926,0.1064198762,-0.2267854959
3.7375390530,0.0073089562,0.0049637542,-0.0284347106,0.1773729622,0.0762435943,-0.2279783189
3.7476549149,0.0041973554,0.0230602007,0.0044805827,0.2139589489,0.0655962825,-0.2279389054
3.7576341629,-0.0047851838,0.0261211973,0.0403293185,0.2261176109,0.0569234304,-0.2285117507
3.7674698830,-0.0202462114,0.0178642254,0.0417807512,0.1857653856,0.0775770470,-0.2266640514
3.7777938843,-0.0290899314,-0.0033171189,0.0218256544,0.1343874186,0.1110715196,-0.1965511590
3.7877721786,-0.0176160373,-0.0382518172,0.0064010443,0.1076551452,0.1285919100,-0.1746511906
3.7978579998,-0.0129131116,-0.0689402223,0.0096481862,0.1060744300,0.1324327588,-0.1772946417
3.8076338768,-0.0131611861,-0.0947268009,-0.0096971570,0.1607848108,0.1247042567,-0.1817698181
3.8179450035,-0.0056600608,-0.0864305496,-0.0309832264,0.2202658504,0.0998095945,-0.1968385130
3.8281660080,-0.0011893547,-0.0433815718,-0.0410419293,0.2038740963,0.0817552209,-0.2258102447
3.8380751610,0.0039609633,-0.0146753797,-0.0451567359,0.2265608907,0.0769149587,-0.2241915762
3.8477900028,-0.0025518571,-0.0112568745,-0.0293304492,0.2979202867,0.0737601742,-0.2262179703
3.8581700325,-0.0145035423,0.0089135757,0.0296795797,0.3624365628,0.0805560574,-0.2359012216
3.8681468964,-0.0287202634,0.0155686131,0.0644437522,0.4553902149,0.1000754312,-0.2426488847
3.8782629967,-0.0367811956,0.0039114938,0.0651884526,0.5811957717,0.0974516273,-0.2483690828
3.8880119324,-0.0322037376,0.0063561783,0.0419484191,0.6630035639,0.0756893381,-0.2612638474
3.8982880116,-0.0182890929,0.0152193895,0.0287432503,0.6238846779,0.0570634082,-0.2705809176
3.9086170197,-0.0067395009,0.0188437086,0.0123474421,0.5014833808,0.0793844238,-0.2718030512
3.9183859825,-0.0262148418,-0.0113753686,-0.0276459623,0.4048001468,0.1109642684,-0.2595279813
3.9282422066,-0.0404219069,-0.0304650087,-0.0466221161,0.3494468927,0.1254747659,-0.2348974794
3.9384870529,-0.0414487161,-0.0325774550,-0.0478000231,0.2823005915,0.1193796992,-0.2285362631
3.9485650063,-0.0381659307,-0.0486857295,-0.0609428473,0.1788450480,0.1032004654,-0.2272411585
3.9585809708,-0.0270800628,-0.0793477297,-0.0699400455,0.0739867985,0.0495519340,-0.2094911933
3.9684109688,-0.0080391802,-0.0836552978,-0.0491438098,-0.0158506781,0.0042845868,-0.1890437156
3.9786949158,0.0042118989,-0.0567300916,0.0061260285,-0.0873392373,-0.0002122670,-0.1830103248
3.9887120724,-0.0031302010,-0.0352816582,0.0373781733,-0.0553504154,0.0176128037,-0.1811647415
3.9988279343,-0.0165966786,-0.0174684543,0.0223148298,0.0715247095,0.0554885492,-0.1809897721
4.0087633133,-0.0168153085,0.0161111932,0.0023349349,0.2403486222,0.0672855526,-0.2213342637
4.0188951492,-0.0222316422,0.0383546352,-0.0024167474,0.4020164609,0.0958635882,-0.2904515564
4.0287809372,-0.0309276618,0.0484288931,-0.0418397374,0.5518131852,0.1291096807,-0.3224675357
4.0390119553,-0.0281879939,0.0450362563,-0.0726130754,0.6396449208,0.1039430574,-0.3241003156
4.0488190651,-0.0147347488,0.0248194914,-0.0747434646,0.6809856892,0.0538055897,-0.3160874248
4.0591058731,0.0019794072,0.0018141854,-0.0516464897,0.6550477743,0.0035573840,-0.3042925298
4.0690951347,0.0055748187,-0.0190542955,-0.0331443734,0.6498977542,-0.0112979952,-0.2918329239
4.0791640282,-0.0073713101,-0.0097610364,-0.0129898963,0.6344824433,0.0009642907,-0.2918111086
4.0891461372,-0.0066527165,0.0180607419,0.0461828522,0.5522301793,0.0136643732,-0.2809214294
4.0992579460,-0.0062516965,0.0181510430,0.0791684836,0.4265549779,0.0364099294,-0.2557359338
4.1092767715,-0.0144594945,-0.0085604796,0.0630983561,0.3391436338,0.0674932823,-0.2236666679
4.1193981171,-0.0281488933,-0.0342110395,0.0347223692,0.2713350356,0.0869603455,-0.2044112086
4.1291780472,-0.0350770392,-0.0469861627,0.0019209210,0.2442765087,0.0918685496,-0.2078956962
4.1394453049,-0.0300755538,-0.0541278720,-0.0375579782,0.2177887112,0.0431533717,-0.2153336406
4.1494712830,-0.0194844045,-0.0687329769,-0.0633126646,0.1523990482,0.0244963281,-0.2261641771
4.1596970558,-0.0039686002,-0.0762420893,-0.0447517820,0.0971821323,0.0295173451,-0.2252216935
4.1693849564,0.0013260805,-0.0802601576,-0.0570532866,0.1529058516,0.0314113870,-0.2195419669
4.1796078682,-0.0061904229,-0.0677289367,-0.0610311218,0.2780423164,0.0459698476,-0.2298239022
4.1897192001,-0.0162528791,-0.0291351099,-0.0482294150,0.3779588044,0.0677118972,-0.2625184655
4.1997051239,-0.0125412382,-0.0078725228,-0.0430039354,0.4813588262,0.0792421848,-0.2959664166
4.2095308304,-0.0137453116,-0.0055726185,-0.0433478542,0.5446669459,0.0837719589,-0.3191537857
4.2198128700,-0.0174351968,0.0006936181,-0.0338425823,0.5445330143,0.0633629858,-0.3388001919
4.2298989296,-0.0252123512,0.0004108537,-0.0244766045,0.4956181943,0.0509537160,-0.3251703978
4.2400321960,-0.0294740237,-0.0100153694,-0.0302018095,0.4268677533,0.0386867411,-0.2950809300
4.2497448921,-0.0354723968,-0.0296301264,-0.0287537146,0.3187343478,0.0312754326,-0.2631562948
4.2598929405,-0.0235254206,-0.0498813987,0.0059578242,0.1655167043,0.0089819236,-0.2394980937
4.2700300217,0.0065715276,-0.0642273426,0.0926399678,0.0131221171,-0.0052167200,-0.2024172992
4.2801523209,0.0083821975,-0.0714165568,0.1344269365,-0.0322645381,-0.0349220969,-0.1813903153
4.2899198532,-0.0009297168,-0.0435817242,0.1463039964,-0.0240585413,-0.0114063863,-0.1527501494
4.3003668785,-0.0052549876,0.0159829836,0.0974583477,-0.0046132039,0.0248147883,-0.1223855838
4.3104572296,-0.0071479715,0.0369569063,0.0272564720,0.1143225059,0.0729295909,-0.1075027734
4.3204240799,-0.0029084717,0.0310118776,-0.0057053147,0.2987304330,0.0968788639,-0.1268599629
4.3303771019,0.0036441053,0.0614961982,-0.0294231344,0.5049621463,0.0859641656,-0.1786645651
4.3404550552,0.0021548832,0.0850977898,-0.0602703281,0.7041230798,0.0651218668,-0.2164316624
4.3505082130,-0.0014166272,0.0913294554,-0.0998233706,0.7801722884,0.0143220685,-0.2297392040
4.3605999947,-0.0012108720,0.0564395785,-0.1317489296,0.6458491087,-0.0152646936,-0.2182745636
4.3702850342,0.0222077332,-0.0034962308,-0.0446731038,0.3435443640,-0.0256211944,-0.1543831974
4.3806009293,0.0254349075,-0.0523428917,0.0752506107,0.0337577537,-0.0115695577,-0.0586454868
4.3905229568,0.0068660937,-0.0926692486,0.1219343394,-0.1497454941,0.0082978904,0.0000127674
4.4004769325,-0.0256425180,-0.1049193740,0.1087027639,-0.2246627510,0.0492529124,0.0075580357
4.4106283188,-0.0247049369,-0.0816090107,0.0827660412,-0.1854578257,0.0590911619,0.0323342197
4.4205608368,0.0074050985,-0.0698620677,0.0364708714,-0.0627759770,0.0420485027,0.0485869609
4.4306411743,0.0246700011,-0.0630078912,-0.0390733667,0.0379237384,0.0479082577,0.0118470564
4.4406518936,0.0206850730,-0.0516841412,-0.1112849265,0.1636672914,0.0765038431,-0.0388121270
4.4505071640,0.0074780546,-0.0567790866,-0.1674422175,0.3719754815,0.0649880692,-0.0719469115
4.4607162476,0.0084429942,-0.0247859377,-0.1827509552,0.4935005605,0.0387509763,-0.1193719506
4.4711508751,0.0121607743,0.0140708676,-0.1520753652,0.5439651012,-0.0382327549,-0.1699794680
4.4811701775,0.0236559473,0.0244828444,-0.1061808020,0.5956064463,-0.1261028498,-0.2063231021
4.4907450676,0.0122952424,0.0337076783,-0.0639832765,0.5486596823,-0.1405576915,-0.2265370190
4.5009307861,-0.0064110197,0.0345222354,0.0049350085,0.4262785316,-0.1305352300,-0.2191235870
4.5110268593,-0.0162510909,0.0183357578,0.0759954304,0.3192642033,-0.0876697823,-0.1643673927
4.5210342407,-0.0157638825,0.0168929677,0.1260628551,0.2110981792,-0.0480341427,-0.1161998585
4.5309920311,-0.0248109140,0.0226297956,0.0999811739,0.2462838590,-0.0155366557,-0.0999963880
4.5411601067,-0.0352258720,0.0198844057,0.0567341261,0.3564681709,0.0177796502,-0.1129766405
4.5512351990,-0.0368490852,0.0178382378,0.0226158928,0.4546983242,0.0304565635,-0.1500265300
4.5612249374,-0.0260719098,-0.0027571332,-0.0498849340,0.5609229207,0.0274431147,-0.1615886539
4.5712051392,-0.0179933943,-0.0275161881,-0.1177506596,0.6564925909,0.0279959887,-0.1912378818
4.5813059807,-0.0196962394,-0.0354351401,-0.1163262278,0.7132790089,0.0209232457,-0.2080597430
4.5914249420,-0.0209403075,-0.0259832162,-0.1055493504,0.7569265962,0.0191858001,-0.1918352395
4.6014051437,-0.0238704123,-0.0079538831,-0.1090773493,0.7298172712,0.0340832546,-0.1746253520
4.6114449501,-0.0290839709,-0.0099831829,-0.0813722163,0.6175080538,0.0560609922,-0.1598645151
4.6214981079,-0.0329445638,-0.0392132401,-0.0339664407,0.4440177083,0.0219698660,-0.1954251826
4.6316180229,-0.0377975143,-0.0493464470,0.0439588241,0.1919910610,0.0551294163,-0.2036617994
4.6415767670,-0.0352335013,-0.0468852520,0.0685837120,-0.0054527652,0.1028271094,-0.1615319252
4.6516280174,-0.0366886891,-0.0467910171,0.0643989891,-0.0434747152,0.1239073649,-0.1156009138
4.6616888046,-0.0349047221,-0.0358338356,0.0761743635,0.0155421328,0.1091146469,-0.1275955290
4.6717338562,-0.0275264420,-0.0287355799,0.0826543421,0.0701435879,0.0830620080,-0.1644155979
4.6820130348,-0.0114703812,-0.0240134317,0.0724460334,0.1138770953,0.0538097173,-0.1744557172
4.6918611526,0.0039055313,-0.0205987711,0.0731408447,0.1467839032,0.0203798525,-0.1852987707
4.7019810677,-0.0004616415,-0.0175795872,0.0446232371,0.1643778086,0.0153507404,-0.2042863071
4.7119350433,-0.0175635852,-0.0096159289,-0.0028021510,0.1517794579,0.0466114581,-0.1983549148
4.7220211029,-0.0192195810,0.0019761312,-0.0286734272,0.1189675927,0.0687162057,-0.1762304455
4.7320170403,-0.0103718676,-0.0030781340,-0.0300606657,0.1356230080,0.0514650419,-0.1520990133
4.7421131134,-0.0008500254,-0.0018119526,-0.0267187525,0.2059332579,0.0419198759,-0.1385600269
4.7521257401,-0.0022007262,0.0274516921,-0.0241879392,0.2873351574,0.0312248841,-0.1352462620
4.7622089386,-0.0023772155,0.0586678982,-0.0068718372,0.3998692930,0.0346336514,-0.1303170174
4.7720608711,0.0008746946,0.0574432909,-0.0114851175,0.5248405337,0.0281366035,-0.1257286519
4.7822742462,0.0050218068,0.0097248545,-0.0254732538,0.5967394710,0.0190676879,-0.1152568385
4.7923059464,0.0072665177,-0.0644965172,-0.0108949719,0.5645000339,0.0179054849,-0.1143010259
4.8024368286,0.0016192162,-0.1300708652,-0.0019596394,0.4748211801,0.0442692079,-0.0909315199
4.8123979568,-0.0021823680,-0.1423724890,-0.0081415353,0.3413257003,0.0605062321,-0.0677969083
4.8224949837,-0.0040515698,-0.1261696219,-0.0170352031,0.1996712238,0.0302957874,-0.0675974414
4.8324918747,0.0013241732,-0.1131266057,-0.0161738563,0.0792300254,-0.0035476633,-0.0907879770
4.8427438736,0.0149276219,-0.0940485597,0.0115579190,0.0045785634,-0.0174882729,-0.0843002498
4.8525681496,0.0197421275,-0.0623455644,0.0212387275,0.0301228054,-0.0249685589,-0.0909869149
4.8628273010,0.0031189288,-0.0190233905,0.0212527346,0.0709079206,-0.0160703808,-0.1155471206
4.8728427887,0.0120484792,0.0388684869,0.0471061282,0.0815059692,-0.0100601576,-0.0928458050
4.8829650879,0.0258945785,0.0744298100,0.0663798302,0.0838796422,0.0057673818,-0.0668272525
4.8928561211,0.0033895338,0.0672374964,0.0397528820,0.1604750901,0.0471923202,-0.0659670532
4.9030599594,-0.0256856717,0.0499545038,-0.0115229664,0.2633857727,0.0611059517,-0.0664118007
4.9130249023,-0.0246508159,0.0272310954,-0.0527529903,0.3916896582,0.0442436114,-0.0902803838
4.9231452942,-0.0170913972,-0.0102368603,-0.0994335562,0.5319499969,0.0180048458,-0.1413651407
4.9329919815,-0.0077229179,-0.0438605547,-0.1241427809,0.6308808327,-0.0463078320,-0.1843373775
4.9432339668,0.0116960965,-0.0526557565,-0.0921567827,0.6553151608,-0.1029083356,-0.1957404912
4.9532308578,0.0176205598,-0.0453916788,-0.0416479297,0.6531742811,-0.1047517806,-0.1938174218
4.9632959366,-0.0087021627,-0.0253487248,-0.0164511371,0.5272144675,-0.0660942942,-0.2144444138
4.9732260704,-0.0398858823,-0.0095598111,0.0150214853,0.2776848078,-0.0028266390,-0.1876021326
4.9833707809,-0.0320343412,-0.0081840763,0.0400851779,0.0483520105,0.0447502509,-0.1352079064
4.9934639931,-0.0219049491,-0.0131582627,0.0220360588,-0.1020835638,0.0681684986,-0.1168568656
5.0037031174,-0.0303227343,-0.0012947333,-0.0120849786,-0.1383076161,0.0563761257,-0.1498172134
5.0135421753,-0.0315868892,0.0207456332,-0.0439130254,-0.0764064342,0.0103974473,-0.1922690570
5.0235729218,-0.0149613060,0.0523943007,-0.0460139699,0.0299386475,-0.0314194001,-0.2144041955
5.0336699486,-0.0003007686,0.0671585798,-0.0276320148,0.1216856167,-0.0494655110,-0.2148348242
5.0437030792,-0.0132319368,0.0543263555,-0.0179087687,0.2345905900,-0.0344581231,-0.2183107883
5.0537452698,-0.0215908922,0.0439422131,0.0071854414,0.3271943033,-0.0357502848,-0.2346037328
5.0638070107,-0.0149242319,0.0101410141,0.0489427857,0.4397931397,-0.0321424752,-0.2504982948
5.0739588737,-0.0056197681,-0.0367199183,0.0639892668,0.5589125752,-0.0154263470,-0.2589532733
5.0838599205,-0.0099533834,-0.0448422730,0.0320121460,0.6742364168,0.0014353772,-0.2882368863
5.0937519073,-0.0194225945,-0.0354050994,-0.0112129627,0.7822225094,0.0570024997,-0.3044384718
5.1037530899,-0.0189319886,-0.0262019653,-0.0595468469,0.7163702846,0.0900467336,-0.3170946240
5.1137971878,-0.0182013549,-0.0345845520,-0.0771242529,0.5167727470,0.0869287029,-0.2467671931
5.1240901947,0.0012726152,-0.0608466268,-0.0613803454,0.3077207208,0.0409621224,-0.1851664186
5.1341428757,0.0006329978,-0.0728621781,-0.0198175479,0.1531127840,0.0316242799,-0.1146349907
5.1441297531,0.0001193845,-0.0523578525,-0.0357079692,0.1190042049,0.0528907627,-0.0670869127
5.1542291641,-0.0133955516,-0.0493160486,-0.0390953012,0.1939250529,0.0320190378,-0.0537276939
5.1642379761,-0.0085981525,-0.0543766320,0.0015505974,0.2822783291,0.0332037210,-0.0421756990
5.1742992401,0.0048125945,-0.0514733791,0.0274592470,0.3726508319,0.0344870985,-0.0160402339
5.1843171120,-0.0086213388,-0.0528139472,0.0039491476,0.4570464194,0.0489702187,-0.0085514262
5.1944417953,-0.0304440893,-0.0508944392,-0.0234333444,0.4483570755,0.0661531985,0.0095170569
5.2044658661,-0.0346532501,-0.0494982600,-0.0240905453,0.3696699739,0.0711057261,0.0296260528
5.2142877579,-0.0197787918,-0.0757945180,-0.0169841219,0.2701694965,0.0114940573,0.0562195815
5.2245712280,0.0053336583,-0.0975336432,0.0167894792,0.1581878215,-0.0192118715,0.0548531115
5.2345962524,0.0085375868,-0.1120847166,0.0286608767,0.1348894238,-0.0305809062,0.0421298593
5.2446398735,0.0000328386,-0.0920471549,0.0087070884,0.1743851751,-0.0083386097,0.0184471682
5.2544193268,-0.0028534567,-0.0339401960,-0.0106815277,0.2069175541,0.0266071223,-0.0053734756
5.2647471428,0.0043477975,0.0069958256,-0.0258701015,0.2165233046,0.0106999017,-0.0385607220
5.2747521400,-0.0074276365,0.0031293023,0.0109629454,0.2308604270,0.0108050965,-0.0638703480
5.2848029137,-0.0443463363,0.0087370863,0.0296351146,0.2205907404,0.0269168485,-0.0741424263
5.2945818901,-0.0588673390,0.0342552662,0.0313482098,0.2586633265,0.0404060259,-0.0392267816
5.3049383163,-0.0390082635,0.0570868850,0.0362391286,0.2862732112,0.0699081272,-0.0159619376
5.3149843216,-0.0215423144,0.0540220141,0.0514167361,0.2522806227,0.1142138019,-0.0182645060
5.3249521255,-0.0069640316,0.0046891258,0.0312373471,0.2814069688,0.1707112938,-0.0226360857
5.3348808289,-0.0047606267,-0.0368570685,-0.0073455749,0.4180311263,0.2024846673,-0.0462372862
5.3450889587,-0.0020531451,-0.0363325477,-0.0620548911,0.6282705069,0.2245683372,-0.0893698484
5.3551273346,-0.0038971340,-0.0051702275,-0.1210286766,0.8051294684,0.2213613540,-0.1506630331
5.3651471138,0.0030176009,0.0149098029,-0.1396832019,0.8363631368,0.1848366112,-0.2019930631
5.3750562668,0.0161892138,-0.0079245577,-0.1205478460,0.7404192686,0.1546512693,-0.2305064648
5.3852691650,0.0054214559,-0.0377844572,-0.0939297825,0.5252530575,0.1382800937,-0.2395476252
5.3953170776,-0.0045149960,-0.0418080688,-0.0372902937,0.3144095242,0.0845201984,-0.2102943957
5.4053640366,0.0057296716,-0.0317775011,0.0556975417,0.2195414752,0.0490655042,-0.1779106259
5.4151687622,0.0128031932,0.0127275279,0.2147110552,0.1832689494,0.0319802649,-0.1606171280
5.4254560471,0.0099078976,0.0775607526,0.2490657419,0.2726155818,0.1023777872,-0.1295044869
5.4355139732,-0.0030595099,0.1028283834,0.1379582733,0.4451945424,0.1359860748,-0.1504776776
5.4455509186,-0.0113813914,0.0987224579,0.0488609485,0.6159538031,0.1674983054,-0.1764514893
5.4553670883,0.0078182183,0.0788650513,0.0123470249,0.6692394018,0.2043884099,-0.1679597348
5.4656467438,0.0194730721,0.0181074720,-0.0207426716,0.6353606582,0.1999079883,-0.1550441980
5.4756927490,0.0117056333,-0.0816025138,-0.0941476971,0.6012735367,0.1555727571,-0.1502531767
5.4857411385,0.0065888129,-0.1316151023,-0.1424924284,0.5321624875,0.0710823983,-0.1376526952
5.4956560135,0.0189738832,-0.0994868279,-0.0902353674,0.3869453967,-0.0287062526,-0.1252902895
5.5058350563,0.0439118110,-0.0726400316,0.0143672051,0.3032362461,-0.1175759658,-0.0923057124
5.5158782005,0.0512251221,-0.0514512509,0.0896895975,0.2898911238,-0.1233465001,-0.0821857005
5.5259251595,0.0183614455,-0.0089798132,0.1534813493,0.3465956748,-0.0602086000,-0.0972346961
5.5357508659,-0.0138144530,0.0484513491,0.1777564734,0.3446419835,0.0035876911,-0.0893325582
5.5460557938,-0.0016677416,0.0753542185,0.1560216993,0.2788090408,0.0392742902,-0.0301270261
5.5560941696,0.0315886103,0.0423076898,0.0872726291,0.1811099201,0.0498108193,-0.0041849068
5.5661220551,0.0297028385,-0.0067722662,0.0157624912,0.1038960963,0.0697804764,0.0035430538
5.5759730339,0.0258376561,-0.0336958468,-0.0750023276,0.0645862371,0.0348248929,0.0242491309
5.5861830711,0.0257697664,-0.0524029136,-0.1531355530,0.0231281463,-0.0368536897,0.0175126661
5.5962600708,0.0223495327,-0.0771002620,-0.1981309205,-0.0370339975,-0.0891413912,-0.0046275244
5.6062650681,0.0360822640,-0.0859343261,-0.1559611112,-0.1157543659,-0.1882005483,0.0038743508
5.6162462234,0.0536832772,-0.0765049607,-0.0625813752,-0.1089313477,-0.2417039871,0.0118087064
5.6264328957,0.0183660947,-0.0335591435,0.0012448851,-0.0188994650,-0.2541504204,-0.0065897414
5.6364130974,-0.0052852668,0.0167927574,0.1039124578,0.1860587448,-0.2209732980,-0.0086499630
5.6464967728,0.0002725089,0.0671166331,0.1782473177,0.3205984533,-0.1485415995,-0.0039867680
5.6563830376,-0.0128990449,0.0738686323,0.0973898023,0.4428431392,-0.0319673195,-0.0414148346
5.6665911674,-0.0367256440,0.0272302907,0.0358086042,0.5014220476,0.0561673865,-0.0574819520
5.6765708923,-0.0277385153,-0.0119074890,-0.0024171050,0.4644546807,0.0899501145,-0.0761075690
5.6866440773,-0.0296383537,-0.0542814881,-0.0746947676,0.3396289945,0.1041044220,-0.0878214836
5.6964221001,-0.0185942091,-0.0844960362,-0.1529707462,0.2107847333,0.0682588071,-0.0831894502
5.7068481445,-0.0099340715,-0.0901731402,-0.1629676968,0.0389372036,-0.0148500651,-0.0969063267
5.7168083191,-0.0026340520,-0.0863076150,-0.0853758603,-0.0452421233,-0.0732025877,-0.0801838040
5.7268400192,0.0027903283,-0.0690094084,-0.0311882664,0.0036091730,-0.1083113849,-0.0459190384
5.7366399765,-0.0143175758,-0.0217051376,-0.0114445863,0.1302906871,-0.1215393096,-0.0675207376
5.7469882965,-0.0212532915,0.0265575033,0.0673694462,0.2792250514,-0.0824425593,-0.0709144026
5.7571983337,-0.0029770767,0.0655945092,0.1664573997,0.3032685816,0.0098271845,-0.0295200907
5.7670879364,-0.0211033858,0.0635294318,0.1265993565,0.2565774024,0.0775341988,-0.0136726843
5.7768468857,-0.0402604379,-0.0017954719,0.0479843430,0.2181200087,0.1227698475,-0.0152926855
5.7871770859,-0.0321864523,-0.0433841497,0.0199298691,0.1500177830,0.1379168630,-0.0105064521
5.7971258163,-0.0125032105,-0.0420740992,-0.0227433015,0.0542766079,0.1272573024,-0.0094989790
5.8072800636,-0.0057395734,-0.0564088225,-0.1207738072,-0.0009349787,0.0836605057,-0.0301941372
5.8170442581,0.0012620651,-0.0700078756,-0.1159228235,0.0852457136,0.0360226743,-0.0663042068
5.8273658752,-0.0049599446,-0.0374281108,-0.0675197393,0.3493478000,0.0080652107,-0.0848161057
5.8373422623,-0.0141561069,0.0387492776,-0.0777599961,0.6442087293,-0.0196178164,-0.1233067736
5.8474001884,-0.0086015500,0.0787911713,-0.0639106780,0.8373290300,-0.0104435198,-0.2118028104
5.8573331833,-0.0060175695,0.0642783940,0.0052442374,0.8565126061,0.0250353795,-0.2184841484
5.8674831390,-0.0056635179,0.0351339728,0.0653791279,0.7975879312,0.0350112878,-0.1714223772
5.8775629997,-0.0091686286,0.0022330421,0.1196355075,0.7991128564,0.0328213684,-0.1242516637
5.8875889778,0.0024771655,-0.0130875865,0.1644939631,0.8803004026,0.0658795610,-0.0915363282
5.8974380493,-0.0013247168,-0.0184025485,0.0954576582,0.9814230204,0.0891462713,-0.1112415865
5.9077100754,-0.0023691093,-0.0281835068,0.0122996392,1.0049947500,0.1211299002,-0.1311010420
5.9177179337,0.0239776336,-0.0208633263,-0.0454307981,0.8024781346,0.1554607153,-0.1568626016
5.9278068542,0.0286010467,-0.0727484077,-0.0797362477,0.5111847520,0.1562417597,-0.1534415036
5.9377679825,0.0106169544,-0.1298078150,-0.1080856472,0.0901065096,0.1339902431,-0.1100719273
5.9479050636,-0.0300530829,-0.1490216255,-0.1148508936,-0.3753177822,0.1084965318,-0.0894859582
5.9579081535,-0.0391309299,-0.1555568129,-0.0650289208,-0.7815078497,-0.0547642969,-0.0072667170
5.9680280685,0.0256370865,-0.1432995349,0.0393484645,-0.9234403968,-0.0996516421,0.0654074848
5.9777989388,0.0186664425,-0.1001923084,0.1079596728,-0.5761216283,-0.0815615878,0.1343953460
5.9880857468,0.0187675916,0.0284296107,0.1667700857,0.0958488211,-0.0941613764,0.1552359015
5.9981021881,0.0137026869,0.2020779848,0.1131292433,0.8024536371,-0.0421453081,-0.0037564044
6.0082168579,0.0047262274,0.2810942531,0.0144554200,1.2902410030,0.0047088820,-0.1118823439
6.0179939270,0.0393384658,0.2457890362,-0.0060167490,1.4159950018,0.0679160804,-0.1881406307
6.0283041000,0.0222011767,0.0893623829,-0.0193016101,1.3756722212,0.1006546170,-0.1702372581
6.0382938385,-0.0225665607,-0.0249339957,-0.0599392839,1.0928682089,0.0985752195,-0.1652907133
6.0483698845,-0.0475620665,-0.0894447416,-0.1218100935,0.6286340356,0.0231357180,-0.1734642237
6.0582289696,-0.0324069299,-0.1505888402,-0.1005989462,0.1169382632,-0.0612049960,-0.1496654153
6.0684661865,-0.0091952719,-0.1807516515,-0.0443165489,-0.3467999697,-0.0951786488,-0.0993851945
6.0784502029,-0.0122947730,-0.1874047965,-0.0223847199,-0.6875381470,-0.1542944312,-0.0952972472
6.0885391235,-0.0208191909,-0.1727072895,0.0219195914,-0.9317646027,-0.1584739387,-0.0957933888
6.0984220505,-0.0101948418,-0.1530659348,0.0808229893,-0.9540653825,-0.0534002557,-0.0494866073
6.1086568832,-0.0062628426,-0.1188837737,0.1444322914,-0.7121125460,-0.0459560528,0.0539023653
6.1187071800,0.0142093264,-0.0172882695,0.1892217845,-0.3336171806,-0.0599088892,0.0691689327
6.1287131310,0.0131126605,0.0755058825,0.1164550632,0.0810363218,-0.0521108061,-0.0102108419
6.1385869980,0.0143648349,0.1297188699,0.0349306874,0.3853181899,-0.0052399696,-0.0282415077
6.1488060951,0.0230113231,0.1188034266,-0.0493514724,0.5604287386,0.0573362187,-0.0270076655
6.1589250565,0.0081534944,0.0569150448,-0.0971905142,0.6526427865,0.0859015509,0.0020218561
6.1690931320,0.0004786217,0.0214794409,-0.1366616637,0.6098564863,0.0622322299,0.0014173186
6.1787729263,-0.0043201484,-0.0146699706,-0.1373159438,0.5236760974,0.0193691831,0.0062837130
6.1890668869,0.0035010541,-0.0380240381,-0.1043746620,0.3895366192,-0.0525720641,0.0277743582
6.1990442276,0.0084023438,-0.0556002110,-0.0296114851,0.2577881813,-0.0779533237,0.0312127639
6.2090611458,-0.0036084091,-0.0926257670,0.0187634062,0.0906868204,-0.0738333538,0.0532938316
6.2189278603,0.0043423139,-0.1274343729,0.0551380925,-0.0082770474,-0.0560216047,0.0974964425
6.2292199135,0.0101892911,-0.1279109269,0.1153907627,-0.0843676850,-0.0303425249,0.1044555530
6.2392587662,-0.0080443062,-0.1096132696,0.1249174923,-0.1548469216,-0.0100782663,0.1042582095
6.2493481636,-0.0029428636,-0.0827492177,0.0999855846,-0.1990942657,-0.0185742304,0.1323383152
6.2591152191,0.0188455544,-0.0342867076,0.0918484777,-0.1891984940,-0.0050349850,0.1289409250
6.2694401741,0.0108123980,0.0135719767,0.0637526363,-0.0851308182,0.0493384302,0.0986629054
6.2794170380,-0.0090757050,0.0394076109,-0.0267647672,0.1098679677,0.0307269264,0.0535377786
6.2895307541,-0.0079278983,0.0632007122,-0.0822454244,0.2802134752,0.0472407900,0.0100190630
6.2992920876,-0.0026517545,0.0891053975,-0.1371904761,0.3936612010,0.0614452921,-0.0365628190
6.3096241951,-0.0054724850,0.0882222205,-0.1715064198,0.4266899824,0.0643266216,-0.0774964094
6.3196048737,-0.0279727019,0.0700455755,-0.1677882820,0.3136249483,0.0333292857,-0.1229150221
6.3297190666,-0.0321981348,0.0274970662,-0.1325560957,0.1459228992,-0.0268335193,-0.1264378577
6.3395032883,-0.0184340514,-0.0147831151,-0.0754626542,0.0235312171,-0.0903552324,-0.1048643813
6.3497629166,-0.0073217191,-0.0340178162,0.0000256721,0.0062648770,-0.1436510533,-0.0967699736
6.3597650528,-0.0053294934,-0.0177558530,0.0915382951,0.1268203259,-0.2402950376,-0.0839425921
6.3698430061,0.0151901208,0.0077083097,0.2322519869,0.3407121003,-0.1725965291,-0.0875383914
6.3796710968,-0.0079138316,0.0588278919,0.2079048604,0.5802344084,-0.0657398552,-0.1190683544
6.3899378777,-0.0230948366,0.0537124127,0.0673066229,0.7487655878,-0.0145855341,-0.1141209975
6.4000530243,-0.0049965419,0.0630024374,-0.0313002653,0.7055555582,0.0600897707,-0.1642400920
6.4100270271,-0.0010051167,0.0187511276,-0.0417391248,0.4677520692,0.1047197133,-0.1855238080
6.4199132919,0.0007677043,-0.0722877979,-0.0700318962,0.1994268745,0.1111525819,-0.1607457548
6.4301409721,-0.0261893310,-0.1279194057,-0.1380098015,-0.0515519530,0.1005536020,-0.1511546522
6.4402208328,-0.0462334789,-0.1202594936,-0.1656630188,-0.2134239376,0.0573318228,-0.1336321086
6.4502148628,-0.0185031332,-0.0712891668,-0.1245594174,-0.3323294222,-0.0812851489,-0.1130144522
6.4600892067,0.0216771923,-0.0385689139,-0.0324636884,-0.3829071224,-0.1710504591,-0.1145756021
6.4703140259,0.0305656753,-0.0595563203,0.0712121576,-0.2165880501,-0.1438837349,-0.0317584760
6.4803762436,0.0231958590,-0.0434274524,0.1071824282,0.0506878681,-0.1128232926,0.0076168915
6.4904189110,0.0157298408,0.0074962811,0.1161795706,0.3219927251,-0.1104431897,-0.0523375235
6.5002870560,0.0400276147,0.0372209102,0.1925697178,0.6309548616,-0.0101685217,-0.0317227915
6.5104980469,0.0335900746,0.0659532100,0.2317179292,0.8786908388,0.0702146813,-0.0193018075
6.5206141472,-0.0119838156,0.0465137064,0.1030959934,1.0039492846,0.1599562913,-0.0694291592
6.5305418968,-0.0141860284,0.0220784824,-0.0095874248,0.8669840097,0.2099127918,-0.0852944106
6.5404710770,0.0119389258,-0.0017371189,-0.0535855480,0.5436536670,0.2161477804,-0.0231490098
6.5506858826,0.0113490783,-0.0561075509,-0.0750602037,0.1473972350,0.2406667918,0.0333377011
6.5608000755,-0.0130644478,-0.1110134721,-0.1253504902,-0.2040050030,0.1816378236,0.0399929397
6.5707502365,-0.0173108615,-0.1359972656,-0.1236158758,-0.3176195621,0.0651406422,0.0654847175
6.5806989670,0.0051587187,-0.1071239114,-0.0371141620,-0.3566870689,-0.0306687094,0.0813217312
6.5921759605,0.0133839212,-0.0492381603,-0.0023388441,-0.3701447248,-0.0489973575,0.0558677763
6.6016340256,0.0221558772,-0.0586996973,-0.0156234680,-0.3102230430,-0.0378877148,0.0411362350
6.6116719246,0.0170748197,-0.0278017987,0.0208594631,-0.2469768375,-0.0293455441,0.0349880606
6.6212530136,0.0202903114,0.0065500424,0.1001740545,-0.2451448441,-0.0028729253,0.0351547748
6.6315422058,0.0166801177,-0.0139323929,0.1335638613,-0.0802264661,0.0390126333,0.0824415907
6.6409211159,0.0234283172,-0.0035013270,0.1452852935,0.0630223006,0.0457102135,0.0827332065
6.6511769295,0.0092440210,0.0444484055,0.0747862905,0.1837078333,0.0758749619,0.0097599374
6.6609392166,0.0056873523,0.0295883548,-0.0039739190,0.2820554674,0.0954923406,0.0078738863
6.6713008881,0.0163368545,0.0363866091,-0.0674009472,0.1941684633,0.0827165172,-0.0208680127
6.6811871529,0.0051413737,0.0190666001,-0.1048422009,0.0395440049,0.0894226208,-0.0477582179
6.6911859512,-0.0145443715,-0.0155955413,-0.1221567541,-0.1033702791,0.0593571849,-0.0178951267
6.7010111809,-0.0192534961,-0.0234146733,-0.1080293804,-0.2662289441,0.0060556158,-0.0028714361
6.7112631798,-0.0061042346,-0.0437109619,-0.0749670416,-0.4471833110,-0.0405816585,-0.0066376785
6.7213697433,0.0026164020,-0.0798805058,-0.0371031351,-0.5903114676,-0.0619109198,-0.0052781347
6.7313699722,-0.0048049726,-0.0925422609,0.0092016282,-0.6940225363,-0.1308188438,0.0167057272
6.7412362099,0.0208849274,-0.0800085664,0.0922290534,-0.6377912164,-0.1684855372,0.0717668459
6.7515020370,0.0424037538,-0.0566771179,0.2177535146,-0.4268958867,-0.1205350831,0.1382324249
6.7615151405,0.0251910649,0.0275382083,0.1679762453,-0.1178719848,-0.0552676618,0.0960743129
6.7716059685,0.0119636618,0.0717036873,0.1258549541,0.4936831594,-0.0181470066,0.0831694379
6.7815427780,0.0279514752,0.1471810788,0.1008028239,1.0937596560,-0.0070826365,0.1056057662
6.7916951180,0.0078063570,0.2109859586,-0.0646833330,1.4879943132,0.0239519253,-0.0460071899
6.8016819954,-0.0235915221,0.1615009159,-0.1479332000,1.5272353888,0.0235021170,-0.1348585039
6.8119039536,-0.0172671713,0.0903278589,-0.1342440993,1.2061454058,0.0072627198,-0.0782066733
6.8218917847,-0.0284183659,-0.0252494682,-0.1239979416,0.6558399796,0.0315424949,-0.0236712564
6.8320689201,-0.0686364174,-0.1484856755,-0.1450950652,-0.0179170240,0.0178511012,0.0082411356
6.8422560692,-0.0432814397,-0.2245606184,-0.1428285986,-0.6540071964,-0.0391181745,0.0764151290
6.8521633148,-0.0012028253,-0.2609653473,-0.0337642021,-1.1862236261,-0.0529293828,0.1192555353
6.8619599342,0.0038534964,-0.2750978768,-0.0016497548,-1.6615188122,-0.1608060449,0.1140535846
6.8722190857,0.0265349112,-0.3149131536,0.0140496911,-1.7236330509,-0.1722739488,0.1971085221
6.8822531700,0.0822726488,-0.2689197958,0.2302487940,-1.1667934656,-0.2269726098,0.3659838140
6.8922700882,0.0644041300,-0.0340484530,0.2929889858,-0.4390835762,-0.2205682695,0.2631911337
6.9021601677,-0.0022761261,0.1468875557,0.1845371574,0.2641941607,-0.1407197714,0.0775184706
6.9124560356,0.0342073999,0.2169131488,-0.0342104621,0.8539838195,-0.0152566778,0.0038072392
6.9223890305,0.0518992506,0.1895551383,-0.1719719917,1.0838929415,0.1194111183,-0.0643236116
6.9325380325,-0.0181374587,0.1441276073,-0.1280732900,0.9565867186,0.1873052418,-0.0414875373
6.9424629211,-0.0507115163,0.0913833231,-0.0811731964,0.6074412465,0.1422858387,-0.0074094627
6.9525690079,-0.0509206094,-0.0117892632,-0.1492782384,0.1743757278,0.0883670822,-0.0143504590
6.9626722336,-0.0496276058,-0.1089227945,-0.1755625159,-0.2008673996,0.0203821696,0.0244725700
6.9726490974,-0.0179726519,-0.1185045391,-0.1049696952,-0.5171980262,-0.0678655356,0.0856051594
6.9825191498,-0.0127919950,-0.1145963222,-0.0313933082,-0.7655990720,-0.2178393155,0.0751213655
6.9927110672,-0.0039014851,-0.1792792380,0.0922051519,-0.8406439424,-0.2187996805,0.1266191751
7.0028619766,0.0103146993,-0.1572675258,0.1348484010,-0.6936203837,-0.1683396995,0.1963018477
7.0130600929,0.0177956782,-0.0531349480,0.1172079891,-0.4849224091,-0.0865220428,0.1339053214
7.0226812363,0.0141224824,0.0330026746,0.1165631860,-0.3201252222,0.0060542305,0.0833036602
7.0329341888,0.0380504690,0.0575709790,0.1051835865,-0.2477001548,0.0629836395,0.0861750767
7.0430488586,0.0270301066,0.0218164604,0.0822409242,-0.2459480613,0.0573521182,0.0870784223
7.0530261993,0.0167541467,-0.0034249735,0.0742893666,-0.2052592337,0.0622286350,0.1401693374
7.0629148483,0.0185798965,0.0216151159,0.0293125343,-0.1462260038,0.0389408879,0.1522718072
7.0731229782,0.0061041079,0.0400457084,-0.0504393764,-0.2025316060,0.0198202971,0.1156490818
7.0832090378,-0.0056566037,0.0237309318,-0.0720476657,-0.4214810133,0.0173305087,0.1309494674
7.0932159424,-0.0092569627,-0.0044650896,-0.0121473251,-0.7886434197,0.0169399008,0.2109614909
7.1031022072,0.0068264566,-0.0681794733,-0.0065890728,-1.0965602398,-0.0004263055,0.2664260864
7.1133079529,0.0146432482,-0.1241688579,0.0258275103,-1.2901456356,0.0159609765,0.3013571501
7.1233649254,0.0252803527,-0.1546393633,0.0229356121,-1.2933726311,0.0094029428,0.3167100251
7.1334629059,0.0367818438,-0.1559058428,0.0197247099,-1.1518419981,-0.0040596826,0.3193076551
7.1432499886,0.0564832054,-0.1113393009,0.0282521080,-0.8838931322,0.0190006290,0.3053907752
7.1535120010,0.0596902333,-0.0349468589,0.0593210272,-0.6144865751,0.0051213787,0.2823927999
7.1635451317,0.0529118739,0.0141977211,0.0990782827,-0.3128534555,0.0191341341,0.2791613042
7.1736698151,0.0432658754,0.0279476773,0.0948598832,-0.2407627553,-0.0620751269,0.2799996734
7.1837620735,0.0422167741,0.0227573495,0.0469506793,-0.5128943920,0.0043984368,0.2078461200
7.1936960220,-0.0036004221,-0.0666078180,0.0470994525,-0.9423712492,0.0476446599,0.2189296633
7.2037138939,-0.0322433747,-0.1495110244,0.0962195843,-1.3959991932,0.0430826619,0.3624913692
7.2138381004,-0.0444563664,-0.1550977528,0.1299417466,-1.7734664679,0.0433280990,0.5383939147
7.2237100601,-0.0398548879,-0.1127950400,0.0449337773,-1.9875543118,0.0528110825,0.6416244507
7.2338848114,-0.0254073776,-0.0789496303,-0.0536804385,-2.0125339031,0.0467017628,0.6650301814
7.2439389229,0.0166604482,-0.0585796237,-0.0900203139,-1.9153236151,0.0403858125,0.7026705146
7.2539710999,0.0321255885,-0.0476123095,-0.0858676583,-1.6527141333,0.0525909178,0.6926301122
7.2638401985,0.0142174326,-0.0423026681,-0.1011166126,-1.2062495947,-0.0010826946,0.6334459186
7.2741508484,0.0045379363,-0.0381338000,-0.0331578441,-0.5368122458,-0.0110119451,0.5727431178
7.2841463089,-0.0029718911,0.0128424158,0.0093440833,0.1606078446,-0.0726859570,0.5076762438
7.2941789627,0.0005830491,0.0763490200,-0.0145968376,0.8072898388,-0.0448261797,0.3997910619
7.3039889336,0.0024623836,0.1166366935,-0.0209506918,1.0727905035,-0.0107835252,0.2794292271
7.3142681122,0.0097705089,0.1021551490,-0.0176512171,0.9676311016,0.0174376462,0.2218351662
7.3243150711,-0.0054236688,0.0078669181,-0.0057937084,0.4417311251,0.0355234407,0.2229025662
7.3344087601,-0.0354767479,-0.0823614895,0.0269985627,-0.2779335678,0.0950108394,0.2831142545
7.3442158699,-0.0649423599,-0.1454756856,0.0549972467,-1.1080472469,0.0890546814,0.4126437306
7.3544778824,-0.0511519946,-0.1696256995,0.0490218215,-1.7815490961,0.0124842990,0.5299993753
7.3645110130,-0.0176985897,-0.1944743693,0.0210996103,-2.2272503376,-0.0122431517,0.6407746673
7.3745570183,0.0187231861,-0.1510766149,-0.0151077686,-2.2907674313,-0.0343693048,0.7641208172
7.3843779564,0.0328843556,-0.0590121746,-0.0607333966,-2.0312590599,-0.0931745619,0.7179788947
7.3946728706,0.0171955191,0.0354340076,-0.0568750091,-1.5302195549,-0.1098903194,0.6083133817
7.4047589302,0.0236770473,0.1090488136,-0.0176208783,-0.9505287409,-0.1119486764,0.5811976194
7.4147453308,0.0160502158,0.1365124285,-0.0174971987,-0.4502512515,-0.0770298988,0.5450238585
7.4246129990,-0.0191592015,0.0982399583,-0.0268960763,0.0007987390,0.0036865207,0.4912179112
7.4350719452,-0.0421972908,0.0392443538,0.0118524851,0.3376577199,-0.0054006642,0.4314043820
7.4449357986,-0.0583737530,0.0051760660,-0.0007494267,0.5689785480,0.0211537145,0.3941528797
7.4549899101,-0.0630899072,0.0097932508,-0.0583940931,0.6193706393,0.0668393373,0.3774122596
7.4648017883,-0.0457444228,0.0198347550,-0.0735528022,0.5229855180,0.1112281084,0.3633347750
7.4750370979,-0.0377507843,-0.0015406024,-0.0452187844,0.3193954825,0.1563253701,0.3506256342
7.4850549698,-0.0367692746,-0.0468480587,-0.0028134163,0.0401193798,0.1926508844,0.3609837294
7.4951319695,-0.0365863480,-0.0839357376,0.0152378501,-0.2024904639,0.2470375448,0.3866589963
7.5050821304,-0.0385988988,-0.1074638963,0.0237093996,-0.3580808342,0.2733756602,0.4154477715
7.5152621269,-0.0320872106,-0.0967326164,0.0400308184,-0.4288920462,0.2621635199,0.4116157591
7.5253181458,-0.0119081773,-0.0656841397,0.0695986599,-0.4575268924,0.2657316327,0.3883948624
7.5352993011,0.0046316348,-0.0183864851,0.0852167457,-0.4266386032,0.2941359282,0.3765579164
7.5452537537,0.0043210350,0.0009686637,0.0887161344,-0.2795058787,0.3354426324,0.3876174688
7.5554170609,-0.0117940344,0.0105911484,0.0708395690,-0.1045140997,0.3270997405,0.3714204133
7.5654392242,-0.0261611976,0.0349943638,0.0575456433,-0.0200000163,0.3588683307,0.3504371047
7.5755071640,-0.0164076723,0.0688582957,0.0335175805,0.0072983168,0.3698388636,0.3450657725
7.5854201317,-0.0020676290,0.0751733482,0.0281326603,-0.0329513662,0.3746858239,0.3776473999
7.5956001282,0.0111235343,0.0653281808,-0.0018463309,-0.1269787997,0.3561027944,0.4370982051
7.6056189537,0.0152575336,0.0417300761,-0.0481026359,-0.2518251240,0.3288988769,0.4520151019
7.6157011986,0.0175323449,-0.0028564048,-0.0524704047,-0.3700493574,0.3077808022,0.4768877029
7.6257019043,0.0193027817,-0.0317363441,-0.0274970699,-0.5897694826,0.2598183155,0.5156154037
7.6358270645,0.0186145268,-0.0731389523,0.0373766236,-0.7620901465,0.2016083896,0.5676197410
7.6457338333,0.0156825744,-0.1412933469,0.1209137291,-0.7270283103,0.1626309007,0.6066960096
7.6561651230,-0.0012082494,-0.1560036838,0.1170823425,-0.6003040075,0.1439232826,0.5792087317
7.6657299995,-0.0042813458,-0.1043082178,0.0782093853,-0.5046789646,0.1519215554,0.4899361432
7.6757593155,0.0221993886,-0.0446481407,0.0501364879,-0.4462678432,0.1678486019,0.4227653444
7.6858391762,0.0500693880,-0.0214043278,0.0284812283,-0.4473980963,0.1657886356,0.3921139538
7.6960659027,0.0403940044,-0.0325458050,0.0053645791,-0.4811342061,0.1510589570,0.3708925545
7.7061557770,0.0022391046,-0.0429543853,-0.0484160371,-0.5212616920,0.1548068225,0.3401564956
7.7162051201,-0.0137103237,-0.0103512416,-0.1116640717,-0.5956966281,0.1331163049,0.3341393471
7.7261819839,-0.0020283496,0.0322607756,-0.1491662413,-0.6201383471,0.0760548860,0.3243753910
7.7362570763,0.0099710189,0.0348721147,-0.1270723492,-0.6323505044,0.0253131464,0.3241876364
7.7460517883,0.0034738744,0.0190847497,-0.0779853016,-0.6887109876,0.0073266891,0.3278156817
7.7563519478,-0.0224096812,-0.0044215336,-0.0361368246,-0.7675320506,0.0122827254,0.3198443055
7.7663669586,-0.0239907540,-0.0336019397,0.0155383768,-0.7976582646,0.0256206356,0.3229103982
7.7764883041,-0.0028112566,-0.0447834730,0.0730985254,-0.8087803721,0.0242208764,0.3472980261
7.7864007950,0.0107656680,-0.0362627506,0.0663497895,-0.7628493905,0.0259519331,0.3495611846
7.7964940071,0.0150114857,-0.0093537578,0.0241090488,-0.6900277734,0.0453621410,0.3250555694
7.8065581322,0.0073714219,0.0023823965,-0.0233051348,-0.6364910603,0.0470191613,0.3003174663
7.8165750504,-0.0057734884,0.0044115768,-0.0446434207,-0.6416084766,0.0489556789,0.3127341866
7.8264679909,-0.0219427980,0.0022693861,-0.0761116296,-0.6312775612,0.0452866443,0.3305640519
7.8366842270,-0.0207064189,0.0017201889,-0.1170805246,-0.5355687737,0.0163951255,0.3508815765
7.8468132019,-0.0114096440,0.0211216193,-0.1228569895,-0.4522441030,-0.0101339538,0.3308207691
7.8567919731,-0.0104379691,0.0324779153,-0.1062735468,-0.3574789762,-0.0248046145,0.3064976037
7.8666791916,-0.0076594986,0.0260871034,-0.0885969549,-0.2606978416,-0.0201161206,0.2925676703
7.8768777847,-0.0029152667,0.0285664778,-0.0594589897,-0.2138814628,-0.0274332352,0.2917657793
7.8870000839,0.0028808678,0.0303845983,-0.0393960662,-0.2158490121,-0.0133807994,0.2855012417
7.8969779015,0.0027711357,0.0160719734,-0.0059279380,-0.2833288610,0.0020013792,0.2847616673
7.9068598747,-0.0059889592,-0.0150605449,0.0110782208,-0.3757224381,0.0244371798,0.2987419367
7.9170732498,-0.0110337771,-0.0460162163,-0.0005142863,-0.4815270305,0.0609923936,0.3344022036
7.9271202087,-0.0078786351,-0.0642521381,-0.0205789972,-0.5700800419,0.0689975917,0.3543037474
7.9372339249,-0.0030154025,-0.0798450112,-0.0228052307,-0.5883587003,-0.0102300681,0.3509516120
7.9470758438,0.0174747072,-0.0736889839,0.0216066074,-0.4969504476,-0.0795673281,0.3547524810
7.9572911263,0.0377044342,-0.0348846316,0.0766377300,-0.3478034735,-0.0970253944,0.3950495720
7.9673171043,0.0350213610,-0.0122084031,0.0464172177,-0.1673907936,-0.0541993603,0.3994328678
7.9773650169,0.0033352936,-0.0135477195,0.0246647429,-0.0326648131,0.0043324707,0.3610356748
7.9871482849,0.0039436780,-0.0112585435,0.0256544184,-0.0041769780,0.0284793526,0.3546329141
7.9974589348,0.0217281245,-0.0097038755,0.0461293273,-0.1328998059,0.0413099825,0.3769613802
8.0075578690,0.0199984871,-0.0415874124,0.0302032065,-0.3058750331,0.0518686175,0.4112288058
8.0177478790,0.0060929023,-0.0863818526,-0.0019175585,-0.5307194591,0.0465735346,0.4458576143
8.0273599625,-0.0096376278,-0.1168838739,-0.0191687513,-0.7566844225,0.0929985493,0.4863874614
8.0376377106,-0.0182682909,-0.1483465433,-0.0358947106,-0.9229087234,0.0978364795,0.5376317501
8.0477457047,-0.0053914227,-0.1712178588,-0.0255733896,-1.0285099745,0.0955112725,0.5972910523
8.0577754974,0.0064706765,-0.1765100360,0.0359387212,-1.0920773745,0.0755892023,0.6205071807
8.0676860809,0.0149151646,-0.1571634412,0.0579615049,-1.0710210800,0.0599711016,0.6304975152
8.0778312683,0.0401474796,-0.1050488949,0.0603616051,-0.9591928124,0.0495737977,0.6351407170
8.0879135132,0.0613207780,-0.0283710975,0.0529845767,-0.7732634544,0.0309234150,0.6044057012
8.0979251862,0.0682919025,0.0407168269,0.0746356696,-0.5395017862,0.0544171296,0.5352117419
8.1077909470,0.0575424396,0.0669524074,0.0592020564,-0.2417209595,0.0764824823,0.5154784918
8.1180124283,0.0373308621,0.0732848644,0.0066637816,0.0016735874,0.0928467512,0.5012559295
8.1281299591,0.0172067843,0.0668484569,-0.0129435239,0.0880404338,0.1170362458,0.4824446440
8.1381072998,0.0153968893,0.0295543652,0.0014461104,0.0406421572,0.1408313513,0.4968875051
8.1479396820,0.0220085047,-0.0275793690,-0.0023467715,-0.0130634140,0.1571615934,0.5556808114
8.1582002640,0.0212520026,-0.0627311468,-0.0302256513,-0.0795584172,0.1467555165,0.5866330862
8.1683139801,0.0134676956,-0.0674312711,-0.0489353724,-0.1620144248,0.1172090843,0.5903229117
8.1783027649,0.0138921402,-0.0551714897,-0.0318416543,-0.2663075030,0.0525366217,0.5714826584
8.1881446838,0.0234222375,-0.0550702214,0.0254580211,-0.3506543636,0.0259934235,0.5720230341
8.1984558105,0.0110565983,-0.0511203408,0.0575994067,-0.4273743033,0.0209329650,0.5656514168
8.2084255219,-0.0073034205,-0.0384393334,0.0356274657,-0.4300646484,0.0494042896,0.5656369925
8.2185039520,0.0006777013,-0.0147985825,0.0285500120,-0.4665209055,0.0583675839,0.5476468205
8.2282619476,0.0039092861,0.0029991257,0.0356391482,-0.4938574433,0.0762794688,0.5358732343
8.2386341095,0.0005750025,0.0045432434,0.0088172974,-0.4991881847,0.0845165998,0.5595905781
8.2486152649,-0.0040953197,0.0158435088,-0.0333092399,-0.4536108375,0.0898756832,0.5809267759
8.2587308884,-0.0024679338,0.0144021502,-0.0682852417,-0.3864756227,0.0604115576,0.5846727490
8.2687540054,0.0033355916,0.0226733070,-0.0638596565,-0.3525948822,-0.0023522233,0.5853292346
8.2788238525,0.0108071528,0.0473769307,-0.0480476804,-0.3179992139,-0.0563057102,0.5879876018
8.2888145447,0.0020328725,0.0583514571,-0.0159252454,-0.2908099592,-0.0559448525,0.5913668871
8.2989282608,-0.0227879919,0.0428763032,0.0099844756,-0.2497509420,-0.0415211692,0.6044893265
8.3086490631,-0.0449001528,0.0143329492,0.0240466427,-0.2626059949,-0.0125465114,0.6129179597
8.3189439774,-0.0553963222,-0.0129177580,0.0384699516,-0.3084362149,0.0095468871,0.6030078530
8.3290596008,-0.0539302863,-0.0413289070,0.0507370643,-0.3785409927,0.0152689544,0.5959552526
8.3390493393,-0.0461173691,-0.0544211864,0.0270758104,-0.4418901503,0.0330616385,0.5914289355
8.3488759995,-0.0271064676,-0.0354362130,-0.0243625212,-0.4805510044,0.0440461114,0.5589868426
8.3591346741,-0.0104904808,-0.0107639441,-0.0583483763,-0.5014370680,0.0457317904,0.5122686028
8.3692378998,-0.0039986707,0.0077942000,-0.0757653266,-0.4944574833,0.0282441415,0.4725137353
8.3792247772,-0.0128882565,0.0199105125,-0.0750275403,-0.4576081038,0.0052295299,0.4504049718
8.3890390396,-0.0330336131,0.0261592846,-0.0849889070,-0.3615702689,0.0006145379,0.4608429670
8.3993186951,-0.0383785404,0.0282353144,-0.0755857378,-0.3457314968,0.0108660301,0.4506978989
8.4094181061,-0.0340809263,0.0143426647,-0.0489304252,-0.3311280608,0.0269493926,0.4370310903
8.4195804596,-0.0353794731,-0.0073604002,-0.0153883873,-0.3117487729,0.0598840117,0.4360502660
8.4292316437,-0.0437234081,0.0071086870,0.0053531355,-0.2293324620,0.0815096796,0.4192025661
8.4397754669,-0.0411425270,0.0290602427,0.0017784063,-0.1006309465,0.0747010931,0.4018595219
8.4495363235,-0.0147322156,0.0672402978,-0.0098897992,0.0679279789,0.0826096162,0.3772465885
8.4596700668,0.0202090703,0.1001626849,-0.0279098917,0.2602100670,0.0851704106,0.3464924097
8.4694318771,0.0303343497,0.1143504381,-0.0329816528,0.4317360222,0.0768014267,0.3168684840
8.4796905518,0.0183598958,0.1023519039,-0.0288492013,0.5196728110,0.0811288506,0.3088851273
8.4897556305,0.0070623718,0.0791628957,-0.0105757890,0.4898126423,0.0845896304,0.3236123919
8.4998035431,-0.0032687818,0.0408552289,0.0162907671,0.3432259858,0.1170447469,0.3659734428
8.5096549988,-0.0151048936,0.0011346329,0.0316057019,0.1363721490,0.1482673734,0.4101281166
8.5198955536,-0.0213589109,-0.0347604752,0.0374058895,-0.0915638208,0.1829738617,0.4203599691
8.5300168991,-0.0274482109,-0.0621841550,0.0331154279,-0.2624053359,0.2224664092,0.4251661897
8.5399341583,-0.0273356773,-0.0646363497,0.0231891107,-0.3311684132,0.2291282415,0.4348768592
8.5498571396,-0.0282697119,-0.0454505086,0.0004628722,-0.2933043838,0.2284970731,0.4300730526
8.5601186752,-0.0175678618,-0.0207306165,-0.0309429336,-0.1901712120,0.2223610729,0.4292429686
8.5701150894,-0.0110237934,-0.0095911631,-0.0438078828,-0.0413481817,0.2189287990,0.4131025970
8.5802431107,-0.0113551356,0.0029585946,-0.0350413509,0.0901206285,0.2154804170,0.4004203677
8.5900678635,-0.0092124529,0.0257159453,-0.0148399649,0.1511192769,0.1996838748,0.3969822228
8.6002969742,-0.0031165367,0.0392090082,0.0147464098,0.1370391399,0.2037588954,0.4002520442
8.6103181839,0.0000268036,0.0341131091,0.0362903886,0.0517146513,0.2245651037,0.4218713343
8.6204290390,-0.0006403661,0.0067965970,0.0502412133,-0.0428158492,0.2556973994,0.4398894608
8.6301412582,-0.0064395405,-0.0366239548,0.0468156151,-0.1350395232,0.2459321320,0.4502326548
8.6405086517,-0.0150485076,-0.0768897533,0.0590595417,-0.2344163060,0.2646737099,0.4507996440
8.6505031586,-0.0233341791,-0.1002184749,0.0443799309,-0.3680603802,0.3038091660,0.4484848380
8.6606178284,-0.0165104903,-0.1163782477,-0.0026971872,-0.4129281342,0.3212668300,0.4706321955
8.6703853607,-0.0100130774,-0.1250976324,-0.0402818508,-0.3987430632,0.3011061549,0.4555698931
8.6806449890,-0.0136537291,-0.1004526019,-0.0472756214,-0.3584635556,0.2443027049,0.4315481782
8.6909303665,-0.0135180391,-0.0579187870,-0.0305707622,-0.3791893423,0.1970369220,0.4472283423
8.7007532120,0.0028471018,-0.0071427240,-0.0071997819,-0.3844496310,0.2005354464,0.4980092347
8.7105493546,0.0186817311,0.0213698130,-0.0012777026,-0.3492860496,0.2089355886,0.5202916265
8.7208003998,0.0110793076,0.0398964882,0.0019753401,-0.2939245105,0.2120100111,0.5160856843
8.7308912277,0.0037956948,0.0465568900,0.0034282629,-0.2435763925,0.2213720828,0.5092706680
8.7410011292,0.0048883520,0.0322101116,0.0025571410,-0.1801618636,0.2400545627,0.5050703287
8.7507638931,0.0048574321,0.0078768125,-0.0026349004,-0.1005746201,0.2494070530,0.5062717199
8.7610836029,0.0019571150,-0.0102442512,-0.0162378717,-0.0123235881,0.2459626794,0.5072416067
8.7712697983,-0.0079118051,-0.0288029928,-0.0422041602,0.0446837731,0.2429200113,0.5067135096
8.7811794281,-0.0098626800,-0.0319012403,-0.0482669063,0.0136763211,0.2558936477,0.5328042507
8.7909431458,-0.0061641671,-0.0316166282,-0.0446583815,-0.0682843253,0.2631318569,0.5704461336
8.8014287949,-0.0059674419,-0.0388058424,-0.0355066843,-0.1409027427,0.2712509930,0.6055396795
8.8113508224,-0.0080009885,-0.0441948771,-0.0060168086,-0.1808251292,0.2581032515,0.6207708120
8.8213043213,-0.0061841644,-0.0295617003,0.0036333625,-0.1710007191,0.2484364659,0.6229661107
8.8312301636,-0.0054132156,0.0018149007,-0.0038048204,-0.1148104146,0.2403428555,0.6143137217
8.8413963318,0.0003970453,0.0316857696,-0.0140795289,-0.0555645376,0.2410635203,0.6090332270
8.8514719009,0.0140132494,0.0543062687,-0.0020150717,-0.0424660444,0.2380152643,0.6051008105
8.8614864349,0.0218525268,0.0622192621,0.0091176452,-0.0616639778,0.2287111878,0.6068105698
8.8715066910,0.0187758245,0.0510933995,0.0072873654,-0.0818235725,0.2320207059,0.6041383147
8.8815832138,0.0098724477,0.0245052557,0.0142835202,-0.1039306000,0.2352403998,0.5996730328
8.8916959763,-0.0011459029,0.0084345331,0.0278172325,-0.1560454816,0.2154730856,0.6038917303
8.9016599655,-0.0023000350,-0.0073228492,0.0408075266,-0.2160334438,0.2361349463,0.6052992344
8.9115390778,-0.0072257258,-0.0223329682,0.0422935896,-0.3001925051,0.2525472045,0.5907253027
8.9217691422,-0.0116983689,-0.0418954492,0.0279077124,-0.3441787660,0.2555481791,0.5882784128
8.9317770004,-0.0021471714,-0.0414795280,0.0120374979,-0.3390077055,0.2579567432,0.5699555874
8.9418630600,-0.0032696535,-0.0219424386,-0.0111116348,-0.2788187861,0.2330904156,0.5523859262
8.9518833160,-0.0088284947,-0.0015427482,-0.0568315573,-0.1739240736,0.2036441118,0.5422653556
8.9619741440,-0.0158636160,0.0317267179,-0.0859155208,-0.1039278135,0.1790329516,0.5154108405
8.9720687866,-0.0182743147,0.0678200126,-0.0833427459,-0.0869176686,0.1626931280,0.5232727528
8.9820547104,-0.0074629374,0.0854706764,-0.0732863694,-0.1304082870,0.1601787060,0.5710093975
8.9919242859,-0.0096692890,0.0806968808,-0.0507940836,-0.2636270523,0.1725581437,0.6159489155
9.0021467209,-0.0162825547,0.0510976315,-0.0296947528,-0.4129889905,0.1877678186,0.6457744837
9.0122232437,-0.0241786055,0.0132824173,-0.0070876656,-0.4952276647,0.1734658480,0.6451014876
9.0222377777,-0.0254548099,-0.0041955127,-0.0104390560,-0.4886399209,0.1928379089,0.6399288177
9.0322160721,-0.0229925755,0.0111267557,-0.0381781645,-0.4232151210,0.2160556167,0.6204030514
9.0423326492,-0.0233307295,0.0286591034,-0.0835310966,-0.3250575364,0.2368205190,0.5955514908
9.0524501801,-0.0288030617,0.0330707431,-0.1103177816,-0.2209641486,0.2318289578,0.5627890229
9.0624256134,-0.0345296748,0.0468568802,-0.1023617536,-0.1696339846,0.2129511088,0.5421847105
9.0723457336,-0.0324965306,0.0683860183,-0.0740137845,-0.2178904563,0.1802355051,0.5430099964
9.0825099945,-0.0220554881,0.0538216233,-0.0449791737,-0.2904702723,0.1493241191,0.5605719686
9.0926513672,-0.0082097836,0.0203757267,-0.0273208190,-0.4007200599,0.1458644122,0.5929195285
9.1026163101,-0.0099894293,0.0069939480,-0.0247510839,-0.5109826922,0.1738745272,0.6127195954
9.1125068665,-0.0133518018,0.0132895699,-0.0394743271,-0.5729328394,0.2152587175,0.6259008646
9.1227111816,-0.0158483796,0.0177099090,-0.0594650693,-0.5558683872,0.2290114462,0.5950777531
9.1327896118,-0.0300825424,0.0138879409,-0.0652883202,-0.4522125423,0.2125235498,0.5429484844
9.1428136826,-0.0350809209,0.0207487922,-0.0750237852,-0.2868004143,0.1559358537,0.4904413223
9.1526536942,-0.0201464109,0.0397987366,-0.0634972006,-0.1668180972,0.1110538542,0.4661855400
9.1628999710,-0.0099786781,0.0464007854,-0.0331496187,-0.1520966738,0.0884737074,0.4673399925
9.1729946136,-0.0114072450,0.0231419783,-0.0060841618,-0.2272369564,0.0733280480,0.4966843128
9.1829910278,-0.0140504725,-0.0147751579,0.0229034256,-0.3942726851,0.0698668137,0.5168420672
9.1931543350,-0.0156385712,-0.0479032397,0.0523910932,-0.5887905359,0.0660398528,0.5360189080
9.2030849457,-0.0132748373,-0.0690782666,0.0792678446,-0.7792441845,0.0583796203,0.5384972692
9.2131977081,-0.0090715028,-0.0686504245,0.0930078477,-0.9321660995,0.0476942174,0.5523896813
9.2232093811,0.0039409064,-0.0451926589,0.0928920954,-1.0384564400,0.0200202204,0.5524040461
9.2329921722,0.0170468651,-0.0381394625,0.0891271681,-1.1174261570,0.0347509608,0.5533254743
9.2432746887,0.0165647827,-0.0248630662,0.0516695790,-1.1389156580,0.0700586215,0.5716341734
9.2533226013,0.0058206879,0.0094389310,-0.0062512336,-1.0737880468,0.0994101167,0.5672003031
9.2633666992,0.0023682232,0.0487796068,-0.0698851496,-0.9439118505,0.1219314039,0.5693966150
9.2736301422,-0.0021849459,0.0814298391,-0.0836244971,-0.7672795653,0.1388518065,0.5281077623
9.2835683823,-0.0191879608,0.0940834284,-0.0672218949,-0.5422441959,0.1346878558,0.4757018089
9.2935380936,-0.0188383646,0.1039517522,-0.0586140938,-0.2666773200,0.1311586350,0.4396122396
9.3035726547,-0.0156631209,0.1230995655,-0.0652391464,0.0183693431,0.1311476827,0.4137585461
9.3133916855,-0.0191410519,0.1266984344,-0.0577698536,0.2429249436,0.1421366781,0.3668360412
9.3237009048,-0.0216190256,0.1013668180,-0.0490154214,0.3877050579,0.1721389890,0.3329347968
9.3337640762,-0.0154737122,0.0644795299,-0.0341484137,0.4385266900,0.1948235333,0.3146423399
9.3437747955,-0.0135671832,0.0326038599,-0.0087572513,0.4011619985,0.2292954922,0.3022192419
9.3539133072,-0.0108708180,0.0048798905,0.0118369879,0.3176586032,0.2350780219,0.3146620393
9.3638486862,-0.0112085082,-0.0240520258,0.0187850427,0.2350610346,0.2333198190,0.3177113533
9.3739004135,-0.0163363554,-0.0473616123,0.0337626748,0.1294810772,0.2311538756,0.3222946823
9.3839454651,-0.0125746913,-0.0503784418,0.0362414531,0.0618960485,0.2272262126,0.3355129957
9.3937959671,-0.0025292819,-0.0253723878,0.0249565076,0.0367323719,0.2263585627,0.3334290683
9.4040565491,0.0017221534,0.0096347323,0.0179323982,0.0525189228,0.2212709337,0.3215588331
9.4140844345,-0.0003552472,0.0356865525,0.0085506858,0.1087590307,0.2093261182,0.3060512543
9.4241304398,0.0018135869,0.0392466187,0.0083755078,0.1706351787,0.2042319179,0.2953376174
9.4339427948,0.0020176733,0.0352042913,0.0109073939,0.1987789273,0.2128653526,0.3005161285
9.4442262650,-0.0011795199,0.0335963964,0.0083454670,0.1897205859,0.2298974097,0.3011710048
9.4542779922,-0.0083539076,0.0281636696,0.0062935771,0.1438819915,0.2520016432,0.3003965616
9.4643325806,-0.0065029748,0.0063958750,0.0010637466,0.0938927308,0.2701758742,0.3070656359
9.4741535187,-0.0008426940,-0.0032253277,-0.0148954568,0.0663449913,0.2946034670,0.3167904615
9.4844646454,-0.0037583446,0.0042154775,-0.0274313260,0.0766401067,0.3004906774,0.3144841492
9.4945011139,-0.0099886097,0.0081531396,-0.0421104021,0.1100675687,0.2781121433,0.3034919500
9.5045642853,-0.0083409585,-0.0020550501,-0.0466993041,0.1280815899,0.2490069568,0.3044381738
9.5143165588,-0.0084504522,-0.0104934582,-0.0414512940,0.1209600344,0.2365657240,0.3161060214
9.5246372223,-0.0154574849,-0.0182016511,-0.0200867821,0.0921891034,0.2259342819,0.3271389604
9.5346965790,-0.0191442110,-0.0302225966,-0.0015229757,0.0526225232,0.2386122644,0.3350022137
9.5446987152,-0.0216110088,-0.0354266763,0.0020994965,0.0353694968,0.2571764588,0.3286335170
9.5544795990,-0.0224321224,-0.0383555889,-0.0041915355,0.0566449612,0.2415724695,0.2953565419
9.5647630692,-0.0123191811,-0.0069912686,-0.0152943311,0.1448448598,0.2185007632,0.2671877444
9.5748863220,0.0072871111,0.0586562753,-0.0436279364,0.2455741316,0.1901887059,0.2481195033
9.5849304199,0.0036841596,0.0955941677,-0.0449399538,0.3194656670,0.1749474257,0.2157613039
9.5946531296,-0.0085793771,0.0787746906,-0.0533624478,0.3600192368,0.1702613384,0.2051166445
9.6052217484,-0.0064138807,0.0511578321,-0.0387776084,0.3092742860,0.1600045413,0.1931111217
9.6150064468,-0.0116669275,0.0320669413,0.0066998424,0.1680670977,0.1634716988,0.1711472273
9.6250820160,-0.0103130974,0.0084168306,0.0377245359,0.0402918197,0.1591918468,0.1702010036
9.6350345612,0.0032495821,0.0019333947,0.0339233689,-0.0325472318,0.1474177390,0.1644863933
9.6452112198,0.0078926347,0.0154606095,0.0062542381,-0.0274787061,0.1395319700,0.1402747929
9.6553068161,0.0071760677,0.0434893966,-0.0254408885,0.0145712765,0.1311736405,0.1032312959
9.6653041840,0.0069735907,0.0595086217,-0.0389368720,0.0435197055,0.1151419654,0.0710640401
9.6751098633,0.0074443184,0.0498979688,-0.0426574536,0.0421151519,0.1037569568,0.0646500811
9.6853990555,0.0116704963,0.0201877933,-0.0392540284,0.0403398871,0.0880848914,0.0576872490
9.6954469681,0.0121335946,-0.0078401575,-0.0427659340,0.0261625517,0.0763166472,0.0485334322
9.7054996490,0.0166210495,-0.0238062758,-0.0417200513,0.0214407668,0.0055737169,0.0417080149
9.7152986526,0.0339671336,-0.0457910895,-0.0169770289,0.0136670005,-0.0321512930,0.0289341640
9.7255239487,0.0351860486,-0.0401402116,0.0185023975,-0.0116510065,-0.0368557386,0.0409823060
9.7355995178,0.0224654935,-0.0203167815,0.0093123736,-0.0141943255,-0.0307027716,0.0641387552
9.7456607819,0.0095728897,-0.0002798450,-0.0186116863,-0.0089737307,-0.0128195919,0.0737881809
9.7555370331,0.0048130415,0.0212321859,-0.0252784062,0.0045748353,0.0218254719,0.0731998906
9.7657880783,0.0019233489,0.0260446649,-0.0153443394,0.0291430280,0.0353967771,0.0605490804
9.7758302689,-0.0063773133,0.0199633222,0.0038220708,0.0353306197,0.0550181530,0.0549577735
9.7858877182,-0.0161294676,0.0060118423,0.0165076684,0.0356267616,0.0420020595,0.0457637459
9.7956190109,-0.0118319131,-0.0089822421,0.0077113928,0.0602311753,0.0195058044,0.0482394174
9.8059720993,-0.0062511601,-0.0137605676,-0.0016403373,0.0854931250,0.0100483336,0.0464457795
9.8160190582,-0.0106991269,-0.0033346426,-0.0065207658,0.1097886115,0.0099319536,0.0507760793
9.8260650635,-0.0166043974,0.0016372788,-0.0263375808,0.1209604293,0.0100681204,0.0625834689
9.8358087540,-0.0193962790,-0.0029871475,-0.0247234274,0.0750834867,0.0086164316,0.0671366751
9.8461570740,-0.0199775733,-0.0118144760,-0.0091768084,-0.0090023596,0.0070866589,0.0760103241
9.8561382294,-0.0144610740,-0.0234504957,-0.0007621225,-0.0849447921,0.0125866188,0.0856488422
9.8662786484,-0.0135729946,-0.0193277616,-0.0018209990,-0.1331148595,0.0132641001,0.0794543251
9.8762168884,-0.0113905706,-0.0022463214,-0.0104958592,-0.1442636549,-0.0052206349,0.0653443635
9.8863086700,0.0014867448,0.0137488237,-0.0158217121,-0.1345890462,-0.0322432257,0.0452295132
9.8963108063,0.0141476654,0.0204679351,-0.0108296452,-0.1231976375,-0.0303672925,0.0466276743
9.9063730240,0.0123552047,0.0221136194,-0.0132764159,-0.0964352712,-0.0259566717,0.0366046019
9.9162406921,0.0064243637,0.0230677705,-0.0243763495,-0.0619952679,-0.0225227922,0.0172857642
9.9265012741,0.0078659616,0.0272545796,-0.0264159013,-0.0182268843,-0.0153518328,-0.0001624686
9.9365100861,0.0109327696,0.0297631007,-0.0217778850,0.0202560592,-0.0121608330,-0.0099418620
9.9465999603,0.0108697377,0.0158224087,-0.0100414930,0.0315013900,-0.0100211687,-0.0171893891
9.9565563202,0.0107043646,-0.0056353225,0.0036046330,0.0321328267,-0.0109074684,-0.0181361418
9.9666948318,0.0077608190,-0.0168281216,0.0034288589,0.0275025219,-0.0083932057,-0.0242116116
9.9766902924,0.0073159002,-0.0115957269,0.0015802209,0.0138149383,-0.0005374122,-0.0238800477
9.9868240356,0.0024814869,-0.0040232553,-0.0063736616,-0.0005775827,0.0112413224,-0.0217841398
9.9966068268,-0.0017790830,-0.0047789826,-0.0172925163,-0.0142736882,0.0236242227,-0.0140045146
10.0068731308,-0.0038048660,-0.0082886824,-0.0206856895,-0.0083110034,0.0305331834,-0.0084968312
10.0168991089,-0.0050519444,-0.0017128002,-0.0214423705,0.0123929437,0.0386409089,-0.0030618520
10.0270090103,-0.0072084107,-0.0027146947,-0.0138501702,0.0255305842,0.0470578298,0.0026927064
10.0369167328,-0.0062160231,-0.0091339955,-0.0087409196,0.0279833544,0.0495060757,0.0138303125
10.0470981598,-0.0086436905,-0.0219329614,-0.0062625585,0.0293206610,0.0582667850,0.0248960126
10.0570793152,-0.0065796115,-0.0238323826,-0.0069141565,0.0536861904,0.0194781069,0.0252065379
10.0671377182,0.0036960507,-0.0144558558,0.0065492811,0.0695458427,-0.0006394112,0.0212474819
10.0769968033,0.0004653001,0.0049824701,0.0314916782,0.0923259929,-0.0047492017,0.0082890727
10.0872392654,-0.0087065138,0.0198031645,0.0277570914,0.1227170527,0.0030067489,0.0033635567
10.0972671509,-0.0137131251,0.0348994732,0.0140352072,0.1289688200,0.0196469780,0.0023363754
10.1073799133,-0.0114561059,0.0346353054,-0.0006615694,0.1083559543,0.0290226378,0.0002503213
10.1173257828,-0.0062511601,0.0281956177,-0.0112251816,0.0815027729,0.0351825282,-0.0034482768
10.1274070740,-0.0029318368,0.0206331592,-0.0112613617,0.0458101556,0.0356288478,0.0029249340
10.1373748779,-0.0059058405,0.0108843436,-0.0124318181,0.0283957459,0.0320199989,0.0039214888
10.1475410461,-0.0070532598,-0.0050343885,-0.0173665453,0.0161673091,0.0258409847,0.0049236366
10.1573438644,-0.0072769560,-0.0152034173,-0.0187221337,0.0046866881,0.0212606154,0.0013512721
10.1676635742,-0.0023058986,-0.0221157689,-0.0147172390,-0.0115506053,0.0202529803,-0.0016434524
10.1776113510,0.0014888906,-0.0236784834,-0.0183702875,-0.0210253336,0.0238706190,0.0045609139
10.1879615784,0.0043604039,-0.0193126816,-0.0226019192,-0.0228972696,0.0122685572,0.0022005541
10.1975250244,0.0063775443,-0.0173067469,-0.0219706465,-0.0225542542,0.0009136375,0.0088443421
10.2078495026,0.0098227523,-0.0142875919,-0.0069655357,-0.0348223709,-0.0013496233,0.0098345056
10.2178287506,0.0062617622,0.0006439674,-0.0025927003,-0.0367781967,-0.0000465387,0.0112771401
10.2279090881,0.0018183851,0.0141384592,-0.0080455719,-0.0117608625,-0.0207178090,0.0026956359
10.2377414703,0.0031745101,0.0158417802,0.0035819237,0.0199840181,-0.0302652400,-0.0095924558
10.2477931976,0.0016078913,0.0158044081,0.0171727370,0.0118629746,-0.0323438346,-0.0140998559
10.2578544617,-0.0004602110,0.0044022189,0.0161552262,-0.0222388022,-0.0220507197,-0.0130039649
10.2681121826,-0.0003302431,0.0008695114,0.0014609520,-0.0490363315,-0.0042654919,0.0001238212
10.2781782150,-0.0028781330,0.0035746086,-0.0155608235,-0.0457004532,0.0062300256,0.0033529042
