0.0000000000,-0.0037123254,0.0016399805,0.0014963835,-0.0087726284,-0.0041843564,-0.0025839829
0.0097320080,-0.0017611375,0.0055024805,0.0024527400,-0.0034550950,-0.0009550073,-0.0047334200
0.0198640823,-0.0027101925,0.0044815126,0.0034165471,-0.0013131145,-0.0030487846,-0.0015341647
0.0297590494,-0.0026953807,0.0044595483,0.0034106462,-0.0002831360,0.0012389048,-0.0015649241
0.0398340225,0.0002377639,0.0044744494,0.0024657934,-0.0002679564,-0.0008937547,-0.0015534726
0.0498729944,0.0002538571,0.0015564446,0.0044325679,-0.0013334872,-0.0019526276,0.0005789204
0.0598540306,0.0012630532,0.0005734448,0.0034595220,-0.0034373840,-0.0062312619,0.0027355482
0.0741970539,-0.0016603163,0.0024720314,-0.0004794509,-0.0002897941,0.0012564817,0.0005600122
0.0799800158,-0.0026893904,0.0044417265,-0.0004985839,0.0060695675,0.0056070215,0.0037150593
0.0898300409,-0.0037689200,0.0045286301,0.0014508455,0.0113801770,0.0088544805,0.0036902917
0.0998120308,-0.0019280305,0.0056642476,0.0034493296,0.0166985095,0.0110353427,0.0036713830
0.1098120213,-0.0000776341,0.0087655671,-0.0004000575,0.0188492797,0.0078728385,0.0068775625
0.1199780703,0.0018430362,0.0060063186,-0.0032393248,0.0199419744,0.0067686923,0.0015712143
0.1299769878,-0.0001290729,0.0022381726,-0.0012260587,0.0146313645,0.0035212338,0.0015959814
0.1397590637,-0.0040722182,0.0013548021,-0.0011960776,0.0114044119,0.0066994498,0.0015792041
0.1497900486,-0.0051078191,0.0014237348,-0.0002133757,0.0092730839,0.0066738841,0.0005184668
0.1598850489,-0.0022956720,-0.0021757004,0.0004680246,0.0049517062,0.0130492253,-0.0005847476
0.1698030233,-0.0006329110,-0.0018562492,0.0043032258,0.0060121771,0.0130755911,0.0015391232
0.1797410250,0.0039157579,-0.0014809783,0.0048437803,0.0081797233,0.0098710088,0.0004988927
0.1897000074,0.0056217620,-0.0009202774,0.0045345514,0.0081869140,0.0077607199,0.0036997460
0.1999690533,0.0062108347,-0.0004694577,0.0026711314,0.0145991398,0.0077902814,0.0015712143
0.2097290754,0.0069949040,0.0012216155,0.0039694398,0.0178119764,0.0056957048,0.0037073358
0.2197610140,0.0044167647,-0.0021343050,0.0034113019,0.0178103801,0.0046541425,0.0069012651
0.2298539877,0.0017849812,-0.0017635043,0.0027468293,0.0177890733,0.0088928295,0.0026242281
0.2398240566,0.0029475400,-0.0023827073,0.0030039041,0.0114024151,0.0056586871,0.0047727334
0.2498199940,0.0039208541,-0.0042792079,0.0020809262,0.0103789624,0.0003067983,0.0048081535
0.2597550154,0.0433822572,0.0067537311,0.0021736710,0.0457827598,0.1409483403,-0.0789927393
0.2697330713,0.2024719119,0.0501929410,0.0178598855,0.0424498133,0.1757750213,-0.1280862391
0.2797360420,0.1280909777,0.0370333679,0.0015795915,0.0156420339,0.0298236776,-0.0474416018
0.2897770405,-0.0164809804,0.0037933472,-0.0025266320,0.0168836005,-0.0197734348,0.0261841491
0.2997159958,-0.0021409383,-0.0045577702,0.0093858931,0.0251572430,0.0238611251,-0.0038536447
0.3097200394,-0.0022136560,-0.0034190831,0.0006457060,0.0156566817,0.0067777471,0.0068876832
0.3197770119,0.0073920498,-0.0031224606,0.0066527217,0.0082188714,0.0055859829,-0.0005352132
0.3298380375,0.0043794522,-0.0039015231,0.0037927716,0.0061123115,0.0013126744,0.0016187513
0.3397660255,0.0005976865,0.0000491921,0.0001327484,0.0071686544,0.0023963146,0.0026745619
0.3497500420,-0.0081330827,0.0003592554,-0.0043596537,0.0146332290,0.0045643942,-0.0005318841
0.3597459793,-0.0133773079,0.0000665072,-0.0053118379,0.0199294575,0.0078491364,0.0036921557
0.3697019815,-0.0120684793,0.0000888292,-0.0047538788,0.0231263153,0.0089335758,0.0026204996
0.3796720505,-0.0106203249,-0.0016257282,-0.0054050595,0.0178167708,0.0056839869,0.0026463326
0.3896729946,-0.0071325889,-0.0042638597,-0.0059834034,0.0114211896,0.0045657256,0.0026580505
0.3997230530,-0.0080028167,-0.0060410318,-0.0038762600,0.0071552056,0.0045233811,0.0015990445
0.4097250700,-0.0087546101,-0.0058700559,-0.0046747834,0.0007508360,0.0044738464,0.0016038381
0.4197180271,-0.0094146123,-0.0048071560,-0.0035360963,0.0018145023,0.0044916896,0.0026651076
0.4297159910,-0.0091058901,-0.0028087017,-0.0023949058,0.0029151868,0.0012756564,0.0005604117
0.4397780895,-0.0058118096,-0.0017936345,-0.0022249133,-0.0024058092,0.0001470088,-0.0015530731
0.4496890306,-0.0064185252,-0.0027844426,-0.0011035115,-0.0013173753,-0.0019912433,-0.0026023583
0.4596999884,-0.0061005345,-0.0027712104,-0.0019338041,-0.0056026671,-0.0009374305,-0.0004814169
0.4696940184,-0.0068428507,-0.0026905951,-0.0027840645,-0.0066666007,-0.0009547410,-0.0015429531
0.4796470404,-0.0066726496,-0.0015639480,0.0003004759,-0.0055764345,-0.0041433438,-0.0004607774
0.4896590710,-0.0064122370,-0.0023900089,-0.0004946500,-0.0012980672,-0.0051790471,-0.0004570491
0.4997370243,-0.0071359864,-0.0003344234,-0.0032727630,0.0029576644,-0.0030181583,-0.0015361619
0.5096470118,-0.0059367409,0.0006951574,-0.0041296394,-0.0023774467,-0.0041100541,0.0005994271
0.5196390152,-0.0087031713,-0.0012473579,-0.0030938298,-0.0034459066,-0.0041161794,0.0005991603
0.5296120644,-0.0095528951,0.0017068569,-0.0059572966,0.0007762685,0.0012695311,0.0016236785
0.5396100283,-0.0094861379,0.0057316604,-0.0068610818,0.0082291253,0.0024205493,0.0037326356
0.5496129990,-0.0064668348,0.0049427929,-0.0047503621,0.0135695627,0.0024527735,0.0026663062
0.5595970154,-0.0053991666,0.0050967815,-0.0036470802,0.0135703608,0.0034980644,0.0005373750
0.5695860386,-0.0062557450,0.0013369803,-0.0025404007,0.0135615729,0.0045667910,0.0005304506
0.5796070099,-0.0051230481,-0.0034267423,0.0005328744,0.0082455035,0.0023814007,0.0005516228
0.5896120071,-0.0049994579,-0.0043492732,0.0006122678,0.0018499224,0.0012631394,0.0005633407
0.5995900631,-0.0038709035,-0.0023333845,0.0007059067,0.0018299483,0.0034053866,0.0005470957
0.6095820665,-0.0026807180,-0.0003639575,-0.0001748115,0.0029306328,0.0001893531,-0.0015576005
0.6195700169,-0.0034266403,0.0005442981,-0.0001181871,0.0008212766,-0.0030293437,-0.0004703652
0.6295650005,-0.0061253598,-0.0034236726,-0.0010359198,0.0029542027,-0.0019622149,-0.0026035570
0.6395469904,-0.0059883287,-0.0015257116,-0.0029779584,-0.0024048770,0.0001451446,-0.0015521413
0.6495460272,-0.0068219891,-0.0035223481,-0.0019665272,-0.0045170290,-0.0009763126,-0.0057929587
0.6595660448,-0.0038000634,-0.0035080430,-0.0009224326,-0.0077149542,-0.0020586213,-0.0047223680
0.6696649790,-0.0017477265,-0.0005486425,-0.0028212578,-0.0023550754,-0.0052144672,-0.0036432550
0.6796120405,-0.0026829233,0.0053444686,-0.0057332427,0.0103864186,0.0013345124,0.0005542864
0.6895570755,-0.0036878875,0.0123130865,-0.0076460750,0.0199719332,0.0035553223,0.0015955823
0.6995320320,-0.0066181114,0.0115769990,-0.0065547735,0.0369968563,0.0090584783,0.0058019119
0.7095170021,-0.0066426387,0.0110088475,-0.0082982685,0.0465418920,0.0166138653,0.0057462524
0.7195140123,-0.0096237650,0.0065669599,-0.0071121366,0.0496925451,0.0209548194,0.0099629685
0.7295269966,-0.0116473129,0.0011798028,-0.0068849237,0.0496608540,0.0252206698,0.0088729355
0.7395240068,-0.0118518760,-0.0003263172,-0.0067217262,0.0442403890,0.0337619595,0.0120057464
0.7495250702,-0.0082427254,0.0011138503,-0.0065823705,0.0484836027,0.0370011628,0.0119817778
0.7595350742,-0.0027176132,0.0055103782,-0.0015547187,0.0570428744,0.0338799395,0.0151872914
0.7695320845,-0.0010590246,0.0088709183,-0.0004657418,0.0644128993,0.0446612127,0.0193617959
0.7795380354,-0.0053212633,0.0161304958,-0.0101946499,0.0738056079,0.0672544092,0.0277062766
0.7895350456,-0.0107714524,0.0292711444,-0.0366086885,0.0820693970,0.0962756723,0.0391986184
0.7995370626,-0.0094914725,0.0366360433,-0.0766469762,0.0777397603,0.1026739180,0.0412845388
0.8095350266,0.0028895149,0.0206562765,-0.1115389988,0.0685768872,0.0564723313,0.0214051064
0.8195810318,0.0017764876,0.0142238326,-0.1143054888,0.0219336189,0.0259857960,-0.0017373638
0.8295280933,-0.0313448608,0.0178500004,-0.1126258299,0.0018762881,0.0126963565,-0.0377584808
0.8412410021,-0.0870026052,0.0162987299,-0.1151473448,0.0194984246,0.0884537026,-0.0690713972
0.8495380878,-0.1015801430,0.0327878185,-0.1010219976,0.0477050319,0.1739393026,-0.0972676128
0.8595850468,-0.0545776784,0.0323628373,-0.0578585789,0.0920123011,0.1310264617,-0.1554496884
0.8696070910,-0.0009181788,0.0179217644,-0.0374337360,0.2290657759,0.0818168372,-0.1594758630
0.8795120716,0.0019802758,0.0340678282,-0.0185866859,0.4733123779,0.0977907404,-0.1374396682
0.8895280361,-0.0279379170,0.0530763157,-0.0216278937,0.7145205140,0.2384634316,-0.1544561982
0.8995280266,-0.0496330857,0.0307815857,-0.0112954881,0.8325591087,0.2865468264,-0.1389181167
0.9095040560,-0.0363968015,-0.0054096398,0.0190187786,0.8014253974,0.2940963507,-0.1028240398
0.9195079803,-0.0130420914,-0.0333656780,0.0267191026,0.7002532482,0.2550653219,-0.0748741552
0.9295120239,0.0118269930,-0.0436080806,0.0269085262,0.5790722370,0.1848380417,-0.0530863069
0.9394990206,0.0194496531,-0.0267692916,0.0118163917,0.4459903538,0.1348065585,-0.0335453600
0.9494850636,0.0187802929,-0.0140735321,-0.0017498642,0.3534758687,0.0850717500,-0.0161599796
0.9594810009,0.0125659117,0.0037439349,-0.0185202863,0.3196582496,0.0420899317,-0.0126725696
0.9696030617,0.0048701772,0.0223042853,-0.0381424949,0.3378569484,0.0337257423,-0.0073190834
0.9793950319,0.0030573914,0.0383279808,-0.0458248183,0.3579933941,0.0457632281,0.0074633253
0.9893680811,0.0068486640,0.0363262780,-0.0445169136,0.3686527014,0.0385639071,0.0308751725
0.9993970394,0.0056394646,0.0190296359,-0.0333616659,0.3538999856,0.0107581075,0.0416866764
1.0094910860,-0.0033431640,-0.0012270625,-0.0310430434,0.3369782567,-0.0096526248,0.0450180247
1.0194430351,-0.0122654131,-0.0199384205,-0.0347616002,0.2846324742,-0.0036677031,0.0428933538
1.0293830633,-0.0279165488,-0.0403224938,-0.0397621915,0.2067880183,-0.0117876809,0.0387508050
1.0393620729,-0.0375433564,-0.0575418882,-0.0489246771,0.1299596876,-0.0218565613,0.0558684096
1.0493609905,-0.0373696983,-0.0606874339,-0.0553525016,0.0712763965,-0.0296921134,0.0676465034
1.0593659878,-0.0302809458,-0.0622826926,-0.0628691837,0.0328931920,-0.0374227390,0.0730342120
1.0693650246,-0.0193983000,-0.0543326251,-0.0627076551,-0.0161731541,-0.0452111550,0.0816181079
1.0793600082,-0.0154857924,-0.0526774041,-0.0530412123,-0.1166474223,-0.0351654403,0.0975596607
1.0893499851,-0.0221497100,-0.0761277229,-0.0436274931,-0.2116343975,-0.0422039106,0.1104203314
1.0993790627,-0.0161277335,-0.0855565220,-0.0305405166,-0.3331950307,-0.0601975583,0.1159329489
1.1093720198,-0.0080921939,-0.0721979886,-0.0138565209,-0.4098365605,-0.0864414126,0.1161566526
1.1193710566,-0.0046676984,-0.0542850904,-0.0069926889,-0.4310806096,-0.0973342732,0.1119946614
1.1293740273,-0.0031093052,-0.0294088535,-0.0059672506,-0.3947367072,-0.1013737544,0.1066835225
1.1393640041,-0.0015377989,-0.0038747308,-0.0065705092,-0.3039804399,-0.1059746370,0.1108971685
1.1493750811,-0.0001386097,0.0196900554,-0.0048633129,-0.1899899393,-0.0835990235,0.1244835556
1.1593630314,-0.0057524135,0.0295674093,-0.0037969858,-0.0856028274,-0.0654895231,0.1476650387
1.1693500280,-0.0075251749,0.0180828460,0.0046665757,-0.0077929841,-0.0572790019,0.1624309272
1.1793520451,-0.0035507074,-0.0006408211,0.0094668362,0.0370511860,-0.0590574555,0.1645388305
1.1892820597,0.0051882872,-0.0104502849,0.0211153720,0.0553196706,-0.0717871040,0.1592966616
1.1992760897,0.0130680511,-0.0087947063,0.0189930294,0.0651114509,-0.0941573828,0.1594355553
1.2092640400,0.0114107141,-0.0016320165,0.0050112098,0.0694912821,-0.1038243920,0.1499336660
1.2192770243,0.0068860659,0.0071294191,-0.0052077682,0.0555954427,-0.1017900109,0.1499280632
1.2292780876,0.0072516510,0.0115995295,-0.0136165526,0.0171907954,-0.1084180847,0.1595593840
1.2392770052,0.0096888850,0.0077723148,-0.0143512990,-0.0574722588,-0.1195953712,0.1703092307
1.2492769957,0.0025276551,-0.0025195596,-0.0133696701,-0.1202533469,-0.1446450651,0.1726402938
1.2592790127,-0.0035470715,-0.0063088653,-0.0232448485,-0.1712746024,-0.1654704511,0.1579357833
1.2694480419,-0.0126266768,0.0121933408,-0.0215662029,-0.1635591537,-0.1901020259,0.1453414410
1.2793210745,-0.0167005342,0.0280447491,-0.0294385459,-0.1165486276,-0.1982212067,0.1538628936
1.2893660069,-0.0217707437,0.0484229811,-0.0351163074,-0.0280842744,-0.1867400557,0.1664753556
1.3031150103,-0.0267623048,0.0529674478,-0.0491826460,0.0635610893,-0.1751790047,0.1854590327
1.3093200922,-0.0319151580,0.0515113361,-0.0482736155,0.1413355023,-0.1606013924,0.1948717088
1.3194150925,-0.0341816843,0.0388699956,-0.0568892285,0.1764202714,-0.1463705152,0.2021908611
1.3290380239,-0.0315833390,0.0245302804,-0.0565881655,0.1754615307,-0.1571203768,0.1958868951
1.3390450478,-0.0258420091,0.0120593198,-0.0542709753,0.1596363485,-0.1734170616,0.1790039241
1.3493460417,-0.0171304028,0.0159459002,-0.0501266643,0.1489988863,-0.1746407896,0.1705201566
1.3593790531,-0.0044658771,0.0216849633,-0.0469667241,0.1490176618,-0.1799170226,0.1790559888
1.3692710400,0.0053862939,0.0185965784,-0.0369290039,0.1544475853,-0.1895305067,0.1748649776
1.3790050745,0.0055999765,0.0154554434,-0.0230214503,0.1491743922,-0.1960126460,0.1717241704
1.3890010118,0.0107691297,0.0210795589,-0.0139830019,0.1524908245,-0.2098813355,0.1718117893
1.3990250826,0.0170432050,0.0307775922,-0.0107010510,0.1803721339,-0.2215086818,0.1612415612
1.4091790915,0.0184652228,0.0426977761,-0.0083081629,0.2133892030,-0.2116523236,0.1590298116
1.4191380739,0.0169470925,0.0442011245,-0.0048118145,0.2464749813,-0.2134768665,0.1664584428
1.4291460514,0.0163895506,0.0332642384,-0.0002391845,0.2623961568,-0.2016151398,0.1642456204
1.4391469955,0.0186859984,0.0232915469,0.0023642867,0.2559551597,-0.1900671422,0.1450499445
1.4491320848,0.0285749156,0.0220050998,0.0097456072,0.2335135192,-0.1870343387,0.1450459510
1.4589390755,0.0384972990,0.0175460167,0.0199539755,0.1972337961,-0.1873448640,0.1418874413
1.4691700935,0.0415715277,0.0164893754,0.0250432584,0.1556440145,-0.1919507980,0.1408839673
1.4791510105,0.0397951305,0.0101084597,0.0309123490,0.1151083037,-0.1965133250,0.1441295594
1.4891270399,0.0350809395,0.0061918381,0.0336292461,0.0777406916,-0.1957335472,0.1441505998
1.4989930391,0.0293721575,0.0029552761,0.0430567339,0.0489356741,-0.1980880499,0.1441830993
1.5091180801,0.0246351380,0.0005310361,0.0455869511,0.0425100029,-0.1938989013,0.1399108469
1.5191169977,0.0226768274,0.0030133608,0.0519863442,0.0392661355,-0.1844034046,0.1281645745
1.5291550159,0.0273861904,0.0045951786,0.0642489865,0.0349313095,-0.1748540998,0.1238561124
1.5391809940,0.0300110299,0.0022406164,0.0774384812,0.0316865146,-0.1705826521,0.1270207465
1.5491080284,0.0276991148,0.0008150224,0.0866401270,0.0380591899,-0.1662672758,0.1259259135
1.5591090918,0.0234217364,0.0073566320,0.0870841816,0.0710084885,-0.1499599367,0.1279207617
1.5690940619,0.0180871207,0.0132276602,0.0797824934,0.1050263718,-0.1336467415,0.1299159974
1.5792740583,0.0156220803,0.0135618336,0.0726091936,0.1347674876,-0.1142115220,0.1255180687
1.5890910625,0.0238138754,0.0160896368,0.0616406873,0.1463908553,-0.0981260315,0.1211560741
1.5990850925,0.0328866839,0.0108636804,0.0673114136,0.1335178018,-0.0886446461,0.1168549284
1.6090850830,0.0331259370,0.0004406754,0.0747444704,0.0940151364,-0.0857892036,0.1115520447
1.6192669868,0.0245547313,-0.0104381256,0.0809630230,0.0522988476,-0.0733322725,0.1061886996
1.6290650368,0.0148094604,-0.0090592913,0.0800803974,0.0158630759,-0.0544121042,0.1018418893
1.6390700340,0.0127244899,-0.0010686036,0.0732408836,-0.0024632001,-0.0310724303,0.0985185355
1.6490390301,0.0144432792,0.0038832608,0.0614616945,-0.0057604592,-0.0182996430,0.0952508301
1.6592890024,0.0140782008,0.0059198919,0.0584248379,-0.0080463830,0.0019473056,0.0898077339
1.6690369844,0.0096463272,0.0070141139,0.0621698573,-0.0017807642,0.0180458482,0.0918237492
1.6790519953,0.0079604993,0.0052547040,0.0600326732,0.0055586402,0.0278627928,0.1087553203
1.6891369820,0.0023577223,-0.0051123914,0.0589187816,0.0192994867,0.0440100692,0.1097034067
1.6991740465,-0.0102997413,-0.0038042185,0.0498410538,0.0190976188,0.0685902536,0.1095444188
1.7090300322,-0.0182092767,-0.0053868410,0.0407667831,0.0157409701,0.0857013240,0.1136853695
1.7190620899,-0.0223975163,-0.0040181396,0.0296997521,0.0251753516,0.1060939431,0.1146072224
1.7290070057,-0.0257753413,-0.0025776741,0.0156619046,0.0356487632,0.1317987740,0.1112460494
1.7390329838,-0.0264868718,0.0019182746,0.0054929941,0.0439727418,0.1543885171,0.1206557900
1.7490040064,-0.0234574657,-0.0031928536,0.0002380103,0.0448808782,0.1684079319,0.1343753338
1.7590050697,-0.0264165681,-0.0034668264,-0.0051135928,0.0426720530,0.1759039313,0.1375133395
1.7689909935,-0.0235775691,0.0002412382,-0.0133799221,0.0501368940,0.1759798229,0.1396324039
1.7789900303,-0.0167456847,0.0041946354,-0.0166178849,0.0822496936,0.1686705053,0.1311599612
1.7890040874,-0.0107473424,0.0132384188,-0.0256148484,0.1175363064,0.1666877866,0.1173371002
1.7990360260,-0.0056615463,0.0158445425,-0.0217393544,0.1655605584,0.1691722423,0.1140989587
1.8089610338,-0.0072918227,0.0197617896,-0.0206629541,0.2115525603,0.1650984138,0.0960326046
1.8189710379,-0.0078823855,0.0298426040,-0.0263109710,0.2627199888,0.1750836670,0.0927461311
1.8289580345,0.0012733350,0.0355943628,-0.0287958290,0.3043782413,0.1721904129,0.0916734114
1.8389620781,0.0056238780,0.0415516086,-0.0312101748,0.3225890696,0.1658851057,0.0874505639
1.8489420414,0.0091174254,0.0427099653,-0.0374714658,0.3183743358,0.1562969387,0.0949524269
1.8589520454,0.0097599039,0.0329705365,-0.0378817841,0.2896625400,0.1401059777,0.1025144756
1.8689550161,0.0105962167,0.0170130320,-0.0393361971,0.2365039736,0.1119515672,0.1080461219
1.8789529800,0.0134962806,0.0064578536,-0.0360245034,0.1758275777,0.0849061087,0.1252629310
1.8889460564,0.0126839885,-0.0065805432,-0.0318611190,0.1130416840,0.0567317232,0.1371757835
1.8989340067,0.0062325606,-0.0201351456,-0.0239116456,0.0673273355,0.0339353345,0.1373546124
1.9089300632,0.0027350495,-0.0145014934,-0.0248824861,0.0492921397,0.0220027734,0.1331950128
1.9190180302,0.0041622827,-0.0087805204,-0.0257884767,0.0770867467,0.0168791171,0.1342730671
1.9291189909,0.0036198804,-0.0016765412,-0.0275590327,0.1336006224,0.0247887038,0.1331199110
1.9389390945,0.0010090778,0.0010934953,-0.0262519624,0.1921560913,0.0434148572,0.1329564005
1.9489240646,-0.0007719686,-0.0043728468,-0.0189479496,0.2314899117,0.0619158372,0.1359961331
1.9589149952,-0.0045434227,-0.0154475383,-0.0174497869,0.2485511750,0.0652290732,0.1327745169
1.9688990116,-0.0035725227,-0.0214512758,-0.0169087555,0.2579422891,0.0857359469,0.1475084573
1.9788950682,0.0031501958,-0.0214486830,-0.0183140542,0.2516243458,0.0750042051,0.1486468166
1.9888920784,0.0079630027,-0.0118671171,-0.0227177050,0.2420987338,0.0642607510,0.1508479267
1.9989500046,0.0158030111,-0.0051823971,-0.0270731952,0.2410611659,0.0505811535,0.1774992347
2.0091052055,0.0227485914,-0.0024068472,-0.0265130904,0.2283251435,0.0366972946,0.1903468668
2.0190670490,0.0230779368,-0.0047683534,-0.0289193895,0.2039367110,0.0172591507,0.1883617342
2.0288760662,0.0264251549,-0.0062143323,-0.0215178635,0.1816330105,-0.0030751498,0.2055074275
2.0388870239,0.0309333224,-0.0048688767,-0.0121408608,0.1594069302,-0.0288396366,0.2131292671
2.0488638878,0.0259111542,-0.0036830422,-0.0154846814,0.1659425944,-0.0406366400,0.2025772929
2.0588910580,0.0190192778,-0.0033801910,-0.0197884347,0.1990827024,-0.0384227522,0.1812911630
2.0688529015,0.0130316922,-0.0008641001,-0.0230525639,0.2395816594,-0.0264435895,0.1705612987
2.0788600445,0.0157201607,0.0001027171,-0.0213088896,0.2726642489,-0.0240784362,0.1673362106
2.0888409615,0.0183852930,0.0012990717,-0.0195042994,0.2939873636,-0.0196655784,0.1641055346
2.0988850594,0.0210936088,0.0045370343,-0.0206314232,0.2993692160,-0.0218333919,0.1556162983
2.1088299751,0.0208415408,0.0057333591,-0.0267050769,0.2875663340,-0.0144431191,0.1555766165
2.1188399792,0.0187095124,0.0018796806,-0.0259507205,0.2664062083,-0.0328767225,0.1440248936
2.1288318634,0.0215996522,0.0036902609,-0.0232325103,0.2431112826,-0.0534184836,0.1378000230
2.1388840675,0.0266475100,0.0150739737,-0.0244267490,0.2272875607,-0.0770377889,0.1400898099
2.1488029957,0.0241237897,0.0224129744,-0.0265748408,0.2274018079,-0.0909312293,0.1401798278
2.1588091850,0.0179356653,0.0170263089,-0.0305999424,0.2307645977,-0.1101504639,0.1392386556
2.1688861847,0.0159157831,0.0028575095,-0.0345086977,0.2235114723,-0.1285577118,0.1181152686
2.1787939072,0.0217920560,-0.0006923344,-0.0344547555,0.2076984346,-0.1459318995,0.1001767442
2.1887860298,0.0248707552,-0.0005308207,-0.0285659935,0.1876160651,-0.1664760560,0.0907624736
2.1987838745,0.0222766418,-0.0005440529,-0.0285765436,0.1908471286,-0.1686177701,0.0875878483
2.2087678909,0.0177374501,0.0004833523,-0.0227118041,0.2016150951,-0.1729640514,0.0695478618
2.2187819481,0.0170090217,0.0122956820,-0.0149186756,0.2144259661,-0.1718244851,0.0663448870
2.2287650108,0.0193569679,0.0174195059,-0.0158278849,0.2314803153,-0.1737211943,0.0790939704
2.2387762070,0.0178700406,0.0118535347,-0.0157149937,0.2208262086,-0.1780395061,0.0833775252
2.2487630844,0.0174794514,0.0023072842,-0.0097038057,0.1975206286,-0.1964619160,0.0750141367
2.2587561607,0.0181779284,-0.0026395586,-0.0076429159,0.1709206998,-0.2031642944,0.0655157045
2.2687520981,0.0169377346,-0.0010449108,-0.0056871087,0.1432733536,-0.2120193094,0.0549685284
2.2787590027,0.0137828598,0.0071777287,-0.0067230375,0.1401171088,-0.2184385955,0.0571372695
2.2888751030,0.0087700495,0.0046987715,-0.0116165187,0.1517548561,-0.2065736800,0.0591769814
2.2988350391,0.0036090920,0.0013213936,-0.0087439325,0.1570208669,-0.1969343722,0.0569872037
2.3087339401,0.0052609751,-0.0049215374,-0.0038624317,0.1634675860,-0.2032700330,0.0602109581
2.3187971115,0.0117512355,-0.0042416868,-0.0009122402,0.1580841243,-0.2000521272,0.0665688515
2.3287229538,0.0113367746,0.0002747659,0.0048775165,0.1474013925,-0.1990659535,0.0665699169
2.3387742043,0.0090447376,-0.0031012115,0.0067414134,0.1420732141,-0.1991312057,0.0633853152
2.3486881256,0.0086563239,-0.0026812670,0.0085675810,0.1271011829,-0.1928978115,0.0559186079
2.3587400913,0.0091818282,0.0014276538,0.0103333686,0.1111047715,-0.1941039711,0.0548774451
2.3686890602,0.0078763077,-0.0004250672,0.0091623757,0.1068264097,-0.1930682659,0.0548737198
2.3787131310,0.0085717747,-0.0032569435,0.0060771792,0.1036406010,-0.1931364387,0.0495635048
2.3886981010,0.0112282345,-0.0040483889,0.0069219558,0.1219109520,-0.2069167048,0.0464529358
2.3986749649,0.0139320204,-0.0007728901,0.0038932054,0.1422238201,-0.2089374959,0.0411373973
2.4086680412,0.0165795404,0.0017034594,0.0106499288,0.1550133824,-0.2077425420,0.0443078913
2.4186801910,0.0134361694,-0.0006062504,0.0183985922,0.1646817029,-0.2151498646,0.0443494394
2.4286940098,0.0113944123,-0.0039164093,0.0144457910,0.1700551808,-0.2162497491,0.0358536877
2.4386658669,0.0064316401,-0.0052272496,0.0153779481,0.1797163188,-0.2184082270,0.0252393931
2.4487872124,0.0063105235,-0.0055173305,0.0172883365,0.1775391847,-0.2120395452,0.0220124405
2.4586310387,0.0071690688,-0.0097050928,0.0202051494,0.1711112559,-0.2099353969,0.0241289884
2.4712429047,0.0109049985,-0.0150178336,0.0240570996,0.1401304305,-0.2069686353,0.0241313837
2.4793028831,0.0097543905,-0.0206705742,0.0248770211,0.1134335697,-0.2071446627,0.0273367651
2.4894871712,0.0105287144,-0.0246132724,0.0227079485,0.0878091678,-0.2073246837,0.0294806100
2.4992890358,0.0092616091,-0.0200007670,0.0233491752,0.0632380471,-0.2064128369,0.0337429978
2.5092749596,0.0061555514,-0.0193469934,0.0201009605,0.0728765577,-0.2126965523,0.0401513614
2.5186409950,0.0060005197,-0.0155669712,0.0169118140,0.0985101536,-0.2125412971,0.0348193124
2.5286331177,0.0048009465,-0.0066234735,0.0186207984,0.1358442008,-0.2080045938,0.0315766484
2.5385031700,0.0045429477,-0.0040877727,0.0223716591,0.1688630134,-0.2023350000,0.0400171392
2.5484580994,0.0014012763,-0.0091378205,0.0251822565,0.1849066913,-0.2012510896,0.0272502117
2.5585122108,0.0021378705,-0.0151058100,0.0319330767,0.1742332727,-0.1981983036,0.0187379494
2.5684351921,0.0058570812,-0.0193272643,0.0377118066,0.1433941275,-0.2071052343,0.0050061597
2.5784590244,0.0096749375,-0.0180839412,0.0404831842,0.1136085466,-0.2149208337,-0.0066068210
2.5884308815,0.0096831331,-0.0161026679,0.0412423089,0.1008717120,-0.2225281447,-0.0097357687
2.5984830856,0.0058596740,-0.0142578892,0.0409983471,0.0976318419,-0.2182729393,-0.0097635984
2.6084010601,0.0048823962,-0.0153949670,0.0417159870,0.0879461914,-0.2087287158,-0.0098187262
2.6184780598,0.0067958841,-0.0195332281,0.0434193090,0.0815095976,-0.2034644485,-0.0130342264
2.6284031868,0.0096168527,-0.0198509805,0.0450582579,0.0633375198,-0.2003986090,-0.0130414171
2.6384110451,0.0104262242,-0.0183651112,0.0486098602,0.0515579581,-0.1941146106,-0.0173228476
2.6484398842,0.0062849531,-0.0170083009,0.0471702889,0.0429221243,-0.1824246645,-0.0173926242
2.6583890915,0.0020349929,-0.0157759003,0.0417686179,0.0364049710,-0.1675389260,-0.0206719059
2.6683940887,-0.0043316176,-0.0175917856,0.0363052562,0.0158890430,-0.1398907900,-0.0187120847
2.6783890724,-0.0089178076,-0.0254540406,0.0395711735,-0.0097872922,-0.1347069442,-0.0144792581
2.6885859966,-0.0037621548,-0.0325258039,0.0360203460,-0.0440315492,-0.1263760477,-0.0091974102
2.6985349655,-0.0007323017,-0.0272208266,0.0372246578,-0.0717629120,-0.1318754703,-0.0027702707
2.7085299492,0.0023461590,-0.0239482783,0.0364502147,-0.0771398321,-0.1307665259,0.0067878147
2.7185530663,0.0015086541,-0.0148087852,0.0307545159,-0.0504255332,-0.1295891553,-0.0038588378
2.7285950184,-0.0003763726,-0.0092862509,0.0280170534,-0.0153556960,-0.1142730415,0.0055788727
2.7385330200,-0.0062531224,-0.0072574285,0.0272688959,0.0314739943,-0.1020523310,0.0171523057
2.7485151291,-0.0102508655,-0.0106149726,0.0207393263,0.0761482567,-0.0835191309,0.0191257074
2.7584991455,-0.0124999871,-0.0096781962,0.0181303713,0.1037677675,-0.0662248284,0.0168704093
2.7685790062,-0.0090441993,-0.0113778524,0.0185241196,0.1164753065,-0.0595866293,0.0316919647
2.7784969807,-0.0075062802,-0.0199605338,0.0081546400,0.1057427675,-0.0563793853,0.0412391312
2.7885131836,-0.0051313927,-0.0227644853,0.0104472730,0.0853991434,-0.0500967205,0.0443997718
2.7985091209,-0.0067579439,-0.0209808759,0.0096686576,0.0575829595,-0.0459618978,0.0528904609
2.8085041046,-0.0093856147,-0.0194619857,0.0078668091,0.0383192487,-0.0428409390,0.0603204146
2.8185601234,-0.0051840534,-0.0141105019,-0.0017409235,0.0286751427,-0.0438635945,0.0741435513
2.8284840584,-0.0000641337,-0.0057610390,-0.0064591081,0.0360560939,-0.0372938402,0.0857820958
2.8385591507,-0.0017774096,-0.0032101986,-0.0131615307,0.0509474277,-0.0339033715,0.0942506790
2.8484580517,-0.0054208031,-0.0063082543,-0.0168846156,0.0787505656,-0.0390504636,0.0921398699
2.8585028648,-0.0032209149,-0.0022393134,-0.0234684255,0.0990302637,-0.0368003584,0.0867986232
2.8684639931,-0.0010461798,0.0001177225,-0.0241436269,0.1247177869,-0.0430598520,0.0815093219
2.8785281181,0.0012656460,0.0006378774,-0.0306360628,0.1322442889,-0.0473288968,0.0751562193
2.8884420395,0.0016633878,0.0051171067,-0.0293115880,0.1419506967,-0.0569274612,0.0688373372
2.8984820843,0.0032064328,0.0027473751,-0.0308506396,0.1388365328,-0.0665928721,0.0667793751
2.9084529877,0.0057615051,0.0022496316,-0.0275048520,0.1282938868,-0.0785219669,0.0562401861
2.9184689522,0.0094898650,-0.0013336953,-0.0202112701,0.1071413234,-0.0990666598,0.0478897095
2.9285249710,0.0113922665,0.0026662084,-0.0149065759,0.0880757570,-0.1163330004,0.0458902083
2.9384121895,0.0085781524,0.0055203917,-0.0125594046,0.0870830640,-0.1259488761,0.0470147282
2.9484410286,0.0029706964,0.0044705155,-0.0160466339,0.1021155417,-0.1312946379,0.0332278088
2.9584078789,0.0003269026,0.0074970606,-0.0194986966,0.1246340275,-0.1366196275,0.0151863592
2.9684948921,0.0026002834,0.0137044229,-0.0258051660,0.1598945409,-0.1374883503,0.0066682380
2.9785430431,0.0057965526,0.0193097629,-0.0242443588,0.1908219755,-0.1329945326,0.0044939006
2.9886541367,0.0051772902,0.0143502243,-0.0236221459,0.2025984824,-0.1371786296,0.0045128092
2.9984750748,0.0036032656,0.0045100334,-0.0210353043,0.1908848286,-0.1404804140,0.0034779045
3.0084600449,0.0020797262,0.0012551580,-0.0204518344,0.1568296552,-0.1493759006,-0.0060021505
3.0184080601,0.0026575038,-0.0062847105,-0.0227945950,0.1196161062,-0.1646842957,-0.0122497929
3.0283861160,0.0033370713,-0.0092678629,-0.0222340729,0.0919916704,-0.1767364293,-0.0217138678
3.0384321213,0.0041200379,0.0011843924,-0.0276017096,0.0835838020,-0.1907406598,-0.0269294046
3.0483930111,0.0089124152,0.0087403394,-0.0338797495,0.0996317416,-0.1959423423,-0.0247820951
3.0584568977,0.0107693980,0.0135939308,-0.0332955644,0.1263170242,-0.1967815012,-0.0216061436
3.0683500767,0.0097151259,0.0128679462,-0.0268190410,0.1497946382,-0.1976323873,-0.0173674561
3.0783948898,0.0077408710,0.0094303526,-0.0251824763,0.1658113003,-0.1996158957,-0.0141800521
3.0884389877,0.0048640082,0.0060699987,-0.0264727380,0.1690643430,-0.2049528807,-0.0162724964
3.0983850956,0.0030558715,-0.0011953231,-0.0257849004,0.1606366336,-0.2147213519,-0.0257636029
3.1083688736,0.0071742097,-0.0036416692,-0.0201592948,0.1447884291,-0.2288654000,-0.0405342951
3.1183409691,0.0094387392,-0.0014528747,-0.0224145558,0.1352616400,-0.2364679277,-0.0457893759
3.1284179688,0.0079251686,-0.0002948757,-0.0246726181,0.1428125054,-0.2460286766,-0.0457326509
3.1383509636,0.0035341689,0.0009270940,-0.0269454028,0.1545446664,-0.2459152192,-0.0436190329
3.1483540535,0.0039918134,0.0013533045,-0.0272021797,0.1652484387,-0.2490478903,-0.0446685851
3.1583309174,0.0054312954,0.0038176882,-0.0235567596,0.1695655584,-0.2554126084,-0.0425038338
3.1684088707,0.0098937610,-0.0004720356,-0.0178913977,0.1663793474,-0.2586163878,-0.0392936580
3.1783390045,0.0095801065,-0.0058378470,-0.0142085459,0.1557782292,-0.2662111819,-0.0434890687
3.1883258820,0.0082816193,-0.0045522717,-0.0184061434,0.1440613866,-0.2684575617,-0.0455911011
3.1983380318,0.0060470114,-0.0082762353,-0.0187190678,0.1195007935,-0.2654836178,-0.0509066433
3.2083401680,0.0048028836,-0.0122542195,-0.0141515043,0.0961089134,-0.2721771896,-0.0625331998
3.2183120251,0.0065618465,-0.0165029429,-0.0174107458,0.0630436391,-0.2756323516,-0.0614242628
3.2283070087,0.0102387825,-0.0141852014,-0.0119245555,0.0364064351,-0.2832836211,-0.0571064800
3.2383110523,0.0130254040,-0.0150136612,-0.0054626376,0.0194046814,-0.2951187193,-0.0506428555
3.2483658791,0.0119818756,-0.0139675029,-0.0000387341,0.0216462649,-0.3047931790,-0.0590808131
3.2582910061,0.0109297791,-0.0020188061,0.0004759520,0.0557923838,-0.3055484593,-0.0537897795
3.2682871819,0.0108506689,0.0093827657,-0.0028645308,0.1037447304,-0.2986921668,-0.0453685969
3.2782921791,0.0049535045,0.0046400162,-0.0012654572,0.1452829838,-0.2897678912,-0.0390802100
3.2882871628,-0.0019739708,-0.0037726802,-0.0035576136,0.1547699720,-0.2747404575,-0.0402466729
3.2982430458,-0.0022198996,-0.0130355991,0.0029750555,0.1483831704,-0.2748358250,-0.0455532894
3.3082761765,-0.0005201390,-0.0195353143,0.0055720299,0.1248988807,-0.2760590017,-0.0423417836
3.3182420731,0.0030671963,-0.0184591152,0.0051899641,0.1014071405,-0.2762161493,-0.0391358696
3.3283259869,0.0037641982,-0.0186176039,0.0008411497,0.0779124722,-0.2774121761,-0.0327373594
3.3382511139,0.0005166838,-0.0199832432,-0.0016224296,0.0660703182,-0.2678282559,-0.0264178105
3.3482630253,-0.0038429191,-0.0195808299,0.0027082651,0.0467975549,-0.2615463734,-0.0243203044
3.3582410812,-0.0032905927,-0.0182352178,0.0011845916,0.0521265417,-0.2593932450,-0.0275259502
3.3682470322,-0.0018435558,-0.0099374019,0.0016011088,0.0584907010,-0.2561013103,-0.0233021788
3.3782670498,0.0015184889,-0.0004663061,0.0030154674,0.0776810348,-0.2579838634,-0.0105534922
3.3881969452,0.0011546025,-0.0044869375,-0.0013779909,0.0958621725,-0.2642106116,-0.0052138544
3.3980522156,-0.0021462133,-0.0083965249,-0.0028638155,0.1033776104,-0.2674042881,-0.0105103496
3.4080300331,-0.0015538922,-0.0102368928,-0.0033433349,0.1108001098,-0.2609431744,-0.0116198221
3.4181280136,0.0000663558,-0.0149462484,-0.0028314502,0.1097734571,-0.2683781981,-0.0051965439
3.4282751083,0.0007293681,-0.0168263577,-0.0023412020,0.0970099941,-0.2727788091,-0.0083465306
3.4382081032,0.0033843974,-0.0168663301,0.0001039594,0.0820839107,-0.2750315666,-0.0083216298
3.4481780529,0.0031200508,-0.0170634128,-0.0004454762,0.0831707418,-0.2782113850,-0.0061769867
3.4582149982,0.0037430832,-0.0093999691,-0.0010177405,0.1002032608,-0.2727297843,-0.0051604584
3.4681911469,0.0024312148,-0.0034532365,-0.0035456331,0.1268183589,-0.2681579292,0.0054152203
3.4781630039,0.0040455470,-0.0030114544,-0.0050225765,0.1566855758,-0.2678764760,0.0107019953
3.4882149696,0.0027431706,-0.0062902388,-0.0045363815,0.1684282571,-0.2646518946,0.0021737544
3.4981851578,0.0043399641,-0.0104684494,-0.0060004503,0.1641020775,-0.2603522241,0.0095883943
3.5081729889,0.0059057036,-0.0157551132,-0.0016128332,0.1342850626,-0.2670409977,0.0043406351
3.5181651115,0.0055387327,-0.0174453817,0.0085613821,0.1044203714,-0.2704682648,0.0054455809
3.5282289982,0.0042462060,-0.0155160390,0.0069795339,0.0873684138,-0.2738065124,0.0054791374
3.5381550789,0.0029274011,-0.0098317005,0.0073019951,0.0830844641,-0.2717106044,0.0044058831
3.5489158630,0.0006215284,-0.0041376767,0.0076150387,0.0916254818,-0.2726951838,0.0065310858
3.5587730408,0.0022628540,-0.0051365015,0.0109209511,0.1034015864,-0.2747868299,0.0012243376
3.5682868958,0.0067553530,0.0028662938,0.0181240533,0.1236557215,-0.2714237869,0.0011883848
3.5781199932,0.0054161558,0.0032020616,0.0263048504,0.1343131512,-0.2702527940,0.0032973420
3.5881340504,-0.0007588407,-0.0022901339,0.0285902712,0.1364162564,-0.2659704387,0.0022057123
3.5981769562,-0.0059854528,-0.0068379608,0.0250172112,0.1342404485,-0.2585596442,-0.0042154351
3.6081318855,-0.0074116057,-0.0074448031,0.0263274405,0.1321141869,-0.2575527132,-0.0095324367
3.6181521416,-0.0030177301,-0.0051629511,0.0286155436,0.1277603209,-0.2500441968,-0.0021399003
3.6280109882,-0.0016760370,-0.0009846654,0.0328209475,0.1233767495,-0.2382759452,0.0030988036
3.6383540630,-0.0004117852,-0.0007704016,0.0340903476,0.1179373786,-0.2275924236,0.0072822301
3.6481509209,-0.0022000065,0.0012542341,0.0313820913,0.1082240343,-0.2179757357,0.0157257821
3.6580729485,-0.0059967777,-0.0017459880,0.0237826202,0.0995095000,-0.1977149397,0.0177238174
3.6679100990,-0.0089148646,-0.0058120755,0.0161795113,0.0813390166,-0.1936075389,0.0145226987
3.6780869961,-0.0109022325,-0.0080323480,0.0153969619,0.0674543679,-0.1905550361,0.0092011709
3.6880569458,-0.0119638806,-0.0044726920,0.0165291522,0.0632617474,-0.1970638037,0.0018095672
3.6980772018,-0.0081451079,0.0020426135,0.0147585366,0.0728374124,-0.1927273721,-0.0003526532
3.7079830170,-0.0082735633,0.0076460796,0.0129558537,0.0877545774,-0.1894056052,-0.0003846113
3.7180800438,-0.0103464192,0.0095304064,0.0092192981,0.1069061682,-0.1817737967,0.0006183353
3.7281298637,-0.0095718717,0.0087011680,0.0123500917,0.1207628623,-0.1784784049,-0.0015374937
3.7380580902,-0.0087818047,0.0079316683,0.0105989669,0.1229129657,-0.1785010248,-0.0057869665
3.7479529381,-0.0069796285,0.0052373665,0.0108139012,0.1218612865,-0.1795961112,-0.0079039130
3.7580389977,-0.0070786169,0.0024903710,0.0100481007,0.1144077629,-0.1817927063,-0.0078838067
3.7680680752,-0.0062125018,0.0015889291,0.0073044985,0.1080260277,-0.1829471886,-0.0121214278
3.7779400349,-0.0102210855,0.0015678402,0.0035311668,0.1048502102,-0.1840864718,-0.0174235161
3.7879991531,-0.0083764857,0.0035313140,0.0017368883,0.1101991683,-0.1830307990,-0.0238084458
3.7980370522,-0.0075309714,0.0065394077,-0.0010353237,0.1208700538,-0.1808483452,-0.0280789565
3.8080739975,-0.0067548184,0.0116696842,-0.0028456957,0.1432272941,-0.1732029468,-0.0292065386
3.8180141449,-0.0070339506,0.0111061782,-0.0007216841,0.1538341343,-0.1656259745,-0.0282027926
3.8280789852,-0.0083232997,0.0066976990,0.0033490746,0.1463272125,-0.1614088714,-0.0282248966
3.8379831314,-0.0056458516,-0.0056654071,0.0094367955,0.1132654026,-0.1638283432,-0.0313738212
3.8480880260,-0.0039550243,-0.0155347660,0.0164641831,0.0642211586,-0.1685373485,-0.0376833789
3.8580031395,-0.0051382771,-0.0152183957,0.0126368497,0.0226219129,-0.1720732301,-0.0386944488
3.8681390285,-0.0092549240,-0.0152544715,0.0068229525,-0.0019824998,-0.1668923050,-0.0355236903
3.8779900074,-0.0095353713,-0.0145343952,0.0059056967,-0.0243787505,-0.1692060679,-0.0354916006
3.8880140781,-0.0038941940,-0.0139088593,-0.0037756474,-0.0243507884,-0.1713706851,-0.0386647582
3.8979811668,0.0006907927,-0.0043967706,-0.0086186435,-0.0115329949,-0.1733877659,-0.0365374237
3.9081940651,0.0063318210,0.0024620849,-0.0134194996,0.0247661583,-0.1794017106,-0.0227126870
3.9179639816,0.0071407827,0.0028519290,-0.0152916815,0.0514351837,-0.1791529804,-0.0174195208
3.9280350208,0.0060045244,-0.0023625013,-0.0083374288,0.0589578152,-0.1844569296,-0.0195151623
3.9379601479,0.0078878561,-0.0104534328,0.0006014794,0.0569059849,-0.1941018254,-0.0205131825
3.9481511116,0.0088790255,-0.0108573735,0.0046081035,0.0452418700,-0.2027605623,-0.0225736704
3.9579091072,0.0031829448,-0.0153453574,-0.0021789582,0.0463392287,-0.2028314173,-0.0321366824
3.9679870605,-0.0054635359,-0.0188706331,-0.0129070785,0.0516828597,-0.2007160634,-0.0395908691
3.9779529572,-0.0054189814,-0.0223895535,-0.0186854508,0.0377987325,-0.1987114847,-0.0427821353
3.9881720543,-0.0034442889,-0.0279333405,-0.0176069643,0.0249705538,-0.1956224889,-0.0449179895
3.9979350567,0.0024163341,-0.0297986232,-0.0184798148,-0.0006004525,-0.2063995004,-0.0320814215
4.0079889297,0.0093333749,-0.0308201276,-0.0213123467,-0.0144779189,-0.2096405774,-0.0235515833
4.0179138184,0.0103053274,-0.0231688209,-0.0135028269,-0.0240686256,-0.2149852812,-0.0150114913
4.0283622742,0.0055076992,-0.0214069337,-0.0066881091,-0.0166104436,-0.2169834524,-0.0054422207
4.0380029678,0.0017667683,-0.0194874182,-0.0047519119,0.0100830849,-0.2178455144,-0.0054554031
4.0478968620,0.0028719800,-0.0093608499,-0.0057347924,0.0559847988,-0.2195917517,-0.0012265698
4.0579400063,0.0020606434,-0.0035660458,-0.0037549050,0.1125183851,-0.2180092782,0.0072209775
4.0679011345,0.0002361266,0.0007631775,-0.0056677968,0.1561800987,-0.2090394944,0.0166938417
4.0779671669,-0.0025444236,-0.0043080156,-0.0094816592,0.1828294247,-0.2066469193,0.0230368264
4.0878911018,-0.0053630592,-0.0121972151,-0.0084170010,0.1764495522,-0.2088520229,0.0209307969
4.0979547501,-0.0062701581,-0.0163202658,-0.0024679215,0.1561833024,-0.2100906521,0.0198925640
4.1079211235,-0.0051170043,-0.0207196213,-0.0023926408,0.1306132376,-0.2156414837,0.0188840255
4.1179208755,-0.0001059624,-0.0194315556,0.0006141752,0.1103297919,-0.2157924771,0.0188962761
4.1278738976,-0.0009428684,-0.0134999696,0.0025569289,0.1060903072,-0.2211329192,0.0231834315
4.1379199028,0.0011706448,-0.0065679871,0.0015802472,0.1178397760,-0.2210626155,0.0210511722
4.1478719711,0.0023081594,-0.0043570832,0.0074520796,0.1306519806,-0.2209725976,0.0199792497
4.1579260826,0.0034040655,0.0019054596,0.0142833088,0.1445004195,-0.2176542878,0.0210125558
4.1678500175,0.0016230652,-0.0005124904,0.0201651547,0.1498128921,-0.2154574394,0.0231193826
4.1779160500,-0.0020302422,-0.0117677394,0.0211726520,0.1359142512,-0.2102789283,0.0156560075
4.1878499985,-0.0048598228,-0.0143918768,0.0260462854,0.1145764664,-0.2083790302,0.0071594585
4.1979231834,-0.0047685681,-0.0133280903,0.0240589473,0.0964519233,-0.2096192688,0.0039949571
4.2078309059,-0.0037640603,-0.0084923785,0.0220791195,0.0931884944,-0.2042551339,0.0092744082
4.2179222107,-0.0028291969,-0.0036468976,0.0200803969,0.0994899273,-0.1945265979,0.0155782420
4.2278671265,-0.0068582678,-0.0026584719,0.0229478572,0.1100253910,-0.1804872155,0.0229165833
4.2378449440,-0.0070682885,-0.0006166607,0.0199703071,0.1206566021,-0.1781998277,0.0313959569
4.2478280067,-0.0053986860,0.0006176211,0.0179993007,0.1344065070,-0.1652134657,0.0376764908
4.2578101158,-0.0028167414,0.0039573102,0.0170040224,0.1439632624,-0.1608264446,0.0418901406
4.2678670883,-0.0051333783,0.0034580533,0.0159756634,0.1503729522,-0.1618365794,0.0429546051
4.2778038979,-0.0065173293,0.0059614726,0.0208181832,0.1567409784,-0.1564628482,0.0407911874
4.2878608704,-0.0127660809,0.0045375139,0.0158466790,0.1598813683,-0.1468648165,0.0354148000
4.2977857590,-0.0170318838,-0.0018224231,0.0021284311,0.1577807963,-0.1459241658,0.0226629172
4.3078589439,-0.0193703044,-0.0023618215,-0.0037993104,0.1451361179,-0.1569097191,-0.0006296220
4.3177633286,-0.0128701245,0.0000162000,-0.0028245957,0.1314416081,-0.1731795073,-0.0164525267
4.3278441429,-0.0072495630,0.0002853459,0.0069299429,0.1091139317,-0.1819479614,-0.0216920301
4.3377671242,-0.0034902683,0.0012586309,0.0117632840,0.0888914838,-0.1895768642,-0.0205660462
4.3478488922,-0.0054828478,0.0020356122,0.0087313745,0.0835931227,-0.1939021051,-0.0215966888
4.3577380180,-0.0074553369,0.0028011955,0.0076322644,0.0846507996,-0.1917763650,-0.0237350743
4.3677721024,-0.0113915494,0.0026781703,0.0075210421,0.1017251238,-0.1874508560,-0.0333365686
4.3777489662,-0.0124893291,0.0017960464,0.0084011648,0.1165793017,-0.1735065430,-0.0408734493
4.3877558708,-0.0136612197,-0.0019114766,0.0102726314,0.1186720133,-0.1691970080,-0.0387780741
4.3977413177,-0.0129339797,-0.0066112932,0.0131343100,0.1090300381,-0.1660427600,-0.0366691165
4.4077568054,-0.0112442812,-0.0143939527,0.0189534519,0.0877015814,-0.1693959534,-0.0345076956
4.4177341461,-0.0066473214,-0.0184714701,0.0286905263,0.0610141754,-0.1727315634,-0.0249036681
4.4277982712,-0.0059233932,-0.0170132704,0.0266295169,0.0449670330,-0.1738064140,-0.0110744070
4.4377307892,-0.0080962880,-0.0166892074,0.0186928604,0.0427177250,-0.1630674750,-0.0037081030
4.4477310181,-0.0123146204,-0.0221651476,0.0166176651,0.0511604808,-0.1533376127,0.0015348620
4.4577159882,-0.0137244938,-0.0284930579,0.0175208542,0.0564155616,-0.1405336857,-0.0059892340
4.4677257538,-0.0103849312,-0.0308747422,0.0194195602,0.0467386991,-0.1320581734,-0.0060374369
4.4777040482,-0.0022679744,-0.0363209769,0.0272427294,0.0103868190,-0.1279963255,0.0024631065
4.4877672195,-0.0018717637,-0.0431911610,0.0281679723,-0.0226739291,-0.1346012205,0.0099657644
4.4977092743,-0.0102315163,-0.0486080721,0.0123894308,-0.0665624216,-0.1252010614,0.0237453599
4.5077571869,-0.0138605153,-0.0524569415,0.0123014543,-0.1146734953,-0.1222305670,0.0396955609
4.5176982880,-0.0096703162,-0.0559296161,0.0083536599,-0.1968989819,-0.1248644367,0.0557042249
4.5277452469,-0.0015952950,-0.0541506521,0.0141649935,-0.2481454015,-0.1304594725,0.0727745518
4.5376567841,-0.0032901755,-0.0460175499,0.0120498631,-0.2770357728,-0.1304962188,0.0951071531
4.5476741791,-0.0080237677,-0.0310717449,0.0196473096,-0.2514704764,-0.1280700713,0.1056974828
4.5576572418,-0.0107539659,-0.0215440243,0.0136023853,-0.1799893826,-0.1221988723,0.1024215296
4.5677399635,-0.0135581782,-0.0120286550,0.0124431346,-0.0743319318,-0.1150687933,0.0906151980
4.5776619911,-0.0155101111,0.0054986714,0.0083355997,0.0569045171,-0.1065954119,0.0872794613
4.5876650810,-0.0174270105,0.0077619390,0.0053081005,0.1752625853,-0.0928090289,0.0924193636
4.5976510048,-0.0203324314,-0.0007815793,-0.0015547783,0.2424011528,-0.0815499872,0.0986751243
4.6077060699,-0.0175242852,-0.0117741153,-0.0015342147,0.2572503984,-0.0749133900,0.1113704145
4.6176190376,-0.0108817732,-0.0170233492,0.0063066571,0.2273596078,-0.0814099014,0.1284306198
4.6276998520,-0.0061252555,-0.0247236565,0.0112094376,0.1771662086,-0.0827761069,0.1390984356
4.6376247406,-0.0042908406,-0.0223212726,0.0091809724,0.1248492151,-0.0852323398,0.1497771889
4.6476192474,-0.0082817813,-0.0165350363,0.0021925061,0.1002645120,-0.0853316709,0.1604189128
4.6574859619,-0.0122614941,-0.0099375257,-0.0038218410,0.1034993157,-0.0885298625,0.1583119631
4.6676502228,-0.0142463958,-0.0070311255,-0.0078439023,0.1408946216,-0.0893820748,0.1497922391
4.6776027679,-0.0132252714,-0.0035860962,-0.0138149764,0.2007619590,-0.0964833945,0.1402354836
4.6876697540,-0.0073933294,0.0054673511,-0.0168533828,0.2616327703,-0.0950436890,0.1284973323
4.6976461411,0.0052679190,0.0131936856,-0.0169008877,0.3043987453,-0.1022182480,0.1253251135
4.7076420784,0.0151215279,0.0153098963,-0.0101193096,0.3065993190,-0.1159684137,0.1402862221
4.7175931931,0.0066121602,0.0073663625,-0.0054261596,0.2820084691,-0.1150043532,0.1509236842
4.7276492119,-0.0077597043,-0.0010469857,0.0001987904,0.2254711688,-0.1155324578,0.1403426826
4.7377429008,-0.0133091500,-0.0090979487,0.0068816035,0.1487789154,-0.1259587258,0.1149644852
4.7475929260,-0.0100929206,-0.0109950826,0.0165343974,0.0752226710,-0.1309572160,0.0969876200
4.7576217651,-0.0078346198,-0.0037250672,0.0271242950,0.0315980986,-0.1410695016,0.0790236592
4.7675981522,-0.0065283021,0.0121282078,0.0278857443,0.0465671942,-0.1378835589,0.0630566776
4.7777781487,-0.0024563288,0.0283048823,0.0257368181,0.0945216641,-0.1205754131,0.0437879078
4.7876319885,0.0073240632,0.0392491259,0.0236805174,0.1541360021,-0.1019175723,0.0468124598
4.7975349426,0.0082612494,0.0408542864,0.0215901826,0.1859947294,-0.0886957720,0.0637004972
4.8076229095,-0.0015745973,0.0308142565,0.0233791564,0.1719854325,-0.0759059414,0.0721264705
4.8175687790,-0.0134501969,0.0145976916,0.0330129936,0.1174681261,-0.0635677874,0.0646488443
4.8276028633,-0.0186009239,0.0036020945,0.0407520607,0.0363804698,-0.0621935986,0.0487606972
4.8375339508,-0.0208503809,0.0035660448,0.0445730761,-0.0285846815,-0.0766732022,0.0393389687
4.8475399017,-0.0239755567,0.0108631514,0.0375965908,-0.0413241796,-0.0769533664,0.0181018542
4.8575181961,-0.0300990399,0.0269339979,0.0217588041,-0.0146769900,-0.0672368258,0.0052714106
4.8675580025,-0.0276193749,0.0367370807,0.0197120998,0.0471421704,-0.0550201051,0.0030242349
4.8775100708,-0.0223105829,0.0344684012,0.0255675409,0.0907441080,-0.0354384147,0.0028637792
4.8875532150,-0.0170657467,0.0276230499,0.0265564416,0.1013514772,-0.0289072804,0.0070635839
4.8974990845,-0.0148072904,0.0197732933,0.0353453234,0.0788873211,-0.0237207729,0.0102382060
4.9075298309,-0.0124752736,0.0076762992,0.0353707746,0.0404698849,-0.0250867084,0.0102738924
4.9175019264,-0.0179363396,-0.0010371435,0.0314292982,-0.0075209429,-0.0255698077,-0.0035035724
4.9274849892,-0.0205164161,-0.0062533510,0.0284791682,-0.0490886271,-0.0270963311,-0.0194005128
4.9375143051,-0.0162819456,-0.0058876839,0.0236164425,-0.0661154166,-0.0273634456,-0.0353231542
4.9474849701,-0.0082717678,0.0013053265,0.0246038530,-0.0639989972,-0.0189329423,-0.0513151698
4.9574799538,-0.0032488247,0.0114990920,0.0236096475,-0.0480033867,-0.0166761801,-0.0513387397
4.9674739838,-0.0011594659,0.0150699019,0.0236042235,-0.0245678350,-0.0132340435,-0.0450030789
4.9774961472,-0.0078176400,0.0051235328,0.0265268181,-0.0107352454,-0.0077838851,-0.0450476855
4.9874491692,-0.0135782426,-0.0027325084,0.0333412960,-0.0064712577,-0.0045990106,-0.0514456630
4.9974441528,-0.0184054803,-0.0066730198,0.0352766588,-0.0043809433,0.0018069571,-0.0546779409
5.0074439049,-0.0213261899,-0.0076130708,0.0294030998,0.0083348528,0.0115607847,-0.0505005084
5.0174999237,-0.0214292537,-0.0103715584,0.0206238125,0.0231534801,0.0245527495,-0.0442194454
5.0274281502,-0.0187275838,-0.0110656060,0.0157888625,0.0220424086,0.0277959481,-0.0389277451
5.0374379158,-0.0141089400,-0.0127778314,0.0139049981,0.0187633913,0.0311081186,-0.0240754262
5.0474252701,-0.0085370531,-0.0165323094,0.0071600168,0.0079986285,0.0375375226,-0.0124232974
5.0574359894,-0.0068966439,-0.0204764940,0.0042994111,-0.0166061837,0.0385380723,0.0024633734
5.0674018860,-0.0052854260,-0.0237057060,0.0073217838,-0.0475569069,0.0361974202,0.0067497315
5.0774030685,-0.0046411818,-0.0242673494,0.0122560952,-0.0699880496,0.0350195020,0.0142093785
5.0873937607,-0.0059036231,-0.0220078155,0.0132678840,-0.0667754784,0.0350171067,0.0110199768
5.0974621773,-0.0081799766,-0.0187083296,0.0113196466,-0.0497156680,0.0383354053,0.0088626835
5.1073980331,-0.0045718914,-0.0200284161,0.0094565246,-0.0283573810,0.0384733602,0.0056596994
5.1173920631,-0.0038615232,-0.0280514695,0.0075893491,-0.0187263265,0.0353452116,0.0056714173
5.1273870468,-0.0032000309,-0.0340548083,0.0086366627,-0.0208509974,0.0373937152,-0.0028395131
5.1374511719,-0.0006024530,-0.0361516364,0.0106747840,-0.0272196792,0.0320234485,0.0003890367
5.1474041939,-0.0009433171,-0.0353838801,0.0126526449,-0.0294207819,0.0363633372,0.0099239517
5.1573591232,-0.0061375489,-0.0357106626,0.0058147400,-0.0305596814,0.0396771058,0.0226484034
5.1673603058,-0.0143468818,-0.0380070247,0.0077726929,-0.0370655172,0.0482588783,0.0321588181
5.1774249077,-0.0138276732,-0.0423046574,0.0107926223,-0.0510104932,0.0525151417,0.0427657887
5.1873769760,-0.0123422658,-0.0458358116,0.0079611633,-0.0724241734,0.0525220670,0.0629661307
5.1973462105,-0.0127985468,-0.0466198958,0.0070544570,-0.0852820501,0.0515063368,0.0810432732
5.2073383331,-0.0142502552,-0.0416598655,-0.0017090351,-0.0842721760,0.0548022650,0.0905827135
5.2174038887,-0.0070713451,-0.0267240740,-0.0075108916,-0.0554876700,0.0572084300,0.0958587006
5.2273387909,0.0050068730,-0.0123637579,-0.0142555740,-0.0160387978,0.0555394255,0.1149650216
5.2373251915,0.0102501074,-0.0015344437,-0.0151982810,0.0286845993,0.0603498966,0.1372134686
5.2473130226,0.0028337846,-0.0012356382,-0.0132446196,0.0424259752,0.0723128170,0.1488126069
5.2573418617,-0.0065258062,-0.0107029658,-0.0171272065,0.0306203179,0.0807555690,0.1466403902
5.2673110962,-0.0111268004,-0.0096345972,-0.0141666438,-0.0077148201,0.0718542188,0.1403505355
5.2773079872,-0.0088159954,-0.0088605806,-0.0092076566,-0.0406569242,0.0576198883,0.1309060305
5.2873091698,-0.0092806509,-0.0044860919,-0.0072164447,-0.0586329959,0.0434412211,0.1140122712
5.2973370552,-0.0068599051,0.0116079729,-0.0052750618,-0.0393265449,0.0381175578,0.0991607532
5.3073010445,-0.0042905277,0.0152417943,-0.0110936668,-0.0051280921,0.0361809060,0.0917126909
5.3172988892,0.0002027387,0.0201511979,-0.0120230224,0.0183676463,0.0342362672,0.0927702338
5.3272910118,0.0018620873,0.0174445044,-0.0080643203,0.0354795232,0.0290518943,0.0959790796
5.3373422623,-0.0003135046,0.0138640627,-0.0041450770,0.0408121012,0.0280593336,0.1002320126
5.3472828865,-0.0063531240,0.0141548626,-0.0100395586,0.0451024547,0.0280380286,0.0938548073
5.3572778702,-0.0104242032,0.0096267834,-0.0100471880,0.0377266966,0.0193619821,0.0854151174
5.3672761917,-0.0104822582,-0.0028638938,-0.0080094244,0.0121526271,0.0180045702,0.0748178661
5.3772687912,-0.0086563965,-0.0058842269,-0.0011289031,-0.0187082160,0.0122923553,0.0600041635
5.3872718811,-0.0078339418,0.0006434988,0.0008111685,-0.0272247400,0.0111213624,0.0557681397
5.3972601891,-0.0089573851,0.0042083967,0.0017910689,-0.0197777431,0.0154268965,0.0525478460
5.4072551727,-0.0120798936,0.0088503957,0.0017504782,-0.0027225921,0.0208482929,0.0461264290
5.4172830582,-0.0103381043,0.0127345212,-0.0011608511,0.0122302584,0.0198940821,0.0461227037
5.4272179604,-0.0076097017,0.0118669271,0.0047428100,0.0132593038,0.0220941193,0.0524820648
5.4372410774,-0.0067935800,0.0099198502,0.0047741621,0.0004251311,0.0220608301,0.0599268004
5.4472050667,-0.0089282384,0.0107480884,0.0008731573,-0.0124342078,0.0252313241,0.0673519596
5.4573111534,-0.0110459467,0.0075732651,0.0008972972,-0.0273300670,0.0208094101,0.0642059669
5.4673089981,-0.0141766062,0.0081396848,-0.0010586292,-0.0327125825,0.0250702016,0.0673692673
5.4772200584,-0.0144148162,0.0106939189,-0.0029958398,-0.0306037590,0.0303816125,0.0609562472
5.4913291931,-0.0176450890,0.0142419264,-0.0039855749,-0.0199457891,0.0336431861,0.0577404797
5.4972910881,-0.0169782396,0.0150353722,-0.0000490457,-0.0092448061,0.0336567685,0.0502989367
5.5072307587,-0.0143449819,0.0130031426,0.0000115126,0.0024720374,0.0359031409,0.0524009690
5.5171537399,-0.0126752546,0.0129427239,-0.0048271329,0.0014389968,0.0337132215,0.0471034124
5.5271301270,-0.0119412234,0.0099618491,-0.0096527841,0.0035740528,0.0316375569,0.0524273366
5.5372018814,-0.0102396524,0.0099694692,-0.0086400416,0.0047160164,0.0251748636,0.0450293422
5.5472640991,-0.0075037023,0.0070716417,-0.0037093670,0.0015380662,0.0250867121,0.0375953950
5.5571880341,-0.0037612384,0.0070076990,-0.0036634714,-0.0090575861,0.0153893456,0.0387306996
5.5671920776,-0.0028676381,0.0087872222,-0.0036532194,-0.0111241983,0.0099658174,0.0313305743
5.5771741867,-0.0039265519,0.0096047670,0.0022153943,-0.0142912315,0.0098473066,0.0196443573
5.5872392654,-0.0078642806,0.0045065465,0.0070919483,-0.0153152170,0.0086797765,0.0090287309
5.5971632004,-0.0089033386,0.0033604461,0.0061263531,-0.0142408973,0.0128532164,-0.0037472516
5.6072058678,-0.0099705597,0.0032308339,0.0061370223,-0.0056580612,0.0096678091,-0.0090445448
5.6171798706,-0.0051599881,0.0003098376,0.0052143424,0.0050021727,0.0118779670,-0.0101283193
5.6272149086,-0.0033247983,0.0023696586,0.0023075431,0.0167381912,0.0130284522,-0.0112063661
5.6371369362,-0.0034467643,0.0006476861,0.0013372391,0.0305607952,0.0164133310,-0.0027383128
5.6471691132,-0.0016569709,-0.0019307047,0.0033283322,0.0336929411,0.0228957310,0.0025294195
5.6571521759,-0.0057663834,-0.0065781777,-0.0005621821,0.0261645839,0.0292601530,0.0035554026
5.6671953201,-0.0108782789,-0.0123494901,-0.0025089891,0.0026749698,0.0290966351,0.0056976490
5.6771087646,-0.0110747358,-0.0153967328,-0.0024712593,-0.0260887705,0.0224528480,0.0046981648
5.6871891022,-0.0083306795,-0.0187382624,-0.0043659718,-0.0581140779,0.0222142283,0.0057844678
5.6970958710,-0.0085276058,-0.0194127932,0.0054454296,-0.0868430585,0.0133879790,-0.0005129757
5.7071838379,-0.0076603433,-0.0115485862,0.0015203445,-0.0900377929,0.0091607440,0.0080157975
5.7171101570,-0.0067509925,-0.0035995734,-0.0063163550,-0.0697429031,0.0050970260,0.0144023234
5.7271761894,-0.0067199608,-0.0041896538,-0.0121633913,-0.0430087633,-0.0010998832,0.0154862301
5.7370820045,-0.0066985255,-0.0025428389,-0.0151038673,-0.0184468273,-0.0009422242,0.0112165175
5.7471590042,-0.0037601953,0.0003097650,-0.0170417931,-0.0035174116,0.0013017553,0.0101291500
5.7570810318,-0.0037270179,0.0003657412,-0.0160692241,0.0082646785,-0.0028956528,0.0090878531
5.7671270370,-0.0036852797,-0.0024083448,-0.0111774113,0.0082819890,-0.0029409267,0.0037761782
5.7770771980,-0.0055399453,-0.0082428120,-0.0101922657,-0.0098607959,-0.0041340226,0.0059224200
5.7870779037,-0.0054501137,-0.0093721114,-0.0111718681,-0.0247515924,-0.0106619634,0.0059751505
5.7970838547,-0.0043352535,-0.0067577050,-0.0150835421,-0.0311347917,-0.0139051601,0.0070613204
5.8070740700,-0.0022068983,-0.0021675383,-0.0151099470,-0.0278500505,-0.0235079881,0.0060589071
5.8170709610,-0.0019726446,-0.0013924803,-0.0131754186,-0.0128813526,-0.0255492982,0.0039375662
5.8271288872,-0.0046474701,-0.0033883029,-0.0063767941,0.0031663226,-0.0286588054,0.0007593497
5.8370461464,-0.0024207821,-0.0012964647,-0.0063890726,0.0213587750,-0.0317781679,-0.0056078690
5.8470487595,-0.0011226228,-0.0039218632,-0.0064064176,0.0352034867,-0.0294971690,-0.0013827642
5.8570561409,-0.0066585457,-0.0045335260,-0.0084398892,0.0458614528,-0.0272803549,-0.0014030039
5.8670639992,-0.0083115241,-0.0050384146,-0.0045714886,0.0416358188,-0.0326570123,-0.0013651871
5.8770060539,-0.0040806001,-0.0064891265,0.0032461970,0.0384675898,-0.0359073989,-0.0034660215
5.8870930672,-0.0017895168,-0.0070826528,0.0100573394,0.0277504958,-0.0369228646,0.0124839172
5.8970150948,-0.0053376621,-0.0059052580,0.0129185412,0.0170388613,-0.0369087458,0.0231121927
5.9070439339,-0.0069295829,-0.0058518169,0.0070122569,0.0084485691,-0.0295208730,0.0198831111
5.9168591499,-0.0066962382,-0.0058221580,0.0069907396,0.0030466141,-0.0210251212,0.0187712386
5.9269709587,-0.0074723503,-0.0058291410,0.0050056069,0.0019698981,-0.0157802925,0.0081140688
5.9369969368,-0.0092918491,-0.0048866221,0.0030253618,-0.0023131305,-0.0095029557,-0.0036087669
5.9470720291,-0.0111434003,-0.0088167153,0.0079013798,-0.0087196315,-0.0064096935,-0.0110610910
5.9567360878,-0.0111192381,-0.0069311191,0.0157088134,-0.0140092010,-0.0118036596,-0.0120848101
5.9668512344,-0.0080870679,-0.0001960289,0.0117777083,-0.0108139412,-0.0117607834,-0.0099625364
5.9770269394,-0.0098858690,0.0036388296,0.0048823445,0.0030837646,-0.0169395655,-0.0035658902
5.9870548248,-0.0097280657,0.0067288238,0.0068151443,0.0222848896,-0.0178053584,0.0028006625
5.9971060753,-0.0095780408,0.0070289350,0.0077712624,0.0350432955,-0.0123456139,0.0048816567
6.0069708824,-0.0055623939,0.0045352872,0.0117032025,0.0392691977,-0.0090611372,0.0101693626
6.0169939995,-0.0073731756,0.0029126476,0.0067874282,0.0338948071,-0.0058677406,0.0133389244
6.0269560814,-0.0092121577,0.0002518665,0.0057963817,0.0210895296,-0.0059758648,0.0122861760
6.0371651649,-0.0139956689,-0.0015904460,0.0018505544,0.0125277340,0.0002932162,0.0037547401
6.0469841957,-0.0120109012,-0.0014798347,0.0008854359,0.0050887261,0.0011954952,-0.0089946110
6.0569119453,-0.0080804667,-0.0033602589,0.0067853420,-0.0011979323,-0.0085732462,-0.0206126515
6.0669422150,-0.0079988828,-0.0014454167,0.0077387779,-0.0044019818,-0.0075473962,-0.0227418486
6.0771698952,-0.0069240918,-0.0014807325,0.0038407533,-0.0011938047,-0.0075410050,-0.0259356443
6.0869340897,-0.0039728051,0.0034515443,0.0048106997,0.0041239951,-0.0064038350,-0.0227595586
6.0969510078,-0.0010134792,0.0084237531,0.0018733233,0.0136639709,-0.0030173594,-0.0100381710
6.1068859100,-0.0029416671,0.0086104851,0.0038043349,0.0221368186,0.0014050860,-0.0005112446
6.1171011925,-0.0077747246,0.0029733065,0.0047589629,0.0264222436,0.0024426535,-0.0079573095
6.1269149780,-0.0077551743,-0.0006871301,0.0037924736,0.0210732855,0.0013869766,-0.0015723810
6.1369309425,-0.0057896962,-0.0033993614,0.0038181036,0.0178824179,-0.0007584661,0.0005692001
6.1468892097,-0.0067586070,-0.0002957214,0.0008671969,0.0232122019,0.0013931019,-0.0026356480
6.1570391655,-0.0087069636,-0.0000766464,-0.0050271661,0.0295975301,0.0067215543,-0.0101107415
6.1669211388,-0.0096644899,-0.0056359009,-0.0030485899,0.0275170691,0.0013342460,-0.0132615278
6.1768651009,-0.0096658533,-0.0102908053,0.0018592566,0.0179762952,-0.0041422783,-0.0206584595
6.1869468689,-0.0076757139,-0.0081532896,0.0028269975,0.0137346778,-0.0063399188,-0.0238284171
6.1968779564,-0.0037423512,-0.0040514437,0.0038077324,0.0169292726,-0.0083852271,-0.0153157571
6.2069339752,-0.0026920950,-0.0067743552,0.0077177971,0.0158128757,-0.0040823575,-0.0110933147
6.2168607712,-0.0035970500,-0.0115296654,0.0087176654,0.0040615443,-0.0031020478,-0.0110926498
6.2269330025,-0.0055232486,-0.0125317257,0.0087016318,-0.0087839458,0.0000322266,-0.0079168295
6.2368531227,-0.0074530458,-0.0136835426,0.0077129691,-0.0162814111,0.0021323953,-0.0058016144
6.2469148636,-0.0075090071,-0.0119061451,0.0047774403,-0.0152896503,0.0117501356,-0.0069270660
6.2568397522,-0.0037460541,-0.0060709813,0.0057786792,-0.0035521667,0.0108060446,-0.0026783920
6.2669138908,0.0010153810,-0.0030550142,0.0058006733,0.0113759162,0.0099162823,0.0047536921
6.2768392563,0.0009458745,-0.0048542512,0.0019156426,0.0198387764,0.0143650938,0.0174680222
6.2868642807,-0.0020608446,-0.0096075125,0.0009459346,0.0102061229,0.0154047925,0.0227799639
6.2969269753,-0.0050767353,-0.0115639865,-0.0039412887,-0.0036909170,0.0174437072,0.0238389708
6.3069591522,-0.0081159240,-0.0116859153,-0.0059111626,-0.0153744705,0.0119730420,0.0196330398
6.3169169426,-0.0092019429,-0.0089326575,-0.0049531967,-0.0238858014,0.0107874023,0.0132706147
6.3269472122,-0.0073596975,-0.0081390999,-0.0010186941,-0.0227643438,0.0075170407,0.0047919080
6.3368921280,-0.0083618080,-0.0083426125,-0.0010113628,-0.0194760058,0.0020881868,-0.0079232212
6.3466520309,-0.0075065484,-0.0016383588,-0.0000560195,-0.0131102521,0.0064216824,-0.0068933768
6.3568029404,-0.0007421961,0.0052022110,-0.0009986073,0.0029010726,0.0013145385,0.0058752825
6.3668670654,0.0011472190,0.0072778235,-0.0009984882,0.0167247429,0.0057420437,0.0111488737
6.3767938614,-0.0017677387,0.0045034620,-0.0029689581,0.0177958645,0.0046959543,0.0132815335
6.3866209984,-0.0046934849,-0.0002248999,-0.0049232752,0.0124290632,0.0078699095,0.0143270902
6.3966760635,-0.0076788208,-0.0040527307,-0.0019892962,0.0006831912,0.0088371690,0.0132674184
6.4066047668,-0.0096795773,-0.0050908034,-0.0019976408,-0.0088834157,0.0076126480,0.0037205187
6.4166359901,-0.0087925484,0.0016501431,-0.0029829652,-0.0120361988,0.0053676032,-0.0058235852
6.4265789986,-0.0068590781,0.0045242640,-0.0039576204,0.0008356571,-0.0009728505,-0.0089786313
6.4366002083,-0.0058794087,0.0036118585,-0.0039592297,0.0093733519,-0.0009038746,-0.0089864880
6.4466199875,-0.0068318760,0.0017540414,-0.0039477260,0.0104860207,-0.0031055100,-0.0174721181
6.4565677643,-0.0067432066,-0.0030665961,-0.0078433063,0.0029788362,-0.0020242664,-0.0089737047
6.4666209221,-0.0076493314,-0.0050737192,-0.0107755568,-0.0119452523,-0.0053279176,-0.0068170773
6.4765710831,-0.0085142767,-0.0032338467,-0.0156800654,-0.0097687840,-0.0096036233,-0.0089160483
6.4865779877,-0.0054892516,0.0015883442,-0.0166659858,-0.0065314453,-0.0138537623,-0.0088907480
6.4966182709,-0.0034019565,0.0035095843,-0.0137513187,-0.0022374969,-0.0191124398,-0.0024841139
6.5065541267,-0.0032126149,-0.0003634993,-0.0078786518,0.0020179683,-0.0169510189,-0.0035634933
6.5166072845,-0.0039743921,-0.0022713584,-0.0059444220,0.0041904412,-0.0201718453,-0.0077961888
6.5265469551,-0.0047651296,-0.0032222052,-0.0010815769,-0.0021947538,-0.0213172715,-0.0109714754
6.5365858078,-0.0035237735,-0.0061340001,-0.0001126439,-0.0010703672,-0.0277320258,-0.0119922655
6.5465378761,-0.0032865992,-0.0021798057,0.0008229106,0.0063992674,-0.0245314389,-0.0194549747
6.5566101074,-0.0010610884,-0.0010512102,0.0008080691,0.0170929246,-0.0255458374,-0.0226425119
6.5665411949,-0.0007697558,-0.0027855192,0.0007767170,0.0245913193,-0.0307864062,-0.0173018090
6.5765910149,-0.0004812693,-0.0055048396,0.0017389745,0.0181105174,-0.0254081525,-0.0077719539
6.5865368843,-0.0012519425,-0.0063094576,0.0075726002,0.0095154317,-0.0211449657,-0.0014192495
6.5965709686,-0.0020497954,-0.0072501455,0.0095081422,-0.0023015467,-0.0137179401,0.0027901428
6.6064791679,-0.0058678156,-0.0043900465,0.0104289744,-0.0044975895,-0.0083455453,0.0080687944
6.6165680885,-0.0077283299,-0.0054384810,0.0084716175,-0.0056279683,-0.0019145443,0.0112151857
6.6265172958,-0.0135820052,-0.0064806123,0.0123325083,-0.0024630670,0.0055279257,0.0037279748
6.6365060806,-0.0136964237,-0.0074352683,0.0172229502,0.0017939955,0.0087309098,-0.0005453331
6.6464929581,-0.0108789643,-0.0054265973,0.0172465537,0.0038904361,0.0109392032,0.0058132298
6.6565399170,-0.0090398928,-0.0053746481,0.0162948463,0.0049236100,0.0120819658,0.0132406540
6.6664910316,-0.0091530001,-0.0043574800,0.0153272245,0.0038564815,0.0099815298,0.0185669754
6.6765279770,-0.0082733845,-0.0013867434,0.0075078695,0.0112574054,0.0154537940,0.0270262416
6.6864681244,-0.0093736118,0.0016528290,0.0016269772,0.0208463818,0.0176655483,0.0270052012
6.6964678764,-0.0075275367,-0.0040390627,-0.0012460857,0.0122924428,0.0218208786,0.0206094868
6.7065248489,-0.0067000380,-0.0069746231,-0.0012002499,-0.0111359181,0.0162684545,0.0174746793
6.7164540291,-0.0058179488,-0.0061267768,-0.0011875541,-0.0174733065,0.0129059469,0.0047512953
6.7264499664,-0.0078919148,-0.0004578237,-0.0012215883,-0.0163308121,0.0074890768,-0.0047758976
6.7365112305,-0.0050354814,0.0024195570,0.0027047484,-0.0024058092,0.0043324330,-0.0111377900
6.7464509010,-0.0040983474,0.0034611593,0.0017290205,0.0104221050,0.0033356114,-0.0143274581
6.7565112114,-0.0031036874,0.0016439423,-0.0011884482,0.0147050004,0.0022887227,-0.0153849991
6.7664399147,-0.0040696701,-0.0021186811,-0.0011753351,0.0093469871,0.0043939520,-0.0143325180
6.7764768600,-0.0021445742,-0.0030038436,0.0007935255,0.0018958617,0.0000988054,-0.0100505538
6.7863292694,-0.0011392673,-0.0049197604,0.0008069366,-0.0034269979,-0.0020708719,-0.0089703761
6.7964820862,-0.0059582805,-0.0079538580,-0.0031150491,-0.0055906838,0.0000790980,-0.0057965536
6.8064107895,-0.0088599166,-0.0090379789,-0.0060728700,-0.0109470999,0.0032258891,-0.0079380013
6.8164730072,-0.0079153767,-0.0091181658,-0.0041003139,-0.0077367919,0.0000916150,-0.0026088832
6.8263530731,-0.0069622537,-0.0081900991,-0.0040963800,-0.0067202626,0.0054616132,-0.0005196335
6.8364720345,-0.0041320017,-0.0072074947,0.0027747243,-0.0024239188,0.0012428996,0.0026938696
6.8464031219,-0.0032003289,-0.0003448375,0.0027433722,0.0103360852,0.0035609147,0.0122314487
6.8563909531,-0.0022403589,-0.0031409808,-0.0011455923,0.0177477952,0.0090052150,0.0175041072
6.8664460182,-0.0022974601,-0.0069168531,-0.0030794651,0.0102619156,0.0110758226,0.0164335184
6.8764247894,-0.0053142672,-0.0108200777,0.0008360237,-0.0089758271,0.0120361587,0.0206883159
6.8863759041,-0.0063599264,-0.0119837113,0.0018241495,-0.0271021016,0.0087077403,0.0228473414
6.8964171410,-0.0035300767,-0.0083397478,0.0037902682,-0.0313478485,0.0075673740,0.0186093189
6.9065809250,-0.0036352566,0.0001495700,-0.0001475722,-0.0196485780,0.0119512035,0.0206975043
6.9165329933,-0.0037825173,0.0039547156,-0.0021025450,-0.0015060604,0.0141917216,0.0164212659
6.9265222549,-0.0039259857,0.0030286829,0.0028062551,0.0081092827,0.0131972963,0.0164210014
6.9365167618,0.0008475119,0.0012062133,0.0038362234,0.0081187375,0.0121272393,0.0164285898
6.9466142654,0.0017775754,-0.0006938711,0.0019039005,0.0017583100,0.0067340708,0.0164680053
6.9564909935,-0.0021192422,-0.0016929175,-0.0020315559,0.0028779022,0.0024226797,0.0111829620
6.9665031433,-0.0069478517,-0.0036486317,-0.0069472701,0.0061410740,-0.0008492798,0.0005779886
6.9765672684,-0.0117710894,-0.0036373665,-0.0069986493,0.0030000089,-0.0041710408,-0.0100220582
6.9864931107,-0.0088310754,-0.0055142739,-0.0050014765,0.0008561639,-0.0010266465,-0.0153529076
6.9966382980,-0.0029777503,-0.0064101187,0.0038282364,-0.0012358818,-0.0074312822,-0.0131881572
7.0068693161,0.0019712234,-0.0044395034,0.0028755157,-0.0034244675,-0.0062613557,0.0006168708
7.0165009499,-0.0008497452,-0.0015601892,-0.0030231387,0.0083198063,-0.0103596942,0.0112615256
7.0263309479,-0.0075978925,-0.0025084321,-0.0079737213,0.0156706627,0.0015174714,0.0186161101
7.0363411903,-0.0095512783,-0.0033685644,-0.0070146234,0.0135236224,0.0025787412,0.0196731202
7.0462851524,-0.0027207574,-0.0032274988,-0.0020762593,0.0050390577,-0.0049502817,0.0218526497
7.0563611984,-0.0007202467,-0.0011919442,-0.0010915905,0.0103439409,-0.0027339989,0.0260834806
7.0662970543,-0.0036443165,-0.0010725636,0.0027775257,0.0156806502,-0.0006005405,0.0207539648
7.0765070915,-0.0036554774,-0.0028651436,0.0066959946,0.0167500414,0.0035848834,0.0090388507
7.0864429474,-0.0027115336,-0.0027041980,0.0047427504,0.0156893060,0.0056506973,0.0015894570
7.0965089798,-0.0017716726,-0.0016011636,0.0008358448,0.0157118086,0.0045460183,-0.0026530917
7.1064310074,-0.0017573079,-0.0024016169,-0.0020825774,0.0199832525,0.0035284243,-0.0005246934
7.1164650917,-0.0037129512,-0.0031452482,-0.0001511485,0.0232200585,0.0003283700,-0.0015638589
7.1264257431,-0.0046758344,-0.0049016704,0.0008198708,0.0146723781,-0.0007611292,0.0037611318
7.1363930702,-0.0095383069,-0.0067584780,0.0027369945,0.0103985360,-0.0007856303,0.0037600663
7.1464242935,-0.0104915788,-0.0096681491,0.0056805699,-0.0045500528,-0.0019337190,0.0080275154
7.1564350128,-0.0104825636,-0.0067965840,0.0066404431,-0.0077252062,-0.0062107560,0.0112468777
7.1664037704,-0.0065044379,-0.0039014746,0.0076247542,-0.0012854170,-0.0125283059,0.0165953040
7.1764640808,-0.0074056974,-0.0009301755,0.0027024834,0.0168011747,-0.0049137962,0.0154698528
7.1863961220,-0.0064140698,0.0022244840,0.0026931255,0.0285124257,0.0004844312,0.0111771030
7.1964330673,-0.0025406247,0.0005949825,0.0046869009,0.0273723267,0.0069412650,0.0175111648
7.2063889503,-0.0016174605,-0.0011535402,0.0056775301,0.0145619893,0.0058006332,0.0207146816
7.2163972855,-0.0065327054,-0.0040402566,0.0056505888,-0.0014653141,0.0099013690,0.0143229617
7.2263631821,-0.0075919768,-0.0051080440,0.0056622117,-0.0174765047,0.0118697109,0.0090094227
7.2364602089,-0.0057324236,-0.0033403416,0.0066657751,-0.0259629320,0.0064381943,0.0069276299
7.2463679314,-0.0028886711,0.0022967788,0.0037323921,-0.0195758734,0.0065330029,0.0122345118
7.2564330101,-0.0078467121,0.0030767913,0.0036982982,-0.0100123296,0.0109021841,0.0143233612
7.2663731575,-0.0089571318,0.0039392444,0.0007693857,-0.0037046326,0.0227077119,0.0142424013
7.2764039040,-0.0072293719,0.0039230543,-0.0021227510,0.0005448405,0.0259301364,0.0120930979
7.2863149643,-0.0025859466,0.0030247248,0.0037998646,0.0005855868,0.0185033791,0.0185155757
7.2963719368,-0.0017545512,0.0030135210,0.0028534024,-0.0004899316,0.0185156297,0.0206398461
7.3063259125,-0.0037937379,0.0010329854,-0.0010576755,0.0006475048,0.0120662525,0.0153689180
7.3164052963,-0.0058228737,0.0000235137,-0.0020412118,-0.0014358861,0.0087785805,0.0079557430
7.3263239861,-0.0058851158,0.0000165921,-0.0010583908,-0.0003298754,0.0045028753,0.0069203060
7.3363227844,-0.0078362292,-0.0029173349,-0.0000809938,0.0040082815,0.0001728414,-0.0036797402
7.3463940620,-0.0078105768,-0.0047922698,-0.0020206482,0.0093657626,0.0022519715,-0.0153832678
7.3562669754,-0.0049265465,-0.0027296436,-0.0000532180,0.0040512909,0.0000612549,-0.0164262950
7.3663010597,-0.0010343185,-0.0016829747,0.0038813441,-0.0012854170,-0.0020722034,-0.0110967774
7.3763141632,-0.0019637262,-0.0006892368,0.0028843372,0.0040636752,-0.0041531976,-0.0089607891
7.3863019943,-0.0018819114,-0.0054947403,0.0009562462,0.0093636317,0.0012136048,-0.0111240745
7.3963041306,-0.0009296602,-0.0083153099,0.0058528273,0.0018770862,0.0022386555,-0.0100656012
7.4062757492,-0.0019342592,-0.0073405211,0.0097588990,-0.0034404472,-0.0009906937,-0.0079161637
7.4162850380,-0.0029357662,-0.0024522790,0.0077602356,0.0039733942,0.0044472148,-0.0037071710
7.4263491631,-0.0010553962,-0.0013542644,0.0077775805,0.0145860910,0.0099186786,0.0015618932
7.4362840652,0.0017934153,-0.0021881019,0.0029310673,0.0113138650,0.0163515452,0.0068344199
7.4462361336,-0.0022504767,-0.0051206690,-0.0009752423,-0.0026285816,0.0206006188,0.0163781233
7.4584732056,-0.0063373363,-0.0082280748,-0.0029346854,-0.0187135432,0.0269466657,0.0237878375
7.4664592743,-0.0085318452,-0.0085284580,-0.0048717768,-0.0347175449,0.0268047191,0.0216751508
7.4769878387,-0.0107612303,-0.0059918282,-0.0038928301,-0.0368432775,0.0246720575,0.0238136686
7.4868822098,-0.0119408658,-0.0034469892,-0.0077861459,-0.0304053519,0.0194051266,0.0270305015
7.4969182014,-0.0111524900,-0.0027169795,-0.0067868144,-0.0175802335,0.0173691381,0.0270335637
7.5068283081,-0.0083670160,-0.0028240108,-0.0028343112,-0.0100557404,0.0110145705,0.0270695165
7.5160908699,-0.0055391407,0.0030122022,-0.0077258856,0.0102679078,0.0068762843,0.0249584280
7.5261511803,-0.0036261817,0.0071151513,-0.0106589105,0.0295196325,0.0027409275,0.0239094105
7.5360641479,-0.0016631698,0.0055161580,-0.0096757915,0.0338478014,-0.0015627407,0.0164967664
7.5460052490,-0.0006391024,0.0009452529,-0.0057360441,0.0221397467,-0.0048778434,0.0144016575
7.5561227798,0.0014500478,-0.0028420729,-0.0086466577,0.0019410020,-0.0115221646,0.0059610354
7.5660490990,-0.0032761833,-0.0039236252,-0.0077109844,-0.0183102079,-0.0107099004,-0.0057163928
7.5761089325,-0.0012276610,-0.0021695443,-0.0047858269,-0.0267725363,-0.0172514226,-0.0131049342
7.5860528946,0.0008941824,-0.0014115315,-0.0038036616,-0.0214254409,-0.0151451286,-0.0216214582
7.5961060524,0.0010065222,0.0053180861,-0.0048222453,0.0009754738,-0.0138897151,-0.0205849539
7.6060261726,0.0011102045,0.0064841281,-0.0029013068,0.0308414921,-0.0115120448,-0.0195588376
7.6160869598,-0.0007742262,0.0049339416,0.0029394119,0.0425424911,-0.0060869185,-0.0206644498
7.6260161400,-0.0006890362,0.0015516054,0.0088073108,0.0521634258,-0.0102331946,-0.0142699331
7.6360769272,-0.0005653789,0.0001135614,0.0068300455,0.0510579497,-0.0080502015,-0.0079087075
7.6460151672,-0.0033326512,-0.0052930345,0.0038766949,0.0425467528,-0.0102808643,-0.0110754715
7.6560750008,-0.0061485535,-0.0089223981,0.0028846352,0.0179342162,-0.0040325560,-0.0079109706
7.6659951210,-0.0090460172,-0.0118264109,0.0058119982,-0.0141139980,-0.0010740506,-0.0079077743
7.6760449409,-0.0071005514,-0.0100953002,0.0087459777,-0.0332890227,-0.0075971973,-0.0036033075
7.6859903336,-0.0050848192,-0.0045783785,0.0048274486,-0.0280077085,-0.0053188633,0.0080645345
7.6960501671,-0.0070367744,0.0019901688,0.0008797139,-0.0173626542,-0.0020229348,0.0090990383
7.7059803009,-0.0080188131,0.0038033198,-0.0020767362,-0.0024596052,0.0034272240,0.0079908967
7.7160511017,-0.0080891466,0.0047712247,-0.0020701797,0.0028299652,0.0088211913,0.0090146158
7.7259759903,-0.0032600751,-0.0000289012,0.0009247154,-0.0013906127,0.0044770427,0.0047961692
7.7361741066,-0.0023036292,-0.0029675332,0.0058410256,-0.0056311637,0.0012303826,0.0037570037
7.7461209297,-0.0032689637,-0.0000869635,0.0038713305,-0.0023818398,-0.0020053580,-0.0025986300
7.7561869621,-0.0051896265,0.0008673068,0.0018858999,-0.0023951568,0.0011683310,-0.0058037443
7.7660980225,-0.0061515560,-0.0010976720,0.0018862576,-0.0044846730,-0.0010580716,-0.0142869782
7.7761793137,-0.0071068173,-0.0031071571,0.0009104103,-0.0055611217,0.0010476897,-0.0174888968
7.7861118317,-0.0031783273,-0.0051068743,-0.0000187070,-0.0076993750,0.0010402328,-0.0164249633
7.7961411476,-0.0041353917,-0.0012629427,0.0009242385,0.0019443315,-0.0052560125,-0.0110772029
7.8060932159,-0.0030949851,0.0017573420,-0.0049426467,0.0189808384,-0.0029230835,-0.0036674899
7.8161582947,-0.0030583804,0.0010521092,-0.0039774687,0.0317842513,-0.0028112305,-0.0026166062
7.8260531425,-0.0040311730,0.0013981011,-0.0020365031,0.0349496827,0.0004468807,0.0005472288
7.8361539841,-0.0020330762,-0.0030980823,0.0009105891,0.0307368301,-0.0060086218,-0.0004698324
7.8460779190,-0.0029177209,-0.0067882896,0.0038420050,0.0125927143,-0.0051074079,-0.0036501796
7.8560910225,-0.0057455590,-0.0076930639,0.0038162558,0.0051600984,-0.0094502242,-0.0046786922
7.8660850525,-0.0066549843,-0.0066954312,0.0018401832,0.0051161563,-0.0041065919,-0.0047133132
7.8761053085,-0.0085873520,-0.0076341149,0.0037750094,0.0018764203,0.0011952290,-0.0068707401
7.8860678673,-0.0056814542,-0.0036778678,0.0018368453,0.0029139882,0.0044187191,-0.0058299769
7.8961219788,-0.0057294955,-0.0036610668,-0.0011033923,0.0039254567,0.0087562092,0.0005155369
7.9060568810,-0.0067797517,-0.0045946543,0.0008550375,0.0049947160,0.0077138487,0.0026463321
7.9161219597,-0.0059247455,-0.0035592956,0.0028302162,0.0028471425,0.0066845366,0.0090280659
7.9260349274,-0.0040037250,-0.0034836237,0.0028464883,0.0071273753,0.0045982162,0.0111633874
7.9360322952,-0.0020858040,-0.0014143403,0.0028451174,0.0124876527,0.0014415714,0.0122429002
7.9460110664,-0.0030168658,-0.0032417220,-0.0020425827,0.0177966636,0.0036474678,0.0154120624
7.9560728073,-0.0059294617,-0.0021211435,-0.0069607408,0.0188901573,0.0035886117,0.0079767825
7.9660062790,-0.0079055866,-0.0039093276,-0.0079548266,0.0178137086,0.0067412616,0.0026451340
7.9760260582,-0.0060547804,-0.0027717953,-0.0069599063,0.0103181088,0.0098824603,0.0015666867
7.9861130714,-0.0012314459,-0.0026499485,-0.0039842636,0.0061188363,0.0012996249,0.0016252762
7.9972300529,0.0016703019,0.0013485920,-0.0039864690,0.0082577541,-0.0007858966,0.0058872662
8.0058279037,0.0007314393,0.0024383250,-0.0020570070,0.0168320686,-0.0049947565,0.0059085712
8.0158271790,-0.0021259403,-0.0003489222,-0.0030429275,0.0168375261,-0.0060546948,0.0069779642
8.0258436203,-0.0059534973,-0.0012026395,-0.0040607364,0.0136404019,-0.0050469544,0.0027240966
8.0358266830,-0.0039013019,-0.0010912757,-0.0079615619,0.0094320746,-0.0094241258,-0.0057452880
8.0455837250,-0.0008715605,-0.0029297736,-0.0040374310,0.0041038883,-0.0105341310,-0.0057343692
8.0558128357,0.0011979276,-0.0028848764,-0.0030584247,0.0052124294,-0.0148148965,-0.0067672757
8.0657300949,0.0022996673,0.0020759213,-0.0060191662,0.0126458444,-0.0125653241,-0.0004127074
8.0757999420,-0.0005095592,0.0031851004,-0.0070425184,0.0179749634,-0.0125062019,0.0006412384
8.0856237411,-0.0043080961,-0.0005178679,-0.0031514079,0.0232714582,-0.0071303453,-0.0004597125
8.0958061218,-0.0061239367,-0.0081815608,0.0007568687,0.0051503778,-0.0104712807,0.0006387085
8.1058320999,-0.0049986159,-0.0081450455,0.0027096360,-0.0011522593,-0.0212443005,-0.0035365953
8.1157913208,-0.0028797081,-0.0032464345,0.0007233709,0.0009648204,-0.0169984233,-0.0088774320
8.1256771088,-0.0027220985,-0.0021933881,0.0026581972,0.0105767017,-0.0179837923,-0.0078153629
8.1357736588,-0.0025520762,-0.0021170643,-0.0002887160,0.0062766289,-0.0168918949,-0.0014460140
8.1459579468,-0.0014284393,-0.0010646809,0.0006709784,0.0073336377,-0.0168564748,0.0017401921
8.1559333801,-0.0022511100,-0.0010200668,0.0006553620,0.0062464019,-0.0157653783,0.0059862025
8.1660060883,-0.0050139343,-0.0048729484,0.0016018241,0.0094030462,-0.0114385411,0.0091431141
8.1759166718,-0.0058378419,-0.0077404906,0.0025783866,0.0061972667,-0.0104070986,0.0080779828
8.1859436035,-0.0047954610,-0.0047572707,0.0035294979,0.0019066483,-0.0082936138,0.0091296639
8.1959238052,-0.0037086299,-0.0047205170,0.0006051153,0.0051309364,-0.0093748569,0.0038185227
8.2060985565,-0.0026482558,-0.0036931378,0.0015707701,0.0062140441,-0.0104534375,0.0016999780
8.2157974243,-0.0045201695,-0.0026709330,0.0034982054,0.0061928728,-0.0083066635,0.0027483315
8.2259826660,-0.0053966856,-0.0025943411,0.0034710853,0.0083487015,-0.0104366597,0.0016982472
8.2358942032,-0.0043054139,-0.0054328633,0.0083717201,0.0019456632,-0.0115336161,0.0048998995
8.2461042404,-0.0022706157,-0.0024552313,0.0103119109,0.0040804530,-0.0115171038,0.0048983013
8.2558765411,-0.0031626066,0.0005715896,0.0132128093,0.0115402341,-0.0103841946,0.0048825885
8.2659187317,-0.0031149304,0.0026698555,0.0131867621,0.0189241134,0.0003608607,0.0048077540
8.2758779526,-0.0040834313,0.0018938292,0.0082979891,0.0263949465,0.0014674040,0.0026714993
8.2860460281,-0.0021193763,-0.0007322844,0.0053914874,0.0316634774,0.0090078786,0.0047437050
8.2958621979,-0.0041524386,-0.0043691290,0.0073434203,0.0263262372,0.0100118900,0.0015519061
8.3058843613,-0.0062075173,-0.0071065840,0.0093005989,0.0113616688,0.0120428167,0.0026115780
8.3158521652,-0.0053574434,-0.0070489277,0.0122395847,-0.0057002734,0.0097777983,0.0037028082
8.3260536194,-0.0044596707,-0.0041758162,0.0141997430,-0.0088531896,0.0033497266,0.0048090853
8.3358411789,-0.0064478656,-0.0032925722,0.0112602804,-0.0014175093,0.0055926405,0.0101001207
8.3458709717,-0.0064737713,-0.0052899797,0.0093133543,-0.0024814419,0.0055753300,0.0090385843
8.3558559418,-0.0075136414,-0.0053371345,0.0093208645,-0.0046652341,0.0109168319,0.0111320959
8.3659229279,-0.0046996614,-0.0024986421,0.0044514625,-0.0079129608,0.0151941357,0.0142938010
8.3758049011,-0.0019577062,0.0003402863,0.0025332063,-0.0111951735,0.0226981230,0.0195582043
8.3858823776,-0.0041245883,0.0021454501,-0.0004018456,-0.0101592038,0.0248800516,0.0237928964
8.3957910538,-0.0052947020,-0.0028477390,0.0006144136,-0.0122911967,0.0248558167,0.0227314942
8.4058132172,-0.0055536618,-0.0029769619,0.0045465915,-0.0154638197,0.0237079933,0.0163668040
8.4158029556,-0.0067269718,-0.0031276573,0.0006504744,-0.0122479200,0.0247436985,0.0099852057
8.4258527756,-0.0050219884,0.0016569827,-0.0003029019,-0.0068845805,0.0215787981,0.0100019835
8.4357881546,-0.0062082699,0.0045646834,-0.0012920410,0.0048860596,0.0215918459,0.0004303162
8.4458303452,-0.0034770137,0.0036930400,-0.0031998069,0.0124049624,0.0183891281,-0.0059285136
8.4557638168,0.0012606764,0.0038832161,-0.0041230232,0.0209968518,0.0109980581,-0.0026978331
8.4657821655,0.0031495402,0.0041096131,-0.0089899208,0.0242078248,0.0099540995,-0.0026933057
8.4757404327,0.0011444474,0.0014074516,-0.0080158021,0.0221029967,0.0067220870,-0.0037331369
8.4858074188,-0.0018084636,-0.0042981659,-0.0041101486,0.0061163064,0.0065348670,-0.0111574978
8.4957227707,-0.0028258702,-0.0052923379,-0.0050815851,-0.0109578855,0.0074371463,-0.0154019091
8.5057630539,-0.0047982251,-0.0044470695,-0.0051062615,-0.0151398480,-0.0011909634,-0.0206549950
8.5155830383,-0.0057641556,-0.0055435007,-0.0070552737,-0.0066233240,-0.0000199714,-0.0164189711
8.5256118774,-0.0047956547,-0.0045904261,-0.0070545585,-0.0012844857,-0.0010293095,-0.0142913722
8.5357656479,-0.0028612902,-0.0036034551,-0.0041085989,-0.0034665456,0.0022170842,-0.0068708733
8.5458230972,-0.0019215038,0.0002589110,-0.0050983340,-0.0024196571,0.0001874889,0.0048278603
8.5558204651,-0.0019210642,0.0001864765,-0.0109535363,-0.0024873018,0.0034996623,0.0164895765
8.5660114288,0.0010127211,-0.0028047566,-0.0118792560,-0.0110368477,0.0034607800,0.0196829736
8.5757789612,0.0000090609,-0.0039163423,-0.0109107997,-0.0153073594,0.0044765095,0.0175555088
8.5856895447,0.0009685913,-0.0040685390,-0.0040553124,-0.0216432847,-0.0030722204,0.0154841011
8.5957632065,-0.0009758910,-0.0013156798,0.0017747969,-0.0162510499,-0.0063140867,0.0059376000
8.6056890488,-0.0038479110,0.0024976204,0.0056443899,-0.0033951728,-0.0094755245,-0.0004252244
8.6157627106,-0.0018087914,0.0065071876,0.0036619394,0.0201394483,-0.0136130117,-0.0057273116
8.6256780624,-0.0016681468,0.0048093828,0.0007281989,0.0329146311,-0.0081974734,-0.0089585250
8.6356678009,-0.0035174107,0.0002682317,0.0026779859,0.0308113992,-0.0103857936,-0.0121264886
8.6456718445,-0.0004948666,-0.0043331464,0.0036859005,0.0168529730,-0.0029577045,-0.0057905619
8.6556911469,-0.0005066758,-0.0002836105,0.0036638468,0.0114715239,-0.0018375788,0.0048287930
8.6656894684,-0.0034522256,0.0027453336,0.0036134808,0.0167648233,0.0014551536,0.0101156998
8.6757249832,-0.0073709032,0.0009622310,0.0065224259,0.0199599490,0.0025451854,0.0101081105
8.6856403351,-0.0093544116,0.0001568604,0.0065046041,0.0188624617,0.0078443438,0.0058249487
8.6957035065,-0.0074765971,0.0032626796,0.0084565375,0.0135860741,0.0024154894,0.0005512238
8.7056388855,-0.0046149334,0.0063614915,0.0104219411,0.0135578439,0.0066722860,-0.0016011433
8.7156953812,-0.0047045192,0.0045436318,0.0104264710,0.0135169644,0.0130524216,-0.0058940258
8.7256202698,-0.0067833206,0.0046408172,0.0074895709,0.0113680596,0.0151643073,-0.0069686109
8.7356872559,-0.0079183569,0.0027700323,0.0065264790,0.0070476136,0.0215399154,-0.0070050964
8.7456550598,-0.0080757206,-0.0010672103,0.0055947988,0.0049706143,0.0161435530,-0.0112182172
8.7556667328,-0.0081855496,-0.0039769602,0.0046300380,-0.0024665296,0.0128566790,-0.0143809877
8.7656135559,-0.0092678061,-0.0020643962,0.0016955226,-0.0013623834,0.0096315909,-0.0175480191
8.7756719589,-0.0074242493,0.0008855794,-0.0002499134,0.0018555149,0.0106611690,-0.0249934178
8.7855987549,-0.0016868999,0.0019818950,-0.0001973421,0.0082494980,0.0107378680,-0.0218112078
8.7956657410,0.0001767287,0.0001479048,-0.0001612813,0.0114246523,0.0108337412,-0.0133142583
8.8055906296,-0.0018833568,-0.0007555078,-0.0021225722,0.0081593506,0.0172484964,-0.0101664020
8.8156566620,-0.0000861874,-0.0026070070,0.0008488387,0.0050102961,0.0118553303,-0.0133175869
8.8255729675,0.0007820586,-0.0025837724,-0.0030478747,-0.0024878336,0.0150037184,-0.0133327674
8.8356685638,-0.0012687808,-0.0026492518,-0.0079332497,-0.0109794559,0.0095847193,-0.0143539570
8.8455734253,-0.0023350781,-0.0037492816,-0.0059676082,-0.0141693903,0.0084821694,-0.0154069699
8.8556451797,-0.0024036830,-0.0048169498,-0.0010755570,-0.0119907921,0.0042022038,-0.0175038092
8.8655767441,-0.0034517711,-0.0048825932,-0.0000921399,-0.0023807753,0.0042674514,-0.0185733363
8.8756494522,-0.0034867963,-0.0029039835,-0.0010818153,0.0072372304,0.0011739237,-0.0143114794
8.8855648041,-0.0034652045,-0.0047419709,-0.0030231387,0.0147089958,0.0012317142,-0.0143170711
8.8956079483,-0.0044614365,-0.0075875451,-0.0049760849,0.0050379927,0.0065527097,-0.0090360232
8.9055633545,-0.0025690785,-0.0075413142,-0.0049565942,-0.0024388321,0.0054624118,-0.0047741663
8.9156475067,0.0003302479,-0.0094672590,-0.0039467127,-0.0024333727,0.0023129575,0.0026862794
8.9255619049,0.0012236470,-0.0075359684,-0.0010104687,-0.0067535527,0.0055494970,0.0101050474
8.9355516434,0.0001800070,-0.0066231568,-0.0019945414,-0.0025130017,0.0087961573,0.0111442134
8.9455509186,-0.0008649817,-0.0056786244,-0.0039410503,-0.0003537107,0.0066571059,0.0090317940
8.9555435181,-0.0019104546,-0.0066549932,-0.0029736669,0.0007150164,0.0066626989,0.0090323268
8.9655666351,-0.0039012944,-0.0086392052,-0.0010152966,-0.0035545630,0.0066296752,0.0090355221
8.9755296707,-0.0039529195,-0.0096165910,0.0019182056,-0.0013658451,0.0002293005,0.0080108717
8.9855928421,-0.0039733192,-0.0086041614,0.0028944700,0.0061075175,0.0013286532,0.0048113498
8.9954280853,-0.0020604646,-0.0026304987,0.0009226888,0.0157179348,0.0003462131,0.0058719530
9.0055770874,-0.0001079058,-0.0024001044,-0.0019988925,0.0295503922,0.0037049919,0.0111524686
9.0157251358,0.0018223310,-0.0030670841,-0.0010008127,0.0295768902,0.0015454346,0.0090436442
9.0255260468,0.0008142302,-0.0028009606,0.0009284109,0.0231549442,0.0036333529,0.0090345899
9.0354785919,0.0007970566,-0.0065372405,0.0038855760,0.0082035586,0.0045825033,0.0079739857
9.0454959869,-0.0021533584,-0.0045648520,0.0038389652,-0.0013643792,0.0002242405,0.0069465381
9.0555620193,-0.0060570007,-0.0036409167,0.0008801311,-0.0003269454,0.0034501276,0.0090529658
9.0654907227,-0.0099883219,-0.0075611551,0.0037994473,-0.0003535775,0.0087484857,0.0037066699
9.0756711960,-0.0101220598,-0.0046349955,0.0018409580,0.0049648890,0.0119738402,0.0004923679
9.0854692459,-0.0053845113,0.0013482008,-0.0000917226,0.0145735741,0.0089053465,0.0079422947
9.0954627991,-0.0005722037,0.0025477144,-0.0010389597,0.0262985397,0.0069479230,0.0185713693
9.1054811478,0.0003314996,0.0028231475,0.0009244769,0.0263406187,0.0026549073,0.0164743960
9.1156682968,0.0022280226,0.0021035778,0.0028876751,0.0188536737,0.0047276458,0.0154027399
9.1255292892,0.0022139186,0.0002646629,0.0038776486,0.0049967137,0.0035244294,0.0122330468
9.1354675293,0.0021605054,0.0022444348,0.0067936270,-0.0003320063,0.0055540251,0.0047884458
9.1455163956,-0.0027397117,0.0012226138,0.0067665069,-0.0034977058,0.0043880930,-0.0037009122
9.1554679871,-0.0047381809,0.0021347660,0.0067412942,-0.0045888014,0.0075785597,-0.0047840201
9.1655149460,-0.0096842935,0.0011106838,0.0067182868,0.0017961273,0.0108161643,-0.0069342563
9.1754331589,-0.0107790669,0.0020824219,0.0008542627,0.0060228291,0.0161906891,-0.0069710081
9.1855068207,-0.0089587038,0.0031692530,-0.0040053041,0.0188246444,0.0163078681,-0.0048559257
9.1954259872,-0.0071507161,0.0024477388,-0.0039855153,0.0273528844,0.0164021440,-0.0016758447
9.2054748535,-0.0073077669,0.0007795874,-0.0029913099,0.0305393562,0.0175137483,0.0004395042
9.2154159546,-0.0044969460,-0.0008586202,-0.0029604943,0.0273439642,0.0143347336,0.0068378812
9.2254362106,-0.0007323986,0.0003855895,-0.0039051087,0.0209624972,0.0110880733,0.0079257824
9.2355966568,0.0011360804,0.0015200000,-0.0068325312,0.0081830528,0.0088195922,0.0036977483
9.2454414368,0.0030117193,0.0044876444,-0.0078065903,0.0028516706,0.0056264629,0.0100965258
9.2553977966,0.0001215497,-0.0014050830,-0.0087652709,-0.0088421376,0.0012295838,0.0069480035
9.2654037476,-0.0028133309,-0.0045008515,-0.0068195970,-0.0184420347,0.0032293512,-0.0004949993
9.2754201889,-0.0067436090,-0.0018534105,-0.0107588079,-0.0259293765,0.0053028883,-0.0015670545
9.2853841782,-0.0049140817,0.0077200639,-0.0098023321,-0.0109456340,0.0021760711,-0.0058068070
9.2953042984,-0.0010156622,0.0106918104,-0.0107647087,0.0093676262,-0.0019350506,-0.0047308905
9.3054437637,0.0018967623,0.0109029561,-0.0058604390,0.0243393853,-0.0060762661,-0.0025897087
9.3153753281,0.0010312656,0.0062785964,-0.0048845918,0.0286285393,-0.0071399328,-0.0057725860
9.3253765106,-0.0008127755,0.0045672613,-0.0058948309,0.0243994407,-0.0125075337,-0.0046724337
9.3353557587,-0.0016003316,-0.0010948967,-0.0078371074,0.0148647903,-0.0179984383,-0.0131290350
9.3454294205,-0.0033497727,-0.0039099311,-0.0068820626,0.0063586538,-0.0191965941,-0.0205520634
9.3553457260,-0.0060781827,-0.0038687591,-0.0069309981,0.0042253286,-0.0181712769,-0.0237445273
9.3653249741,-0.0059179207,-0.0028196541,-0.0040202648,0.0084949080,-0.0181382541,-0.0237477235
9.3753299713,-0.0008521965,-0.0036209044,-0.0039963038,0.0202575587,-0.0212413706,-0.0226750020
9.3854074478,0.0002582232,-0.0014068525,0.0008613556,0.0244658850,-0.0158194415,-0.0174011458
9.3953323364,0.0014288658,-0.0050142189,-0.0001106769,0.0287073702,-0.0157131813,-0.0089060608
9.4053611755,-0.0013030758,-0.0086849481,-0.0021034391,0.0233458932,-0.0135988975,-0.0067912443
9.4153203964,-0.0040743863,-0.0124276914,0.0027599423,0.0105647175,-0.0158596542,-0.0088894162
9.4253845215,-0.0019667810,-0.0123295784,0.0027581542,0.0041845827,-0.0159725733,-0.0163209662
9.4353160858,0.0020295018,-0.0063489270,0.0086136553,0.0095477896,-0.0212288536,-0.0109790657
9.4453420639,0.0031559477,-0.0051647504,0.0115199182,0.0244284682,-0.0167659279,-0.0025192681
9.4553031921,-0.0015810123,-0.0078502595,0.0153731201,0.0254517868,-0.0114137735,-0.0025548213
9.4653339386,-0.0064181080,-0.0066276309,0.0162880514,0.0264451467,-0.0007544713,-0.0068742018
9.4752788544,-0.0034749946,-0.0073382040,0.0094720814,0.0274911039,0.0003542027,-0.0036971839
9.4853029251,-0.0034396490,-0.0120342784,0.0045987456,0.0135273514,0.0088419635,0.0015694834
9.4952697754,-0.0054391539,-0.0158613883,0.0075463741,-0.0034854542,0.0022655532,-0.0015607963
9.5053138733,-0.0044831252,-0.0159621798,0.0046235411,-0.0163290799,0.0043492103,0.0037466176
9.5153083801,-0.0035994342,-0.0102479868,0.0046187132,-0.0088969981,0.0045097992,0.0154251102
9.5253314972,-0.0056159636,-0.0053906259,0.0035997718,0.0092367316,0.0036357499,0.0217924621
9.5352582932,-0.0037578037,-0.0032504802,0.0065422743,0.0209383965,0.0059210081,0.0281425044
9.5452785492,-0.0028307503,-0.0010735284,0.0045685261,0.0240724050,0.0113527915,0.0355418324
9.5552673340,-0.0019456437,-0.0018445927,0.0055594533,0.0197917707,0.0113482643,0.0387313627
9.5653114319,-0.0039880341,-0.0027381596,0.0016434877,0.0069460147,0.0165747181,0.0365816616
9.5752525330,-0.0032101264,-0.0007774796,0.0036117523,-0.0047995904,0.0185862035,0.0323267281
9.5852518082,-0.0043439707,0.0010588464,0.0036153882,-0.0175753087,0.0173550248,0.0249068979
9.5952301025,-0.0045086732,0.0038043926,0.0026426404,-0.0153805967,0.0140790707,0.0153674539
9.6053028107,-0.0056233620,0.0095738024,-0.0003035576,0.0017496543,0.0140753416,-0.0005803534
9.6152191162,-0.0018654456,0.0136456154,-0.0002851993,0.0220639817,0.0099599585,-0.0005691682
9.6252851486,0.0009922469,0.0129936300,-0.0012524636,0.0359523669,0.0089895017,-0.0016349654
9.6352090836,0.0009183744,0.0094206519,-0.0002522976,0.0306264423,0.0078728395,-0.0026875800
9.6452093124,-0.0010468950,0.0047888788,-0.0002590925,0.0167748109,0.0056099510,-0.0047880150
9.6551856995,-0.0030115983,0.0000094656,0.0026849001,0.0018581776,0.0033340133,-0.0068852538
9.6652669907,-0.0059469035,0.0009557229,0.0026555746,-0.0045198267,0.0000782992,-0.0068596876
9.6751909256,-0.0040336093,0.0058119553,0.0006891578,-0.0002581021,0.0022229427,-0.0100644026
9.6852569580,-0.0050337901,0.0077843401,-0.0051842839,0.0114427619,0.0076483344,-0.0111701470
9.6951808929,-0.0060840538,0.0049497220,-0.0032124431,0.0092869336,0.0097783301,-0.0101200622
9.7052526474,-0.0042354232,0.0030632387,-0.0022138269,0.0028844280,0.0086781792,-0.0079836752
9.7151632309,-0.0043504154,0.0010967214,-0.0021867068,-0.0056830952,0.0118244374,-0.0069342563
9.7252483368,-0.0014954349,-0.0019076358,-0.0011671693,-0.0173735730,0.0063718818,-0.0090155173
9.7351617813,-0.0005637100,0.0008668337,-0.0001817257,-0.0193929151,-0.0033593092,-0.0206390154
9.7452106476,0.0014144639,0.0007062886,-0.0040664584,-0.0162154958,0.0009132001,-0.0238561146
9.7551231384,-0.0024998402,0.0025251987,-0.0011778980,-0.0087341461,-0.0011440918,-0.0206584558
9.7652225494,-0.0044416850,0.0005243380,-0.0031299503,0.0040639411,0.0010743215,-0.0228065625
9.7751426697,-0.0044489941,-0.0003717434,-0.0041080625,0.0072634630,0.0021513039,-0.0249413550
9.7852191925,0.0004118914,-0.0021811430,-0.0030882270,0.0104797622,0.0000476729,-0.0238675661
9.7951450348,0.0043347264,-0.0020431322,-0.0030486495,0.0094384663,-0.0063026352,-0.0153254773
9.8051986694,0.0053569311,-0.0019582068,-0.0030563385,0.0051393257,-0.0052126031,-0.0089551955
9.8151264191,0.0024785185,-0.0067976420,-0.0050132782,0.0051088328,-0.0009512789,-0.0111098271
9.8251981735,-0.0023770547,-0.0107291825,-0.0040519149,-0.0066431649,0.0010772508,-0.0132395569
9.8351011276,-0.0004317900,-0.0098398328,-0.0011023193,-0.0162073746,-0.0032884690,-0.0142632751
9.8451900482,0.0015571276,-0.0080487914,-0.0001236707,-0.0182734542,-0.0128963552,-0.0110123549
9.8551063538,-0.0022501042,-0.0033406955,-0.0040938170,-0.0087269545,-0.0074376739,-0.0068070907
9.8651027679,-0.0051156050,-0.0014379475,-0.0080359485,0.0061886110,-0.0051574754,-0.0036451195
9.8751688004,-0.0050563505,-0.0042424207,-0.0109577682,0.0157773234,-0.0019004295,-0.0068619512
9.8850946426,-0.0011593169,-0.0050409851,-0.0060514719,0.0040327827,-0.0040743677,-0.0004653051
9.8950910568,0.0027980590,-0.0049814959,-0.0050514252,0.0008708118,-0.0094331810,0.0006337818
9.9050827026,0.0019069398,-0.0030391556,-0.0060508759,-0.0012780931,-0.0073212935,-0.0004408038
9.9151573181,0.0000007311,-0.0001317900,-0.0080395844,-0.0012782263,-0.0073210271,-0.0004409370
9.9250593185,0.0000801543,-0.0020782729,-0.0070536644,-0.0001935204,-0.0073580453,-0.0057534110
9.9350690842,-0.0017951122,-0.0040214998,-0.0012021572,-0.0011970000,-0.0138074234,-0.0088972729
9.9451589584,-0.0016881591,-0.0030491319,0.0007252186,0.0009377906,-0.0137909111,-0.0088988701
9.9550867081,-0.0035191095,0.0018913593,-0.0022509010,0.0158960987,-0.0158050600,-0.0078332061
9.9650535583,-0.0043557724,0.0031170952,-0.0032660873,0.0308098011,-0.0124742435,-0.0068028290
9.9750490189,-0.0032205870,0.0005613487,-0.0023037107,0.0393557511,-0.0145176873,-0.0036087669
9.9850425720,-0.0021309620,-0.0000309836,-0.0032916577,0.0329234190,-0.0124026043,-0.0004308170
9.9951171875,-0.0019633090,-0.0056320247,-0.0042595775,0.0211663619,-0.0124513414,0.0048912438
10.0050058365,-0.0008538952,-0.0094095021,-0.0013155848,-0.0012366818,-0.0137024941,0.0038526109
10.0150146484,0.0002643401,-0.0085280947,0.0006287783,-0.0182759855,-0.0170745887,-0.0003643709
10.0251960754,0.0023691962,-0.0018699359,-0.0023254664,-0.0150524955,-0.0212885085,0.0039102687
10.0350379944,-0.0032934016,0.0009074245,-0.0014238269,-0.0065049464,-0.0201987438,-0.0014148550
10.0450134277,-0.0089591732,-0.0001023192,-0.0005087763,0.0041668722,-0.0169733893,-0.0088799614
10.0550079346,-0.0078542372,-0.0010238107,0.0063271611,-0.0011804886,-0.0159406140,-0.0078186924
10.0650024414,-0.0028457111,0.0039005200,0.0053501218,0.0031069340,-0.0201372225,-0.0024825162
10.0750761032,-0.0016679605,0.0088957623,0.0023806780,0.0212850049,-0.0263557043,0.0039198562
10.0849933624,-0.0023732027,0.0082182176,0.0013668030,0.0436648801,-0.0198152475,-0.0014501419
10.0949811935,-0.0051346859,0.0076842415,-0.0006524235,0.0478600264,-0.0133136725,0.0048781941
10.1049709320,-0.0069423458,0.0012517978,0.0013033836,0.0338997357,-0.0048349667,0.0090825269
10.1150588989,-0.0059084585,0.0005145703,0.0042173951,0.0136573128,-0.0082278335,0.0059328061
10.1249752045,-0.0048397547,-0.0033156839,0.0071671694,-0.0044327406,-0.0106052374,-0.0057254476
10.1349678040,-0.0028245440,0.0014791522,0.0081388447,-0.0140146613,-0.0117906108,-0.0110244723
10.1449651718,-0.0027426323,0.0042746770,0.0110501740,-0.0129699036,-0.0106774094,-0.0067828558
10.1549720764,-0.0055934926,0.0061363648,0.0090622995,0.0008802656,-0.0052730567,-0.0121388724
10.1649532318,-0.0074719852,0.0042293551,0.0070862859,0.0115592750,-0.0041579911,-0.0164031256
10.1749515533,-0.0045398464,0.0024205926,0.0100555513,0.0072489488,0.0000993381,-0.0143016251
10.1849546432,-0.0045333793,0.0044632736,0.0100333784,0.0126106907,-0.0041071251,-0.0110909175
10.1949968338,-0.0044937870,0.0016509179,0.0071139424,0.0093569737,0.0022759396,-0.0121946651
10.2049360275,-0.0025614267,-0.0022089225,0.0061703413,-0.0002935231,0.0075452700,-0.0122220963
10.2149314880,-0.0025655916,-0.0051929955,0.0032630055,-0.0120023768,0.0031870070,-0.0111224763
10.2249298096,-0.0055971732,-0.0024475870,0.0032309382,-0.0184645373,0.0085173240,-0.0069029643
