0.0000000000,-0.0480244942,0.0972167477,0.0832526982,-0.5821181536,-0.5236731768,0.4539073408
0.0099110603,-0.0538382120,0.0967057571,0.0751886070,-0.4970307052,-0.4856163859,0.4525387585
0.0198320150,-0.0551471896,0.1040115580,0.0800561011,-0.3872592151,-0.4665433466,0.4587127566
0.0297820568,-0.0487883277,0.1075223312,0.0921620429,-0.2710049152,-0.4528611004,0.4510957003
0.0398370028,-0.0453489907,0.0943856165,0.1007329524,-0.1589946151,-0.4392715096,0.4392442405
0.0497850180,-0.0466499217,0.0761154220,0.0968976319,-0.0757617652,-0.4270617068,0.4167967141
0.0600620508,-0.0463072248,0.0826445743,0.0901191533,-0.0652906150,-0.3992606997,0.4081080258
0.0723160505,-0.0548835881,0.0955877230,0.0605732501,-0.1113507897,-0.3761852086,0.3984290361
0.0800000429,-0.0487634726,0.0826284513,0.0212311428,-0.1788237095,-0.3416016698,0.3791295290
0.0899699926,-0.0390073247,0.0574061833,-0.0007838917,-0.2516568899,-0.3059531450,0.3640757501
0.1000679731,-0.0452759452,0.0480155014,-0.0126062343,-0.3180155754,-0.2767129540,0.3437471390
0.1099510193,-0.0507893749,0.0380616747,-0.0188387949,-0.3694007099,-0.2526643574,0.3276912272
0.1198970079,-0.0556642003,0.0501463376,-0.0234633405,-0.4153774083,-0.2444463521,0.3308591843
0.1299690008,-0.0614894219,0.0648071691,-0.0272623021,-0.4536656737,-0.2681106925,0.3480376303
0.1398910284,-0.0642324910,0.0646893606,-0.0173240025,-0.4813666642,-0.2862398922,0.3768545091
0.1499750614,-0.0931756720,0.0534029864,-0.0193831045,-0.5112915039,-0.2884636223,0.3938880861
0.1599420309,-0.1033777222,-0.0055682706,-0.0424743593,-0.5231852531,-0.2797873020,0.4204044044
0.1699450016,-0.1100576743,-0.0139933871,-0.0698570311,-0.4667781293,-0.2757813931,0.4628346562
0.1798920631,-0.1086259112,-0.0102441953,-0.0939245522,-0.3418436348,-0.3000414371,0.5128381848
0.1898920536,-0.1086639091,0.0029706014,-0.1149778068,-0.2121434510,-0.3830825388,0.5589689016
0.1998829842,-0.1036689803,-0.0065216767,-0.1207667291,-0.1250901669,-0.4739011228,0.6094306111
0.2098959684,-0.0995865986,-0.0361436941,-0.1018132865,-0.0784984306,-0.5673857927,0.6344392896
0.2199220657,-0.1053336933,-0.0786236003,-0.0751883090,-0.0660922304,-0.6485120654,0.6349536777
0.2298569679,-0.1137032434,-0.0992758051,-0.0547559559,-0.1146320626,-0.7141475677,0.6279764771
0.2398270369,-0.1169845238,-0.0856555179,-0.0201957542,-0.2263655216,-0.7504203320,0.6123549342
0.2498300076,-0.1268247366,-0.0530435778,0.0056269453,-0.3266729414,-0.7784581184,0.6742255092
0.2598329782,-0.1589554399,-0.0163528956,0.0062485025,-0.3580869436,-0.9695745111,0.9772062898
0.2698709965,-0.0320713110,0.0280488096,-0.0049482300,-0.2913182974,-1.0511282682,1.0042482615
0.2798390388,-0.0272495486,0.0853977725,-0.0101824710,-0.2246186286,-0.8682655096,0.7044852376
0.2899030447,-0.0688905790,0.1108597144,0.0141133955,-0.1421400011,-0.7495090365,0.6431012750
0.2998319864,-0.0776237622,0.1066816077,0.0334164202,-0.1105704904,-0.7010208368,0.6597615480
0.3099150658,-0.0555097945,0.1066916510,0.0430717766,-0.1441566646,-0.6445527673,0.6689803600
0.3198300600,-0.0465603210,0.0960169658,0.0507933199,-0.2249392718,-0.5596090555,0.6759220362
0.3298619986,-0.0349332429,0.0789131448,0.0515640676,-0.3354575038,-0.4899325669,0.6744849682
0.3398690224,-0.0249286480,0.0662320480,0.0727998316,-0.4748638868,-0.4067047536,0.6591699719
0.3498159647,-0.0253241099,0.0359688960,0.0894859135,-0.6392773390,-0.2607733905,0.6243419647
0.3598740101,-0.0657628998,0.0175392292,0.1132785976,-0.7523608208,-0.1450209618,0.6385430694
0.3698229790,0.0079985065,-0.0167744197,0.1394700110,-0.7776983976,-0.0490345210,0.6368759274
0.3798229694,-0.0137980925,-0.0123001682,0.1695425212,-0.7368711233,0.0464547202,0.6426044703
0.3898489475,-0.0154108601,0.0067791296,0.1636767089,-0.6575824022,0.1369193643,0.6504615545
0.3998119831,0.0296972506,0.0499499701,0.1467392147,-0.5472068191,0.2084526718,0.6658549905
0.4098149538,0.0742935613,0.0705957636,0.1228086650,-0.3652969301,0.2804909348,0.6758847237
0.4198150635,0.0967824683,0.0743513927,0.0975344479,-0.1778983921,0.3302142620,0.6966809630
0.4296560287,0.1189841256,0.0926714763,0.0779092014,-0.0508834496,0.3301641941,0.7008421421
0.4396300316,0.1522227079,0.0777104422,0.0590985119,0.0259444863,0.3329141736,0.7028954625
0.4497079849,0.1622027010,0.0359701775,0.0479671657,0.0025294404,0.3315098882,0.6848602891
0.4599529505,0.1580064744,-0.0013816999,0.0478076041,-0.0979323164,0.3530250490,0.6667293310
0.4698660374,0.1488318592,-0.0372023024,0.0576157868,-0.1866720468,0.3840937316,0.6304684877
0.4798150063,0.1327028126,-0.0625875071,0.0742282569,-0.2433755249,0.4090979099,0.6059107184
0.4898600578,0.1148657277,-0.0645780340,0.0838965476,-0.2612466812,0.3862788677,0.5784490108
0.4997789860,0.1006604806,-0.0803731158,0.0849005282,-0.2691731751,0.3291870654,0.5342057943
0.5098210573,0.0996664092,-0.0951035395,0.0792782605,-0.2497134656,0.3088216186,0.5098893046
0.5197800398,0.0896917358,-0.0814201608,0.0764060318,-0.2179719061,0.3390834033,0.5202951431
0.5297750235,0.0804875270,-0.0413478054,0.0618837178,-0.1191864833,0.3766677976,0.5762891769
0.5398989916,0.0969993845,0.0029098643,0.0493099988,0.0271538273,0.3451010585,0.6273874044
0.5497679710,0.1212296262,0.0180575214,0.0280397814,0.1350398064,0.3091270924,0.6976631284
0.5598260164,0.1272356659,0.0049878312,0.0082587888,0.1670462191,0.2905893624,0.7498142719
0.5697159767,0.1103066579,-0.0319256820,-0.0039215996,0.1099887863,0.3384799063,0.7771657109
0.5800499916,0.1051765457,-0.0507583655,-0.0095601389,-0.0286939908,0.3528889418,0.7134283185
0.5897600651,0.0855636969,-0.0768373385,0.0065018223,-0.2541345954,0.3956441283,0.6676256657
0.5997359753,0.1030799523,-0.0934277847,0.0332688987,-0.4947165847,0.4670370817,0.6099628806
0.6097719669,0.0905457512,-0.0917855278,0.0484673083,-0.7106467485,0.5310328603,0.5395808220
0.6197639704,0.0959542766,-0.0707234517,0.0672533810,-0.8389824629,0.5672928691,0.5213751197
0.6297450066,0.1072795764,-0.0549183227,0.0759815276,-0.8737756014,0.5261552930,0.4919191599
0.6397379637,0.0839113370,-0.0280474760,0.0847225487,-0.8424949050,0.4952141345,0.4697864652
0.6497249603,0.0828320757,-0.0087307440,0.0914870799,-0.7960605621,0.4418792725,0.4403529465
0.6597549915,0.0812841132,-0.0119284140,0.1076763570,-0.7203810811,0.4584268332,0.4316921830
0.6697230339,0.0622299425,-0.0028339969,0.1103639305,-0.6455976963,0.4724273384,0.3763048053
0.6797649860,0.0921267644,0.0162265263,0.1168120801,-0.5439179540,0.3211933374,0.3485331237
0.6897150278,0.1546287984,0.0758533701,0.0909686387,-0.4530013204,0.1795198321,0.3228285611
0.6997059584,0.1385499090,0.0912446007,0.0115332892,-0.2752591372,0.1302897036,0.2794652283
0.7096879482,0.1124964133,0.1645586789,-0.0371100008,-0.0567260236,0.0452168770,0.2575540841
0.7196789980,0.1057328954,0.2332305014,-0.0461467206,0.1461119056,0.0331037603,0.2819242477
0.7297290564,0.0790674761,0.2044885755,-0.0532306135,0.2346284539,0.0287622716,0.3190743029
0.7396759987,0.0375637822,0.1418652833,-0.0309816319,0.1829484850,0.0744980723,0.3400637507
0.7497450113,0.0210225694,0.1081637368,-0.0012352180,0.1050848439,0.0810686201,0.3039542139
0.7597750425,0.0366747789,0.0923379287,0.0204354208,0.0218959488,0.1042991057,0.2209951282
0.7697449923,0.0418074541,0.0879681930,0.0258373898,-0.0899698660,0.1070642695,0.1456255466
0.7798050642,0.0257296376,0.0802825913,0.0217186492,-0.1882989705,0.1432395875,0.0891482905
0.7899700403,0.0299536996,0.1053897962,0.0134238293,-0.1742153764,0.1313011646,0.0552193522
0.7996560335,0.0343468897,0.1171885058,0.0102200201,-0.0905214027,0.0921122208,0.0224855058
0.8096890450,0.0272031240,0.0761797652,-0.0007404995,-0.0335073918,0.0453809313,0.0057504680
0.8196580410,0.0195361786,0.0271039866,-0.0066680028,-0.0194608122,0.0262181535,0.0016137797
0.8296899796,0.0097660823,0.0101945950,-0.0127283046,-0.0300484765,0.0144067695,0.0048849406
0.8403970003,0.0030517387,0.0020504249,-0.0187374670,-0.0371962674,-0.0220529698,-0.0023094558
0.8497660160,0.0017110513,-0.0209349431,-0.0304630715,-0.0689012036,-0.0513645224,-0.0265322383
0.8596760035,0.0006022560,-0.0443469919,-0.0354612768,-0.1199721098,-0.0626472682,-0.0497960150
0.8696349859,-0.0016253783,-0.0447967388,-0.0452624857,-0.1775118411,-0.0706737638,-0.0613900870
0.8796989918,0.0198258869,-0.0410741903,-0.0630980432,-0.2581446171,-0.1238200739,-0.0779842436
0.8896349669,0.0573177449,-0.0540458895,-0.0875389278,-0.3274757564,-0.1328521967,-0.0715029091
0.8996590376,0.0664811209,-0.0477043428,-0.1132721603,-0.4361074269,-0.1615200639,-0.0765562579
0.9096239805,0.0956937149,-0.0546514131,-0.1243673265,-0.5988076925,-0.2334006429,-0.0855380297
0.9196940660,0.1470146030,-0.0764087215,-0.1230508983,-0.7926307917,-0.2831202447,-0.0999549255
0.9296259880,0.1438724250,-0.0781112090,-0.0944655240,-0.9469138384,-0.3347466886,-0.1228850037
0.9396799803,0.1265122741,-0.0670995489,-0.0699789822,-1.0565900803,-0.3582512438,-0.1470896900
0.9495999813,0.1396185905,-0.0487188138,-0.0446889699,-1.1149591208,-0.3878234923,-0.1776665002
0.9596070051,0.1511393636,-0.0025245296,-0.0148734758,-1.1472893953,-0.4538539052,-0.2452074587
0.9695940018,0.1638569683,0.0216355585,0.0042454884,-1.2072876692,-0.5255486369,-0.3254423738
0.9796429873,0.1836919039,0.0202058814,-0.0062988712,-1.3495934010,-0.5693365932,-0.4429863095
0.9895809889,0.2001514286,-0.0278368331,-0.0244084913,-1.5440746546,-0.6159509420,-0.5934078097
0.9996689558,0.2125255316,-0.0488083698,-0.0207365472,-1.8465031385,-0.6473450661,-0.7406634092
1.0096240044,0.1957187802,-0.0554482676,-0.0274643619,-2.2451055050,-0.6582847834,-0.9092342854
1.0195859671,0.1918777078,-0.0701393858,-0.0495093763,-2.6446566582,-0.6873212457,-1.0681248903
1.0296059847,0.2132850140,-0.0375882722,-0.0587863624,-2.9694492817,-0.7273893356,-1.2099987268
1.0395890474,0.2279780358,0.0155434264,-0.0600007474,-3.2387437820,-0.7732859850,-1.3338130713
1.0496350527,0.2225043923,0.0556912087,-0.0528900921,-3.4121081829,-0.8003079891,-1.4620660543
1.0595719814,0.2089985162,0.0407900475,-0.0435338914,-3.5086691380,-0.8140576482,-1.6074560881
1.0695880651,0.1954657882,0.0468023084,-0.0172179658,-3.5063183308,-0.7842794657,-1.7521361113
1.0829919577,0.1712894440,0.0840177760,0.0168164652,-3.4746696949,-0.8172270656,-1.8836798668
1.0910700560,0.1522148252,0.1166222915,0.0462918580,-3.4052047729,-0.8001793623,-1.9528943300
1.0996600389,0.1417281032,0.1234798655,0.0560117066,-3.3017168045,-0.7762460709,-1.9988095760
1.1101510525,0.1184012517,0.1116861328,0.0669505298,-3.1350154877,-0.7681289911,-2.0754706860
1.1201310158,0.0948761329,0.1017091498,0.0684207976,-3.0293562412,-0.7515910268,-2.1117718220
1.1301480532,0.0805684477,0.1068880782,0.0531045496,-2.9974408150,-0.7050528526,-2.1981496811
1.1398830414,0.0745572448,0.0929236040,0.0354675949,-2.9640088081,-0.6171405911,-2.1966156960
1.1493459940,0.0661828220,0.1006764993,0.0111810258,-3.0043570995,-0.5106367469,-2.2047147751
1.1595129967,0.0616359748,0.0920091495,0.0169995110,-3.0936918259,-0.4069015980,-2.2425098419
1.1693589687,0.0659933016,0.0570361279,0.0264807623,-3.1856241226,-0.2496853173,-2.2732119560
1.1793780327,0.0552075319,0.0631728396,0.0529882014,-3.2656836510,-0.1021363512,-2.3208608627
1.1893730164,0.0475506447,0.1009126529,0.0900896490,-3.3366909027,-0.0050103380,-2.3979332447
1.1994110346,0.0650526956,0.0932724699,0.1234560311,-3.4152655602,0.0860340893,-2.4292776585
1.2093620300,0.0806356221,0.0449596904,0.1430365145,-3.5606913567,0.1556557715,-2.5305547714
1.2194310427,0.0748271421,0.0204434060,0.1731686890,-3.7593059540,0.2149811387,-2.6625359058
1.2293319702,0.0757135227,0.0503198169,0.1836878955,-3.9027192593,0.2953971624,-2.7532606125
1.2394080162,0.0783217475,0.1065359935,0.1638920605,-3.9117121696,0.3655376434,-2.7919535637
1.2493339777,0.0784282163,0.1406168640,0.1316339672,-3.7177946568,0.3982777596,-2.7636168003
1.2593770027,0.0740861371,0.1768872440,0.1064163744,-3.4822769165,0.4094526470,-2.6703650951
1.2693389654,0.0593398325,0.1836905777,0.0783489048,-3.1766452789,0.4607387185,-2.5742335320
1.2793990374,0.0359656774,0.1637590826,0.0741237104,-2.9267172813,0.5382598639,-2.4846076965
1.2892949581,0.0136973364,0.1374565065,0.1036713421,-2.7419042587,0.6215624809,-2.4098472595
1.2993659973,0.0141803427,0.0975071415,0.1067649424,-2.5328636169,0.7320426702,-2.3034071922
1.3093149662,0.0155011220,0.0760338530,0.1367695630,-2.3213870525,0.8197903633,-2.2329437733
1.3194789886,0.0182103328,0.0717663988,0.1546267569,-2.1153090000,0.9212527871,-2.1785001755
1.3295099735,0.0332021229,0.0729083642,0.1638098061,-1.8590615988,1.0293723345,-2.1411342621
1.3394500017,0.0577837639,0.0626469478,0.1547820866,-1.5991944075,1.0872734785,-2.1055724621
1.3494820595,0.0761693195,0.0594909452,0.1471948922,-1.4256490469,1.1326452494,-2.0815529823
1.3594839573,0.0724116638,0.0339735411,0.1129436791,-1.3599991798,1.2025156021,-2.0937337875
1.3694700003,0.0619143061,-0.0234137513,0.0749239028,-1.3393559456,1.2735426426,-2.0559625626
1.3794319630,0.0334725790,-0.0677636042,0.0510391295,-1.4182757139,1.3895387650,-2.0449774265
1.3894640207,0.0129667325,-0.0527614094,0.0589567721,-1.5742712021,1.5222584009,-2.0074830055
1.3994369507,0.0073791849,-0.0012547718,0.0572746098,-1.6386719942,1.6645807028,-1.9297432899
1.4094500542,0.0229634456,0.0162196420,0.0283737462,-1.5941604376,1.6699448824,-1.8426930904
1.4194389582,0.0437156968,-0.0122968303,0.0167780202,-1.4182602167,1.6666553020,-1.7609877586
1.4295190573,0.0433782153,-0.0470301844,0.0067817257,-1.2739256620,1.6200937033,-1.7119165659
1.4394299984,0.0381918363,-0.0681746379,0.0262456220,-1.1596865654,1.5958068371,-1.6555317640
1.4495040178,0.0199042372,-0.0878717080,0.0057742880,-1.0626542568,1.5853182077,-1.5949752331
1.4594050646,0.0058383155,-0.1223467961,-0.0050838902,-1.0446333885,1.5774182081,-1.5354439020
1.4696240425,0.0015797423,-0.1470204890,0.0138551285,-1.0677069426,1.6239334345,-1.4496756792
1.4794600010,0.0082040234,-0.1564610302,0.0088538220,-1.1222356558,1.7227593660,-1.3429776430
1.4894330502,0.0197173767,-0.1478775442,-0.0133105228,-1.1357296705,1.7631448507,-1.2327414751
1.4994560480,0.0205867104,-0.1320203841,-0.0320838392,-1.1017318964,1.7575501204,-1.1679234505
1.5094109774,0.0167606883,-0.1075213924,-0.0171985347,-1.0594310760,1.7881940603,-1.1224689484
1.5193740129,0.0155931516,-0.0895163789,-0.0500741899,-0.9743156433,1.7927136421,-1.0460660458
1.5294829607,0.0330457501,-0.0667308345,-0.0501154363,-0.9377075434,1.7388334274,-1.0053714514
1.5393940210,0.0430931263,-0.0463018753,-0.0449125469,-0.8608915210,1.7186095715,-0.9394231439
1.5494120121,0.0352550559,-0.0520701744,-0.0693905056,-0.7861863971,1.6951681376,-0.8734549880
1.5593580008,0.0364281349,-0.0482303835,-0.0690393150,-0.7324846387,1.6445173025,-0.8455417752
1.5694559813,0.0429403000,-0.0455828644,-0.0586003959,-0.6563807726,1.5877996683,-0.7974195480
1.5795110464,0.0527661853,-0.0374228694,-0.0458665788,-0.5534533858,1.5194206238,-0.7630543709
1.5894320011,0.0506518893,-0.0424313284,-0.0483487546,-0.4421667755,1.4745864868,-0.7320320010
1.5993200541,0.0444038920,-0.0567905642,-0.0805757940,-0.3243518770,1.4075182676,-0.6817452312
1.6093959808,0.0557702594,-0.0614424683,-0.0625316799,-0.2170475274,1.3211157322,-0.6334522963
1.6193519831,0.0760648027,-0.0292077400,-0.0340633094,-0.2120294571,1.2177520990,-0.6019796729
1.6294059753,0.0914303437,-0.0324072577,-0.0200608689,-0.3119025230,1.1488400698,-0.5706537366
1.6393229961,0.0887081996,-0.1004186049,-0.0432578027,-0.5039770007,1.1367508173,-0.5598139763
1.6493489742,0.0712405816,-0.1838224232,-0.0327789485,-0.8320553303,1.1917010546,-0.5865010023
1.6593220234,0.0612325482,-0.2052467167,-0.0162034947,-1.1693097353,1.3214526176,-0.6072933674
1.6693550348,0.0569432192,-0.1786973774,-0.0290589053,-1.3897228241,1.3891104460,-0.6203268766
1.6793340445,0.0493578725,-0.1218531504,-0.0318934619,-1.4732853174,1.4133205414,-0.5874877572
1.6893249750,0.0460064225,-0.0252034403,-0.0278585870,-1.3847054243,1.4004473686,-0.5481576324
1.6993880272,0.0599929504,0.0682727918,-0.0327396095,-1.1994228363,1.3155391216,-0.5211786032
1.7093989849,0.0876149908,0.1146784052,-0.0277355630,-0.9211381674,1.2048442364,-0.4685979187
1.7193189859,0.1037525907,0.1084401235,-0.0743766725,-0.5996856689,1.0357309580,-0.4114165306
1.7293139696,0.1096115485,0.0988686308,-0.0932701528,-0.3926030993,0.8954281211,-0.3819667697
1.7393729687,0.0985952988,0.0852707252,-0.0820109546,-0.3213678002,0.8018888235,-0.3856595159
1.7493829727,0.0858533159,0.0347414874,-0.0542183816,-0.3328268528,0.7728247046,-0.3992741108
1.7591030598,0.0753592625,-0.0314261653,-0.0552168787,-0.4306572676,0.7334498763,-0.4159505665
1.7693699598,0.0521311574,-0.0817587152,-0.0418530405,-0.6387189031,0.7389498353,-0.4593989849
1.7793660164,0.0356091075,-0.0887844339,-0.0334844291,-0.8419914246,0.8013468981,-0.4787872136
1.7893290520,0.0423167162,-0.0703483000,-0.0405558050,-1.0020993948,0.7896475792,-0.4520397484
1.7991420031,0.0534300022,-0.0325038172,-0.0307997186,-1.0233122110,0.7598505616,-0.4167696238
1.8093039989,0.0595244579,0.0195565484,-0.0495079458,-0.9214042425,0.6913396716,-0.3962110877
1.8193149567,0.0693194643,0.0686022863,-0.0552842319,-0.7318061590,0.5990254879,-0.3638735116
1.8292850256,0.0702923909,0.1055699810,-0.0702024400,-0.4974392056,0.5187226534,-0.3422686458
1.8392139673,0.0665808693,0.1051928028,-0.0929091871,-0.2407097220,0.4460503161,-0.3239175677
1.8492980003,0.0648130551,0.0783776864,-0.1029470861,-0.0502185896,0.3803440034,-0.3055638671
1.8592849970,0.0627228990,0.0575236939,-0.0736317337,-0.0008967165,0.3540016115,-0.3054255247
1.8693000078,0.0577125959,0.0327846669,-0.0434816182,-0.0348826461,0.3313303888,-0.3010051847
1.8792229891,0.0520239882,-0.0167048313,-0.0528097451,-0.1148589700,0.3137745559,-0.2817124724
1.8892990351,0.0373142771,-0.0602909066,-0.0315206945,-0.2324396670,0.3352644145,-0.2870816588
1.8992969990,0.0291371755,-0.0668567792,-0.0205903370,-0.3350782990,0.3464145362,-0.2658372223
1.9092910290,0.0225845985,-0.0414814688,-0.0258812029,-0.3906552792,0.3440832198,-0.2381611317
1.9191089869,0.0177449398,-0.0104226815,-0.0244565327,-0.3597291708,0.3370766938,-0.2105149776
1.9292839766,0.0252620988,0.0360665582,-0.0227276403,-0.2367760986,0.2956663966,-0.1646494865
1.9392830133,0.0356536321,0.0588599704,-0.0184899289,-0.0676673576,0.2319790423,-0.1399157792
1.9492770433,0.0391096883,0.0737279281,0.0008400964,0.1035576537,0.1746286601,-0.1269147694
1.9593859911,0.0403199010,0.0661669597,-0.0044893934,0.2149848491,0.1137397513,-0.0989771411
1.9693139791,0.0395284705,0.0175257586,-0.0093764374,0.2420305759,0.0659440011,-0.0880621746
1.9792280197,0.0406708531,-0.0240061618,0.0036729265,0.2058270276,0.0528843887,-0.0826405138
1.9892270565,0.0442788415,-0.0358515121,-0.0034801078,0.1303453296,0.0075837509,-0.0621086098
1.9993859529,0.0376846008,-0.0345321633,-0.0018627953,0.0279430542,-0.0007064033,-0.0641089082
2.0092830658,0.0316175632,-0.0299346186,0.0002023267,-0.0576131269,0.0137039609,-0.0513939112
2.0192408562,0.0272352509,-0.0228907205,-0.0078852484,-0.1024869904,0.0113798212,-0.0322230123
2.0292100906,0.0187269859,-0.0200172998,-0.0046723201,-0.0929938853,0.0190710295,-0.0163436495
2.0394139290,0.0150419278,-0.0142919170,-0.0059659197,-0.0299105272,-0.0026832675,0.0071246591
2.0494861603,0.0193360858,-0.0042106258,-0.0029772234,0.0288731642,-0.0222995803,0.0348329879
2.0594258308,0.0201654844,-0.0085105645,-0.0146146128,0.0650735125,-0.0196875501,0.0581660084
2.0692501068,0.0297855549,-0.0234374143,-0.0160411317,0.0810783133,-0.0258221421,0.0762552619
2.0793910027,0.0421007089,-0.0296952464,-0.0097055743,0.1142558381,-0.0488041565,0.1082516760
2.0891859531,0.0386985354,-0.0266840793,-0.0260158498,0.1698671728,-0.0716604665,0.1349208355
2.0991969109,0.0272050314,-0.0082870470,-0.0382959545,0.2298375517,-0.0989014134,0.1446160823
2.1092109680,0.0283597521,0.0180223249,-0.0534572899,0.2759587169,-0.1252736300,0.1436924934
2.1193671227,0.0364775471,0.0189973377,-0.0655172765,0.3104164302,-0.1634444594,0.1481640637
2.1291699409,0.0319596343,-0.0017902004,-0.0748839080,0.3138492405,-0.1943493783,0.1557988226
2.1391990185,0.0214115195,-0.0058830129,-0.0688042343,0.3054767847,-0.2115821540,0.1484815329
2.1491699219,0.0196963362,-0.0010477053,-0.0695929229,0.3333947062,-0.2348070592,0.1571117640
2.1592020988,0.0286539607,0.0105059994,-0.0868934095,0.4404812157,-0.2840369046,0.1786071956
2.1691889763,0.0451714806,0.0278784893,-0.0910429657,0.5712075233,-0.3554586172,0.2076636106
2.1791980267,0.0624763779,0.0409160517,-0.1073532999,0.7671121955,-0.4411953688,0.2526993752
2.1891651154,0.0775990859,0.0416735671,-0.1357409060,0.9889644384,-0.5610587001,0.2841310799
2.1991870403,0.0858653560,0.0561527275,-0.1607331336,1.2342087030,-0.6679536700,0.3112137318
2.2091598511,0.0959114805,0.0714729056,-0.1851463616,1.4795156717,-0.7854707241,0.3458009958
2.2191729546,0.1155638471,0.0731273517,-0.1885798872,1.7177734375,-0.9533012509,0.3775314987
2.2291669846,0.1415302008,0.0848705992,-0.1256793439,1.8458755016,-1.0921409130,0.3995901942
2.2391748428,0.1586368531,0.1019936427,-0.0896492898,1.9535691738,-1.2328945398,0.4662959874
2.2491278648,0.1522472948,0.0938496217,-0.0767930448,2.0218951702,-1.3983352184,0.5565619469
2.2591719627,0.1250367612,0.0780572519,-0.0746516287,2.0482773781,-1.5183053017,0.6274392009
2.2691521645,0.0830999389,0.0361522697,-0.0902774632,2.1938004494,-1.5923649073,0.7096219063
2.2791481018,0.0531576686,0.0240828656,-0.1101026833,2.3198838234,-1.6293787956,0.7671445012
2.2891221046,0.0457821898,0.0361625813,-0.1039398015,2.5283663273,-1.7185927629,0.8950644135
2.2991180420,0.0337530784,0.0491336845,-0.1172286570,2.7889246941,-1.7869397402,1.0419386625
2.3091549873,0.0122391982,0.0544742011,-0.1284206212,2.9858119488,-1.8829014301,1.1412258148
2.3191449642,-0.0087745385,0.0125574721,-0.1038248837,3.1572117805,-2.0086855888,1.2747157812
2.3291268349,-0.0332672186,-0.0466134883,-0.0853049457,3.1429312229,-1.9983233213,1.3745232821
2.3391370773,-0.0397395082,-0.1570042670,-0.0495386422,3.0847847462,-1.9848912954,1.4987796545
2.3491179943,-0.0343475528,-0.2543078363,-0.0192095954,2.9131240845,-2.0525994301,1.6108896732
2.3591260910,-0.0418157764,-0.3017809093,-0.0076836064,2.6409170628,-1.9608709812,1.7092852592
2.3691148758,-0.0598678775,-0.3237453997,-0.0263154227,2.4737200737,-1.9227249622,1.8217681646
2.3790888786,-0.0596540160,-0.3101785481,-0.0565035045,2.3743777275,-1.8305627108,1.9402291775
2.3891210556,-0.0509942956,-0.2715731561,-0.0626845062,2.4380631447,-1.8301763535,2.0527954102
2.3991019726,-0.0396452136,-0.2009508312,-0.0615356863,2.5727531910,-1.7546979189,2.1329538822
2.4091229439,-0.0309773274,-0.1254980862,-0.0739246309,2.8118040562,-1.7893304825,2.2413754463
2.4191060066,-0.0223263688,-0.0841121450,-0.0450743139,3.0229008198,-1.8069195747,2.3677644730
2.4290900230,-0.0454102941,-0.0662330166,-0.0329138935,3.1459357738,-1.7453526258,2.4565200806
2.4390850067,-0.0672559962,-0.0932284966,-0.0323784053,3.1542172432,-1.6393302679,2.5981876850
2.4491481781,-0.0865406618,-0.1434951723,0.0093215397,2.9920961857,-1.4428906441,2.7181396484
2.4590611458,-0.1135817990,-0.2002814710,0.0706495941,2.7303571701,-1.2930223942,2.7322254181
2.4690880775,-0.1166061386,-0.2846817076,0.1389695704,2.5663192272,-1.0814830065,2.7447793484
2.4790959358,-0.1075029597,-0.3275384605,0.1439435184,2.5825710297,-0.8494616747,2.7400791645
2.4890699387,-0.0850701556,-0.2695999444,0.1562755406,2.6681611538,-0.7513577938,2.7606308460
2.4990780354,-0.0413344689,-0.1273817122,0.1814723313,2.7697067261,-0.7844134569,2.8022046089
2.5090398788,0.0041656899,0.0158302449,0.1906562746,2.7753214836,-0.8321570158,2.8386316299
2.5190701485,0.0489731245,0.0902712569,0.1447093189,2.7578194141,-0.8165402412,2.9309709072
2.5294580460,0.0653000250,0.0705597624,0.0975284278,2.7514564991,-0.7239647508,3.0132417679
2.5390610695,0.0283802263,0.0143636120,0.0567543209,2.7025594711,-0.4860752225,3.0032343864
2.5490789413,-0.0309177823,-0.0551518537,0.0581851304,2.7265167236,-0.1566467285,3.0074558258
2.5590648651,-0.0951637551,-0.0343911387,0.0878668129,2.6800642014,0.1689979434,3.0074996948
2.5690510273,-0.1132210419,0.0125972880,0.1384941638,2.7549581528,0.3838628531,3.0676727295
2.5790469646,-0.1162156090,-0.0039607035,0.1974517405,2.7875740528,0.4198669195,3.1237230301
2.5890431404,-0.0963766202,-0.0153779136,0.2711010873,2.5408852100,0.4276870191,3.1365933418
2.5990250111,-0.0653847381,-0.0804272071,0.2878223956,2.2260093689,0.5618917346,3.1168210506
2.6090378761,-0.0414092131,-0.1688663065,0.2625058591,1.9906166792,0.7755951881,3.0720415115
2.6190199852,-0.0314539559,-0.1653701961,0.2685534656,1.6371275187,0.9601874352,2.9797260761
2.6289911270,0.0113154156,-0.1089600101,0.3078583181,1.3695887327,1.1042404175,2.8185577393
2.6391170025,0.0610350482,-0.0623037554,0.2644314468,1.2280117273,1.2429679632,2.6700823307
2.6491770744,0.1077243984,0.0316992663,0.2301940024,1.1346673965,1.3365786076,2.5771124363
2.6590280533,0.1334650069,0.1066663489,0.1872668564,1.1132054329,1.3764532804,2.5110058784
2.6689939499,0.1383369118,0.1287590563,0.1383917630,1.1930088997,1.4195590019,2.4798612595
2.6802580357,0.1263634562,0.1338206828,0.1164396703,1.3548158407,1.4648301601,2.5017609596
2.6891109943,0.1091712490,0.1562925279,0.1185989678,1.4958556890,1.4509034157,2.4953782558
2.6988601685,0.1177675799,0.1603007019,0.1209254563,1.6812171936,1.3647458553,2.5021841526
2.7088630199,0.1313773841,0.1173059568,0.1222811639,1.7974766493,1.2595437765,2.4687886238
2.7188510895,0.1500739008,0.0753808245,0.1272996962,1.7118266821,1.1992436647,2.3693749905
2.7289538383,0.1797251105,0.0324274562,0.1191232502,1.5147452354,1.1914762259,2.2643861771
2.7428798676,0.2041755170,0.0387342237,0.0978728831,1.1346840858,1.2566901445,2.1101827621
2.7508978844,0.2370775044,0.0552121662,0.0531899035,0.9109849334,1.3851956129,1.9660826921
2.7590508461,0.2760266066,0.1178162321,0.0298328083,0.7582891583,1.4510943890,1.8106515408
2.7689781189,0.3134739697,0.2162954509,0.0412879288,0.7299855947,1.4338355064,1.6928577423
2.7788259983,0.3282965720,0.2796829641,0.0360799134,0.8164626956,1.3542712927,1.5594511032
2.7887310982,0.3323984742,0.3144591153,0.0268050712,0.9716511965,1.2281823158,1.4231119156
2.7987709045,0.3329657912,0.3073222935,0.0228942316,1.1483707428,1.0819119215,1.2826411724
2.8087968826,0.3133858740,0.2678040564,0.0163572710,1.2899713516,0.9079037309,1.1795563698
2.8191120625,0.2788142562,0.2267454565,0.0288997572,1.2997294664,0.7907943726,1.0995652676
2.8289639950,0.2156866640,0.1559866965,0.0198275130,1.2676628828,0.6958385706,1.0237112045
2.8387951851,0.1635774225,0.0790225491,-0.0079648206,1.2109123468,0.6125468612,0.9594858289
2.8487880230,0.1394637674,0.0361109637,-0.0321137607,1.1305860281,0.5324533582,0.9154409170
2.8589119911,0.1196864322,0.0206839703,-0.0367320478,0.9772862196,0.5019710660,0.8647524118
2.8687648773,0.0858824626,0.0049826158,-0.0591263473,0.7980008721,0.5224478841,0.7967517972
2.8789460659,0.0919625238,-0.0026756870,-0.0658703744,0.7102897763,0.5515320301,0.7764346600
2.8888988495,0.0814758316,-0.0005466687,-0.0639685094,0.5575330257,0.5904016495,0.7104210258
2.8989200592,0.0718157664,0.0007923497,-0.0396040976,0.4525195062,0.6481786370,0.6878113151
2.9088740349,0.0616340451,0.0334655307,-0.0184480865,0.3293578923,0.6964087486,0.6897093654
2.9189291000,0.0660888031,0.0424000882,-0.0123061845,0.3216684163,0.7220182419,0.6916735172
2.9288749695,0.0724784210,0.0575086139,-0.0031481695,0.3870223761,0.6905143857,0.6982065439
2.9388329983,0.0782134309,0.0734091625,0.0106396368,0.5146478415,0.6104368567,0.7177596092
2.9491000175,0.0759729519,0.0590300225,0.0265522283,0.6445216537,0.5227586627,0.7214246392
2.9589140415,0.0716287866,0.0375516079,0.0297124069,0.7327932119,0.4409641922,0.7006448507
2.9689159393,0.0749311820,0.0077461256,0.0277634542,0.7772368789,0.3705041409,0.6702613831
2.9790530205,0.0739382878,-0.0251466967,0.0258682650,0.7113488913,0.3451814950,0.6439136267
2.9887051582,0.0633219853,-0.0452848412,0.0202032607,0.5682972074,0.3577241898,0.6152476072
2.9987568855,0.0516430549,-0.0577700473,0.0241957586,0.3994983733,0.3829568326,0.5939540863
3.0087289810,0.0495743565,-0.0518203713,0.0203172248,0.2553987205,0.3923031986,0.5674343109
3.0189571381,0.0836273208,-0.0610860325,0.0061668442,0.1212024242,0.2684763372,0.4578432441
3.0290379524,0.1533065885,-0.0426597930,-0.0199360568,-0.0947202742,0.1020183712,0.3114010692
3.0389471054,0.1993552893,0.0194039606,-0.0623259246,-0.2220274955,-0.0543991961,0.1340229511
3.0489358902,0.1992874593,0.1053952202,-0.1194957793,-0.2364210784,-0.1988823265,0.0000462432
3.0589070320,0.1812049001,0.1944688857,-0.1462912261,-0.1009093374,-0.2925345302,-0.0748700723
3.0688838959,0.1482892483,0.2179186642,-0.1368788183,-0.0255687740,-0.2395445555,-0.0710167438
3.0788521767,0.0812100545,0.1677751839,-0.1036597192,0.1150067151,-0.1978804469,-0.0767010003
3.0888669491,0.0621743612,0.1365026534,-0.0764215887,0.0115623502,-0.0748184472,-0.0912378654
3.0988678932,0.0559455566,0.0458849333,-0.0643200576,-0.1190233603,0.0035565186,-0.1819568425
3.1088390350,0.0839517489,-0.0011511194,-0.0462776124,-0.3286173046,-0.0469141118,-0.2696616650
3.1188590527,0.1031029299,-0.0465628840,-0.0304676015,-0.5573375821,-0.0946217179,-0.3913652003
3.1288499832,0.1189796701,-0.0677383915,-0.0531428754,-0.7866272330,-0.1063321680,-0.4283128083
3.1388330460,0.1116722003,-0.0761267915,-0.0714873970,-1.0264705420,-0.1341267824,-0.4619626701
3.1488230228,0.1376852840,-0.0681254640,-0.0790747106,-1.1735131741,-0.1620838493,-0.4733649790
3.1588521004,0.1687663347,-0.0301531292,-0.0655176342,-1.1831479073,-0.2778245509,-0.5002297759
3.1688451767,0.1773655266,0.0566737913,-0.0506102741,-1.0376455784,-0.4173741937,-0.5769810081
3.1788280010,0.1887535900,0.1191604361,-0.0709201396,-0.7906599641,-0.5772663951,-0.6249881983
3.1888380051,0.2053419799,0.1792936027,-0.0852736533,-0.5694420934,-0.7275512218,-0.6507279277
3.1988470554,0.2410276383,0.1978006661,-0.0975920856,-0.4165525138,-0.8657738566,-0.7030540705
3.2088229656,0.2676052153,0.1727423966,-0.0961086452,-0.3865320086,-0.9732657075,-0.8011804223
3.2188200951,0.2576401234,0.1194546446,-0.0792503059,-0.5106061697,-1.0223664045,-0.9314509630
3.2288250923,0.2311839312,0.0584098957,-0.0560978353,-0.7962887883,-1.0130219460,-1.0800467730
3.2388238907,0.1948849112,-0.0063718902,-0.0423689783,-1.1710342169,-0.9403916001,-1.2470521927
3.2488079071,0.1689045280,-0.0392045714,-0.0496154726,-1.6119575500,-0.8546798825,-1.4491543770
3.2588038445,0.2050187141,-0.0249284245,-0.0434522927,-2.0278463364,-0.8275609612,-1.6508928537
3.2687859535,0.2586223781,0.0144410385,-0.0199030358,-2.3489401340,-0.8023130894,-1.7825688124
3.2787840366,0.2604839504,0.0685999617,-0.0061492636,-2.5299410820,-0.8153684139,-1.8960356712
3.2888369560,0.2403541058,0.0970192775,0.0140115311,-2.5454664230,-0.8230364323,-2.0287740231
3.2988059521,0.2167895883,0.1213074550,0.0241696518,-2.4199323654,-0.8540947437,-2.1497733593
3.3088099957,0.1935913414,0.1528045237,0.0299181025,-2.2879672050,-0.8977210522,-2.2462601662
3.3188240528,0.1842272878,0.1683458388,0.0364097655,-2.1265778542,-0.9001685977,-2.3037269115
3.3287940025,0.1631474346,0.1678323448,0.0396973789,-1.9661662579,-0.8944920301,-2.4101150036
3.3388061523,0.1512817293,0.1415515244,0.0517199934,-1.8185614347,-0.8742793798,-2.5548336506
3.3488030434,0.1349036545,0.1019495353,0.0565262139,-1.7129943371,-0.8104431629,-2.6849329472
3.3587939739,0.1045825854,0.0778929219,0.0609657466,-1.7199608088,-0.6992191672,-2.7961375713
3.3688888550,0.0853109062,0.0730798468,0.0614530742,-1.8404754400,-0.5438921452,-2.8969254494
3.3787598610,0.0905254334,0.0775658712,0.0642493665,-1.9940065145,-0.4182927310,-2.9443778992
3.3887419701,0.1131922454,0.0894320831,0.0866867006,-2.2039177418,-0.3176843524,-2.9884417057
3.3988919258,0.1340666264,0.1017143950,0.1197192967,-2.3823854923,-0.2881794870,-3.0012567043
3.4088301659,0.1412945390,0.1009243950,0.1713070571,-2.5579302311,-0.2453715503,-2.9610407352
3.4186949730,0.1260280609,0.0995331630,0.1712926328,-2.6458044052,-0.2221314758,-2.9133214951
3.4287791252,0.1057066396,0.0810154900,0.1701550186,-2.5563704967,-0.2041119933,-2.8869409561
3.4387788773,0.0982631519,0.0703111514,0.1546291411,-2.3567075729,-0.2037711143,-2.9030194283
3.4487609863,0.0817624405,0.0967681035,0.1293479502,-2.0381183624,-0.1506831199,-2.8579032421
3.4587340355,0.0813641325,0.1146263704,0.0809330642,-1.7420032024,-0.0923849195,-2.8074908257
3.4687681198,0.1030444428,0.1061728820,0.0576396883,-1.5276310444,-0.0819040537,-2.7758367062
3.4786701202,0.1057646498,0.0942799076,0.0604916513,-1.3667908907,-0.0473604575,-2.7570517063
3.4887619019,0.1054512635,0.0601137541,0.0626808107,-1.2928562164,0.0546106473,-2.7737004757
3.4987480640,0.1060959175,-0.0196293928,0.0898334086,-1.1816804409,0.1686815619,-2.7840795517
3.5087389946,0.0876599327,-0.0516910292,0.1211139262,-1.2551014423,0.2811607122,-2.8134422302
3.5187499523,0.0616594665,-0.0469403602,0.1704334319,-1.3351799250,0.4068022668,-2.7972016335
3.5287389755,0.0560318045,-0.0632750764,0.1628775895,-1.4908206463,0.4988560081,-2.7658181190
3.5387179852,0.0523668937,-0.0694718137,0.1641525328,-1.6792433262,0.6742166281,-2.7126436234
3.5487389565,0.0380710177,-0.0775266662,0.1433434188,-1.7758457661,0.8376761079,-2.6339566708
3.5587339401,0.0307104103,-0.0996763483,0.1195722520,-1.7344658375,0.9753024578,-2.5764472485
3.5687079430,0.0288034491,-0.0625791326,0.1189199984,-1.7579010725,1.0760965347,-2.5175905228
3.5787301064,0.0377304368,-0.0142264115,0.1172285378,-1.7399032116,1.2007303238,-2.4578535557
3.5887279510,0.0511938743,-0.0210612752,0.1121596396,-1.6659156084,1.2670075893,-2.3988409042
3.5987219810,0.0554958992,-0.0646047965,0.1132551134,-1.6097636223,1.2978240252,-2.3459613323
3.6087250710,0.0533146672,-0.1223469153,0.1388814747,-1.5816183090,1.3615092039,-2.2985863686
3.6187109947,0.0550230555,-0.1428392828,0.1570871770,-1.6605160236,1.4533973932,-2.2311344147
3.6286950111,0.0615997128,-0.1321384013,0.1588660181,-1.7147866488,1.5295885801,-2.1465992928
3.6387138367,0.0731637254,-0.1188532487,0.1208445132,-1.7912094593,1.5589038134,-2.0245633125
3.6487221718,0.0700548664,-0.1196546927,0.0914136469,-1.8621392250,1.5773965120,-1.9226442575
3.6586289406,0.0439786725,-0.1373913586,0.0531558692,-1.8923488855,1.5926500559,-1.8611021042
3.6688919067,0.0239077620,-0.1473796666,0.0221321862,-1.9154467583,1.6392288208,-1.7678974867
3.6786530018,0.0156354718,-0.1564457119,-0.0002966237,-1.8820319176,1.7010414600,-1.6939530373
3.6886439323,0.0214666538,-0.1656715572,-0.0526700318,-1.7895861864,1.7195837498,-1.6091463566
3.6986520290,0.0336237960,-0.1394967139,-0.0136642167,-1.7863361835,1.6881126165,-1.5420118570
3.7086210251,0.0573614053,-0.1250054538,0.0091893962,-1.6753572226,1.5607610941,-1.5359514952
3.7186319828,0.0926384702,-0.1183525100,0.0108472398,-1.4807201624,1.3378412724,-1.4071551561
3.7286429405,0.0720984712,-0.0933284536,0.0085909655,-1.4038716555,1.2882505655,-1.2762131691
3.7386379242,0.0271743946,-0.1179433241,-0.0433357656,-1.3876708746,1.2418653965,-1.2153667212
3.7486290932,0.0178112201,-0.1697754562,-0.0633176267,-1.3826398849,1.2531644106,-1.1485129595
3.7586400509,0.0193135552,-0.1897871196,-0.0884287655,-1.4918509722,1.2573858500,-1.0560364723
3.7686390877,0.0248861723,-0.1946749985,-0.1073498428,-1.5740156174,1.2253130674,-0.9824660420
3.7785849571,0.0208984427,-0.1707889736,-0.1213257015,-1.6893010139,1.1962031126,-0.9078310728
3.7886419296,0.0229047351,-0.1199037209,-0.1128955781,-1.7885175943,1.1607922316,-0.8342271447
3.7985939980,0.0278348736,-0.1291321814,-0.1240277588,-1.7542169094,1.1083918810,-0.7436091304
3.8085739613,0.0312136225,-0.1329149306,-0.1301426589,-1.6536495686,1.0520905256,-0.6689468622
3.8186459541,0.0132926507,-0.0767686740,-0.1518079340,-1.5188292265,0.9884811044,-0.6048848033
3.8286318779,0.0145100160,-0.0243295170,-0.1404928267,-1.3364591599,0.8735110760,-0.5904555321
3.8386240005,0.0205939226,0.0104889525,-0.1304330528,-1.1576089859,0.7813092470,-0.5347365141
3.8486371040,0.0226365142,0.0284320973,-0.1239251792,-1.0221086740,0.6489940882,-0.5063509345
3.8586239815,0.0083815856,-0.0036154138,-0.1153534949,-0.9650495648,0.5801835656,-0.4804480672
3.8686161041,0.0008522677,-0.0425361730,-0.1059003174,-1.0302567482,0.5872516036,-0.4698244631
3.8788030148,0.0037737894,-0.0541042425,-0.0941863358,-1.1605045795,0.5852657557,-0.4590964615
3.8886439800,0.0113478703,-0.0421969034,-0.0765565932,-1.3014696836,0.5958595276,-0.4675658345
3.8985650539,0.0121422214,-0.0361273028,-0.0575704277,-1.3763413429,0.6092781425,-0.4559159577
3.9085521698,0.0118449731,-0.0145863639,-0.0554825366,-1.3687601089,0.5923178196,-0.4462497532
3.9185900688,0.0073193121,0.0353459977,-0.0348592699,-1.3292713165,0.5894985795,-0.4366975427
3.9285540581,0.0133729978,0.0899943933,-0.0331201255,-1.2003087997,0.5920461416,-0.3804973662
3.9385671616,0.0271243863,0.1257856190,-0.0420992672,-1.0538536310,0.5497210622,-0.3378292620
3.9485609531,0.0290559344,0.1250905693,-0.0403372347,-0.8488612771,0.5197967291,-0.2729725242
3.9585289955,0.0297221951,0.1152835116,-0.0306220967,-0.6672281027,0.4872773588,-0.2399522513
3.9685690403,0.0369899683,0.1043268666,-0.0200034697,-0.5187108517,0.4566619396,-0.2047985196
3.9785490036,0.0305655412,0.0900230035,-0.0283051450,-0.4163679779,0.4640602171,-0.1826093197
3.9885311127,0.0124156876,0.0589862131,-0.0272415001,-0.4039334059,0.5080133080,-0.1786534637
3.9985530376,0.0001531052,0.0135004176,-0.0071145012,-0.4246296287,0.5633221269,-0.1917466372
4.0085172653,0.0035566497,-0.0220794417,0.0013838100,-0.4844274521,0.5723334551,-0.2087615728
4.0184330940,0.0173035078,-0.0094165551,0.0385554135,-0.5815470219,0.5820052028,-0.2395650148
4.0286021233,0.0227182917,-0.0057244645,0.0273233335,-0.6453608871,0.5568567514,-0.2478564978
4.0386362076,0.0252489261,0.0106741441,0.0057159946,-0.7018362284,0.5519850254,-0.2658435106
4.0484037399,0.0229860954,0.0242427848,-0.0121452520,-0.6718034744,0.5361490846,-0.2700113356
4.0584979057,0.0314121060,0.0448144339,-0.0268852431,-0.5880329013,0.4768862724,-0.2771249115
4.0684890747,0.0433118753,0.0640107617,-0.0306614954,-0.4978273809,0.4019084275,-0.2522667050
4.0784769058,0.0465767793,0.0675672516,-0.0363734066,-0.3842297196,0.3357131481,-0.2221727073
4.0884780884,0.0459093861,0.0709789023,-0.0469231308,-0.2941467166,0.2715131342,-0.1867603958
4.0986890793,0.0429447107,0.0661655888,-0.0508550107,-0.2086275369,0.2404692024,-0.1441207826
4.1085758209,0.0320827775,0.0422610901,-0.0689899027,-0.1360305697,0.2253075540,-0.1079518646
4.1184968948,0.0160149150,0.0103639020,-0.0601790845,-0.1190866083,0.2446141392,-0.1155260205
4.1283020973,0.0104361577,-0.0165036060,-0.0254032332,-0.1074949279,0.2649654746,-0.1209780425
4.1384191513,0.0124802394,-0.0417153575,-0.0058502271,-0.0924392790,0.2511940002,-0.1198355556
4.1485161781,0.0121549172,-0.0526211597,0.0194818657,-0.0902235284,0.2405413687,-0.1176432446
4.1585040092,0.0088352365,-0.0461896993,0.0193441194,-0.0805951431,0.2311478704,-0.0995268151
4.1682839394,0.0093012257,-0.0359797217,0.0153371980,-0.0944648832,0.2216121554,-0.0771450773
4.1784858704,0.0108216805,-0.0335762240,0.0064437077,-0.0944981724,0.2206531465,-0.0643906668
4.1884989738,0.0173830800,-0.0268971659,0.0046281503,-0.0793117583,0.1887612641,-0.0578201190
4.1984729767,0.0232769661,-0.0110299336,0.0004769253,-0.0437517688,0.1463243216,-0.0533219054
4.2083129883,0.0168078952,-0.0056606280,0.0005390930,-0.0211274177,0.1218988746,-0.0553040989
4.2184338570,0.0152945323,0.0039480580,0.0158170741,-0.0284408573,0.1036484987,-0.0583692603
4.2284517288,0.0140646501,-0.0001348005,0.0120055368,-0.0452573895,0.0725052282,-0.0602803454
4.2384481430,0.0147269769,-0.0061324583,0.0195351522,-0.0748589560,0.0401558094,-0.0664232001
4.2484240532,0.0152611537,-0.0025560604,0.0170721095,-0.0789770037,0.0188116375,-0.0588451698
4.2584280968,0.0108588738,0.0017953170,0.0067252801,-0.0649051294,-0.0087811071,-0.0480503142
4.2684350014,-0.0004665447,0.0011222614,0.0032089043,-0.0467258543,-0.0139572276,-0.0448422693
4.2784218788,-0.0060525727,-0.0055244314,0.0009963799,-0.0179860871,-0.0051610731,-0.0427972265
4.2884759903,-0.0048317504,-0.0150285112,0.0040023015,0.0290354826,-0.0112192314,-0.0438531712
4.2983789444,-0.0026815129,-0.0265493132,0.0059624598,0.0517012477,-0.0420258790,-0.0415419489
4.3083949089,0.0023137140,-0.0271737315,0.0223840158,0.0261713862,-0.0508191027,-0.0467790551
4.3184161186,-0.0042588902,-0.0338120200,0.0228150170,-0.0209480561,-0.0382306091,-0.0319544338
4.3284912109,-0.0088862972,-0.0444838740,0.0171872061,-0.0786491707,-0.0291031580,-0.0372852832
4.3384280205,-0.0117392736,-0.0422767736,0.0329452455,-0.1332639456,-0.0050074086,-0.0448398739
4.3488278389,-0.0116902189,-0.0282571651,0.0505646765,-0.1600891650,0.0097936420,-0.0396051630
4.3584370613,-0.0193516798,-0.0103457319,0.0563969314,-0.1686473638,0.0139596257,-0.0449393429
4.3685388565,-0.0327685066,0.0066956533,0.0681213439,-0.1603337675,0.0459878631,-0.0568391457
4.3783688545,-0.0352601595,0.0112351431,0.0736260712,-0.1082383543,0.0709848329,-0.0559765473
4.3885321617,-0.0289483853,0.0226056240,0.0647378862,-0.0409858115,0.0735790133,-0.0634770691
4.3989338875,-0.0205143876,0.0330905579,0.0455447733,0.0379927605,0.0752584040,-0.0635429844
4.4088592529,-0.0158540197,0.0318761133,0.0221945327,0.1070439965,0.1080288664,-0.0436182804
4.4183568954,-0.0053727222,0.0159437917,0.0032186199,0.1752887070,0.1108286455,-0.0277473051
4.4283647537,0.0097611947,-0.0030593621,-0.0059532835,0.2127713710,0.0898788944,-0.0117017590
4.4385337830,0.0198439173,-0.0194757320,-0.0230058152,0.2512307167,0.0764959753,0.0138575286
4.4487938881,0.0209283642,-0.0303606130,-0.0432207286,0.2738090158,0.0469623171,0.0395306684
4.4583439827,0.0257559828,-0.0364915468,-0.0626524985,0.2879168689,0.0129992887,0.0546134822
4.4683589935,0.0284623317,-0.0399595834,-0.0881366432,0.2946349382,-0.0316928141,0.0718968660
4.4783697128,0.0241070800,-0.0397807695,-0.1077804863,0.3086208105,-0.0527874492,0.0922090560
4.4885859489,0.0185766034,-0.0328884460,-0.1204423010,0.3204260468,-0.0654126927,0.1050313786
4.4985332489,0.0168990307,-0.0259046890,-0.1268600523,0.3867952228,-0.0925886631,0.1168478280
4.5085372925,0.0229502730,-0.0179266073,-0.1319607198,0.4714406133,-0.1408805549,0.1425992697
4.5184168816,0.0297866277,0.0006433977,-0.1406597197,0.5635044575,-0.1858397722,0.1757580191
4.5282669067,0.0414551310,0.0053980602,-0.1517272890,0.6790031195,-0.2273531258,0.2163174301
4.5381550789,0.0539225750,0.0039765490,-0.1718485653,0.8382609487,-0.2747928202,0.2738816440
4.5483112335,0.0669975057,0.0100387586,-0.1950274408,1.0457957983,-0.3538711369,0.3379929960
4.5584030151,0.0921028629,0.0311998986,-0.2172476351,1.2492210865,-0.4616346061,0.4267306030
4.5681791306,0.1097451821,0.0537263416,-0.2284510434,1.4667233229,-0.6022353768,0.5369167328
4.5781707764,0.1085734740,0.0402410887,-0.2508510649,1.7301355600,-0.7466951013,0.6545338035
4.5881671906,0.0942136422,0.0135001196,-0.2618789375,1.9957169294,-0.8839083314,0.7423542142
4.5983142853,0.0986897722,-0.0025727497,-0.2485788167,2.2527463436,-1.0253365040,0.8450818062
4.6083269119,0.1150403395,0.0014664186,-0.2260964215,2.4684379101,-1.2107226849,0.9693707228
4.6186428070,0.1122233644,-0.0011614310,-0.2092532814,2.6761944294,-1.3531259298,1.1273820400
4.6283020973,0.0958615318,0.0010734452,-0.2087452710,2.8400743008,-1.4819760323,1.2853369713
4.6382851601,0.0757834092,-0.0110835778,-0.2104546130,3.0461683273,-1.5559023619,1.4535313845
4.6482810974,0.0693431273,-0.0180296637,-0.2312896550,3.1708247662,-1.5930305719,1.6236675978
4.6583309174,0.0722622052,-0.0344742872,-0.2204618156,3.2222158909,-1.7059825659,1.8676514626
4.6683111191,0.0649178997,-0.0765953436,-0.2061587870,3.2778627872,-1.6853483915,2.1054544449
4.6782331467,0.0384566002,-0.1079939380,-0.1961217821,3.2270667553,-1.6778190136,2.2817971706
4.6882748604,0.0328156166,-0.1260087192,-0.1346816719,3.0326004028,-1.7216725349,2.4543247223
4.6982598305,0.0348766260,-0.1703623831,-0.0947266519,2.7392914295,-1.6882673502,2.6264197826
4.7082548141,0.0190921240,-0.2391893566,-0.0532640517,2.4397537708,-1.6700109243,2.7826821804
4.7182650566,-0.0046375585,-0.3203485310,-0.0119808624,2.2291030884,-1.6581095457,2.8656201363
4.7282519341,-0.0284756608,-0.3700843751,0.0541208684,2.1186475754,-1.6063749790,2.8908591270
4.7382488251,-0.0338793583,-0.3559757769,0.0924036801,2.1886630058,-1.5816924572,2.9639546871
4.7482442856,-0.0285176225,-0.2982866466,0.1050451100,2.4548814297,-1.6550273895,3.0216135979
4.7582492828,-0.0264623947,-0.2218045890,0.0979787409,2.9187128544,-1.7376704216,3.0621981621
4.7682480812,-0.0384913273,-0.1290746629,0.0699744523,3.4235489368,-1.7608460188,3.1448624134
4.7782111168,-0.0492948480,-0.0472486354,0.0766896307,3.6627328396,-1.8115137815,3.2523229122
4.7890987396,-0.0388386734,-0.0507907011,0.1071099937,3.6662750244,-1.7667031288,3.3646433353
4.7983279228,-0.0528178401,-0.1067061201,0.0886558592,3.3820655346,-1.6262751818,3.4202404022
4.8086791039,-0.0803895220,-0.1967486441,0.0727865994,2.9590709209,-1.3763486147,3.5315284729
4.8182582855,-0.0995050594,-0.2483312786,0.0640610754,2.2730243206,-0.9121322632,3.5661787987
4.8282527924,-0.1075072214,-0.3083433807,0.0697250664,1.7413986921,-0.5249382257,3.5789127350
4.8382449150,-0.0952015147,-0.3224429786,0.0537182391,1.5647021532,-0.0803189352,3.6112124920
4.8482718468,-0.0925612673,-0.2199168503,0.1123497784,1.6334655285,0.1452835649,3.5576441288
4.8582139015,-0.0571532138,-0.0773439780,0.2337575257,1.9335871935,0.1743122786,3.4308223724
4.8684039116,0.0205691271,0.0672584996,0.3015037477,2.2571828365,0.0553874895,3.3548753262
4.8781380653,0.1091208085,0.1870801151,0.3479902446,2.4806814194,-0.1444126964,3.4112584591
4.8882408142,0.1512587368,0.2310858667,0.3471910655,2.4873609543,-0.3183384240,3.4400038719
4.8982281685,0.1296667904,0.1777676642,0.3021712005,2.2586328983,-0.2628344297,3.3888120651
4.9082341194,0.0648955777,0.0595473312,0.2455916703,1.8105933666,0.0021282656,3.2811675072
4.9182219505,0.0310381316,-0.0778748766,0.2050947249,1.3064113855,0.3655837178,3.1176786423
4.9281549454,0.0322013833,-0.1486572921,0.1823289096,0.8641077280,0.7295981646,2.9637050629
4.9381837845,0.0760098770,-0.1087755933,0.1831731498,0.4968438148,0.9117248058,2.8448524475
4.9481401443,0.1206235588,-0.0309155919,0.1897180378,0.4580221176,0.9867095947,2.7742755413
4.9581041336,0.1368825287,0.1082592830,0.1676527560,0.6254861355,1.0259597301,2.7133498192
4.9681892395,0.1624326855,0.2655478418,0.1740644872,1.0024448633,0.9053736925,2.6448130608
4.9783749580,0.2190163285,0.4043679535,0.1526735127,1.4008752108,0.7710340023,2.5731625557
4.9882802963,0.3071859181,0.5097667575,0.1165708601,1.6846038103,0.6621919274,2.5874812603
4.9982419014,0.3699807227,0.4993452728,0.0935167372,1.9640703201,0.6669456959,2.6403744221
5.0078949928,0.3309980929,0.4094775021,0.0929326117,2.0959081650,0.7623978853,2.5589218140
5.0181488991,0.2624473274,0.3120010197,0.1321859658,2.0572204590,0.8453985453,2.4256114960
5.0284800529,0.2076696903,0.2109831274,0.1888826787,2.0088355541,0.8264160156,2.2494113445
5.0380668640,0.1558441818,0.1195701584,0.2181294858,1.8783608675,0.8138586879,2.0243587494
5.0484509468,0.1417497844,0.0823057517,0.2263236344,1.7331986427,0.7471824884,1.8580971956
5.0579590797,0.1219992712,0.0614709519,0.1666134298,1.5375018120,0.7459126115,1.6362001896
5.0679340363,0.1231823936,0.0491022728,0.1148163974,1.2723064423,0.7088608742,1.5431351662
5.0786209106,0.1386919469,0.0504271053,0.0448987782,0.9563820958,0.7460921407,1.4336900711
5.0881981850,0.1410195082,0.0411077999,-0.0097708413,0.7054151297,0.7936396599,1.3464409113
5.0979161263,0.1531334072,0.0479414724,-0.0419802368,0.5173275471,0.8471559286,1.2750439644
5.1079578400,0.1533406228,0.0822867379,-0.0589710176,0.4744892418,0.8921651840,1.2025394440
5.1180520058,0.1542196125,0.1507693827,-0.0365590751,0.4497531652,0.9186047912,1.1917604208
5.1280708313,0.1628693193,0.2384736240,-0.0070844605,0.5823889375,0.8906642199,1.1791002750
5.1380729675,0.1610583514,0.2734757960,-0.0016694379,0.7743431926,0.7946509123,1.1519674063
5.1483311653,0.1544890255,0.2612132132,0.0083846143,1.0140179396,0.7270148993,1.1501139402
5.1582679749,0.1263048202,0.2241853178,0.0160566848,1.2430752516,0.6612403989,1.1259469986
5.1683092117,0.1030470207,0.1903202236,0.0132451346,1.3838396072,0.5856273770,1.0307238102
5.1781349182,0.0968540087,0.1219431981,0.0201698821,1.4370613098,0.5156533718,0.9238373041
5.1880478859,0.0829591528,0.0542119406,0.0259949248,1.3778831959,0.4822599888,0.8221055865
5.1980719566,0.0645659938,0.0368522070,0.0206969064,1.0757610798,0.5187445283,0.7370875478
5.2080540657,0.0670384839,0.0045207394,-0.0030690145,0.8410336971,0.5093475580,0.7256260514
5.2182111740,0.0606880002,-0.0055615650,-0.0444531143,0.5312786102,0.5754776001,0.6149255037
5.2281312943,0.0794468597,0.0167815350,-0.0484040678,0.3285849094,0.5694348812,0.5917336345
5.2379670143,0.0772564784,0.0300574563,-0.0580581129,0.2617582083,0.5500406027,0.5090393424
5.2480459213,0.0706258789,0.0525710844,-0.0435368717,0.2334107161,0.5109360814,0.4615050554
5.2580590248,0.0751846805,0.0622312687,-0.0200982410,0.2059165090,0.4807646275,0.4574685395
5.2680387497,0.0606863908,0.0619449280,-0.0171415526,0.2532225251,0.4425903261,0.4502463043
5.2781548500,0.0600485019,0.0847949013,-0.0047778203,0.3540958762,0.3781698048,0.4505957067
5.2879948616,0.0610264353,0.0919372067,-0.0001667452,0.4817342460,0.2928298712,0.4797445238
5.2981491089,0.0645401850,0.0756190047,0.0103295138,0.5600887537,0.2337351292,0.4981350005
5.3080492020,0.0411138348,0.0419810675,0.0191632789,0.5933031440,0.2158860862,0.5056642890
5.3180508614,0.0209209733,0.0044315113,0.0242178123,0.5543355942,0.1640071720,0.4730907679
5.3281550407,0.0338442437,-0.0474445559,0.0235665124,0.4249150455,0.1054791585,0.3705087304
5.3382229805,0.0689201131,-0.0453888513,0.0095024994,0.2165173590,0.0484073497,0.2605390549
5.3482680321,0.0722069815,-0.0023609148,-0.0145784924,0.0599961951,0.0200409517,0.2098375559
5.3581938744,0.0621223263,0.0470436774,-0.0385276973,-0.0123646883,0.0021660822,0.1845049113
5.3680458069,0.0651585236,0.0707679018,-0.0525889099,-0.0291639082,-0.0154278250,0.1421350837
5.3780260086,0.0684191957,0.0819844827,-0.0507338941,-0.0184598640,-0.0060111536,0.1091342494
5.3880171776,0.0757597461,0.0902867541,-0.0506670177,0.0116082896,-0.0146195553,0.0751725584
5.3985128403,0.0881725326,0.1054735705,-0.0348012745,0.0109271863,-0.0459646955,0.0350052901
5.4080510139,0.0907416418,0.0840206072,-0.0382653177,-0.0056557860,-0.0766730756,-0.0412761644
5.4180068970,0.0735292807,0.0550246798,-0.0349546373,-0.0328583792,-0.1117879152,-0.1228317395
5.4279909134,0.0529411547,0.0420910977,-0.0238743741,-0.0715868697,-0.1820676774,-0.1818428636
5.4381098747,0.0368184261,0.0199309848,-0.0185497720,-0.0971705168,-0.1896765977,-0.1743423343
5.4480037689,0.0185255818,0.0094242943,-0.0242092330,-0.1102277339,-0.1682109833,-0.1521621943
5.4579911232,0.0234094374,0.0223962925,-0.0416504443,-0.1346597075,-0.1812594086,-0.1563112736
5.4679999352,0.0792947486,0.0395503305,-0.0595202148,-0.1288590729,-0.2347178310,-0.1634054035
5.4779520035,0.1121769324,0.0556107424,-0.0763076246,-0.1113597080,-0.2837892473,-0.1673460752
5.4879617691,0.1250313371,0.0697004423,-0.0821546614,-0.0893750489,-0.3511711955,-0.1924218684
5.4979467392,0.1349721402,0.0445980094,-0.0923500955,-0.0961687714,-0.4105176330,-0.2515254021
5.5079550743,0.1535606831,0.0275997780,-0.1044641435,-0.1731754094,-0.4752074182,-0.3721647263
5.5179500580,0.1831757277,0.0062794341,-0.1050269306,-0.3523637950,-0.5592229962,-0.5361685753
5.5279359818,0.2169534713,0.0090120090,-0.1016664803,-0.5977475047,-0.6363843083,-0.7129161954
5.5379343033,0.2376458496,0.0100397123,-0.0994960964,-0.8570400476,-0.7104297876,-0.8875489831
5.5477762222,0.2459904999,0.0406190418,-0.1046669781,-1.0993429422,-0.7715625763,-1.0675898790
5.5577430725,0.2547377348,0.0769676194,-0.0992470086,-1.2775539160,-0.8438293934,-1.2327297926
5.5678348541,0.2612456679,0.1019624695,-0.0828996599,-1.3980777264,-0.9115927219,-1.4234366417
5.5793828964,0.2586946487,0.1266811788,-0.0594908893,-1.4632534981,-0.9576033354,-1.6206990480
5.5881600380,0.2412420958,0.1485331357,-0.0533195436,-1.4892499447,-0.9690219164,-1.8075877428
5.5980882645,0.2319728583,0.1737935245,-0.0497315824,-1.5419588089,-0.9837111235,-1.9774369001
5.6080331802,0.2406504899,0.1850379407,-0.0330708921,-1.6238497496,-0.9642127752,-2.1230537891
5.6180591583,0.2199488729,0.1924567521,-0.0375225246,-1.7373563051,-0.8783876300,-2.2329559326
5.6280212402,0.1999448389,0.1866442859,-0.0424530208,-1.8495025635,-0.8205105066,-2.3628647327
5.6378927231,0.2142835408,0.1467162073,-0.0149992416,-1.9249970913,-0.7904862165,-2.5340547562
5.6479020119,0.2214034200,0.1065945849,0.0113267591,-1.9841967821,-0.7903594375,-2.7156832218
5.6579189301,0.2203981876,0.0848527774,0.0469783247,-2.1211416721,-0.8090687394,-2.9045710564
5.6679067612,0.2251009196,0.0646748170,0.0827523768,-2.3149552345,-0.8012965322,-3.0702192783
5.6778740883,0.2197353691,0.0546505712,0.0993869007,-2.5633299351,-0.7789795399,-3.2348585129
5.6879491806,0.1885149032,0.0556124114,0.1098085940,-2.8578999043,-0.7405557632,-3.3496401310
5.6979060173,0.1427975148,0.0428418182,0.1066025794,-3.0228111744,-0.6327240467,-3.4649634361
5.7081327438,0.0862317681,0.0467625521,0.1053841412,-3.0734539032,-0.5304325819,-3.5813920498
5.7178931236,0.0750387236,0.0909334049,0.1063780487,-3.0196287632,-0.4175611436,-3.6799008846
5.7278699875,0.0806399435,0.1594008505,0.1233939826,-2.8304097652,-0.3199424446,-3.6849157810
5.7378931046,0.0997521579,0.2457140386,0.1256228387,-2.5138418674,-0.2723962367,-3.6610097885
5.7478709221,0.1185850129,0.2847675979,0.1251688898,-2.0768523216,-0.3182353675,-3.6673920155
5.7579002380,0.1221170276,0.2579326928,0.1110381186,-1.6405884027,-0.3994884193,-3.6905460358
5.7678918839,0.1200429574,0.2313328683,0.1165526211,-1.3686966896,-0.3579217792,-3.7005670071
5.7780051231,0.1274581850,0.1855629981,0.1364854872,-1.2804934978,-0.3353000879,-3.6349072456
5.7879691124,0.1398334354,0.1321923435,0.1610065997,-1.4371383190,-0.2653809190,-3.5661957264
5.7978210449,0.1261038929,0.0566352271,0.1711068451,-1.6364692450,-0.1979070902,-3.4942491055
5.8079309464,0.0930757597,-0.0313400365,0.1696789563,-1.8650443554,-0.0636656582,-3.4630882740
5.8178482056,0.0346448831,-0.0935979262,0.1653243601,-2.0660121441,0.0879009590,-3.4309976101
5.8278961182,-0.0026588631,-0.1188775674,0.1513467729,-2.1968941689,0.2796531022,-3.3875293732
5.8378973007,-0.0119623141,-0.1097583547,0.1335742176,-2.2100689411,0.4349433482,-3.3396565914
5.8478531837,-0.0089808898,-0.0698441043,0.1432659924,-2.1304843426,0.6048188806,-3.2951309681
5.8578901291,0.0243185274,-0.0274106599,0.1384292543,-1.9916855097,0.7079389691,-3.2364039421
5.8686447144,0.0616794042,0.0045453561,0.1248940527,-1.8139863014,0.7390063405,-3.1389894485
5.8781862259,0.0989061370,0.0021162285,0.0958703458,-1.7059694529,0.7828754783,-2.9810519218
5.8878278732,0.1211748496,-0.0486669280,0.1021421254,-1.6508097649,0.7737493515,-2.8482322693
5.8978118896,0.1162824407,-0.1372286975,0.1208482087,-1.6050421000,0.7577126026,-2.7652947903
5.9078407288,0.0830607191,-0.1904382408,0.1386287510,-1.6525624990,0.8079507351,-2.7220292091
5.9178280830,0.0653010979,-0.2101325095,0.1496656239,-1.7184290886,0.8638033867,-2.6299145222
5.9277939796,0.0590905957,-0.2044353187,0.1373777688,-1.7489715815,0.9008415341,-2.5207071304
5.9379458427,0.0573630147,-0.1695853770,0.1039676964,-1.8110588789,1.0082033873,-2.4087464809
5.9478068352,0.0589986257,-0.1349271238,0.0832024515,-1.7612855434,1.1253622770,-2.2523071766
5.9577870369,0.0595642142,-0.1258782446,0.0446564853,-1.6351989508,1.2009412050,-2.1530220509
5.9678640366,0.0534038357,-0.1244891658,0.0139510324,-1.4393564463,1.2373838425,-2.0684039593
5.9785480499,0.0560035519,-0.1192427054,-0.0238803346,-1.3352142572,1.2477698326,-1.9474289417
5.9881548882,0.0593721084,-0.1356730759,-0.0320291221,-1.2302806377,1.2860739231,-1.8128268719
5.9979219437,0.0613521151,-0.1504757702,0.0027464915,-1.2008349895,1.2926867008,-1.6917805672
6.0079779625,0.0672065988,-0.1600514948,0.0166038554,-1.1413024664,1.2739117146,-1.5663383007
6.0178308487,0.0665061250,-0.1779946983,0.0266633909,-1.1463810205,1.2104507685,-1.4830554724
6.0277628899,0.0614494495,-0.1956550181,0.0076982067,-1.2560286522,1.1429497004,-1.4028618336
6.0378098488,0.0441694669,-0.2210265100,-0.0289010722,-1.3770421743,1.1482857466,-1.2944488525
6.0477681160,0.0229008012,-0.2286939323,-0.0601995885,-1.5433400869,1.2172067165,-1.2087259293
6.0577468872,0.0171850733,-0.2142910659,-0.0587653220,-1.6314550638,1.2536249161,-1.1196585894
6.0677790642,0.0257058553,-0.1905088723,-0.0891750157,-1.5415749550,1.2202820778,-1.1003820896
6.0777692795,0.0384877734,-0.1264757216,-0.0908462107,-1.3574594259,1.1303987503,-1.0287479162
6.0895662308,0.0526670627,-0.0393979289,-0.1191000640,-1.1672334671,1.0685234070,-0.9371138811
6.0978169441,0.0451090150,-0.0014753686,-0.1237776577,-0.9492692947,1.0100375414,-0.8487062454
6.1084461212,0.0421961956,-0.0077748643,-0.1338562071,-0.7592282295,0.9726976156,-0.7625431418
6.1184129715,0.0495728664,-0.0297574736,-0.1168493927,-0.6626399159,0.8873670101,-0.7046902180
6.1284098625,0.0489380769,-0.0609349348,-0.1039763391,-0.6557670832,0.8098522425,-0.6510728002
6.1378459930,0.0345392637,-0.0954243317,-0.0917937458,-0.6969827414,0.7530257106,-0.6347407103
6.1479449272,0.0257795267,-0.1213485375,-0.0765037239,-0.8002262712,0.7012610435,-0.5950244665
6.1575927734,0.0254276209,-0.1174750105,-0.0711639822,-0.9355694652,0.6620030999,-0.5628002286
6.1675939560,0.0190070681,-0.1041732803,-0.0591446459,-1.0560246706,0.6386903524,-0.5551281571
6.1775879860,0.0173792653,-0.0743389502,-0.0459357202,-1.1381449699,0.6336902380,-0.5656628609
6.1875729561,0.0101777120,-0.0543297864,-0.0515616238,-1.1250323057,0.5984851122,-0.5696932673
6.1975340843,0.0114731593,0.0019278182,-0.0506408513,-1.1184753180,0.5782661438,-0.5653176904
6.2076082230,0.0108813448,0.0483295582,-0.0640357435,-1.0118274689,0.5782855749,-0.5345829725
6.2175912857,0.0034895348,0.0732079372,-0.0861351192,-0.8775860667,0.6040306091,-0.5210356712
6.2275691032,0.0095071001,0.0828328356,-0.0661824644,-0.7709118128,0.6008439064,-0.4902801812
6.2375202179,0.0240566544,0.0894682631,-0.0453232825,-0.6290299296,0.5969282389,-0.4510428905
6.2475409508,0.0337030701,0.0949967727,-0.0462042391,-0.4429465532,0.5430535674,-0.4200141430
6.2576508522,0.0323940329,0.0985976681,-0.0297552068,-0.2880419493,0.5177604556,-0.3933992982
6.2676930428,0.0254289918,0.0728640184,-0.0270998199,-0.1384194195,0.4891458452,-0.3752575815
6.2776842117,0.0195477419,0.0276125930,-0.0326726139,-0.0762938708,0.4576867223,-0.3602220416
6.2876749039,0.0231377892,0.0039723171,-0.0217202622,-0.0878754258,0.4394004047,-0.3632825613
6.2976770401,0.0287984423,-0.0283815600,-0.0062231137,-0.1269698292,0.3941290379,-0.3725242615
6.3076758385,0.0394559316,-0.0442769863,-0.0197456796,-0.1649230719,0.3350790441,-0.3689276576
6.3176689148,0.0420992784,-0.0360356309,-0.0331926644,-0.2447088361,0.2940189838,-0.3484196067
6.3276581764,0.0338963084,-0.0252472498,-0.0474003255,-0.3259016871,0.2925310731,-0.3239182532
6.3376841545,0.0305406861,-0.0274585225,-0.0716168582,-0.3558758199,0.2914825678,-0.2941425145
6.3477487564,0.0384865813,-0.0121556865,-0.0754656494,-0.3568505645,0.2703171074,-0.2685071826
6.3576579094,0.0469503216,0.0116343750,-0.0636337698,-0.3107475340,0.2387615740,-0.2513396442
6.3676548004,0.0408811979,0.0265446566,-0.0585477054,-0.2316260636,0.2181066275,-0.2385122627
6.3776540756,0.0280091576,0.0348256491,-0.0355916917,-0.1622090489,0.2112295628,-0.2300145179
6.3876342773,0.0180540495,0.0432430170,-0.0159275848,-0.0971117988,0.2117693722,-0.2258139104
6.3976421356,0.0071474123,0.0438235663,-0.0074218228,-0.0298920162,0.2134034932,-0.2205594927
6.4076309204,-0.0018020464,0.0356495045,-0.0032611799,0.0374071300,0.2033268958,-0.2099172324
6.4176769257,-0.0011911584,0.0326129459,0.0228188317,0.0609530695,0.1928832978,-0.2034954280
6.4276361465,0.0032336521,0.0273441933,0.0332843959,0.0556792095,0.1728078574,-0.1714898199
6.4376130104,0.0144579811,0.0068922294,0.0257319491,0.0207526535,0.1288838089,-0.1509922743
6.4476389885,0.0190113597,-0.0323223211,0.0166025441,0.0254214406,0.0787229091,-0.1464206874
6.4576058388,0.0215386562,-0.0414691903,-0.0108466456,0.0075031598,0.0434781052,-0.1270568520
6.4676461220,0.0265934877,-0.0108355628,-0.0341494381,0.0162196867,0.0096165417,-0.0949716121
6.4776301384,0.0287746601,0.0001136912,-0.0555873811,0.0601344146,-0.0239059981,-0.0554779992
6.4875907898,0.0329636149,-0.0153881656,-0.0662805736,0.0774484277,-0.0672657266,-0.0169628337
6.4976081848,0.0311974101,-0.0359314419,-0.0616812408,0.1106259525,-0.0860623121,0.0054488652
6.5075888634,0.0283520631,-0.0555516817,-0.0512585938,0.1234477386,-0.0933175609,0.0203604363
6.5175752640,0.0175323300,-0.0605756976,-0.0349625051,0.1212197393,-0.0868151858,0.0330695733
6.5275840759,0.0028824019,-0.0673191920,-0.0106224129,0.1093409732,-0.0677232519,0.0265797172
6.5375790596,-0.0031498861,-0.0651314035,0.0237572473,0.0686404184,-0.0519884974,0.0275642872
6.5475859642,-0.0035574031,-0.0514816977,0.0522162020,0.0291750338,-0.0565507598,0.0297462158
6.5576109886,-0.0079974132,-0.0213867761,0.0744929612,-0.0220332928,-0.0580599755,0.0255461428
6.5675768852,-0.0211471505,0.0154085411,0.0809794962,-0.0436328612,-0.0251488965,0.0189734623
6.5773329735,-0.0417542644,0.0347247981,0.0673740804,-0.0140693774,0.0219395198,-0.0015406013
6.5886392593,-0.0467062183,0.0535946749,0.0680835545,0.0262831058,0.0562623404,-0.0241015702
6.5980958939,-0.0388007350,0.0718826279,0.0663484037,0.0656572729,0.0788424835,-0.0433957726
6.6077971458,-0.0344247408,0.0688708648,0.0521491468,0.0974748582,0.1068136618,-0.0510361157
6.6173968315,-0.0269079991,0.0424870513,0.0351166427,0.1069365442,0.1239982396,-0.0500925556
6.6275501251,-0.0145307975,0.0120507730,0.0150726726,0.1047125384,0.1315352619,-0.0416407473
6.6375541687,-0.0023243618,-0.0157411434,-0.0062071993,0.1165785119,0.1103836372,-0.0266410280
6.6475939751,0.0124650998,-0.0291566588,-0.0218933541,0.1401911676,0.0819903463,0.0064607328
6.6573610306,0.0202718191,-0.0360625125,-0.0464365184,0.1702521294,0.0483029485,0.0395923220
6.6675491333,0.0231289677,-0.0510303117,-0.0701497495,0.2004071027,0.0101867244,0.0546919107
6.6774740219,0.0249771290,-0.0739510432,-0.0919668376,0.2444901317,-0.0331860483,0.0676921308
6.6875238419,0.0295562558,-0.0801984444,-0.1030540168,0.2831808031,-0.0712271705,0.0838476643
6.6973810196,0.0331009440,-0.0765627995,-0.1111244261,0.3357509375,-0.1081228778,0.0968006104
6.7075190544,0.0318040662,-0.0680376664,-0.1277858317,0.3828319013,-0.1321139634,0.1234830841
6.7175197601,0.0313243084,-0.0527550317,-0.1452489793,0.4139052629,-0.1593762040,0.1565700769
6.7275619507,0.0383488350,-0.0259388424,-0.1607722938,0.4386968911,-0.2079221755,0.2067999542
6.7375860214,0.0520166568,-0.0022321092,-0.1675874293,0.4947175682,-0.2883187532,0.2540279329
6.7475280762,0.0645522848,0.0241815113,-0.1755137146,0.5859957933,-0.3779426515,0.3151016533
6.7574968338,0.0779518858,0.0473630093,-0.1912532747,0.6869365573,-0.4854161143,0.4049689770
6.7674961090,0.0872949138,0.0476210378,-0.2051219642,0.7868767381,-0.6014385819,0.4959548116
6.7775568962,0.0763239637,-0.0066980468,-0.2266750634,0.9136924148,-0.7229812741,0.5423385501
6.7875409126,0.0651273504,-0.0425427295,-0.2388319075,0.9902498126,-0.8352636099,0.5918831825
6.7975111008,0.0660907999,-0.0356370546,-0.2436771691,1.0528281927,-0.9442473650,0.6647885442
6.8074808121,0.0696534291,-0.0321414806,-0.2440722883,1.1142913103,-1.0552052259,0.7578932047
6.8176579475,0.0738844648,-0.0439483263,-0.2466686070,1.2141578197,-1.1710354090,0.8711870313
6.8275561333,0.0842838660,-0.0554306842,-0.2358379662,1.2799400091,-1.3040504456,1.0058648586
6.8375282288,0.1045039073,-0.0501814224,-0.2062682211,1.2988827229,-1.4586718082,1.1566536427
6.8474960327,0.1124528423,-0.0646823421,-0.1786647737,1.3190028667,-1.6240311861,1.3000723124
6.8576297760,0.1119560972,-0.0949247256,-0.1490235031,1.3314483166,-1.7680021524,1.4518572092
6.8674731255,0.1181112304,-0.1117262021,-0.1155083477,1.2358709574,-1.8923736811,1.6184635162
6.8773961067,0.1085803285,-0.1194088235,-0.1059583724,1.1004343033,-1.9627621174,1.7592496872
6.8874521255,0.0492855124,-0.1384548247,-0.1149588525,0.9519453049,-1.8708590269,1.8915563822
6.8974790573,0.0413545780,-0.1707101166,-0.1143764555,0.9300883412,-1.8529618979,2.0040676594
6.9074592590,0.0676808134,-0.2176160514,-0.0908277333,1.0376917124,-1.9777933359,2.0579216480
6.9174928665,0.0647147670,-0.2239275873,-0.0805883706,1.2169245481,-2.0023143291,2.1535730362
6.9274501801,0.0524886660,-0.1867860258,-0.0815850198,1.4298424721,-1.9835094213,2.2850389481
6.9374351501,0.0463048033,-0.1373017728,-0.0578728616,1.6694417000,-1.9864525795,2.4729294777
6.9474310875,0.0501523428,-0.1019395962,-0.0164916236,1.8883509636,-2.0644803047,2.6496396065
6.9574651718,0.0458959155,-0.1009768024,0.0452879965,2.1342799664,-2.1714100838,2.7978374958
6.9674220085,0.0424374752,-0.1129943505,0.0777625740,2.3318264484,-2.2411980629,2.9575109482
6.9774322510,0.0300086550,-0.1405843198,0.1166184247,2.3922991753,-2.2261693478,3.0349240303
6.9874248505,-0.0072207642,-0.1944686472,0.1232681572,2.3265538216,-2.1643610001,3.0728151798
6.9974288940,-0.0147651630,-0.2691002190,0.1309494674,2.1991565228,-1.9973751307,3.0920081139
7.0074071884,-0.0163178630,-0.3295104802,0.1373250186,2.0318388939,-1.7752004862,3.1013081074
7.0174188614,-0.0188534446,-0.3464362323,0.1438978016,1.7969744205,-1.5088379383,3.0891196728
7.0274009705,-0.0116005437,-0.3367321789,0.1283762157,1.5003741980,-1.2894194126,3.1431484222
7.0373950005,0.0197260492,-0.3355863988,0.1001959145,1.3387368917,-1.0088316202,3.2285575867
7.0473852158,0.0131502552,-0.2747488320,0.0778541863,1.2739949226,-0.8143758774,3.2783365250
7.0574221611,0.0156229241,-0.1777634919,0.0937512219,1.3785443306,-0.7144133449,3.3742935658
7.0673880577,0.0304818563,-0.0903716460,0.1054393947,1.6759290695,-0.7016040683,3.4781172276
7.0775861740,0.0423835926,-0.0218447186,0.1513119638,1.9350346327,-0.8334534168,3.5733408928
7.0873699188,0.0838905349,0.0241108201,0.2350163162,1.9786863327,-0.9736608863,3.6369009018
7.0973672867,0.1211083904,-0.0110638486,0.2689487040,1.8611831665,-0.9711958170,3.6571547985
7.1073818207,0.1178993657,-0.1159366146,0.2737311423,1.6561275721,-0.8128168583,3.6148378849
7.1174139977,0.0803818777,-0.2104124129,0.2932118475,1.3046945333,-0.4767062366,3.4907302856
7.1273717880,0.0547774844,-0.2603146136,0.3004438579,0.9727046490,-0.1389580220,3.2901048660
7.1373491287,0.0803682879,-0.2419101894,0.2660945356,0.8109711409,0.1223494858,3.1206650734
7.1473417282,0.1266472936,-0.1179688945,0.1989445984,0.8831289411,0.2265051752,2.9860777855
7.1573681831,0.1574297994,0.0416903757,0.1439861953,1.1470268965,0.1975582093,2.9860777855
7.1673707962,0.1655199230,0.1827925146,0.1539295614,1.4559240341,0.1225066036,3.0543417931
7.1773519516,0.1727492064,0.2497537434,0.1197372973,1.8447446823,0.0390079878,3.1884775162
7.1873340607,0.1862813383,0.2596484721,0.1286362708,2.0442805290,-0.1367113888,3.3329005241
7.1973638535,0.1961657852,0.2009318173,0.1163806617,2.1081676483,-0.1473120898,3.4094126225
7.2073259354,0.1662274450,0.1246069297,0.0685010254,2.0056743622,0.0042968774,3.3575062752
7.2173252106,0.1558128446,0.0786732659,0.0880643427,1.7557327747,0.2158077955,3.1948275566
7.2273159027,0.1924413741,0.0565522574,0.1120810211,1.5355330706,0.3477437198,2.9487133026
7.2373671532,0.2250574380,0.0382697843,0.1436447799,1.3216781616,0.4955709875,2.6801810265
7.2473750114,0.2288828343,0.0756884441,0.1524728835,1.0779205561,0.6191557646,2.4787578583
7.2573232651,0.2213482708,0.1155717000,0.1466374695,0.9752519131,0.7109080553,2.3018777370
7.2673001289,0.2083825022,0.1642653048,0.1379794180,0.9727631807,0.6797365546,2.1586587429
7.2773370743,0.2108760923,0.2456180155,0.1290759146,0.9719284773,0.6676173210,2.1173055172
7.2872948647,0.2219408154,0.2925933301,0.0934623778,1.1361690760,0.5472357869,2.1402816772
7.2972927094,0.2136208266,0.2998061478,0.0720925033,1.3078904152,0.4582603574,2.0791192055
7.3072938919,0.2177624255,0.3491124809,0.0273341220,1.4448024035,0.4460215569,2.0238585472
7.3173389435,0.2423269898,0.3821083605,-0.0083967755,1.5774977207,0.4315204024,1.9579921961
7.3273310661,0.2524444759,0.3769052923,-0.0179926474,1.6203210354,0.4628892243,1.8377087116
7.3373041153,0.2320263535,0.3284792602,-0.0056959107,1.5577980280,0.4904974103,1.6229703426
7.3472852707,0.2018419057,0.2517200410,0.0161468070,1.4088982344,0.5234960914,1.3668240309
7.3572831154,0.1683523506,0.1966690719,0.0338890851,1.1713027954,0.5613055229,1.1287699938
7.3672780991,0.1587878913,0.1660343111,0.0425289571,0.8825037479,0.5902701020,0.9024944901
7.3773422241,0.1536580175,0.1448635161,0.0342268050,0.6558490992,0.5814502239,0.7008543015
7.3873300552,0.1478884667,0.1406982839,0.0245642941,0.4746704698,0.6075531840,0.5425152779
7.3973050117,0.1399428695,0.1682264507,0.0182434600,0.3185132444,0.5311763883,0.5016859174
7.4072890282,0.1275501102,0.1843818128,-0.0082109878,0.3005534112,0.5253211856,0.4581784010
7.4172568321,0.1130615845,0.1870217025,-0.0232748706,0.3954606056,0.4063723981,0.4620731473
7.4272480011,0.1003528014,0.2160610259,-0.0245514829,0.5475433469,0.3089499772,0.5560891032
7.4372510910,0.0775187388,0.2045702040,-0.0315023959,0.8217602372,0.1788700223,0.5949859023
7.4472470284,0.0494863503,0.1781798303,-0.0292221028,1.0671330690,0.0611809343,0.6093888283
7.4572429657,0.0239211135,0.1434321702,-0.0241508801,1.2449446917,-0.0300594978,0.6534157991
7.4672341347,-0.0170135088,0.0939789638,-0.0298697669,1.3087856770,-0.0143937198,0.6777046323
7.4773197174,-0.0416953750,0.0458132885,-0.0270299632,1.2527321577,0.0524931699,0.6751830578
7.4872598648,-0.0442108102,-0.0163915493,-0.0270935018,1.0970890522,0.1633765399,0.6586368084
7.4972300529,-0.0476834662,-0.0425432064,-0.0223893840,0.9038091898,0.3092083037,0.6387047768
7.5072760582,-0.0532186814,-0.0385544039,0.0016416000,0.6956272125,0.4422662258,0.6379873157
7.5172381401,-0.0298861451,-0.0002178894,0.0315149128,0.5074183345,0.5930166245,0.6881352663
7.5271987915,-0.0036890698,0.0331949852,0.0318344533,0.4077939689,0.5412316918,0.5971750021
7.5372152328,0.0724425688,0.0121568097,0.0182028096,0.3287612200,0.3500441611,0.4348622859
7.5472278595,0.0901532546,0.0292130969,-0.0290929396,0.2704829872,0.2348208874,0.2624804080
7.5572228432,0.0783532038,0.1340598166,-0.0787962377,0.2279575169,0.1036644727,0.2123651654
7.5672039986,0.1470012516,0.2013303339,-0.1043907106,0.2968873084,-0.0738125741,0.1444124728
7.5772190094,0.1471694261,0.2049919665,-0.1006350815,0.3876988292,-0.1838394701,0.0696321130
7.5872139931,0.0809921995,0.1955552995,-0.0907949507,0.4223838151,-0.2288783193,0.0210299548
7.5971918106,0.0467242412,0.1432445347,-0.0647452772,0.3724674284,-0.2372438461,-0.0373132452
7.6071739197,0.0334178619,0.0706348643,-0.0225062091,0.2009140253,-0.2487620115,-0.1040493995
7.6171827316,0.0227111094,-0.0124024497,0.0147174289,-0.0272466987,-0.2449371815,-0.1995271891
7.6271800995,0.0286019854,-0.0290263034,0.0404031575,-0.2842537165,-0.2454503775,-0.2768989205
7.6372318268,0.0572461598,-0.0191819407,0.0538448393,-0.5380404592,-0.2522605956,-0.3436081707
7.6471300125,0.0808007494,-0.0182135440,0.0404057801,-0.7766205668,-0.2868326902,-0.4207719564
7.6572217941,0.1020997241,-0.0189997889,0.0246017259,-1.0025550127,-0.3072847128,-0.4831630290
7.6672058105,0.1160250977,-0.0086783515,0.0034758139,-1.1539170742,-0.2974978685,-0.5766112208
7.6771497726,0.1083686128,0.0041376008,-0.0138694355,-1.2780658007,-0.3275798559,-0.7325019240
7.6872272491,0.1162609234,0.0498760007,-0.0000072432,-1.4405812025,-0.3560226858,-0.9117481112
7.6971540451,0.1509815305,0.0989325866,0.0020283747,-1.6414647102,-0.3943263888,-1.0845295191
7.7071518898,0.1853704005,0.1237833127,-0.0051892116,-1.8637931347,-0.4304500520,-1.2328747511
7.7171487808,0.1861790568,0.1235329136,-0.0160847623,-1.9999059439,-0.4297131598,-1.3985174894
7.7275772095,0.1687479168,0.1424846947,-0.0276937205,-2.1754791737,-0.4325059950,-1.5662345886
7.7373261452,0.1632466167,0.1565977037,-0.0185356457,-2.3639881611,-0.4298369884,-1.7084807158
7.7482428551,0.1436154991,0.1443048418,-0.0122880051,-2.5388092995,-0.4025161564,-1.8551458120
7.7623939514,0.1280321926,0.1577268541,-0.0060511543,-2.6783425808,-0.3771804571,-2.0156323910
7.7674369812,0.1212948635,0.1942805946,-0.0027805280,-2.8374688625,-0.3269484341,-2.1220860481
7.7771482468,0.1137915030,0.1977134645,-0.0059907152,-2.9015314579,-0.2887030542,-2.2168440819
7.7871131897,0.0852577463,0.1692959368,-0.0064919307,-2.9441604614,-0.2431954741,-2.3562827110
7.7969651222,0.0472574942,0.1540646851,-0.0005778981,-3.0073151588,-0.1595551670,-2.5172004700
7.8069639206,0.0361296646,0.1494075954,-0.0026490998,-3.0491259098,-0.0726034939,-2.6855928898
7.8170371056,0.0497385971,0.1537112892,-0.0007981372,-3.0749919415,0.0010496851,-2.7986660004
7.8274359703,0.0602150075,0.1768848002,0.0233174842,-3.1107208729,0.0930773467,-2.8789169788
7.8371529579,0.0585950874,0.2025349438,0.0651535094,-3.0945227146,0.2210017443,-2.9328765869
7.8469309807,0.0634657815,0.2425012887,0.0899905860,-3.0567758083,0.3224205375,-2.9813683033
7.8569002151,0.0866724402,0.2610757649,0.1049544513,-2.8747291565,0.3899143338,-3.0042486191
7.8669071198,0.1038888544,0.2709876001,0.1139552891,-2.6409056187,0.4061955810,-3.0618865490
7.8769268990,0.1198317409,0.2927456796,0.1463296115,-2.4371929169,0.4489758015,-3.1175475121
7.8868918419,0.1339220703,0.2831636965,0.1712049544,-2.2055234909,0.4663364291,-3.1720039845
7.8968772888,0.1457909942,0.2597298324,0.1941865385,-2.0371949673,0.5103073120,-3.1819677353
7.9068822861,0.1533070803,0.2192487419,0.2032029927,-1.9027727842,0.5293076634,-3.2066197395
7.9169092178,0.1422217339,0.1536679566,0.1908401549,-1.8279316425,0.5347921848,-3.2577011585
7.9268712997,0.1206654310,0.1079983339,0.1873988807,-1.9109389782,0.6513270736,-3.3040816784
7.9368648529,0.1021979973,0.0773192272,0.1830295026,-2.0466282368,0.7966850400,-3.3070547581
7.9469609261,0.0994133428,0.0393066667,0.1759984791,-2.2005300522,0.9546269774,-3.3217825890
7.9570970535,0.1031753942,0.0203948878,0.1833305061,-2.4174001217,1.0963726044,-3.2991800308
7.9668869972,0.1131755933,0.0126570119,0.1868812740,-2.5129256248,1.2660897970,-3.2396576405
7.9768748283,0.1034488156,-0.0163865425,0.1686675847,-2.4650197029,1.3867166042,-3.1756660938
7.9868612289,0.0964115039,0.0058466448,0.1870870888,-2.3546245098,1.5582535267,-3.0897393227
7.9968461990,0.1129896417,0.0311150216,0.1792540848,-2.0755620003,1.5954374075,-2.9934966564
8.0068426132,0.1404410154,0.0651610121,0.1787500679,-1.8229963779,1.6266932487,-2.9418184757
8.0168495178,0.1581211537,0.1210929379,0.1566086113,-1.6317285299,1.6837701797,-2.8148350716
8.0268287659,0.1760607213,0.1090077981,0.1265439093,-1.4090166092,1.6843813658,-2.6949443817
8.0368556976,0.1719602197,0.0296139978,0.0926336348,-1.2100986242,1.7358206511,-2.6093633175
8.0468349457,0.1598674506,-0.0270544030,0.0740694106,-1.1788395643,1.8008075953,-2.5375640392
8.0568513870,0.1479513198,-0.0793598667,0.0629072487,-1.2690311670,1.8516960144,-2.5048980713
8.0668601990,0.1316757053,-0.1347869933,0.0849074423,-1.3258529902,1.8832840919,-2.5093128681
8.0768098831,0.1177505031,-0.1504831016,0.1112435162,-1.4231625795,2.0290627480,-2.4974400997
8.0868434906,0.1273655742,-0.1109788194,0.1112232506,-1.5562666655,2.0916914940,-2.4276354313
8.0968151093,0.1469231695,-0.0752915516,0.0804723799,-1.5247513056,2.1141774654,-2.3268778324
8.1066589355,0.1341317147,-0.0468772985,0.0458598435,-1.4395946264,2.0976746082,-2.2089049816
8.1166810989,0.1308097690,-0.0224023797,0.0369556248,-1.3400245905,2.0349073410,-2.1395120621
8.1266288757,0.1254938692,-0.0196066238,0.0408177674,-1.2290115356,1.9907886982,-2.0245652199
8.1366176605,0.1190137044,-0.0095970975,0.0233830493,-1.1331201792,1.9595692158,-1.8873813152
8.1470003128,0.1189598218,-0.0423425175,0.0129832318,-1.0285905600,1.8999216557,-1.7075229883
8.1567859650,0.1156294718,-0.0983552113,0.0122119477,-0.9537794590,1.8427404165,-1.5871530771
8.1667757034,0.1186954156,-0.1160360947,-0.0098355720,-0.9186619520,1.8098276854,-1.4679763317
8.1767740250,0.1148664132,-0.1137932912,-0.0344859064,-0.9125716090,1.8232446909,-1.4053906202
8.1867876053,0.1072740331,-0.1090956703,-0.0627251565,-0.8998597860,1.7964079380,-1.3053606749
8.1968212128,0.1055137292,-0.0997389928,-0.0567978323,-0.9726598263,1.8058286905,-1.2618091106
8.2068586349,0.0799342766,-0.1112515107,-0.0439380109,-1.0023710728,1.8905513287,-1.2017815113
8.2168626785,0.0624998026,-0.1026631966,-0.0518243015,-1.0202661753,1.9741231203,-1.1619397402
8.2268600464,0.0561443381,-0.0999575034,-0.0285722930,-0.9177356958,1.9486141205,-1.1129758358
8.2368612289,0.0617586784,-0.0616777278,-0.0446889102,-0.8377687335,1.9369139671,-1.0534610748
8.2467832565,0.0636525527,-0.0177956559,-0.0309487302,-0.7276613712,1.9007301331,-1.0097453594
8.2567796707,0.0682192221,-0.0075173723,-0.0302529056,-0.6503725052,1.8227964640,-0.9444907308
8.2667770386,0.0732350722,-0.0147478329,-0.0684113204,-0.5819078684,1.7633219957,-0.8368513584
8.2767801285,0.0745122209,-0.0322300531,-0.0765813291,-0.6016846895,1.6813256741,-0.7831860781
8.2867822647,0.0762762800,-0.0617320873,-0.0706531703,-0.6258161068,1.6141591072,-0.7413004041
8.2967948914,0.0874001756,-0.0866196528,-0.0718360841,-0.5557371378,1.5135252476,-0.6981992722
8.3067913055,0.0999798551,-0.0825268999,-0.0864318311,-0.5344291925,1.3813229799,-0.6782338619
8.3167781830,0.0997658744,-0.0769085661,-0.1250857413,-0.4827264845,1.3104289770,-0.6416922212
8.3267908096,0.0915156975,-0.0959073678,-0.1424559653,-0.5229961276,1.2643864155,-0.6148057580
8.3367919922,0.0945678726,-0.1071877852,-0.1439823806,-0.6348202825,1.2262609005,-0.5964162350
8.3467950821,0.1014177576,-0.1196184531,-0.1501812637,-0.6941629648,1.1671544313,-0.5800556540
8.3567962646,0.1088247672,-0.1039243713,-0.1505142152,-0.7523211837,1.0941550732,-0.5646688342
8.3668346405,0.1024039164,-0.0708985701,-0.1547987163,-0.7602396011,1.0161262751,-0.5577829480
8.3769016266,0.0978351608,-0.0438522436,-0.1563302577,-0.7354760766,0.9802013636,-0.5320721269
8.3868999481,0.0999868885,-0.0256822444,-0.1522848904,-0.6930375099,0.8696473837,-0.4995131195
8.3969001770,0.0990278497,-0.0155468928,-0.1359470785,-0.6284234524,0.7860379815,-0.4607692957
8.4068984985,0.0880357400,-0.0036793696,-0.1013505757,-0.5445197821,0.6940105557,-0.4241098166
8.4168739319,0.0787861720,0.0147835268,-0.0717271268,-0.4223773777,0.6268232465,-0.3918869197
8.4268856049,0.0707096830,0.0115810288,-0.0690501630,-0.2733806968,0.5416212678,-0.3659410775
8.4368629456,0.0701974407,0.0211358927,-0.0535728633,-0.1703944057,0.4741352201,-0.3517653048
8.4468631744,0.0648526922,0.0247658752,-0.0410154164,-0.1252349168,0.4328378439,-0.3472794890
8.4568634033,0.0538080744,0.0117976917,-0.0305450875,-0.1443673372,0.4251591563,-0.3525264561
8.4668598175,0.0457834415,-0.0178304054,-0.0229907352,-0.1990500242,0.4504780769,-0.3420285583
8.4768610001,0.0405022912,-0.0299412347,-0.0147854993,-0.2747951150,0.4476948082,-0.3493961692
8.4868631363,0.0389666371,-0.0224921443,-0.0011489701,-0.3228403926,0.4504932761,-0.3536303341
8.4968643188,0.0336184911,-0.0161148049,-0.0033098769,-0.3163140714,0.4355827868,-0.3535392582
8.5068635941,0.0349550657,0.0010554446,0.0041844533,-0.3107675016,0.4068408608,-0.3448576033
8.5168600082,0.0420558266,0.0229817890,0.0027526307,-0.2871625721,0.3836974502,-0.3224122226
8.5268678665,0.0442980342,0.0210442208,-0.0140400240,-0.2337057292,0.3661048710,-0.3032124341
8.5368709564,0.0377661400,0.0013857139,-0.0230486710,-0.2517129481,0.3446880281,-0.2913739085
8.5468521118,0.0331066661,-0.0160702206,-0.0030252647,-0.2611229718,0.3231848478,-0.2976022363
8.5568485260,0.0362284593,-0.0198629238,0.0059474395,-0.2619183064,0.2837719321,-0.2814114094
8.5668478012,0.0341577940,0.0034219278,0.0163254421,-0.2703011334,0.2519247830,-0.2482649088
8.5768709183,0.0213240795,0.0154886497,0.0110004833,-0.2298903465,0.2536752820,-0.2058117092
8.5868644714,0.0131847067,0.0184762143,0.0030812311,-0.1562259793,0.2385219038,-0.1696435809
8.5968713760,0.0162453465,0.0399372242,0.0188883822,-0.0772716478,0.2308554500,-0.1367108077
8.6068706512,0.0086737080,0.0387783907,0.0266195815,0.0485917404,0.2393831611,-0.1283548623
8.6168718338,-0.0015561773,0.0104342951,0.0254788082,0.1627887636,0.2403035462,-0.1241914183
8.6268663406,-0.0002788497,0.0038038744,0.0324848592,0.2000005692,0.2535258830,-0.1115544513
8.6368732452,0.0018677519,-0.0028880583,0.0425197184,0.1859515905,0.2695570588,-0.0988993719
8.6468677521,-0.0007776213,-0.0264826752,0.0387587845,0.1368093491,0.2734702826,-0.0967656523
8.6566982269,0.0052255201,-0.0402295329,0.0472967923,0.0461373739,0.2705275118,-0.1094344407
8.6668481827,0.0046114731,-0.0571144558,0.0338214338,-0.0390856452,0.2506028116,-0.1124328971
8.6768426895,0.0067533660,-0.0564926602,0.0312712491,-0.1253805906,0.2369559556,-0.1303450465
8.6868410110,0.0032471227,-0.0559378006,0.0134727051,-0.1731326580,0.2065695524,-0.1407385767
8.6968364716,0.0222405009,-0.0414519645,-0.0048618629,-0.2195812613,0.1400206238,-0.1307100356
8.7067794800,0.0355381779,-0.0388961770,-0.0287691075,-0.2309420407,0.0866474062,-0.1122953445
8.7168426514,0.0274500661,-0.0415392257,-0.0620025694,-0.2210968584,0.0526332520,-0.0993340090
8.7267742157,0.0259159021,-0.0294108130,-0.0670466721,-0.2017170340,0.0209735911,-0.0693952814
8.7367706299,0.0261487775,-0.0135346996,-0.0673378408,-0.1449491084,-0.0167476870,-0.0320058316
8.7467756271,0.0204382949,-0.0084072100,-0.0478030145,-0.0669839904,-0.0319495425,-0.0054019187
8.7567720413,0.0089214845,-0.0191337205,-0.0424863994,0.0022390224,-0.0215882510,0.0189185999
8.7667703629,-0.0018432332,-0.0287452675,-0.0141479084,0.0672707483,-0.0093739275,0.0134820230
8.7767772675,-0.0069112373,-0.0237176158,0.0087492755,0.1024203524,-0.0026350645,0.0187213942
8.7867794037,-0.0130518274,-0.0118091451,0.0329544842,0.1365378499,0.0060974411,0.0090794191
8.7967767715,-0.0190038271,-0.0075593339,0.0467902720,0.1569207311,-0.0002872215,-0.0057657063
8.8067779541,-0.0180205889,-0.0081302272,0.0547458231,0.1303884685,-0.0165788420,-0.0120158792
8.8167791367,-0.0236697979,-0.0195752122,0.0496784747,0.0760048553,-0.0160920173,-0.0300382897
8.8267793655,-0.0273438282,-0.0290524699,0.0471706688,-0.0030726520,-0.0007807055,-0.0428310484
8.8367795944,-0.0250196047,-0.0354278423,0.0395369828,-0.0393231995,0.0009207882,-0.0619436242
8.8467788696,-0.0226237960,-0.0280266739,0.0275727194,-0.0691370219,-0.0036848825,-0.0735792443
8.8567800522,-0.0154250460,-0.0126915919,0.0289881509,-0.0947687551,0.0013841782,-0.0820913687
8.8667802811,-0.0099739032,-0.0169501640,0.0234825294,-0.0936837792,-0.0007450189,-0.0820783228
8.8767795563,-0.0054738712,-0.0231831409,0.0178357642,-0.0904240683,-0.0092359753,-0.0777749196
8.8867750168,-0.0069594574,-0.0207255818,0.0169394296,-0.0787050948,-0.0101323957,-0.0682157651
8.8967676163,-0.0094586806,-0.0143760787,0.0132428100,-0.0564004555,-0.0023498400,-0.0534089915
8.9067649841,-0.0071157408,-0.0090473043,0.0040101693,-0.0031614685,0.0057251309,-0.0322507098
8.9167823792,-0.0000105096,-0.0007934915,-0.0067564561,0.0683886111,-0.0042705117,-0.0163013041
8.9267683029,0.0118846102,0.0065228594,-0.0132033536,0.1603486240,-0.0280416217,-0.0045250729
8.9367570877,0.0208754949,0.0000681533,-0.0184257347,0.2503500283,-0.0732045695,0.0073916409
8.9466953278,0.0356977992,-0.0004100548,-0.0236093719,0.3308373988,-0.1280957758,0.0151281236
8.9567565918,0.0467198305,-0.0019742595,-0.0473323166,0.4197634161,-0.1784747988,0.0430152789
8.9666881561,0.0575555377,0.0080328835,-0.0671983659,0.4754839540,-0.2162570655,0.0740307197
8.9766826630,0.0586131029,0.0051100506,-0.0870381296,0.5578374267,-0.2463752776,0.1028557122
8.9864959717,0.0605126433,-0.0038413750,-0.1065560877,0.6455011964,-0.2784757018,0.1444359124
8.9966659546,0.0766488090,0.0104317321,-0.1268315017,0.7514238954,-0.3295572698,0.1988717169
9.0066738129,0.0869220868,0.0086478246,-0.1626193821,0.8714299202,-0.4040775597,0.2502659559
9.0166692734,0.0992269292,-0.0226267315,-0.1992178857,1.0010330677,-0.4837263227,0.3186869621
9.0265569687,0.1266953200,-0.0551569201,-0.2086414993,1.0732651949,-0.6073992848,0.4150536954
9.0366792679,0.1556171626,-0.0756646171,-0.2080416381,1.1712733507,-0.7563889623,0.5264362693
9.0466756821,0.1753470153,-0.0843891278,-0.2180604041,1.3250877857,-0.9465197921,0.6518616080
9.0566711426,0.2002920955,-0.0636291876,-0.2308821380,1.4855068922,-1.1622209549,0.7817009091
9.0665979385,0.2219114751,-0.0417418219,-0.2435964048,1.6597614288,-1.3703904152,0.9040417075
9.0766286850,0.2285887450,-0.0491094925,-0.2567473352,1.8711837530,-1.5652213097,1.0528306961
9.0866346359,0.2336004227,-0.0622243024,-0.2433232367,1.9131770134,-1.7913963795,1.1891916990
9.0966224670,0.2439811677,-0.0909138098,-0.2177025378,1.8941684961,-1.9872980118,1.2956497669
9.1066474915,0.2376295179,-0.1511023343,-0.2256685793,1.8246909380,-2.1482880116,1.4061685801
9.1166324615,0.2331601232,-0.1957621872,-0.2127928436,1.6566405296,-2.2724621296,1.5367039442
9.1266279221,0.2218485326,-0.2253138125,-0.2212570012,1.5108485222,-2.3803665638,1.6745539904
9.1366024017,0.1949941367,-0.2294669449,-0.2489853799,1.4183397293,-2.3060109615,1.7038828135
9.1466293335,0.1286412925,-0.1948802769,-0.2861934602,1.4094821215,-2.2125103474,1.8966379166
9.1568870544,0.1987768263,-0.1402244866,-0.3091879189,1.5747796297,-2.4029185772,2.1049263477
9.1666069031,0.2292623371,-0.1093374863,-0.2910331190,1.8007237911,-2.5682969093,2.3098201752
9.1766672134,0.2149007767,-0.0692422763,-0.2623143494,2.0774819851,-2.6809391975,2.5100827217
9.1867532730,0.1851924509,-0.0641112700,-0.1878331006,2.3611283302,-2.8366243839,2.6713151932
9.1966114044,0.1745076030,-0.0954416767,-0.0797291100,2.5922853947,-3.0985536575,2.8300864697
9.2065944672,0.1734046191,-0.1642744839,0.0252883118,2.7272529602,-3.3263924122,2.9377088547
9.2165946960,0.1450508088,-0.2377206981,0.0714659989,2.5696592331,-3.4143590927,3.0435688496
9.2267980576,0.1170375720,-0.2912324965,0.0898657739,2.1616203785,-3.4324297905,3.1746451855
9.2365779877,0.0957419649,-0.3141326606,0.0877862871,1.6570571661,-3.2757432461,3.3301510811
9.2466087341,0.0689679757,-0.2792906463,0.0402122438,1.2861113548,-3.0184748173,3.5029740334
9.2565593719,0.0447644405,-0.2067745626,-0.0566762388,1.3775652647,-2.7749321461,3.6521911621
9.2667970657,0.0364609174,-0.0867140666,-0.1026622355,1.7248302698,-2.6002764702,3.7634296417
9.2765722275,0.0505704097,0.0518821143,-0.1218558252,2.3620300293,-2.5077509880,3.8824355602
9.2865800858,0.0885624364,0.1392676532,-0.0798718035,3.0924618244,-2.7149248123,3.9926953316
9.2965564728,0.1375269443,0.1438802183,0.0497897565,3.6546969414,-2.9570031166,4.0480532646
9.3067455292,0.1310657710,0.0766752586,0.1414575875,3.9528098106,-2.8889195919,4.1153969765
9.3165493011,0.0825401321,-0.0411423780,0.2720167935,3.8218321800,-2.6644995213,4.1044716835
9.3265886307,0.0142910583,-0.1620788872,0.3356572688,3.3295378685,-2.2242879868,4.0318431854
9.3365421295,-0.0272922702,-0.2873095572,0.3357654512,2.7590117455,-1.6231569052,3.9741613865
9.3467359543,-0.0126512544,-0.3639235795,0.3142448366,2.2725679874,-1.1019715071,3.8659446239
9.3565340042,0.0705470368,-0.2667167485,0.2875026762,2.0160739422,-0.7461484075,3.7108318806
9.3666009903,0.1667757481,0.0021047844,0.2321127355,2.1191296577,-0.5133167505,3.5966367722
9.3765268326,0.2226827443,0.3120508492,0.1867804229,2.5046665668,-0.4972842038,3.4974608421
9.3865251541,0.2805537283,0.5020930767,0.1658858359,3.1587996483,-0.6388647556,3.5977869034
9.3965167999,0.3392982185,0.5348228216,0.2166469991,3.5743923187,-0.8245316148,3.6337616444
9.4065504074,0.3574995995,0.4604534805,0.2618361413,3.4577317238,-0.8016026020,3.6708781719
9.4165115356,0.2699964941,0.2935074866,0.2355993092,2.9727156162,-0.3535070717,3.6385633945
9.4265871048,0.1206916049,0.0716377124,0.2640785277,2.2984325886,-0.0433518700,3.3958601952
9.4365215302,0.0462389179,-0.0879673138,0.2896578610,1.6965291500,0.4641574323,3.0423994064
9.4465694427,0.0724890679,-0.0758229867,0.3189450800,1.2574036121,0.8941410184,2.7254498005
9.4564952850,0.1505543441,0.0973552689,0.2828654945,1.2718315125,0.9084922671,2.5160570145
9.4665584564,0.2079273015,0.3254460990,0.2222532928,1.6008168459,0.9031193256,2.4648673534
9.4764871597,0.2335668057,0.4448688328,0.1687383950,2.1790790558,0.6600752473,2.5170307159
9.4865636826,0.2246676832,0.4515911043,0.1642411053,2.6844267845,0.4832214117,2.5018887520
9.4964818954,0.1971374601,0.3908528984,0.1359057724,3.0286788940,0.2798115611,2.5274045467
9.5065488815,0.1523959786,0.2892508209,0.1156390011,3.0333385468,0.2600008249,2.4563493729
9.5164747238,0.1067182794,0.2015200555,0.0834706128,2.6963670254,0.3879672885,2.3516399860
9.5265331268,0.0806526169,0.1288950145,0.0544224679,2.1462528706,0.6061369181,2.2390582561
9.5364513397,0.0836130753,0.0658015832,0.0250491183,1.6196851730,0.8180470467,2.1233143806
9.5464935303,0.0883948281,0.0451469086,0.0384699404,1.1163238287,0.9684541225,1.9187114239
9.5564498901,0.0867042318,0.0765926465,0.0708883107,0.7794200182,1.1223845482,1.7245895863
9.5665063858,0.0838388875,0.1299807131,0.0668245256,0.7037420273,1.1643937826,1.5809472799
9.5764417648,0.1016359106,0.2059107721,0.0617356002,0.7899562716,1.1210752726,1.4377487898
9.5864839554,0.1289060265,0.2817936242,0.0454870164,1.0756517649,0.9481906891,1.3356183767
9.5964345932,0.1433590502,0.3415281475,0.0295035522,1.3364658356,0.8000336885,1.2726527452
9.6065006256,0.1688096970,0.3180490434,0.0026702571,1.6263942719,0.6147285104,1.2141579390
9.6164274216,0.1599990577,0.2488836348,-0.0028093767,1.7194291353,0.4877546132,1.1554216146
9.6264839172,0.1258600801,0.2009789050,-0.0085751722,1.6647552252,0.4192711711,1.0709125996
9.6364221573,0.0633682385,0.1615964472,-0.0411255062,1.4325866699,0.3826407194,0.9980106354
9.6464538574,0.0857126787,0.1258808672,-0.0708577335,1.1649290323,0.4154474139,0.8269398212
9.6564130783,0.0283283703,0.1330261528,-0.0668110549,0.8093976974,0.4693993330,0.7078483701
9.6664190292,0.0753879026,0.1378482282,-0.0564039648,0.5518831015,0.5141348243,0.6726792455
9.6764059067,0.1049958840,0.1717355549,-0.0833775699,0.5991845727,0.5021162033,0.5994196534
9.6864137650,0.0880921856,0.2572118938,-0.1124028862,0.6433187127,0.4701122642,0.5666622519
9.6964664459,0.1094677225,0.3081286252,-0.0969080031,0.6581076384,0.4978221655,0.5441631675
9.7063951492,0.0621198826,0.2903489769,-0.0894486606,0.7370415926,0.5226244330,0.4982644618
9.7163906097,0.0611717515,0.3045043647,-0.0643748939,0.8283324242,0.3580091298,0.4132102728
9.7264661789,0.0861146227,0.2625844777,-0.0527786314,0.9960111380,0.1401186287,0.2795824111
9.7363843918,0.0505611710,0.2036366761,-0.0756014287,1.0308516026,0.0758504272,0.2321678996
9.7464590073,0.0561556034,0.1628599465,-0.0812207758,1.0432020426,-0.0051280493,0.2507450283
9.7563772202,0.0301261656,0.0987014398,-0.0670909584,1.0543138981,-0.0595236458,0.2542773187
9.7664527893,-0.0087336795,0.0638137087,-0.0620360076,1.0242923498,-0.0635860339,0.3063817918
9.7763690948,-0.0144315558,0.0174643062,-0.0510155857,0.9807160497,-0.0926475152,0.3225381374
9.7864198685,-0.0151463943,-0.0252820589,-0.0422295034,0.8964667320,-0.0966326669,0.3077493310
9.7963609695,-0.0052321148,-0.0404912569,-0.0195802171,0.7417313457,-0.0822406784,0.2557059824
9.8064174652,0.0009074020,-0.0583759882,-0.0011514139,0.5024399161,-0.0344302803,0.1886324137
9.8163528442,-0.0026807380,-0.0677065626,0.0087335994,0.2503970265,0.0131324474,0.1045729145
9.8264522552,0.0036161351,-0.0585484244,0.0094021251,0.0626780018,0.0343131013,0.0015147105
9.8363475800,0.0269411616,-0.0457766987,0.0075245188,-0.0148785785,0.0243936237,-0.0886713713
9.8464202881,0.0360279791,-0.0103838788,0.0121176532,-0.0559277460,-0.0265931282,-0.1393068582
9.8563508987,0.0497327261,0.0061248196,0.0052207992,-0.0544375703,-0.0705659091,-0.1581456661
9.8663825989,0.0679173246,0.0022429479,-0.0011915278,-0.0133250235,-0.1344391704,-0.1651969105
9.8763437271,0.0757710114,0.0074931635,0.0016992973,0.0534136593,-0.1970910877,-0.1775858104
9.8863401413,0.0823849216,0.0118703498,-0.0065763905,0.0649203807,-0.2818001509,-0.2195401788
9.8963356018,0.1093795672,0.0062508835,-0.0114923427,0.0100691160,-0.3372682035,-0.2807566524
9.9063758850,0.1162900105,0.0200013183,-0.0160844047,-0.1305396557,-0.3527041376,-0.3336779177
9.9163303375,0.1069145277,0.0460135601,-0.0206328351,-0.2977150679,-0.3843438029,-0.3832915723
9.9263963699,0.1315213293,0.0541426204,-0.0304779131,-0.4636014998,-0.4322389066,-0.4593573213
9.9363193512,0.1527321190,0.0552102588,-0.0380690396,-0.5687873363,-0.4625632465,-0.5355796218
9.9463853836,0.1473105401,0.0559804104,-0.0414991081,-0.6899289489,-0.4889724851,-0.6394381523
9.9563140869,0.1487712115,0.0562744401,-0.0387214124,-0.8270534873,-0.5103504658,-0.7656290531
9.9663267136,0.1436309069,0.0432669781,-0.0386280715,-0.9862369895,-0.5652512908,-0.9170838594
9.9763059616,0.1329721957,0.0575469397,-0.0543518364,-1.1931563616,-0.6505815983,-1.0842448473
9.9863815308,0.1413717717,0.0835914239,-0.0701757371,-1.4217171669,-0.7060281038,-1.2367100716
9.9963026047,0.1645150930,0.1138326153,-0.0951513946,-1.6166284084,-0.7232821584,-1.3278264999
10.0062980652,0.1612076014,0.1464363039,-0.1110397279,-1.8080103397,-0.7779688835,-1.4250782728
10.0163030624,0.1647937447,0.1779014766,-0.1096886098,-1.9707080126,-0.8163924217,-1.5213931799
10.0263261795,0.1795312911,0.1805962622,-0.1041045487,-1.9889427423,-0.8902104497,-1.6377648115
10.0362863541,0.1755248159,0.1976836026,-0.0853556693,-2.0129878521,-1.0011862516,-1.8441936970
10.0463504791,0.1972246021,0.2126385272,-0.0678738058,-2.0566136837,-1.0726572275,-2.0381174088
10.0562076569,0.1839278191,0.1986070573,-0.0652087629,-2.1489942074,-1.0652278662,-2.2112734318
10.0663442612,0.1426033229,0.2003524005,-0.0704730451,-2.3122682571,-1.0059355497,-2.3794016838
10.0762748718,0.1328249276,0.1969262660,-0.0706733763,-2.4529259205,-0.9595434666,-2.5761442184
10.0862693787,0.1452012062,0.1809639037,-0.0508683026,-2.5424823761,-0.8873094916,-2.7975275517
10.0962038040,0.1345573366,0.1895496547,-0.0338846147,-2.5887572765,-0.7653732300,-2.9958922863
10.1062688828,0.1182516441,0.1978865564,-0.0153282592,-2.6352753639,-0.6239765882,-3.1678218842
10.1162567139,0.1115606651,0.2218577564,0.0289820712,-2.7468817234,-0.4915094078,-3.3247730732
10.1262521744,0.1226777211,0.2225607932,0.0768602788,-2.8060414791,-0.3862045407,-3.4560885429
10.1364021301,0.1243277267,0.2117866576,0.1370173395,-2.9129724503,-0.3164654374,-3.5786418915
10.1462297440,0.1269165725,0.2120268643,0.1789090931,-3.0115764141,-0.2450586110,-3.6385300159
10.1562423706,0.1186431348,0.1933591068,0.1847916543,-2.9982321262,-0.1734944284,-3.6560003757
10.1662368774,0.1097106412,0.1766726673,0.1823548973,-3.0009441376,-0.0967075005,-3.6734945774
10.1765575409,0.1019298732,0.1631983817,0.1558493078,-2.8684935570,0.0187639669,-3.6647765636
10.1862382889,0.0977817997,0.1629646719,0.1197459996,-2.7070815563,0.1121285334,-3.6421220303
10.1962270737,0.0990363136,0.1595648825,0.0907578766,-2.4081656933,0.2206526101,-3.5952234268
10.2062511444,0.1025177315,0.1685426533,0.0781205595,-2.1784820557,0.3146542311,-3.5598719120
10.2165279388,0.1173139289,0.1361649930,0.1027196348,-1.8522865772,0.3517616093,-3.5157208443
10.2261323929,0.1332273334,0.0950851068,0.0949557126,-1.6762700081,0.3784925640,-3.5489511490
