0.0000000000,0.0126256570,0.0008591507,0.0065951375,-0.0004676115,-0.0200810339,-0.0114255687
0.0101690292,0.0099271946,-0.0030315835,0.0046322970,-0.0004148809,-0.0253929757,-0.0124900341
0.0202900171,0.0092103742,-0.0030691866,0.0017058280,-0.0036279848,-0.0243737847,-0.0146123078
0.0303090811,0.0055228914,-0.0030674431,0.0036177661,-0.0014917031,-0.0211984981,-0.0167223308
0.0400450230,0.0057644094,-0.0002174842,-0.0012618873,-0.0100470278,-0.0202591345,-0.0241536796
0.0498110056,0.0030119901,0.0006090571,-0.0012914512,-0.0186453089,-0.0139330616,-0.0188393444
0.0596860647,0.0002168451,-0.0006315428,-0.0052166553,-0.0304099061,-0.0108048460,-0.0114014670
0.0698860884,-0.0006637875,-0.0009735319,-0.0062137814,-0.0357620604,-0.0086671272,-0.0018428494
0.0797990561,-0.0015879612,0.0025634076,-0.0072257491,-0.0336790681,-0.0033299520,0.0002832186
0.0901280642,-0.0025317559,0.0090920422,-0.0082330676,-0.0219619591,-0.0011054138,0.0002813544
0.1000061035,0.0004123111,0.0147639457,-0.0101941796,-0.0112917898,-0.0010118035,0.0002782916
0.1100460291,0.0033157354,0.0088111367,-0.0082157226,-0.0156242205,0.0053169327,0.0002825528
0.1201180220,0.0042376067,0.0037455987,-0.0101607414,-0.0231128410,0.0073798839,0.0013480170
0.1302300692,0.0060891132,-0.0003946739,-0.0091773840,-0.0274239667,0.0115866121,0.0013512128
0.1401031017,0.0059342119,-0.0006573554,-0.0082092257,-0.0263928957,0.0147306081,-0.0060802046
0.1503500938,0.0047979946,0.0030095596,-0.0043382617,-0.0199927874,0.0147519130,-0.0113908146
0.1604241133,0.0046467925,0.0087046679,-0.0024017070,-0.0104135331,0.0169235207,-0.0167014897
0.1703200340,0.0062521878,0.0036501270,0.0010964897,-0.0050571170,0.0148411952,-0.0177656896
0.1803780794,0.0066177617,-0.0005193855,0.0038635160,-0.0006692922,0.0032351394,-0.0135254040
0.1904810667,0.0056341919,-0.0001921821,0.0087928204,0.0026183799,-0.0052110758,-0.0114068603
0.2010090351,0.0049507278,0.0030949768,0.0118318228,0.0101815173,-0.0135869160,-0.0039788377
0.2108170986,0.0072122882,0.0106144454,0.0148723153,0.0262864511,-0.0229684338,0.0002595830
0.2208631039,0.0107560940,0.0109273065,0.0149759678,0.0306173898,-0.0292966384,0.0002547895
0.2309790850,0.0107234679,0.0084681530,0.0169558544,0.0327820070,-0.0324817784,-0.0029327481
0.2410130501,0.0088314749,0.0042638946,0.0159592647,0.0328743383,-0.0408798605,0.0108664883
0.2511980534,0.0088374950,0.0020977054,0.0159614701,0.0367018357,0.0145980492,0.2147586346
0.2612630129,-0.0971246958,-0.0009493138,-0.0156190963,0.0474439599,0.1205728129,0.3422227204
0.2713600397,-0.1966105551,-0.0233673435,-0.0519856177,0.0490644947,0.0510091893,0.0862939954
0.2814360857,-0.0741139650,-0.0135385189,-0.0106660100,0.0501109846,-0.0589959435,-0.0241866373
0.2914810181,0.0217332318,-0.0012440848,0.0149570731,0.0490438566,-0.0578057766,-0.0029497922
0.3015770912,-0.0116252601,-0.0055544358,-0.0017350885,0.0393358320,-0.0472450107,0.0023669424
0.3115780354,-0.0069681560,-0.0077059697,0.0002308515,0.0221035853,-0.0314583257,0.0055646002
0.3216890097,-0.0179196447,-0.0107424017,-0.0027119492,0.0038364558,-0.0188427325,0.0119458670
0.3317420483,-0.0182090178,-0.0148008037,-0.0027092074,-0.0133308135,-0.0094082179,0.0172639340
0.3418010473,-0.0090603717,-0.0148831066,-0.0068241330,-0.0304853506,-0.0010425630,0.0215205960
0.3518550396,0.0058696191,-0.0119571183,-0.0082026692,-0.0443905145,0.0020123490,0.0204638541
0.3619500399,0.0097386651,-0.0136826206,-0.0073816152,-0.0572072454,0.0029545755,0.0194057804
0.3720200062,0.0099621601,-0.0132773351,-0.0072961422,-0.0529824086,0.0072220247,0.0172832403
0.3820641041,0.0078551657,-0.0086601321,-0.0063563557,-0.0444044992,0.0030176258,0.0119703012
0.3921390772,0.0104746222,-0.0028524604,-0.0043874355,-0.0262350794,-0.0000553958,0.0045315595
0.4022110701,0.0126430206,0.0012864006,-0.0034082504,-0.0155152436,-0.0053010904,-0.0007835105
0.4122591019,0.0138394646,0.0036666673,-0.0014588806,-0.0133937690,-0.0042491420,-0.0050307196
0.4223470688,0.0119017325,0.0031048898,0.0024519591,-0.0155052040,-0.0063974480,-0.0060923225
0.4325060844,0.0127558671,0.0043924917,0.0054061441,-0.0090134814,-0.0147810783,0.0013344348
0.4425230026,0.0146188848,0.0038468968,0.0044739870,0.0005920073,-0.0146549791,0.0077021867
0.4525860548,0.0105909519,0.0081596021,0.0025367166,0.0038301442,-0.0177477077,0.0172560103
0.4626530409,0.0085985437,0.0113010611,-0.0023297046,0.0027462645,-0.0156081906,0.0215054154
0.4727190733,0.0074506919,0.0045259278,-0.0042560669,0.0016274704,-0.0102917217,0.0246937517
0.4827840328,0.0012714338,-0.0004162732,-0.0013443801,0.0026059169,-0.0018144804,0.0215116758
0.4928740263,0.0008876097,-0.0015237982,-0.0013144586,0.0046735946,0.0045355610,0.0162053257
0.5029340982,0.0034866070,0.0004083161,0.0025923278,0.0142678451,0.0056303865,0.0087724440
0.5129520893,0.0071111503,-0.0044324007,0.0016644624,0.0228890292,-0.0027969202,0.0066424478
0.5230110884,0.0098241717,-0.0062533114,0.0036513833,0.0262281280,-0.0165546108,0.0076960609
0.5333560705,0.0108279362,-0.0091390293,0.0026901390,0.0231433883,-0.0282605365,0.0066291988
0.5431851149,0.0139139034,-0.0140930507,0.0056207804,0.0135478331,-0.0294046961,0.0066303303
0.5532820225,0.0130701736,-0.0218755286,0.0124314455,0.0028429907,-0.0263356678,0.0034491844
0.5632660389,0.0114013441,-0.0238051731,0.0143681196,-0.0003318433,-0.0295945145,-0.0039848294
0.5735640526,0.0117355138,-0.0179520529,0.0094694523,0.0018285131,-0.0328350477,-0.0156667847
0.5833830833,0.0150062554,-0.0140578542,0.0016563562,0.0050901938,-0.0392500684,-0.0273498073
0.5934890509,0.0202122033,-0.0128887016,-0.0032021971,0.0104950787,-0.0466997288,-0.0379728898
0.6035180092,0.0234533437,-0.0106949005,-0.0032052966,0.0083593018,-0.0467605144,-0.0443425700
0.6138330698,0.0207713023,-0.0103652794,-0.0012656423,0.0104935598,-0.0467418730,-0.0443431027
0.6236160994,0.0150306746,-0.0070509780,-0.0041951509,0.0103802420,-0.0350579880,-0.0422126427
0.6337670088,0.0092082433,0.0002594125,-0.0081063481,0.0038624220,-0.0234151781,-0.0379579738
0.6437810659,0.0082560964,0.0075042676,-0.0139422389,-0.0057961168,-0.0181936529,-0.0379533172
0.6541500092,0.0081799328,0.0086296704,-0.0168588739,-0.0261663720,-0.0088078743,-0.0358198583
0.6639320850,0.0070248912,0.0095321145,-0.0188038331,-0.0336553119,-0.0067092376,-0.0294464473
0.6740560532,0.0076706777,0.0113392416,-0.0197681766,-0.0369179510,-0.0003365590,-0.0241334420
0.6840370893,0.0072515006,0.0180284847,-0.0207268577,-0.0262882914,0.0040358854,-0.0188255608
0.6943370104,0.0048843990,0.0228597168,-0.0197591763,-0.0156793222,0.0105158892,-0.0156396218
0.7042360306,0.0064655426,0.0257908124,-0.0148560973,-0.0039991755,0.0170179959,-0.0103292782
0.7142640352,0.0071614790,0.0238572713,-0.0138635607,0.0034877695,0.0161053315,0.0024099525
0.7243220806,0.0098355748,0.0276954826,-0.0099610658,0.0098692607,0.0183259416,0.0087791020
0.7345980406,0.0085879974,0.0257453229,-0.0089700790,0.0120269544,0.0162502751,0.0130247138
0.7444840670,0.0034077240,0.0218559522,-0.0050650211,0.0151781403,0.0216106176,0.0172741190
0.7545220852,0.0050908695,0.0218783710,-0.0021200750,0.0216789171,0.0121452110,0.0215149373
0.7645900249,0.0048334966,0.0228234809,-0.0001544926,0.0280548707,0.0154036544,0.0247016102
0.7748910189,0.0046322006,0.0198320169,-0.0001475784,0.0291550234,0.0122438148,0.0268233512
0.7847890854,0.0083098821,0.0139183160,0.0047568111,0.0312674679,0.0144202169,0.0321317613
0.7947911024,0.0051860842,0.0128598269,0.0067008166,0.0291981921,0.0080494024,0.0342527032
0.8049010038,0.0030480919,0.0117409397,0.0047501354,0.0281562023,0.0059380485,0.0374381095
0.8151410818,0.0038551723,0.0067398679,0.0086567430,0.0207076091,0.0037507941,0.0374389105
0.8250160217,0.0028033999,0.0018022117,0.0096480278,0.0292658359,0.0017318516,0.0416821241
0.8352060318,0.0026964766,-0.0020996239,0.0086766509,0.0334832184,0.0071018497,0.0459309295
0.8451501131,0.0025692617,-0.0030704495,0.0096586971,0.0324350521,0.0049500158,0.0427444577
0.8554100990,0.0034305376,-0.0030918699,0.0077274470,0.0259768851,0.0101714088,0.0385015123
0.8652820587,0.0061489972,-0.0089398231,0.0077682165,0.0131753366,0.0100367861,0.0353212953
0.8753240108,0.0060422453,-0.0149053056,0.0087431101,0.0004656669,0.0003759032,0.0353196971
0.8854500055,0.0050161066,-0.0151106399,0.0067815809,-0.0049144253,0.0045668529,0.0342608914
0.8956830502,0.0049692276,-0.0143102314,0.0097042350,-0.0069852993,-0.0018247333,0.0331964269
0.9055200815,0.0059716511,-0.0114713218,0.0096988110,0.0005119788,-0.0049622031,0.0300064925
0.9155991077,0.0079854913,-0.0104540195,0.0057931570,0.0058854390,-0.0092219301,0.0204468090
0.9256300926,0.0080842860,-0.0093534719,0.0038575556,0.0165758207,-0.0113068521,0.0119493958
0.9359120131,0.0052629891,-0.0081136134,0.0048272638,0.0283547156,-0.0154760303,0.0076971259
0.9457679987,0.0033748818,-0.0067167189,0.0058068065,0.0357617922,-0.0090380386,0.0087604597
0.9558590651,0.0034253520,-0.0061474051,0.0009682801,0.0443217233,-0.0110647045,0.0119426707
0.9661190510,0.0034774614,-0.0075174626,-0.0058230134,0.0421224870,-0.0047311741,0.0098227942
0.9762051105,0.0035143045,-0.0041080173,-0.0057993503,0.0293904468,-0.0122838989,0.0076986579
0.9860490561,0.0025906970,-0.0056280289,-0.0067572566,0.0389420576,-0.0068881344,0.0087607931
0.9961570501,0.0015538853,-0.0098830294,-0.0047697993,0.0687470883,0.0007998785,0.0087570641
1.0062320232,0.0004243028,-0.0000272039,-0.0027849646,0.1486899704,0.0098968372,-0.0050619449
1.0164690018,-0.0017515164,0.0091199297,0.0012148645,0.3107294738,0.0259738080,-0.0348254330
1.0263060331,-0.0059812260,0.0267519373,0.0003914860,0.4866414964,0.0421648957,-0.0656540543
1.0364370346,-0.0043346104,0.0616242886,-0.0033141945,0.6468535066,0.0274264291,-0.0996796638
1.0464450121,0.0042921710,0.0597098209,-0.0000981066,0.6992900372,0.0118516637,-0.1177526042
1.0567470789,0.0130891241,0.0259177815,0.0070322184,0.7271861434,-0.0039387504,-0.1358181536
1.0666120052,0.0140875913,-0.0147497114,0.0082523255,0.6738463044,-0.0042186487,-0.1071353853
1.0766481161,0.0131927617,-0.0027516289,0.0151339797,0.5895724297,-0.0069731562,-0.0911883786
1.0867331028,0.0054648402,-0.0105331102,0.0171047468,0.4380204976,-0.0049189273,-0.0614194274
1.0970801115,0.0084893778,-0.0455523953,0.0201317687,0.2331637740,-0.0074926065,-0.0188967343
1.1069771051,0.0145805590,-0.0617672689,0.0172525067,-0.0270846803,-0.0200868938,0.0257593505
1.1169900894,0.0177553818,-0.0727576017,0.0182390232,-0.2052818537,-0.0214704070,0.0523488820
1.1270430088,0.0130543150,-0.0850515962,0.0123631982,-0.2992034256,-0.0200644564,0.0683000907
1.1372671127,0.0082520656,-0.0447678193,0.0073516993,-0.2821570635,-0.0166769158,0.0767918453
1.1471461058,0.0004754845,-0.0015723220,-0.0045050355,-0.2138785273,-0.0151235610,0.0608486272
1.1571550369,-0.0044197147,0.0131194480,-0.0123733254,-0.1510383189,-0.0041436143,0.0332313813
1.1672570705,-0.0034501555,0.0061874930,-0.0084848972,-0.1147101149,-0.0092357788,0.0172928274
1.1775550842,0.0024236550,-0.0058713928,-0.0064936252,-0.0806099325,-0.0047627324,0.0066684140
1.1874420643,0.0033186150,-0.0038900282,-0.0064884992,-0.0603223406,-0.0056471680,0.0066633541
1.1974300146,0.0002857816,0.0012271834,-0.0074703665,-0.0539302267,-0.0045302389,0.0066622887
1.2075110674,0.0011517179,-0.0003939326,-0.0074591609,-0.0625505820,0.0039252313,0.0130390283
1.2177870274,0.0029758548,-0.0054902844,-0.0054880353,-0.0796544701,0.0069868010,0.0172920953
1.2276200056,0.0048817541,-0.0063719116,-0.0055007907,-0.1020338684,0.0036015238,0.0162338894
1.2377120256,0.0078284070,-0.0074818190,-0.0035539244,-0.1031137779,0.0046255095,0.0119874785
1.2477740049,0.0078597963,-0.0104672182,-0.0045521827,-0.0934369415,-0.0027596359,0.0056110052
1.2580760717,0.0069017964,-0.0044521410,-0.0016548011,-0.0795221925,-0.0068893996,0.0045436108
1.2678951025,0.0069653946,-0.0011805071,0.0012421635,-0.0559649281,-0.0152346827,-0.0050227307
1.2779490948,0.0100524686,-0.0025194921,0.0041553406,-0.0303565077,-0.0150455981,-0.0103381341
1.2880710363,0.0092302673,-0.0007227398,0.0012143877,-0.0090052532,-0.0159408189,-0.0135295326
1.2983340025,0.0025199612,0.0051613785,0.0021388559,-0.0036578914,-0.0169413686,-0.0114077926
1.3081730604,0.0016559359,0.0012758785,0.0011717108,-0.0133340359,-0.0095920423,-0.0103391316
1.3182361126,0.0036743281,-0.0037024468,-0.0007712814,-0.0250372961,-0.0128360391,-0.0039669862
1.3283020258,0.0027653498,-0.0048829746,-0.0017559502,-0.0389286093,-0.0108005852,0.0013465524
1.3386011124,0.0008328106,0.0005630050,-0.0037339898,-0.0464709476,-0.0034111119,0.0055993544
1.3484160900,-0.0011768978,0.0049559046,-0.0066702338,-0.0497583821,0.0050705899,0.0087889554
1.3585070372,0.0006332319,0.0015181807,-0.0056982012,-0.0540673807,0.0093050161,0.0130393608
1.3686140776,0.0033508723,-0.0010009686,-0.0027565928,-0.0605385415,0.0167165939,0.0194165669
1.3788800240,0.0012105253,0.0002872926,-0.0027777525,-0.0626813173,0.0177866518,0.0236648396
1.3887810707,0.0010611933,-0.0013569481,0.0001426962,-0.0711552054,0.0113534527,0.0247251112
1.3988050222,0.0048594545,-0.0048450772,0.0030782251,-0.0572537668,0.0082500717,0.0183492377
1.4088640213,0.0057716588,-0.0062737931,0.0050216941,-0.0454313308,-0.0001634536,0.0140951704
1.4191210270,0.0057779956,0.0001607892,0.0088872341,-0.0368618108,-0.0032649711,0.0151532451
1.4290250540,0.0088083036,-0.0041246209,0.0098626642,-0.0410620421,-0.0107910633,0.0055938279
1.4390510321,0.0099336803,-0.0113388486,0.0098587899,-0.0463561416,-0.0150955301,0.0034694246
1.4491651058,0.0091113374,-0.0127641018,0.0069236783,-0.0473813228,-0.0193699710,0.0002824863
1.4593660831,0.0064009349,-0.0063190684,0.0058952002,-0.0249838717,-0.0181339979,-0.0029079805
1.4693109989,0.0017361637,-0.0016407034,0.0029336240,-0.0153488228,-0.0212469678,-0.0050355801
1.4793210030,0.0018956397,0.0031580515,0.0019317296,-0.0068421541,-0.0179686155,-0.0018507056
1.4894421101,0.0049730460,-0.0026888773,0.0000014928,-0.0122179324,-0.0137365200,0.0034617016
1.4996640682,0.0040795761,-0.0077211689,0.0029206898,-0.0239456929,-0.0149000548,0.0034640983
1.5095680952,0.0032088046,-0.0079796296,-0.0009822223,-0.0324840024,-0.0149812810,0.0024041601
1.5195860863,0.0042665484,-0.0072767176,-0.0000333163,-0.0378095284,-0.0160958134,0.0013431568
1.5297060013,0.0053311209,-0.0036467500,-0.0000458333,-0.0335504897,-0.0150121748,-0.0007801817
1.5399620533,0.0054485681,-0.0039065983,-0.0000599000,-0.0292622708,-0.0171176698,-0.0039677192
1.5497701168,0.0056249308,-0.0012697688,-0.0010544035,-0.0303227119,-0.0182221495,-0.0092774630
1.5598270893,0.0078142472,-0.0035507344,-0.0010611984,-0.0323712155,-0.0267218947,-0.0082193892
1.5698920488,0.0080515221,-0.0086811185,-0.0020592783,-0.0280898660,-0.0277321637,-0.0060969829
1.5802201033,0.0043320837,-0.0049232841,-0.0030658816,-0.0121676242,-0.0190973952,-0.0050349142
1.5900340080,0.0025522446,0.0009038449,-0.0040672990,-0.0015148455,-0.0168831795,-0.0050355135
1.6001150608,0.0026670804,0.0019815993,-0.0011561486,0.0080557559,-0.0136370501,-0.0082217194
1.6101800203,0.0037241725,0.0001839195,-0.0001644465,0.0122689297,-0.0082868934,-0.0071592517
1.6204560995,0.0057445276,-0.0025992785,-0.0021020744,0.0069748317,-0.0125913601,-0.0092836553
1.6302961111,0.0097741149,-0.0035444368,-0.0030683849,-0.0047326898,-0.0158907510,-0.0114059281
1.6403980255,0.0079203695,-0.0074897874,0.0008293417,-0.0132915573,-0.0138502363,-0.0124645345
1.6504410505,0.0050805653,-0.0075915512,0.0008059171,-0.0197034106,-0.0128172636,-0.0082153939
1.6608040333,0.0051904279,-0.0038717147,-0.0001820299,-0.0218493864,-0.0117887510,-0.0103379339
1.6705420017,0.0052655856,-0.0011710225,0.0027206566,-0.0218800399,-0.0086062066,-0.0103358701
1.6806610823,0.0053189355,-0.0004452447,-0.0002185080,-0.0240467880,-0.0054487628,-0.0113955420
1.6908390522,0.0053668614,0.0013111365,0.0017104772,-0.0187003314,-0.0064561036,-0.0103357369
1.7010070086,0.0054305750,0.0031139757,0.0007261065,-0.0122581450,-0.0106857363,-0.0167102776
1.7109481096,0.0044477391,0.0049883593,0.0026609327,-0.0123099685,-0.0053670038,-0.0145838782
1.7209800482,0.0064047943,0.0059251282,0.0065652160,-0.0123296771,-0.0032242248,-0.0113974055
1.7310090065,0.0064241062,0.0048161764,0.0055833487,-0.0250991061,-0.0064849984,-0.0060862638
1.7413140535,0.0084217377,0.0045947153,0.0104560880,-0.0283100791,-0.0054381099,-0.0039613275
1.7511360645,0.0075103114,0.0072525796,0.0084909825,-0.0271848440,-0.0106857354,0.0034687587
1.7611991167,0.0056436392,0.0137786511,0.0103988079,-0.0303638577,-0.0128218569,0.0055920966
1.7712531090,0.0047811824,0.0144472364,0.0113435416,-0.0292637311,-0.0159745738,0.0087754400
1.7815390825,0.0029445363,0.0121706780,0.0093883304,-0.0292488188,-0.0169801824,0.0172693264
1.7913820744,0.0041021812,0.0098938290,0.0093671707,-0.0259612259,-0.0254050270,0.0225726776
1.8014510870,0.0072616818,0.0106072146,0.0054555563,-0.0152883418,-0.0252910443,0.0257554203
1.8115330935,0.0065413895,0.0114380773,0.0005698231,-0.0056292173,-0.0305198953,0.0246893577
1.8218030930,0.0058152894,0.0084398258,-0.0014000508,-0.0013724202,-0.0294354558,0.0225652214
1.8316690922,0.0040857713,0.0054981392,-0.0023904417,0.0060187043,-0.0219630245,0.0193807464
1.8416800499,0.0013506148,0.0035431739,-0.0043549510,0.0103085237,-0.0240477473,0.0193786155
1.8518910408,0.0044874246,0.0016313997,-0.0062872740,0.0145454798,-0.0208347104,0.0183176789
1.8620650768,0.0056555043,-0.0041902754,-0.0111643644,0.0059546554,-0.0156111866,0.0172606707
1.8719210625,0.0048414464,-0.0061865095,-0.0131131979,-0.0014736736,-0.0199414194,0.0140751973
1.8820360899,0.0039869170,-0.0092637707,-0.0150790783,-0.0175349303,-0.0147900656,0.0119582508
1.8920720816,0.0010653619,-0.0114937034,-0.0131373378,-0.0240901187,-0.0000121195,0.0087812990
1.9023890495,-0.0038624632,-0.0089079197,-0.0131766768,-0.0294683725,0.0041852887,0.0087847617
1.9122740030,-0.0020037221,-0.0033927877,-0.0073394151,-0.0294772368,0.0052669980,0.0119707668
1.9222640991,-0.0000981841,-0.0017642396,-0.0083246799,-0.0283765551,0.0021140818,0.0151543096
1.9323461056,0.0028152389,-0.0030123498,-0.0054042907,-0.0272624455,-0.0020937126,0.0193999223
1.9426341057,0.0047858688,-0.0032641310,-0.0073507996,-0.0239966139,-0.0084248455,0.0204577297
1.9524700642,0.0068201828,-0.0024385881,-0.0063844295,-0.0132811991,-0.0125833042,0.0193918645
1.9625450373,0.0059566307,-0.0043717232,-0.0044386955,0.0027454384,-0.0145862680,0.0162013993
1.9726181030,0.0050872336,-0.0061405543,-0.0054154368,0.0155034196,-0.0102499761,0.0130137280
1.9828621149,0.0032549945,-0.0049755443,-0.0093200179,0.0175812170,-0.0049678627,0.0066450443
1.9927641153,0.0032952351,-0.0096676107,-0.0093014212,0.0068345638,0.0023306634,0.0013430901
2.0028100014,0.0051986980,-0.0164155606,-0.0073289843,0.0014531147,0.0064865267,-0.0050242618
2.0128490925,0.0051249447,-0.0173921455,-0.0112147303,-0.0039038882,0.0085263746,-0.0103299441
2.0230669975,0.0040251683,-0.0144979376,-0.0121999951,-0.0039283894,0.0106068365,-0.0166996922
2.0329608917,0.0028963198,-0.0086719859,-0.0073403092,-0.0050350912,0.0137263294,-0.0251934454
2.0433290005,0.0017678473,-0.0077357870,-0.0034418674,-0.0114389285,0.0136565547,-0.0273154527
2.0533251762,0.0006114017,-0.0058270898,0.0014331964,-0.0103586446,0.0126324361,-0.0230689086
2.0634579659,0.0014598478,-0.0049079079,0.0043674139,-0.0092446450,0.0084531372,-0.0145768858
2.0732378960,0.0004131269,0.0028382931,0.0072693257,-0.0102736373,0.0053012865,-0.0082063396
2.0833780766,-0.0035434070,0.0135186110,0.0043120412,-0.0091644302,0.0010596699,-0.0092705386
2.0934481621,-0.0025740268,0.0164699946,0.0052897958,-0.0048629465,-0.0020579598,-0.0050263926
2.1036670208,-0.0015729446,0.0165544804,0.0062679676,0.0037193568,-0.0061927834,0.0002783583
2.1135680676,0.0014348287,0.0186172035,0.0062678484,0.0123074381,-0.0113797560,0.0066424478
2.1235651970,0.0025147272,0.0187865663,0.0101735620,0.0101204505,-0.0060864571,0.0077074459
2.1337020397,-0.0004018325,0.0150319990,0.0121141104,0.0111389766,-0.0007239825,0.0151427910
2.1439409256,-0.0004057739,0.0122671667,0.0121348528,0.0175454766,-0.0006195866,0.0225738101
2.1538391113,0.0045285816,0.0124219339,0.0082629947,0.0218825154,-0.0069357390,0.0246944185
2.1638340950,0.0056352126,0.0144880619,0.0043544797,0.0230252780,-0.0143395932,0.0268140286
2.1739711761,0.0038428118,0.0067941938,0.0014342692,0.0198622402,-0.0186171625,0.0257495642
2.1842041016,0.0069921534,0.0029512886,-0.0024517749,0.0113449190,-0.0208345111,0.0225652233
2.1940279007,0.0081709996,-0.0019388924,-0.0053780051,0.0059780912,-0.0177054964,0.0215068161
2.2040929794,0.0043731029,-0.0059055481,-0.0053879591,0.0016153008,-0.0081729768,0.0246980805
2.2142529488,0.0024904979,-0.0050150957,-0.0092999311,0.0026005628,0.0003231727,0.0247032735
2.2245631218,0.0014809292,-0.0050707404,-0.0131903859,0.0014599310,0.0077547235,0.0268308725
2.2343621254,-0.0005755689,-0.0032058600,-0.0171069484,0.0035462789,0.0119908145,0.0225841291
2.2443752289,-0.0007643144,-0.0042184610,-0.0161219221,0.0024248213,0.0172726605,0.0204634555
2.2544610500,-0.0010048825,-0.0081649255,-0.0151179405,-0.0029934607,0.0257202741,0.0215315819
2.2647781372,-0.0003366027,-0.0110954512,-0.0102190943,0.0033959951,0.0268025827,0.0162215047
2.2745761871,0.0013340559,-0.0120298769,-0.0072720023,0.0034600450,0.0204009432,0.0109102968
2.2847120762,0.0030644422,-0.0089859944,-0.0043407055,0.0120151835,0.0183119606,0.0045362869
2.2947061062,0.0058232765,-0.0126882959,-0.0023563479,0.0205951165,0.0130140670,-0.0060883276
2.3050541878,0.0057379114,-0.0133715849,-0.0013647053,0.0313468315,0.0045569330,-0.0156514719
2.3148841858,0.0057698409,-0.0110642705,-0.0033069823,0.0378530100,-0.0060600918,-0.0252140202
2.3249249458,0.0038755347,-0.0135092717,-0.0062083574,0.0484657101,-0.0007311064,-0.0358320437
2.3349661827,-0.0000281933,-0.0216652919,-0.0071654888,0.0537461452,0.0045927521,-0.0400778539
2.3452990055,-0.0001327213,-0.0200633202,-0.0012962195,0.0504036099,0.0183232129,-0.0453791432
2.3550992012,-0.0023287090,-0.0215094294,0.0045768050,0.0310787298,0.0298120230,-0.0474914946
2.3652050495,0.0032136177,-0.0289943125,0.0104924468,0.0097031333,0.0327947624,-0.0496081747
2.3752241135,0.0058213207,-0.0299228523,0.0134415058,-0.0169431493,0.0293858498,-0.0485415123
2.3855252266,0.0094573945,-0.0262072552,0.0154038696,-0.0339644812,0.0239247717,-0.0496017188
2.3955960274,0.0082992762,-0.0197970327,0.0183005948,-0.0573056191,0.0099276630,-0.0496037826
2.4054510593,0.0111392140,-0.0145029332,0.0231544394,-0.0679247081,0.0045155874,-0.0517273843
2.4155130386,0.0081880018,-0.0112000499,0.0270257611,-0.0732132122,0.0002589237,-0.0464185067
2.4258270264,0.0043426375,-0.0021324437,0.0240415353,-0.0763655975,-0.0039299624,-0.0336782113
2.4361901283,0.0034379063,0.0060011577,0.0239854474,-0.0709831342,-0.0080577284,-0.0230640471
2.4456930161,-0.0003710765,0.0093373340,0.0200401563,-0.0613326356,-0.0121693825,-0.0156359598
2.4557781219,0.0017870885,0.0195899103,0.0122184185,-0.0473364778,-0.0236645844,-0.0071501303
2.4660649300,0.0030339470,0.0241214801,0.0073096780,-0.0536737368,-0.0300657600,-0.0039663212
2.4759311676,0.0062868814,0.0231250655,0.0043419031,-0.1570138037,-0.0467539243,0.0162262991
2.4859690666,0.0115562975,0.0031108651,0.0091883568,-0.1646008790,-0.0351481363,0.0162340216
2.4960851669,0.0059695835,-0.0345712565,-0.0044725509,-0.1764477491,-0.0234760344,0.0321701132
2.5063331127,0.0022841913,0.0285888631,-0.0047179433,-0.1976337284,-0.0384195596,0.0470332131
2.5162060261,0.0044431086,0.0379637778,-0.0009114716,-0.0763171837,-0.0056845853,0.0225958489
2.5262122154,-0.0004113208,-0.0054404903,-0.0164554697,-0.0219548717,-0.0000080580,0.0066578942
2.5362970829,0.0034324226,0.0541870184,-0.0068103047,0.0868137404,0.0083284350,0.0002633781
2.5466010571,0.0042941342,0.0484405048,-0.0008854243,0.1198760867,0.0095745279,-0.0156713799
2.5564341545,0.0100264959,0.0261787642,0.0089754490,0.0954219252,0.0008918240,-0.0124830436
2.5665202141,0.0179500766,0.0016471726,0.0051871566,0.0551336259,-0.0248364434,0.0013177235
2.5765581131,0.0192068554,-0.0075422768,0.0071592955,0.0211017840,-0.0356130563,0.0214950312
2.5869410038,0.0107991956,0.0060005952,0.0051359562,-0.0012360131,-0.0420709550,0.0374244601
2.5966970921,0.0043150741,0.0105750728,0.0040807156,-0.0130543765,-0.0336019732,0.0501728803
2.6067628860,0.0016373951,0.0065115336,0.0069868593,-0.0185135901,-0.0208611432,0.0586750209
2.6169040203,-0.0011483881,0.0050809029,0.0059677986,-0.0175185017,-0.0134043572,0.0618642271
2.6271209717,0.0008709837,0.0076308791,0.0049873618,-0.0069239140,-0.0059118206,0.0576180816
2.6370210648,0.0018716041,0.0045358222,0.0010889795,0.0016025174,-0.0047904961,0.0554932766
2.6470551491,0.0027796996,0.0006860402,0.0020713236,0.0133388015,-0.0047156611,0.0512431376
2.6571412086,0.0056881565,-0.0010633561,0.0060013561,0.0219338089,-0.0110619077,0.0427427962
2.6673820019,0.0106509887,-0.0066833664,0.0099258451,0.0284276605,-0.0206173286,0.0331801809
2.6772990227,0.0157820620,-0.0083845835,0.0128651289,0.0253460631,-0.0334669463,0.0193707608
2.6873049736,0.0171603523,-0.0081744101,0.0128505854,0.0211686287,-0.0431155786,0.0098108109
2.6973972321,0.0166963562,-0.0139176231,0.0118624596,0.0084780529,-0.0549545959,0.0013144611
2.7076630592,0.0152944848,-0.0148903485,0.0108514456,0.0010289252,-0.0571487769,0.0002534578
2.7175691128,0.0120078065,-0.0090478975,0.0068932204,0.0075089820,-0.0644995049,0.0034339379
2.7275829315,0.0087346882,-0.0050657783,-0.0019292805,0.0170817152,-0.0612256713,0.0044949413
2.7377099991,0.0024695469,0.0038531106,-0.0059094401,0.0191969573,-0.0591000728,0.0023730677
2.7477450371,-0.0038691240,0.0079475623,-0.0137439342,0.0233589448,-0.0484527573,0.0023773287
2.7576761246,-0.0063925316,0.0052799154,-0.0166890007,0.0222731754,-0.0463054478,0.0076876720
2.7678961754,-0.0099632889,0.0035576392,-0.0176931005,0.0210964289,-0.0356751718,0.0119386092
2.7780261040,-0.0116501078,0.0067433063,-0.0216047745,0.0284812693,-0.0271148421,0.0130026750
2.7882342339,-0.0104974285,0.0061168615,-0.0245161634,0.0348222554,-0.0206651986,0.0172514822
2.7980341911,-0.0103836954,0.0075363796,-0.0215923768,0.0464790165,-0.0120830294,0.0161924772
2.8081090450,-0.0084193870,0.0002427083,-0.0225203019,0.0506500602,-0.0025174883,0.0130107980
2.8182370663,-0.0084943771,0.0006988515,-0.0195845943,0.0462034084,0.0143884579,0.0077095767
2.8284471035,-0.0115968809,-0.0057087597,-0.0166302901,0.0408331454,0.0174902417,0.0024034944
2.8383080959,-0.0078627244,-0.0101674888,-0.0107303830,0.0397570655,0.0185342003,0.0013432899
2.8483660221,-0.0011955727,-0.0107734483,-0.0028801535,0.0333526954,0.0184575003,-0.0018405193
2.8585081100,0.0026111973,-0.0124718230,0.0020172624,0.0184869040,0.0109001826,-0.0018407190
2.8687319756,0.0015883517,-0.0133611355,0.0049363403,0.0014991323,0.0022768674,0.0002828857
2.8785810471,0.0016557124,-0.0163329635,0.0068830280,-0.0048021730,-0.0072802850,0.0077129724
2.8886399269,0.0057156975,-0.0173957851,0.0039717583,-0.0100845527,-0.0126319081,0.0077116406
2.8987720013,-0.0000392873,-0.0087491926,0.0029534127,-0.0101637272,-0.0052672685,-0.0018407854
2.9089820385,-0.0058289771,-0.0058972929,0.0019395378,-0.0080853971,0.0000217694,-0.0071476661
2.9188950062,-0.0048384522,-0.0098386761,0.0029133584,-0.0091982270,0.0042362218,-0.0103312088
2.9288749695,-0.0010078776,-0.0108711589,0.0000180033,-0.0135418409,0.0116190370,-0.0113882180
2.9389650822,-0.0011621717,-0.0100167450,0.0000240233,-0.0189421996,0.0179529656,-0.0092607513
2.9493041039,-0.0033109488,-0.0102176871,0.0019654061,-0.0349704325,0.0199351572,-0.0092556914
2.9590981007,0.0004326772,-0.0085878689,0.0039169220,-0.0423956737,0.0156251639,-0.0092552258
2.9693589211,0.0022306365,-0.0069418121,0.0068449406,-0.0327915177,0.0157090537,-0.0092576230
2.9795570374,0.0011385229,-0.0052221995,0.0107334284,-0.0199354514,0.0105026402,-0.0113876853
2.9896612167,0.0021080596,0.0073399302,0.0146062998,-0.0059583839,-0.0000139170,-0.0156436842
2.9993929863,0.0061560343,0.0112905074,0.0136239557,0.0080741569,-0.0158291645,-0.0188399423
3.0094540119,0.0093289688,0.0075426605,0.0116927652,0.0103042889,-0.0253595524,-0.0188452695
3.0195531845,0.0047373394,0.0067104679,0.0067966608,0.0082243867,-0.0306764878,-0.0177853983
3.0297999382,0.0011468750,0.0097319502,0.0067487983,0.0050256643,-0.0306698307,-0.0124755865
3.0396819115,0.0004616525,0.0097875390,0.0067319898,0.0017663809,-0.0242485497,0.0002699029
3.0497260094,-0.0012738932,0.0097984765,0.0037891294,-0.0004152814,-0.0188860092,0.0119529245
3.0598540306,-0.0011030663,0.0107569899,-0.0030402516,0.0016553272,-0.0124729834,0.0162021313
3.0700511932,0.0009429526,0.0116390307,-0.0059637399,-0.0090569723,-0.0083014080,0.0193923302
3.0799741745,-0.0019837248,0.0056259502,-0.0079240771,-0.0166286305,0.0022630191,0.0225860607
3.0899848938,-0.0030531141,-0.0023905393,-0.0049835416,-0.0230937190,0.0085938852,0.0257762615
3.1000850201,-0.0051259031,-0.0026489329,-0.0030477019,-0.0178010892,0.0128917620,0.0268385299
3.1102972031,-0.0013641644,-0.0008987616,-0.0040058466,-0.0103540905,0.0150582427,0.0236523226
3.1201891899,0.0043535302,-0.0029417444,-0.0000797483,-0.0050080875,0.0140226055,0.0204655193
3.1302671432,0.0062048803,-0.0069269892,0.0048044352,-0.0070890831,0.0086989477,0.0204633884
3.1403479576,0.0071181278,-0.0148153435,0.0087243346,-0.0091570271,0.0023205434,0.0215231925
3.1506230831,0.0080747083,-0.0178814847,0.0136009483,-0.0133728115,-0.0030286820,0.0204597935
3.1604399681,0.0061898301,-0.0180637967,0.0155265955,-0.0208108574,-0.0062484439,0.0247064698
3.1705141068,0.0042981948,-0.0182556491,0.0213423390,-0.0186446421,-0.0094128121,0.0247043390
3.1805801392,0.0005000230,-0.0184645932,0.0203494448,-0.0218026750,-0.0136850551,0.0247032735
3.1909651756,0.0016371157,-0.0138521362,0.0193386097,-0.0249518603,-0.0190318823,0.0225778054
3.2007091045,0.0028107984,-0.0151319895,0.0193287749,-0.0334166139,-0.0265682302,0.0172673278
3.2107911110,0.0050557475,-0.0134852212,0.0173447151,-0.0269302167,-0.0350211039,0.0140760625
3.2209439278,0.0034380329,-0.0156302582,0.0124482540,-0.0205440111,-0.0339660943,0.0045183771
3.2311470509,0.0008162033,-0.0108464640,0.0065520434,-0.0035178894,-0.0296421815,-0.0061017768
3.2410302162,0.0020807160,-0.0068867709,0.0055590896,0.0018101372,-0.0296995733,-0.0220300090
3.2510571480,0.0033174304,-0.0126732830,0.0075117974,-0.0089330552,-0.0235306285,-0.0379511863
3.2611341476,0.0045738961,-0.0147066433,0.0055518774,-0.0238224156,-0.0290078185,-0.0443207994
3.2714090347,0.0097915307,-0.0158757176,0.0026233224,-0.0301852413,-0.0333423801,-0.0496303439
3.2812340260,0.0111532211,-0.0093251709,-0.0032693122,-0.0323009901,-0.0354820304,-0.0496318787
3.2913169861,0.0105719119,-0.0018004010,-0.0111170979,-0.0280340724,-0.0354655161,-0.0528183505
3.3013920784,0.0089480355,0.0038833003,-0.0082481476,-0.0248833112,-0.0301405936,-0.0538771562
3.3116822243,0.0043513770,0.0075650234,-0.0112209292,-0.0292237327,-0.0227162335,-0.0485633500
3.3215909004,0.0055469568,0.0092987884,-0.0102839442,-0.0271495823,-0.0163044725,-0.0443128794
3.3316481113,0.0056929062,0.0109996852,-0.0132173868,-0.0336231962,-0.0088849068,-0.0368749350
3.3416972160,0.0028096733,0.0146176573,-0.0122871967,-0.0368802659,-0.0036069872,-0.0368723385
3.3519539833,-0.0001309592,0.0182402637,-0.0084232064,-0.0304972008,-0.0014082815,-0.0336874649
3.3617970943,0.0008659806,0.0209782738,-0.0094076963,-0.0186833683,-0.0087117348,-0.0305089820
3.3718540668,0.0048514227,0.0237929914,-0.0064884992,-0.0069119297,-0.0117783640,-0.0283899046
3.3819110394,0.0049556638,0.0208645295,-0.0006386611,-0.0015200134,-0.0169951636,-0.0220231526
3.3922650814,0.0031326411,0.0189260263,0.0032421376,0.0006302232,-0.0179682840,-0.0114061944
3.4020991325,0.0032720936,0.0130811874,0.0071362881,-0.0015193736,-0.0157674458,0.0034601034
3.4121840000,0.0004733276,0.0091385711,0.0061482815,-0.0036690766,-0.0135879163,0.0151415272
3.4222249985,0.0015872266,0.0089994241,0.0002902773,-0.0100800265,-0.0125481514,0.0204526018
3.4324979782,0.0026781110,0.0067810770,0.0002859858,-0.0282297358,-0.0116179092,0.0247048717
3.4423530102,0.0007884871,-0.0004565696,-0.0026518677,-0.0389518589,-0.0064069685,0.0247110631
3.4524230957,-0.0001714829,-0.0057901908,-0.0055881115,-0.0379486457,-0.0000316270,0.0247139931
3.4624700546,-0.0012198020,-0.0081778895,-0.0046259137,-0.0326987319,0.0084889568,0.0225935169
3.4727571011,-0.0033143910,-0.0046291109,-0.0017340156,-0.0241877995,0.0106232148,0.0130362315
3.4826159477,-0.0004808832,-0.0029270668,-0.0007621619,-0.0177160278,0.0031971894,0.0045360206
3.4926860332,0.0053924466,-0.0080111120,-0.0017027232,-0.0219227578,-0.0032338118,0.0002866808
3.5027461052,0.0064499597,-0.0082540084,0.0012094405,-0.0271507278,-0.0138979740,-0.0007785172
3.5130281448,0.0056476886,-0.0095449593,0.0011674193,-0.0324000828,-0.0224187579,0.0013421579
3.5228571892,0.0029237641,-0.0059547517,0.0011225966,-0.0260175541,-0.0202269778,0.0034652299
3.5329530239,-0.0017179627,-0.0042684022,-0.0028259133,-0.0249072798,-0.0244547445,0.0045246352
3.5430102348,-0.0004801009,0.0013813247,-0.0067583891,-0.0163858049,-0.0233031940,0.0066445116
3.5533041954,-0.0002411607,0.0002820623,-0.0087179514,-0.0099942172,-0.0221931878,0.0055816444
3.5631189346,-0.0030298608,-0.0026970077,-0.0126365991,-0.0048156753,-0.0062538367,0.0024044265
3.5731770992,-0.0019890743,-0.0007776971,-0.0165319424,-0.0037597325,-0.0051904363,0.0013428904
3.5834720135,0.0009359863,-0.0036981124,-0.0174931865,-0.0027889293,0.0043396186,-0.0028991923
3.5937941074,0.0028180478,-0.0075843390,-0.0164960604,-0.0039237011,0.0106478482,-0.0103283469
3.6034390926,0.0027116237,-0.0056472961,-0.0155279608,-0.0060611553,0.0105876606,-0.0166986287
3.6134729385,0.0045895721,-0.0066583995,-0.0155089470,-0.0071218926,0.0094619431,-0.0251933113
3.6235020161,0.0055035572,-0.0057662074,-0.0155074568,-0.0124798780,0.0115163717,-0.0283761229
3.6336331367,0.0034726558,-0.0029676463,-0.0135706039,-0.0134937437,0.0062020337,-0.0283785202
3.6435341835,0.0034395007,0.0008173455,-0.0126119824,-0.0102854082,0.0051632016,-0.0294427853
3.6535210609,0.0014286336,0.0046736952,-0.0087203952,-0.0028336169,0.0073920013,-0.0230727699
3.6637890339,0.0023740379,0.0095748547,-0.0106831165,0.0078952741,0.0022142166,-0.0177684855
3.6740751266,0.0072554569,0.0146015529,-0.0067692371,0.0164653249,-0.0008803764,-0.0156486090
3.6839530468,0.0052839736,0.0167647693,-0.0057977410,0.0185925793,0.0002193092,-0.0124624707
3.6939458847,0.0033741517,0.0150261093,-0.0087040635,0.0175994858,-0.0072239595,-0.0135277351
3.7040350437,0.0044215466,0.0142462496,-0.0125901075,0.0208196212,-0.0093313195,-0.0156537369
3.7143580914,0.0025395004,0.0154740307,-0.0135752531,0.0239592232,-0.0029096385,-0.0114041306
3.7241721153,-0.0013886619,0.0167220067,-0.0155287953,0.0302761588,0.0056487625,-0.0092784613
3.7342839241,-0.0024651217,0.0209413599,-0.0155065628,0.0355169922,0.0152582461,-0.0071513951
3.7443161011,-0.0026472288,0.0183455665,-0.0125493975,0.0312076807,0.0194785595,-0.0050243279
3.7546720505,-0.0068501909,0.0176327098,-0.0096189948,0.0257692393,0.0300904550,0.0024149460
3.7644150257,-0.0091615394,0.0177928861,-0.0095876427,0.0161287021,0.0343266129,0.0140994322
3.7745780945,-0.0085534081,0.0188474450,-0.0085817548,0.0129108047,0.0364829749,0.0236575175
3.7845640182,-0.0059993868,0.0159988161,-0.0056236358,0.0108036064,0.0343971848,0.0321519338
3.7949309349,-0.0014733452,0.0170534458,0.0012397793,0.0139852846,0.0365679264,0.0353376083
3.8047032356,-0.0008522127,0.0171410646,0.0032202627,0.0193573050,0.0323442891,0.0310854726
3.8147821426,-0.0011592883,0.0163646322,0.0081307320,0.0300690718,0.0281657893,0.0268334690
3.8248391151,-0.0024139883,0.0137070473,0.0091377525,0.0365064666,0.0250733253,0.0321392864
3.8352251053,0.0012870949,0.0121299084,0.0130739240,0.0504563674,0.0178020969,0.0374411084
3.8451609612,0.0040623914,0.0087513831,0.0160511751,0.0643410236,0.0168546773,0.0363759734
3.8550438881,0.0029261855,0.0074204225,0.0209541339,0.0707869381,0.0126735158,0.0374340490
3.8651750088,0.0067687850,0.0051797796,0.0229555983,0.0794202387,0.0031917966,0.0363656580
3.8754060268,0.0107033178,-0.0018477532,0.0230152030,0.0816828609,-0.0095146783,0.0374205336
3.8852970600,0.0118209198,-0.0059875567,0.0211130995,0.0775100589,-0.0191080496,0.0363551378
3.8953180313,0.0140167475,-0.0112480205,0.0191835184,0.0551605523,-0.0257182810,0.0289249159
3.9054310322,0.0103368163,-0.0176759344,0.0182056446,0.0316521376,-0.0227404684,0.0289325081
3.9156651497,0.0086086467,-0.0243124459,0.0162591357,0.0167118013,-0.0228778869,0.0278744325
3.9255471230,0.0107876286,-0.0242430288,0.0074911742,0.0166762210,-0.0197220426,0.0236282889
3.9355878830,0.0060654352,-0.0173569713,0.0016109970,0.0176330954,-0.0091511551,0.0162007324
3.9456880093,0.0011864152,-0.0152873937,-0.0003535125,0.0143558094,-0.0017943070,0.0098351119
3.9559159279,0.0051322649,-0.0180946235,0.0006408122,0.0090489276,-0.0050654677,0.0034640315
3.9657440186,0.0100632161,-0.0199873913,-0.0022588347,-0.0016294951,-0.0051917015,-0.0018439149
3.9760398865,0.0071564536,-0.0200153310,-0.0071431370,-0.0048447298,-0.0042002061,-0.0082133971
3.9859199524,0.0062016766,-0.0161832254,-0.0081387134,-0.0155586265,-0.0000992047,-0.0156398881
3.9962270260,0.0051677148,-0.0123584550,-0.0022949551,-0.0145895015,0.0094314497,-0.0198825691
4.0060491562,0.0040564011,-0.0104920771,0.0006253150,-0.0156870186,0.0126330359,-0.0156336967
4.0161972046,0.0039245556,-0.0057484265,-0.0003617379,-0.0188878700,0.0126119964,-0.0145710949
4.0261888504,0.0047953795,-0.0049396660,-0.0003611419,-0.0263245106,0.0093632732,-0.0145703629
4.0365262032,0.0047174091,-0.0061646868,-0.0003657314,-0.0348274484,0.0061333911,-0.0103226211
4.0463042259,-0.0002595041,-0.0016164723,-0.0013639304,-0.0391173474,0.0082394853,-0.0071356818
4.0564150810,-0.0013223070,0.0019796137,0.0015281466,-0.0305456966,0.0051656649,-0.0018303990
4.0665521622,0.0005798411,0.0046403762,-0.0023680301,-0.0262864791,0.0062990398,0.0034776137
4.0767850876,0.0005139183,0.0063791070,-0.0033482884,-0.0198922306,0.0074436665,0.0077237580
4.0866060257,-0.0034855756,0.0072173830,-0.0053160163,-0.0145971728,0.0117406771,0.0087868916
4.0967178345,-0.0045754244,0.0061114784,-0.0092029544,-0.0092508765,0.0107262786,0.0087850271
4.1067142487,-0.0007961992,0.0031895917,-0.0101559730,0.0056591774,0.0140461084,0.0098452978
4.1170263290,-0.0048982655,0.0052655321,-0.0101522775,0.0173214264,0.0215548910,0.0066606905
4.1268463135,-0.0061364551,0.0093513113,-0.0072138878,0.0161801279,0.0289653353,0.0056032157
4.1369080544,-0.0034577625,0.0026833285,-0.0032705041,0.0097986618,0.0267874040,0.0056037484
4.1470079422,0.0021350307,-0.0060398970,-0.0002916428,-0.0062081609,0.0266688932,0.0087926174
4.1572680473,0.0018873658,-0.0042179320,0.0026339318,-0.0157579910,0.0212938339,0.0109159555
4.1671719551,-0.0022427219,0.0004902762,0.0074918894,-0.0136038130,0.0192123074,0.0140986992
4.1771931648,-0.0004196170,-0.0006136316,0.0074962405,-0.0039123045,0.0108358674,0.0183392521
4.1872410774,0.0024437380,0.0003364813,0.0084913401,0.0025812024,0.0024231416,0.0215201974
4.1975288391,0.0014560443,0.0013501366,0.0094549088,0.0079243015,0.0013671982,0.0151475184
4.2074022293,0.0005158480,-0.0005377996,0.0075173406,0.0101074548,-0.0039460743,0.0108963149
4.2174229622,0.0015678104,-0.0033549648,0.0046025543,0.0133509189,-0.0081690485,0.0098315831
4.2275919914,0.0016652640,-0.0042112190,0.0007110861,0.0111975400,-0.0060522351,0.0119571853
4.2377939224,-0.0012322593,-0.0060795452,-0.0002794239,0.0058075688,-0.0008076723,0.0098375753
4.2477068901,-0.0022351893,-0.0070597511,-0.0002778146,-0.0028122328,0.0075977966,0.0087832306
4.2577152252,-0.0013361800,-0.0061070006,-0.0012502047,-0.0017909100,0.0118095856,0.0024142801
4.2678399086,0.0024527607,-0.0099923071,-0.0012117001,0.0024614399,0.0128884986,-0.0007730576
4.2780489922,0.0043639760,-0.0050542001,-0.0012050244,0.0132147511,0.0044521373,-0.0071507962
4.2879738808,0.0023851392,-0.0048699919,-0.0002355549,0.0228367783,0.0023867895,-0.0114019327
4.2979760170,0.0014180538,-0.0065426771,-0.0021779509,0.0303258523,0.0003023334,-0.0156520717
4.3081212044,-0.0005379323,-0.0071577225,0.0027027156,0.0303198621,0.0013616723,-0.0156498738
4.3183202744,-0.0015254918,-0.0077894572,0.0027166035,0.0292324908,0.0034882063,-0.0135249384
4.3282508850,0.0004454848,-0.0114034060,0.0017650750,0.0196931567,-0.0029549121,-0.0124638025
4.3382730484,0.0024696586,-0.0112338196,0.0027598764,0.0133005045,-0.0040787663,-0.0135245388
4.3483362198,0.0054928507,-0.0110652875,0.0037368562,0.0165651403,-0.0104379291,-0.0167136081
4.3586039543,0.0036467982,-0.0079429764,0.0027613069,0.0229982734,-0.0135857854,-0.0199022107
4.3685083389,-0.0001344759,-0.0057244878,0.0007954863,0.0283142887,-0.0114177726,-0.0199018791
4.3785142899,-0.0010106269,-0.0063418802,0.0046920208,0.0379402861,-0.0134489657,-0.0188435391
4.3886451721,-0.0018286932,-0.0067919586,0.0047014384,0.0625124499,-0.0164091364,-0.0177909900
4.3988590240,-0.0025955739,-0.0050182324,0.0027646450,0.0945822373,-0.0213999003,-0.0124926306
4.4087181091,-0.0052734395,-0.0049263816,-0.0011196110,0.1106329411,-0.0255187433,-0.0146215614
4.4187917709,-0.0040394892,-0.0057084169,0.0018335012,0.1148987934,-0.0255160797,-0.0199316386
4.4288368225,-0.0009077418,-0.0171499494,0.0106617240,0.1073972285,-0.0235267654,-0.0305485297
4.4391231537,0.0052051540,-0.0238349568,0.0126648573,0.1009774134,-0.0226047803,-0.0432880260
4.4490423203,0.0143563449,-0.0218230281,0.0107521443,0.1011377349,-0.0397123918,-0.0634707958
4.4590449333,0.0187633336,-0.0178341791,0.0088141588,0.1033593416,-0.0493535697,-0.0804649591
4.4691867828,0.0173470378,-0.0168017261,0.0058786301,0.0905513018,-0.0495427884,-0.0921403915
4.4794101715,0.0120027438,-0.0091335326,0.0107032089,0.0638507083,-0.0476676561,-0.0942562670
4.4893102646,0.0085727796,-0.0066084955,0.0126227168,0.0382075608,-0.0446798541,-0.0900018662
4.4993109703,0.0070776115,-0.0043537635,0.0086929230,0.0146950427,-0.0405508876,-0.0761904493
4.5094389915,0.0055754180,0.0054309145,0.0027900364,-0.0109224897,-0.0396439508,-0.0655659065
4.5196299553,0.0030511913,0.0160313807,-0.0002002689,-0.0216097552,-0.0375459120,-0.0549441501
4.5295920372,0.0033873392,0.0206895731,-0.0051114531,-0.0312586278,-0.0322709233,-0.0464431383
4.5395803452,0.0065736393,0.0271689985,-0.0100203129,-0.0409421474,-0.0237906184,-0.0347566567
4.5497179031,0.0047618072,0.0316211097,-0.0129710408,-0.0495633073,-0.0153206363,-0.0262569785
4.5599370003,0.0028442738,0.0359997153,-0.0130028697,-0.0561317243,0.0016618106,-0.0166906379
4.5698080063,0.0018181574,0.0334834494,-0.0159443002,-0.0615471043,0.0101795318,-0.0050053531
4.5798473358,0.0046284790,0.0348377414,-0.0208190065,-0.0508896671,0.0124916881,0.0098582814
4.5899062157,0.0034544913,0.0372662507,-0.0217960458,-0.0402883664,0.0200814307,0.0204771031
4.6002449989,0.0031659303,0.0388149284,-0.0188733321,-0.0297411848,0.0329551511,0.0279134475
4.6100010872,0.0017881390,0.0346473716,-0.0169016700,-0.0148679353,0.0405596085,0.0353475958
4.6201171875,0.0062368731,0.0296171252,-0.0148928137,-0.0041838661,0.0396195129,0.0395916104
4.6301698685,0.0097975582,0.0237251464,-0.0109493108,0.0076705557,0.0280656554,0.0417056270
4.6404881477,0.0065794881,0.0150000099,-0.0119056078,0.0194835402,0.0207411610,0.0416989662
4.6503081322,0.0034342331,0.0112870540,-0.0089557143,0.0333993547,0.0166252479,0.0427551791
4.6603879929,0.0022289676,0.0068003181,0.0017944005,0.0569060110,0.0136196036,0.0385005102
4.6704421043,0.0020988656,0.0016020333,0.0037758972,0.0921737179,0.0086366963,0.0406119972
4.6808009148,0.0030206514,0.0025782865,0.0067384867,0.1221167073,0.0025247415,0.0395395420
4.6905717850,0.0000532713,-0.0010292343,0.0116418032,0.1381760538,-0.0026614987,0.0363477468
4.7006998062,-0.0028172957,-0.0094527006,0.0165545959,0.1319293380,-0.0186809450,0.0289087389
4.7107081413,0.0052230204,-0.0180008281,0.0214822907,0.1139355078,-0.0337639563,0.0182890501
4.7210612297,0.0104693323,-0.0247223731,0.0205522794,0.1076030433,-0.0413023010,0.0097925011
4.7309389114,0.0109724924,-0.0247065872,0.0176273603,0.0981187448,-0.0541794151,0.0002311539
4.7409529686,0.0085743964,-0.0199368075,0.0175797362,0.0863547623,-0.0522153340,-0.0082592694
4.7509942055,0.0061710919,-0.0181670338,0.0175437350,0.0767800659,-0.0555097982,-0.0125058135
4.7612781525,0.0057584639,-0.0184577256,0.0126513867,0.0607704744,-0.0556842387,-0.0178108308
4.7711682320,0.0033786891,-0.0131282602,0.0096768169,0.0372626707,-0.0527208708,-0.0199262463
4.7812051773,-0.0009577501,-0.0069817584,0.0047463803,0.0233575068,-0.0496659577,-0.0209829882
4.7912368774,0.0014880669,-0.0009732115,-0.0001676652,0.0062543401,-0.0465975329,-0.0156680513
4.8015289307,0.0028725637,0.0039036851,-0.0011739704,-0.0108916229,-0.0392850228,-0.0103510506
4.8113842010,0.0021947992,0.0057296976,-0.0051036449,-0.0227863118,-0.0234168451,-0.0018459787
4.8214702606,-0.0015757013,0.0103603192,-0.0090394588,-0.0283110403,-0.0043307678,0.0034739519
4.8315219879,-0.0025395083,0.0169055331,-0.0100375982,-0.0273023658,0.0020781958,0.0087868916
4.8418211937,0.0003276240,0.0196030047,-0.0119742127,-0.0220295750,0.0085046701,0.0109123606
4.8516469002,0.0051149423,0.0194005948,-0.0119549008,-0.0220703203,0.0127978185,0.0183464400
4.8617072105,0.0068971883,0.0162925664,-0.0060883733,-0.0199765433,0.0170881711,0.0225952491
4.8717851639,0.0086571798,0.0092718434,-0.0002207133,-0.0199755840,0.0171305146,0.0289652646
4.8820610046,0.0074967439,0.0100971963,-0.0011869642,-0.0050059585,0.0140503030,0.0247127283
4.8919310570,0.0073299254,0.0081314743,-0.0001986596,0.0045891982,0.0152017213,0.0257730652
4.9019780159,0.0062217335,0.0062841438,0.0066311387,0.0185566805,0.0057600159,0.0236412045
4.9120378494,0.0082154423,0.0015967694,0.0047105579,0.0283367932,-0.0111127738,0.0268170927
4.9223480225,0.0103057995,-0.0020187031,0.0047215847,0.0358817950,-0.0184676256,0.0278733019
4.9322023392,0.0045806910,-0.0055936594,0.0066550402,0.0390588641,-0.0163094681,0.0289341062
4.9422669411,-0.0041014333,-0.0120481364,0.0095509915,0.0379619114,-0.0131080803,0.0331831798
4.9523282051,-0.0068942611,-0.0156196859,0.0095472960,0.0358482637,-0.0152627118,0.0310591739
4.9626312256,-0.0067676832,-0.0163255129,0.0075902371,0.0273186937,-0.0164398272,0.0246899575
4.9724960327,-0.0016794208,-0.0170725584,0.0056579737,0.0263095405,-0.0228699632,0.0161920115
4.9826288223,0.0054203640,-0.0206781998,0.0046986369,0.0349056907,-0.0292237327,0.0066304635
4.9927120209,0.0066869850,-0.0164115038,0.0066375164,0.0424037687,-0.0323757194,0.0013175905
5.0034441948,0.0070149000,-0.0120593812,0.0085579185,0.0445753112,-0.0366703309,-0.0093030958
5.0133123398,0.0064272056,-0.0096956380,0.0085210232,0.0361006260,-0.0431388170,-0.0135511709
5.0233511925,0.0059420909,-0.0133133102,0.0036224155,0.0126962336,-0.0507986024,-0.0177962501
5.0334482193,0.0074943001,-0.0102858096,0.0006669787,0.0030964706,-0.0508627184,-0.0146074481
5.0434131622,0.0021050943,-0.0073645934,-0.0052433582,-0.0012641894,-0.0413025022,-0.0071689715
5.0528049469,-0.0004281480,0.0023560710,-0.0092094513,-0.0013734587,-0.0307057165,-0.0092878491
5.0630092621,-0.0011589009,0.0072522126,-0.0121575566,0.0006654570,-0.0211311206,-0.0082217865
5.0729842186,-0.0029996338,0.0082480181,-0.0160719734,-0.0005703559,-0.0041365568,-0.0039659217
5.0832800865,-0.0059381058,0.0101695452,-0.0199918728,-0.0102677234,0.0053632050,0.0013502808
5.0930581093,-0.0040869419,0.0120002329,-0.0190092903,-0.0145884631,0.0106519097,0.0045392164
5.1031908989,-0.0013378415,0.0089572873,-0.0141008468,-0.0157280304,0.0180973094,0.0087904204
5.1131892204,0.0013732832,0.0098000318,-0.0072658630,-0.0157660339,0.0223539062,0.0109174205
5.1235198975,0.0040806527,0.0145637821,-0.0014077994,-0.0082545877,0.0181612913,0.0087898206
5.1333332062,0.0068424861,0.0174642950,0.0025109078,0.0024478575,0.0150860064,0.0109084984
5.1434497833,0.0077344771,0.0165558178,0.0054469137,0.0122032836,0.0003435458,0.0151458541
5.1534452438,0.0077938954,0.0147147719,0.0054440526,0.0123188905,-0.0102057019,0.0246982817
5.1638140678,0.0069784666,0.0109037030,0.0044717221,0.0113092856,-0.0154646449,0.0331903026
5.1735930443,0.0002736669,0.0070690084,0.0073605804,0.0123555353,-0.0132480972,0.0459305979
5.1837368011,-0.0005927983,0.0022789557,0.0093050627,0.0123480791,-0.0121455481,0.0523019470
5.1937322617,-0.0024114775,-0.0015355031,0.0015154508,0.0177182630,-0.0152757596,0.0533615500
5.2042222023,-0.0042584171,-0.0043692216,-0.0053103538,0.0165605880,-0.0068662972,0.0427480564
5.2140431404,-0.0071605747,-0.0081923474,-0.0072644325,0.0100978147,-0.0017072880,0.0289489515
5.2241458893,-0.0101164952,-0.0169059690,-0.0082228752,0.0110951681,0.0045918869,0.0172720570
5.2341761589,-0.0072611501,-0.0216842834,-0.0091773840,0.0089241331,0.0077010607,0.0087795686
5.2444553375,-0.0064052944,-0.0206744447,-0.0091671320,0.0035421504,0.0118499994,0.0013504138
5.2543783188,-0.0065595736,-0.0216420926,-0.0052492591,-0.0050543211,0.0170399677,-0.0050166715
5.2643752098,0.0000985485,-0.0246534627,-0.0003393862,-0.0146659352,0.0180586260,0.0013570718
5.2745008469,0.0018835884,-0.0238633584,0.0025988249,-0.0231301542,0.0105292052,-0.0028916022
5.2847299576,0.0028172953,-0.0173172504,0.0025836851,-0.0284130666,0.0051706582,-0.0039547365
5.2945971489,0.0008239519,-0.0146792494,0.0045184521,-0.0294045880,-0.0022945153,-0.0082042757
5.3046112061,0.0018983331,-0.0110488106,0.0015776184,-0.0282628909,-0.0097122174,-0.0082082711
5.3147740364,0.0030019057,-0.0083832983,-0.0003897521,-0.0271733124,-0.0118324263,-0.0092708049
5.3248000145,-0.0008144233,-0.0066304691,-0.0043053003,-0.0219351407,-0.0022575634,-0.0124527495
5.3347482681,-0.0037777128,-0.0038431659,-0.0052980753,-0.0155968163,0.0041574589,-0.0135129541
5.3449358940,-0.0058360924,-0.0009950547,-0.0053064795,-0.0093057109,0.0148039116,-0.0166958980
5.3550128937,-0.0079881921,0.0009545982,-0.0033532949,-0.0029666154,0.0212115422,-0.0188174397
5.3652720451,-0.0072258790,0.0009757523,-0.0052891942,-0.0008190414,0.0202038027,-0.0135094924
5.3751077652,-0.0015496019,0.0030140281,-0.0052570673,0.0098526971,0.0203253105,-0.0092655448
5.3852410316,-0.0007803220,0.0012020917,-0.0042466493,0.0130562130,0.0203809701,-0.0050191348
5.3952407837,0.0009277907,0.0013943912,0.0025946524,0.0162093434,0.0257690772,0.0034774139
5.4055643082,0.0025825796,-0.0012935790,0.0065264134,0.0236291774,0.0311808866,0.0098490268
5.4153728485,0.0032561941,-0.0049072858,0.0114370612,0.0279022977,0.0312307552,0.0119728316
5.4254360199,0.0009678748,-0.0055585951,0.0182861108,0.0332177021,0.0334132127,0.0140961697
5.4355392456,-0.0002878088,-0.0110458117,0.0202663559,0.0375716500,0.0249552820,0.0130293071
5.4457988739,0.0043895985,-0.0174535923,0.0261617322,0.0366078503,0.0142943822,0.0066534337
5.4556851387,0.0121403113,-0.0219927914,0.0320613421,0.0249978267,0.0003099232,-0.0071551236
5.4656820297,0.0141334906,-0.0256256405,0.0398735441,0.0197394155,-0.0083285719,-0.0230850875
5.4758019447,0.0152674243,-0.0234426744,0.0447317399,0.0199282616,-0.0274967402,-0.0337118320
5.4860482216,0.0215112939,-0.0213262048,0.0427689590,0.0105105247,-0.0467479341,-0.0443370454
5.4959449768,0.0240454748,-0.0193203930,0.0378599204,-0.0010339329,-0.0670918822,-0.0570865981
5.5059661865,0.0238446891,-0.0154491011,0.0309812445,-0.0030217161,-0.0819991976,-0.0624025315
5.5160460472,0.0188763514,-0.0135587528,0.0211476106,-0.0114830844,-0.0894940645,-0.0613421276
5.5263171196,0.0139408484,-0.0029979385,0.0112801818,-0.0211090799,-0.0874628723,-0.0624004677
5.5362429619,0.0079165846,0.0035637654,0.0062989024,-0.0393876880,-0.0738144368,-0.0602654144
5.5462441444,0.0037494076,0.0079940446,-0.0015763614,-0.0586780235,-0.0654526427,-0.0538855456
5.5563731194,0.0033910868,0.0083143190,-0.0084716650,-0.0790158957,-0.0592144541,-0.0464454703
5.5665988922,0.0019631160,0.0152875409,-0.0173161011,-0.0908661634,-0.0475767069,-0.0358186588
5.5765028000,-0.0025147276,0.0202056821,-0.0310348254,-0.0931112841,-0.0358696543,-0.0273171179
5.5865068436,-0.0052255993,0.0271047559,-0.0330382548,-0.0890323892,-0.0167066101,-0.0230613854
5.5965881348,-0.0081062987,0.0302398354,-0.0340493284,-0.0668023452,0.0015399044,-0.0209341850
5.6068592072,-0.0052739759,0.0355800353,-0.0340520106,-0.0413047113,0.0134831164,-0.0135021023
5.6167359352,-0.0015509803,0.0401506610,-0.0291759353,-0.0189914703,0.0232352130,-0.0124414973
5.6267981529,-0.0018242974,0.0361718014,-0.0203836542,-0.0072807493,0.0265761465,-0.0039484110
5.6368770599,-0.0011683929,0.0293257125,-0.0125490995,-0.0040749172,0.0267092399,0.0119765596
5.6471419334,0.0024862287,0.0283431839,-0.0017889115,0.0045665083,0.0173455663,0.0289584715
5.6570367813,0.0062703411,0.0245471615,0.0050570397,0.0228375513,0.0059280614,0.0438151807
5.6670331955,0.0052744518,0.0218671858,0.0050640730,0.0432237834,-0.0044494784,0.0522992164
5.6771659851,0.0043717544,0.0213295892,0.0070190458,0.0582233742,-0.0106764147,0.0533524305
5.6873941422,0.0034704430,0.0131389834,0.0119058518,0.0699527338,-0.0094921067,0.0565354414
5.6972408295,0.0015877780,0.0000912883,0.0129034547,0.0624413677,-0.0053208647,0.0554782338
5.7073130608,0.0006067973,-0.0082743447,0.0178066511,0.0325393938,-0.0034736963,0.0533631481
5.7173991203,0.0035977510,-0.0178847257,0.0168589968,0.0080549028,-0.0101094283,0.0448715948
5.7276549339,0.0076237242,-0.0267093312,0.0120118884,-0.0047208136,-0.0134319877,0.0406259820
5.7375559807,0.0087328926,-0.0297656171,0.0120139150,-0.0046920776,-0.0166992191,0.0278838873
5.7475681305,0.0079006851,-0.0250342377,0.0129454760,-0.0100697987,-0.0136943758,0.0077125723
5.7576022148,0.0051041166,-0.0212654751,0.0138922362,-0.0079192966,-0.0158884209,-0.0060917903
5.7679700851,0.0072247083,-0.0233039707,0.0168061871,-0.0100274533,-0.0191662405,-0.0177726820
5.7777609825,0.0103950426,-0.0204977188,0.0216664691,-0.0217077602,-0.0256754048,-0.0241446923
5.7878360748,0.0127181411,-0.0120073687,0.0196631569,-0.0321793109,-0.0459623002,-0.0294611622
5.7979631424,0.0142589584,-0.0075030867,0.0127911000,-0.0490998365,-0.0609457083,-0.0262779519
5.8081631660,0.0109802783,-0.0031356905,0.0078308610,-0.0576352701,-0.0609995089,-0.0230904147
5.8180971146,0.0057124044,0.0001666305,0.0028707413,-0.0661900267,-0.0588608533,-0.0092849862
5.8281002045,-0.0016343150,0.0082748923,-0.0040472122,-0.0632389784,-0.0332995690,0.0013450210
5.8381700516,-0.0082621798,0.0173951667,-0.0128961774,-0.0549612939,-0.0066241492,0.0130364317
5.8484950066,-0.0102753565,0.0227028858,-0.0177857261,-0.0573139265,0.0157075226,0.0236661714
5.8582973480,-0.0065806215,0.0210964773,-0.0197195392,-0.0723668337,0.0273035243,0.0321701132
5.8683800697,-0.0030345547,0.0116261858,-0.0157707315,-0.0756598338,0.0368799865,0.0406701230
5.8785018921,-0.0005437735,0.0109199602,-0.0108706923,-0.0628595352,0.0381007120,0.0481006764
5.8887300491,0.0039668749,0.0191510916,-0.0050095888,-0.0403742008,0.0308832787,0.0502149612
5.8985738754,0.0046920921,0.0178564377,0.0018218782,-0.0198974460,0.0108945910,0.0491377749
5.9086360931,0.0085688233,0.0118286200,0.0076915650,-0.0164819434,-0.0102836648,0.0512499288
5.9187602997,0.0137304366,0.0057679508,0.0067177443,-0.0140586812,-0.0388841517,0.0554819554
5.9289731979,0.0142130405,-0.0022270177,0.0047337441,-0.0128093921,-0.0568980388,0.0575962439
5.9388651848,0.0128694177,-0.0053441338,0.0027390148,-0.0105916988,-0.0653881282,0.0544059761
5.9489159584,0.0076557319,-0.0084093045,-0.0041537257,-0.0031457655,-0.0632354990,0.0490961671
5.9590401649,0.0004269924,-0.0104213674,-0.0159218293,0.0063222242,-0.0504806191,0.0395426750
5.9692621231,-0.0079433918,-0.0143414959,-0.0257233959,0.0061677611,-0.0356958173,0.0289321076
5.9791321754,-0.0105944425,-0.0192622319,-0.0315912329,-0.0036153076,-0.0177790001,0.0236362778
5.9892673492,-0.0134670362,-0.0252411868,-0.0335543714,-0.0155129796,-0.0019595560,0.0247090012
5.9992570877,-0.0135031566,-0.0264357105,-0.0374470316,-0.0230843760,0.0074835471,0.0183439776
6.0096039772,-0.0126386657,-0.0228060763,-0.0403726660,-0.0242313966,0.0148320077,0.0077299494
6.0193672180,-0.0128089115,-0.0181893986,-0.0423178039,-0.0242365636,0.0147698224,-0.0018264044
6.0294551849,-0.0120507628,-0.0184478257,-0.0423064195,-0.0318486765,0.0284491479,-0.0092502329
6.0394959450,-0.0162962452,-0.0168256517,-0.0374359451,-0.0394047871,0.0368367098,-0.0145525187
6.0497932434,-0.0157568529,-0.0161771215,-0.0325424634,-0.0363354906,0.0495413207,-0.0230413452
6.0597071648,-0.0143611431,-0.0105774384,-0.0227542501,-0.0246973448,0.0591731071,-0.0262258854
6.0696902275,-0.0120659024,-0.0009471308,-0.0149232121,-0.0077191591,0.0688712746,-0.0262253545
6.0799140930,-0.0068227579,0.0049232300,-0.0070740553,-0.0012529781,0.0625471324,-0.0283535533
6.0902709961,-0.0024687948,0.0059969053,-0.0001934740,0.0053090509,0.0466810837,-0.0294249430
6.0999689102,-0.0028752538,0.0061460547,0.0037355449,0.0139376661,0.0383080393,-0.0230593868
6.1099452972,-0.0002270717,0.0083346795,0.0096232919,0.0205135439,0.0214225315,-0.0177604966
6.1201081276,-0.0004031364,0.0096334666,0.0135364560,0.0312475488,0.0151714943,-0.0145819476
6.1303181648,-0.0005380813,0.0061597917,0.0155127076,0.0440328531,0.0174192023,-0.0124604730
6.1402430534,-0.0016643334,0.0027201679,0.0184658188,0.0397860147,0.0152597781,-0.0124603398
6.1502342224,0.0011230108,0.0040947832,0.0204417128,0.0408403613,0.0163024049,-0.0167072825
6.1603670120,0.0029365940,-0.0032651350,0.0204948802,0.0387397408,0.0131001538,-0.0167077482
6.1706151962,0.0048372443,-0.0019093583,0.0166201014,0.0399261788,0.0014661348,-0.0124666654
6.1804099083,0.0078437924,-0.0005871895,0.0117589263,0.0368329436,-0.0091582136,-0.0103473878
6.1904869080,0.0079548731,-0.0051264577,0.0127487211,0.0283837970,-0.0176861882,-0.0050405068
6.2005438805,0.0091300979,-0.0068347175,0.0108023314,0.0230349973,-0.0166993532,-0.0092859855
6.2108869553,0.0063496823,-0.0115158297,0.0078652529,0.0155027788,-0.0103778075,-0.0060955179
6.2206950188,0.0024795977,-0.0114207119,0.0068717031,0.0025875131,0.0000788276,-0.0124578103
6.2307801247,0.0034895909,-0.0094983261,0.0058932332,-0.0048658755,-0.0021707446,-0.0220132321
6.2408351898,0.0103943273,-0.0085619912,0.0010524419,0.0004642550,-0.0021435139,-0.0252013691
6.2511410713,0.0094923601,-0.0076153632,-0.0057883831,-0.0037515284,-0.0074927388,-0.0262647681
6.2609682083,0.0085829124,-0.0027527623,-0.0067701312,0.0004975973,-0.0053483620,-0.0283873081
6.2710199356,0.0076227183,0.0012216271,-0.0058080526,0.0089376867,0.0042613884,-0.0305082500
6.2811002731,0.0085343570,0.0043032393,-0.0028856371,0.0131947780,0.0053670667,-0.0294474475
6.2913789749,0.0084734708,0.0093261153,-0.0019153926,0.0088927075,0.0084920190,-0.0326301903
6.3012199402,0.0103493333,0.0094697289,-0.0018901202,0.0121165439,0.0063904524,-0.0336932540
6.3113059998,0.0132601038,0.0106032398,0.0020063545,0.0122156134,-0.0031170321,-0.0273272377
6.3213901520,0.0182044804,0.0195581820,0.0039606122,0.0197819993,-0.0125654619,-0.0220256150
6.3316793442,0.0173709542,0.0198500305,0.0049314527,0.0316104293,-0.0208886378,-0.0124765849
6.3414759636,0.0166044310,0.0192049984,0.0039457111,0.0327013955,-0.0229808856,-0.0092921779
6.3515748978,0.0119395256,0.0234466121,0.0039057161,0.0390956439,-0.0218362585,-0.0050460328
6.3616371155,0.0082049742,0.0228803623,0.0019481805,0.0432940647,-0.0143237468,0.0023895127
6.3719649315,0.0044208909,0.0203401875,-0.0019590827,0.0390122309,-0.0121351620,0.0183186792
6.3817558289,0.0024940518,0.0157763902,-0.0029320691,0.0260869805,0.0005532696,0.0289472882
6.3918271065,-0.0025035518,0.0091052763,0.0009698895,0.0078105051,0.0142294010,0.0353295542
6.4019222260,-0.0046763276,0.0080763511,0.0009868172,-0.0040231990,0.0237183757,0.0417071581
6.4122099876,-0.0059745391,0.0060056709,0.0039234785,-0.0051521128,0.0301027726,0.0459578298
6.4220061302,-0.0043760990,0.0068940483,0.0107845096,-0.0051842295,0.0332787260,0.0448977575
6.4320979118,-0.0027212801,0.0048469733,0.0147126345,-0.0018667299,0.0216218028,0.0427674949
6.4422020912,-0.0000091422,-0.0000471584,0.0147446422,0.0056736646,0.0142543679,0.0416988358
6.4524941444,0.0018691268,-0.0058781318,0.0186709780,0.0026629614,-0.0048855045,0.0395664424
6.4623188972,0.0068241502,-0.0068908725,0.0206335206,-0.0015610512,-0.0091745919,0.0385044403
6.4723463058,0.0040439959,-0.0108935367,0.0186656136,-0.0142520797,-0.0209921040,0.0331927650
6.4824719429,0.0062732394,-0.0140895955,0.0118330149,-0.0291391481,-0.0264345389,0.0321320295
6.4927549362,0.0085108131,-0.0193126816,0.0089033274,-0.0366010591,-0.0275954120,0.0268243477
6.5025949478,0.0019201484,-0.0216913614,0.0020220305,-0.0377351120,-0.0212803222,0.0204570629
6.5126609802,-0.0018012825,-0.0172183290,-0.0058134170,-0.0282209720,-0.0127707254,0.0109027065
6.5226907730,-0.0056366851,-0.0174198654,-0.0097301574,-0.0123253362,-0.0020903170,0.0002862148
6.5330090523,-0.0036960992,-0.0116303470,-0.0087691518,-0.0038682027,0.0053420328,-0.0103302104
6.5428719521,-0.0047582765,-0.0116246417,-0.0038960550,-0.0070866859,0.0063062301,-0.0209473018
6.5529241562,-0.0048200493,-0.0165181477,0.0058555035,-0.0123685328,0.0009615322,-0.0198868308
6.5629730225,-0.0018284324,-0.0166532043,0.0078162579,-0.0261120163,-0.0118565951,-0.0145812146
6.5732879639,0.0042027007,-0.0160228610,0.0029429819,-0.0494876467,-0.0215414464,-0.0039621266
6.5831398964,0.0034347100,-0.0215670168,-0.0039107772,-0.0943758339,-0.0144581702,0.0034861360
6.5931720734,-0.0033710303,-0.0314675383,-0.0127164098,-0.1405324042,0.0128171267,0.0173148662
6.6033020020,-0.0085514411,-0.0418135636,-0.0205180030,-0.1739965528,0.0507312827,0.0184040312
6.6135840416,-0.0121991113,-0.0388057716,-0.0224824529,-0.1946576238,0.0887226090,0.0141810570
6.6233539581,-0.0112156868,-0.0281348247,-0.0302749854,-0.1959522367,0.1109103411,0.0014518136
6.6334600449,-0.0055145700,-0.0242244061,-0.0331600271,-0.1907311082,0.1214631125,-0.0144712264
6.6435213089,0.0060707773,-0.0192038547,-0.0233710986,-0.1809565723,0.1033857092,-0.0335955210
6.6537709236,0.0139426142,-0.0110011678,-0.0116553875,-0.1412246078,0.0781695694,-0.0484833904
6.6636281013,0.0162652060,0.0015655478,-0.0019311878,-0.0907444283,0.0456401221,-0.0601919740
6.6737003326,0.0159834623,0.0175762456,0.0067958264,-0.0445740074,0.0173453651,-0.0676504299
6.6838340759,0.0140187815,0.0262329224,0.0135951666,-0.0090854680,-0.0099460436,-0.0697975978
6.6940412521,0.0142134130,0.0273643564,0.0203899760,0.0091947364,-0.0235737041,-0.0687472522
6.7039542198,0.0126125515,0.0266497787,0.0223256368,0.0178884659,-0.0382847376,-0.0581380129
6.7139549255,0.0110789835,0.0259213019,0.0193737764,0.0189635828,-0.0381715558,-0.0422112457
6.7240881920,0.0075873877,0.0241944622,0.0125160841,0.0157860331,-0.0402512848,-0.0315944850
6.7343177795,0.0050261463,0.0253174286,0.0056734113,0.0136033073,-0.0349025913,-0.0220350698
6.7442350388,0.0023975370,0.0244962480,0.0017506507,0.0166929197,-0.0231557209,-0.0145967957
6.7542271614,-0.0023292976,0.0246721525,-0.0011992428,0.0251074433,-0.0102798706,-0.0039745099
6.7643690109,-0.0022316503,0.0229405221,-0.0070407959,0.0293695927,-0.0091333129,0.0034577732
6.7745838165,-0.0041518365,0.0212551374,-0.0109242769,0.0335651338,-0.0016482326,0.0066458434
6.7844228745,-0.0061416482,0.0186066609,-0.0128644677,0.0313704237,0.0047192527,0.0098356446
6.7945609093,-0.0082196295,0.0149636958,-0.0099167796,0.0270401258,0.0110756857,0.0140871154
6.8045492172,-0.0083953068,0.0093647670,-0.0050133439,0.0259156339,0.0163728464,0.0140885795
6.8148941994,-0.0056519886,0.0085881595,-0.0010855767,0.0226945393,0.0184876621,0.0172758512
6.8246960640,0.0000280436,0.0068246853,0.0028558399,0.0216430426,0.0174297877,0.0194005873
6.8348259926,-0.0001430887,0.0089569073,0.0116314320,0.0249200631,0.0100445757,0.0215196647
6.8448371887,0.0017803382,0.0111834761,0.0155494241,0.0378536768,-0.0025401248,0.0268182233
6.8551521301,0.0048513408,0.0135195088,0.0106869368,0.0551125593,-0.0203795768,0.0342375264
6.8649630547,0.0080960691,0.0140521843,0.0106976656,0.0606350489,-0.0394648537,0.0289167948
6.8751049042,0.0085033104,0.0097352061,0.0077704219,0.0595801733,-0.0405144058,0.0321019329
6.8850970268,0.0049591581,-0.0024275389,0.0028910069,0.0456039533,-0.0300266109,0.0321117900
6.8954458237,0.0022793782,-0.0069604833,-0.0010079119,0.0326796360,-0.0184881985,0.0289354362
6.9052281380,-0.0025143253,-0.0125693921,-0.0058746310,0.0218241122,-0.0005503444,0.0278844200
6.9153661728,-0.0054914360,-0.0173193719,-0.0146384211,0.0185268521,0.0089707226,0.0278900117
6.9253602028,-0.0036565291,-0.0152756628,-0.0194905978,0.0120706307,0.0141700786,0.0204629228
6.9357199669,0.0000651773,-0.0142370071,-0.0204346161,0.0141148726,0.0226144306,0.0109104291
6.9454998970,-0.0011949692,-0.0140933301,-0.0165180545,0.0172579363,0.0279065296,0.0045408141
6.9556379318,0.0024112312,-0.0089898538,-0.0067383619,0.0268796701,0.0258199442,-0.0028952640
6.9656190872,0.0089985058,-0.0066963043,0.0020809795,0.0365148820,0.0227140337,-0.0039611943
6.9759597778,0.0146935657,-0.0023910683,0.0060130982,0.0376981236,0.0110384673,-0.0060909241
6.9857330322,0.0175810158,0.0000022818,0.0118730096,0.0410513878,-0.0037743670,-0.0039749760
6.9960279465,0.0176812634,-0.0005405936,0.0138320355,0.0433044247,-0.0154059883,-0.0007959607
7.0059051514,0.0169218928,0.0028453637,0.0118765859,0.0476681963,-0.0249032862,0.0013211856
7.0161848068,0.0132817477,0.0062636230,0.0118405847,0.0487779379,-0.0291379783,0.0013187889
7.0260972977,0.0076937447,0.0058018360,0.0108416704,0.0498105772,-0.0259660892,-0.0018656196
7.0361180305,0.0050266008,0.0053084679,0.0059692888,0.0455218256,-0.0238675177,0.0002601157
7.0461997986,0.0022670848,0.0018317756,0.0059514074,0.0347657427,-0.0154870814,-0.0018560321
7.0564560890,0.0003924813,-0.0027716495,0.0040144948,0.0154429106,-0.0039492035,0.0034636322
7.0663599968,-0.0025673138,-0.0056065824,0.0010899332,0.0046699187,0.0066228136,0.0119662397
7.0763711929,-0.0016859475,-0.0075699631,-0.0008394095,-0.0039086565,0.0108061070,0.0140941050
7.0864877701,-0.0028645771,-0.0047117397,0.0020878341,-0.0061393986,0.0203509424,0.0162224360
7.0967092514,-0.0020814093,-0.0028825179,0.0050140051,-0.0146567198,0.0181335956,0.0130380960
7.1066241264,0.0016685497,-0.0030639824,0.0079660444,-0.0156397466,0.0096366461,0.0130337011
7.1165971756,0.0055262889,-0.0061470065,0.0099329380,-0.0165891629,-0.0020367876,0.0140899112
7.1267652512,0.0104997829,-0.0072624777,0.0079849986,-0.0111451037,-0.0126080057,0.0130223166
7.1369752884,0.0057934891,-0.0024993923,0.0050234227,-0.0068238582,-0.0178826619,0.0119567849
7.1468982697,0.0021055189,-0.0025425293,0.0030368592,0.0017621201,-0.0231542569,0.0055807787
7.1568899155,-0.0015925992,-0.0024766736,0.0000930455,0.0134376846,-0.0166718569,0.0077046496
7.1669692993,-0.0033844265,-0.0042566713,-0.0028444503,0.0230174735,-0.0144933239,0.0034557758
7.1773200035,-0.0023014101,-0.0049511734,-0.0028299065,0.0304010883,-0.0059538982,0.0013345680
7.1870899200,-0.0042106663,-0.0075324718,-0.0028233503,0.0388719887,0.0004305646,-0.0071580526
7.1971669197,-0.0022434222,-0.0070848744,-0.0037882898,0.0484926626,-0.0016698705,-0.0167177357
7.2072677612,0.0036821289,-0.0084904991,-0.0037469838,0.0528437048,-0.0101481099,-0.0209704712
7.2174820900,0.0067396308,-0.0089327767,-0.0027511690,0.0454164147,-0.0144573711,-0.0209707376
7.2274289131,0.0029866246,-0.0133779664,-0.0027685137,0.0337295868,-0.0198643208,-0.0209710710
7.2374339104,0.0031983254,-0.0179779995,-0.0017870638,0.0145324571,-0.0210861787,-0.0199050084
7.2475643158,-0.0005143214,-0.0169479623,0.0010966685,-0.0025461018,-0.0201267079,-0.0124667315
7.2577552795,0.0016537454,-0.0131309088,-0.0008589003,-0.0089925509,-0.0159524698,-0.0145866070
7.2676339149,-0.0011438433,-0.0083743576,-0.0018796298,-0.0176042542,-0.0086213201,-0.0177656226
7.2776741982,-0.0049597626,-0.0066211242,-0.0038602923,-0.0239867866,-0.0108131012,-0.0198886953
7.2877640724,-0.0048886617,-0.0019475425,-0.0038709019,-0.0166026931,-0.0022525035,-0.0188248940
7.2981119156,-0.0039343615,-0.0010609421,-0.0077773305,-0.0038493481,0.0031782144,-0.0167018250
7.3079328537,-0.0000732321,0.0057855304,-0.0067948075,0.0014095446,0.0106383944,-0.0188234299
7.3179597855,0.0027208922,0.0078311730,-0.0019001338,0.0024532378,0.0127420258,-0.0230698418
7.3280563354,0.0016174462,0.0049715750,-0.0038398479,0.0045764428,0.0138289277,-0.0220083725
7.3383059502,0.0044208537,0.0050282516,0.0000765350,-0.0017842511,0.0095220637,-0.0230707079
7.3482408524,0.0073042060,0.0069651082,0.0000967410,-0.0028157737,0.0063497731,-0.0198858976
7.3582372665,0.0053334381,0.0070211273,0.0000844029,0.0078997202,0.0022197429,-0.0167052858
7.3683481216,0.0063375677,0.0081220213,0.0010608461,0.0143939722,-0.0072931349,-0.0198980831
7.3785881996,0.0074604671,0.0141877681,0.0010561374,0.0251398273,-0.0146269472,-0.0199044757
7.3884930611,0.0046924422,0.0144313313,-0.0009185645,0.0272895042,-0.0156496689,-0.0167190004
7.3984870911,0.0009485852,0.0156874117,-0.0009409758,0.0273235925,-0.0188049823,-0.0124733895
7.4085721970,0.0011138167,0.0110692065,-0.0028858755,0.0230472758,-0.0176969077,0.0002685712
7.4188680649,0.0012477856,0.0102906320,-0.0038517688,0.0165406410,-0.0071081789,0.0055845068
7.4286823273,-0.0036529007,0.0103779044,-0.0067939134,0.0089612845,0.0045731114,0.0172727220
7.4387531281,-0.0008023459,0.0055232868,-0.0077471705,0.0003630025,0.0108991843,0.0225870591
7.4488668442,0.0019781140,0.0006505643,-0.0067284675,-0.0007463116,0.0151194958,0.0204663835
7.4591250420,-0.0001754764,0.0016128608,-0.0077043744,0.0034668092,0.0204341002,0.0162207726
7.4690198898,-0.0004016164,0.0006516297,-0.0076856585,0.0066341604,0.0236031283,0.0098511567
7.4790191650,0.0052362527,-0.0031902250,-0.0027535532,0.0056075118,0.0193220973,0.0056020841
7.4890999794,0.0079867318,-0.0070615467,0.0011659887,-0.0007689744,0.0160567295,0.0013536096
7.4993753433,0.0058985348,-0.0090452079,0.0031288292,-0.0039192280,0.0106960516,-0.0028954637
7.5092773438,0.0028631983,-0.0071245860,0.0040965704,-0.0007062312,0.0096555548,-0.0039580651
7.5192728043,0.0028062088,-0.0042236578,0.0050621061,-0.0038325163,0.0022074922,-0.0028991923
7.5293960571,0.0047377567,-0.0033051334,0.0040870337,-0.0059882384,0.0043037995,-0.0039592637
7.5396380424,0.0027671752,-0.0033886228,0.0040850667,-0.0112796724,0.0000339535,-0.0007746555
7.5495462418,0.0008005124,-0.0025494192,0.0021299149,-0.0123913558,0.0042906832,0.0024118833
7.5595641136,-0.0012196529,-0.0007165130,0.0011407760,-0.0081542665,0.0075179022,0.0034742183
7.5696372986,-0.0003073666,0.0021589771,-0.0017835471,-0.0006795200,0.0075814184,0.0034740849
7.5798940659,0.0005838346,0.0031746421,-0.0027366253,0.0088926796,0.0108483182,0.0034732861
7.5898113251,0.0014617812,0.0042640548,-0.0046773525,0.0131710749,0.0098319892,0.0045330245
7.5998210907,0.0042857598,0.0005201232,-0.0026971672,0.0120821092,0.0119377505,0.0034725538
7.6099462509,0.0051156650,-0.0051883515,0.0002609518,0.0088673271,0.0129575413,0.0013496814
7.6201772690,0.0040011029,-0.0070311967,0.0002747205,0.0110106394,0.0118944077,-0.0018367907
7.6300091743,-0.0000288117,-0.0020768959,0.0012327459,0.0078011309,0.0128980866,-0.0060810037
7.6400609016,-0.0001810495,-0.0020328034,0.0002693561,0.0013477588,0.0181817990,-0.0007677313
7.6501569748,0.0016312447,-0.0078880899,0.0012716678,-0.0071485238,0.0138638820,-0.0007683970
7.6604537964,0.0034218354,-0.0060197804,0.0051873950,-0.0081943469,0.0117325541,-0.0007691958
7.6703252792,0.0013278198,-0.0041573383,0.0051813750,-0.0028947899,0.0149707580,0.0002912082
7.6803293228,0.0001899522,-0.0003002490,0.0042013554,0.0002964763,0.0160666481,0.0013527442
7.6904749870,0.0000272017,0.0006746371,0.0032379057,0.0002896581,0.0171476267,0.0045394823
7.7007780075,0.0018180084,-0.0052156840,0.0032807617,-0.0125254719,0.0181106254,0.0066668158
7.7105140686,0.0035609377,-0.0083233640,0.0062204031,-0.0274842102,0.0201155189,0.0087956805
7.7206139565,0.0033480150,-0.0105858892,0.0081817536,-0.0349658281,0.0210974272,0.0066744722
7.7306962013,0.0060794349,-0.0108830556,0.0091812043,-0.0231745765,0.0158595219,0.0013606669
7.7410392761,0.0088537782,-0.0052030832,0.0101506142,-0.0082102735,0.0127100674,-0.0135098919
7.7509279251,0.0117302984,0.0016242155,0.0111326603,0.0025460217,0.0031727548,-0.0262605753
7.7609472275,0.0117484927,0.0007436835,0.0101572303,0.0090281554,-0.0053355121,-0.0379462577
7.7709689140,0.0128176883,-0.0021032635,0.0130803613,-0.0036770664,-0.0149908699,-0.0368846580
7.7812662125,0.0091019198,-0.0001850537,0.0140259294,-0.0089578480,-0.0203217193,-0.0337005816
7.7911052704,0.0044025923,0.0026682056,0.0130170612,-0.0111057153,-0.0181357302,-0.0209568888
7.8012170792,0.0026499329,0.0103569217,0.0129688410,-0.0110577783,-0.0223105010,-0.0103409961
7.8112311363,0.0019053366,0.0150954928,0.0080660610,-0.0110875797,-0.0190571155,0.0002774929
7.8215198517,-0.0018586520,0.0159295518,0.0041303663,-0.0122127645,-0.0126242507,0.0119607802
7.8313660622,-0.0056521078,0.0177082829,-0.0007643077,-0.0165181383,-0.0083626611,0.0204589274
7.8414540291,-0.0036834630,0.0135657862,-0.0027098034,-0.0262261592,0.0021981045,0.0257756617
7.8514919281,-0.0057469015,0.0035399962,-0.0007426712,-0.0337740108,0.0095682032,0.0268416591
7.8618021011,-0.0029470029,0.0031949766,-0.0026786302,-0.0327713303,0.0159366205,0.0257827863
7.8716330528,0.0007644143,0.0019130112,-0.0026554440,-0.0232221931,0.0212976970,0.0215359759
7.8816709518,0.0054363157,0.0006914940,0.0012751844,-0.0210586414,0.0180987082,0.0162248351
7.8917789459,0.0101956502,-0.0033786111,0.0032476811,-0.0113394065,0.0064767390,0.0109077673
7.9018502235,0.0140909106,-0.0034940187,0.0022839336,-0.0058892472,-0.0051823137,0.0055915643
7.9117321968,0.0171544626,-0.0025792234,0.0042260317,-0.0047092019,-0.0168994218,-0.0029089795
7.9220132828,0.0163789093,-0.0046017617,0.0042071966,-0.0067609269,-0.0254335888,-0.0071601169
7.9320392609,0.0107738674,-0.0066099819,0.0022321369,-0.0089023216,-0.0243853685,-0.0060961838
7.9423608780,0.0061367895,-0.0037950277,-0.0007345650,-0.0089220284,-0.0222425889,-0.0029097116
7.9522342682,0.0024380458,0.0029377360,-0.0056658955,-0.0004299013,-0.0179089624,-0.0007873056
7.9622931480,-0.0003453124,0.0058804005,-0.0076292725,0.0080650505,-0.0135834552,0.0002744967
7.9723582268,-0.0012072328,0.0088692103,-0.0096033784,0.0080151428,-0.0082796365,0.0002783585
7.9826221466,-0.0001875091,0.0069812126,-0.0115427943,0.0026597921,-0.0061834622,0.0034661624
7.9924921989,0.0017653700,0.0011426677,-0.0115277739,-0.0038201576,0.0011885667,0.0034705563
8.0027151108,0.0017075535,-0.0008310358,-0.0105324360,-0.0038718237,0.0065143560,0.0066586263
8.0126190186,0.0015918385,0.0030276626,-0.0085863443,-0.0038996004,0.0097243311,0.0109081659
8.0229053497,0.0004679855,0.0049141999,-0.0046868892,-0.0060844589,0.0150453262,0.0162203740
8.0326967239,-0.0006674308,0.0029025506,-0.0027398441,-0.0049677677,0.0097438386,0.0151545098
8.0428247452,0.0031709669,0.0018673894,0.0011848834,-0.0048836116,0.0012419631,0.0130266435
8.0528945923,0.0080940202,0.0057651922,0.0021592404,0.0101417294,-0.0071512554,0.0077107083
8.0631217957,0.0081811845,0.0049577504,0.0031338360,0.0272354949,-0.0091448976,0.0045199748
8.0729827881,0.0082736686,0.0062895417,0.0041121272,0.0443652682,-0.0143087674,0.0034523138
8.0830593109,0.0094119534,0.0077467244,0.0041141538,0.0486337803,-0.0142714828,0.0034512484
8.0931177139,0.0075760107,0.0053022988,0.0021652605,0.0485567600,-0.0068364693,0.0045157140
8.1034088135,0.0027377752,-0.0019992273,-0.0007408235,0.0506808981,-0.0057498999,0.0055775163
8.1132154465,0.0027762649,-0.0004812869,-0.0007445785,0.0559636503,-0.0003984109,0.0055789812
8.1232910156,0.0066869478,0.0040137842,-0.0016888353,0.0676567927,0.0039135134,0.0002691705
8.1333484650,0.0066380943,0.0038310569,0.0041774539,0.0847555175,0.0007897585,-0.0135402521
8.1437063217,0.0145200267,0.0077351183,0.0207787175,0.1009691060,-0.0203735828,-0.0262965262
8.1534900665,0.0207419991,0.0196011364,0.0266213436,0.1269123107,-0.0530487709,-0.0273803659
8.1636047363,0.0175285712,0.0229172222,0.0236520786,0.1485909820,-0.0856772885,-0.0157223791
8.1736278534,0.0165566429,0.0243853498,0.0196988005,0.1487993151,-0.1057317555,0.0001938031
8.1839866638,0.0118395463,0.0248880461,0.0186409373,0.1489676237,-0.1215360239,0.0171746500
8.1937761307,0.0032516716,0.0234502144,0.0156233339,0.1510210931,-0.1129669026,0.0267344676
8.2038936615,-0.0044797962,0.0257743560,0.0048011569,0.1359332055,-0.0982294977,0.0288692564
8.2138547897,-0.0064797406,0.0240572821,-0.0079213949,0.1155069545,-0.0835519582,0.0288811736
8.2242422104,-0.0057525267,0.0133058550,-0.0206021648,0.0822070614,-0.0614975132,0.0384568386
8.2340192795,-0.0082442686,-0.0017705093,-0.0254856329,0.0339165404,-0.0342765488,0.0469781533
8.2441778183,-0.0129971206,-0.0153747154,-0.0284115057,-0.0165921748,0.0014702627,0.0639976114
8.2541675568,-0.0161565170,-0.0226465575,-0.0264459830,-0.0531648807,0.0298298653,0.0682665333
8.2645187378,-0.0146663636,-0.0213807765,-0.0225107651,-0.0629810318,0.0509798899,0.0704031810
8.2742853165,-0.0113439932,-0.0230181143,-0.0156345349,-0.0534804687,0.0616371967,0.0650990978
8.2844295502,-0.0060536568,-0.0158355478,-0.0146185728,-0.0469674431,0.0499320701,0.0512882136
8.2944183350,0.0013114210,-0.0192568526,-0.0116273733,-0.0447457284,0.0403122008,0.0374789238
8.3046293259,0.0097872615,-0.0265429504,-0.0008533570,-0.0520526394,0.0231739599,0.0226070322
8.3145675659,0.0106007308,-0.0299459975,0.0069631366,-0.0444617011,0.0104313334,0.0109186191
8.3246269226,0.0096050948,-0.0234550089,0.0049908785,-0.0230158009,-0.0000338240,0.0045371521
8.3347196579,0.0067397202,-0.0177546348,-0.0008898351,-0.0069492385,-0.0063082986,-0.0029028542
8.3449506760,0.0058534513,-0.0109696928,0.0000637796,-0.0005709678,-0.0041719107,-0.0092742015
8.3548545837,0.0039549614,-0.0109105278,-0.0019079420,0.0058047981,-0.0020132852,-0.0124616046
8.3648853302,0.0000523176,-0.0108380653,-0.0009469363,0.0015027272,0.0011116681,-0.0156443492
8.3750209808,-0.0028837177,-0.0059128478,0.0000159171,0.0025665816,0.0022007013,-0.0124566117
8.3852481842,-0.0019056652,-0.0077525396,-0.0019201610,0.0100583192,0.0001508661,-0.0113977389
8.3951501846,-0.0019003827,-0.0057012327,-0.0028951738,0.0047482159,-0.0020050295,-0.0092727365
8.4051513672,-0.0057980497,0.0012043138,-0.0029247378,0.0090066111,-0.0008998176,-0.0082114665
8.4152660370,-0.0087490752,-0.0035254993,-0.0048736902,0.0132235661,0.0044845613,-0.0018395870
8.4255084991,-0.0088286698,-0.0072479937,-0.0077785822,0.0152837876,0.0119371507,-0.0007745889
8.4354143143,-0.0070139919,-0.0061231647,-0.0058113309,0.0120356902,0.0161546655,-0.0007731242
8.4454259872,-0.0052386452,-0.0050242245,-0.0028647159,0.0066462513,0.0214061551,-0.0018309318
8.4554891586,-0.0035304802,-0.0098859668,-0.0028290723,-0.0094229691,0.0276460070,0.0003000632
8.4658498764,-0.0038251134,-0.0149257034,0.0001208809,-0.0286195669,0.0264310725,0.0024279288
8.4756031036,-0.0011334348,-0.0191855282,-0.0017871234,-0.0467611291,0.0262229461,-0.0049989615
8.4857301712,0.0015407648,-0.0186920948,0.0021320011,-0.0467882901,0.0282687880,-0.0166777223
8.4957304001,0.0032409278,-0.0142343286,0.0040838150,-0.0339547843,0.0251705982,-0.0209303908
8.5060939789,0.0040082256,-0.0076575596,0.0070098666,-0.0232137237,0.0177744683,-0.0304930024
8.5158843994,0.0038795096,-0.0068919808,0.0060415892,-0.0274662338,0.0155886114,-0.0347413458
8.5260200500,0.0057413797,-0.0101096556,0.0070350198,-0.0423421189,0.0090920962,-0.0347408131
8.5360088348,0.0027017815,-0.0106040891,0.0109092025,-0.0658267215,0.0099754669,-0.0304869451
8.5463848114,-0.0003003258,-0.0073542632,0.0147920875,-0.0732396320,0.0046536722,-0.0230551269
8.5561532974,0.0016362217,-0.0002271327,0.0128122000,-0.0603876188,0.0005343613,-0.0209358502
8.5662908554,0.0026828719,0.0080258101,0.0049866466,-0.0432182178,-0.0088724559,-0.0220067073
8.5762929916,0.0047621648,0.0145117436,-0.0008730266,-0.0271768812,-0.0119236400,-0.0230730362
8.5866489410,0.0058328356,0.0113510080,0.0000905421,-0.0283212382,-0.0045405584,-0.0283780526
8.5964126587,0.0019428056,0.0042319428,0.0039870767,-0.0433202684,0.0006360940,-0.0283737928
8.6064815521,0.0028827561,-0.0029957741,0.0039960174,-0.0476516336,0.0069786785,-0.0262459274
8.6165618896,0.0067649628,-0.0005539357,0.0020511176,-0.0497306287,0.0016187339,-0.0315554030
8.6270132065,0.0087286234,0.0068388525,0.0030026461,-0.0326581709,0.0017470982,-0.0347450711
8.6369237900,0.0057952101,0.0076304730,0.0020068313,-0.0123838456,0.0019245979,-0.0347505324
8.6469306946,0.0058140527,0.0075597558,0.0000661638,-0.0038249800,-0.0001159161,-0.0336919241
8.6569175720,0.0068320031,0.0104810148,0.0000488785,0.0026000571,-0.0021894535,-0.0347558558
8.6670207977,0.0068380157,0.0027220435,-0.0048033567,-0.0049220407,0.0030641644,-0.0326277241
8.6768598557,0.0029026640,0.0006999113,-0.0077322694,-0.0124111967,0.0051699923,-0.0251927786
8.6868753433,0.0018462312,-0.0014476682,-0.0096681090,-0.0295443758,0.0114491936,-0.0156291015
8.6971397400,0.0027024148,-0.0018129925,-0.0077290507,-0.0423818789,0.0145701524,-0.0081930235
8.7074184418,0.0054549496,-0.0022314731,-0.0057566138,-0.0403189920,0.0220573619,-0.0018190143
8.7172508240,0.0022909937,0.0032247398,-0.0038239928,-0.0307238922,0.0232230276,0.0013645286
8.7272586823,0.0039954702,0.0127169825,0.0000647333,-0.0157617200,0.0212453641,0.0034833394
8.7373991013,0.0067478041,0.0146011356,0.0020458128,0.0056889243,0.0108069731,0.0013500145
8.7476463318,0.0096178055,0.0137523524,0.0010938075,0.0175226815,0.0013535497,0.0002804890
8.7574672699,0.0116035119,0.0139854457,0.0020735292,0.0272315014,-0.0091719292,0.0002720999
8.7675647736,0.0087652579,0.0104013570,0.0020732309,0.0293668248,-0.0091394391,0.0023951719
8.7776670456,0.0049237306,0.0038861409,0.0049869446,0.0272132829,-0.0070296815,0.0034591048
8.7879085541,0.0020433587,0.0002397579,0.0059649972,0.0186134037,-0.0007243818,0.0055880356
8.7977828979,0.0010503527,-0.0035418291,0.0040314225,0.0089640003,0.0034437981,0.0066532334
8.8078060150,0.0019855050,-0.0044787712,0.0050119786,0.0003950130,0.0065522399,0.0066569624
8.8179483414,0.0048623155,-0.0084167253,0.0001644519,0.0003989544,0.0065437173,0.0055967579
8.8281688690,0.0038100926,-0.0104170293,0.0001691011,-0.0070720119,0.0064646220,0.0034750174
8.8380460739,0.0017728131,-0.0075936522,0.0040479330,-0.0091764685,0.0032423967,0.0002883453
8.8480920792,0.0017246749,-0.0096340273,0.0040649800,-0.0070560593,0.0042804969,-0.0060824687
8.8581743240,0.0007086467,-0.0106816329,0.0030899073,-0.0070117442,0.0000287599,-0.0071456023
8.8684234619,0.0027068702,-0.0049220100,0.0011326697,-0.0101731820,-0.0042778375,-0.0124559458
8.8783369064,0.0008166131,-0.0030709971,0.0030617740,-0.0133502791,-0.0075287581,-0.0188291557
8.8883285522,0.0009291616,-0.0032154825,0.0059635071,-0.0175745860,-0.0117892828,-0.0156448148
8.8984642029,-0.0008930344,-0.0023872871,0.0049726395,-0.0175381005,-0.0149383377,-0.0103367353
8.9087038040,-0.0036889242,0.0013060124,0.0039641885,-0.0217815805,-0.0170491599,-0.0029041190
8.9185695648,-0.0015868176,0.0040046964,0.0019947912,-0.0207536034,-0.0127757182,0.0002838178
8.9285945892,-0.0034377801,0.0018599798,0.0010050562,-0.0197141692,-0.0095279934,0.0087795677
8.9387588501,-0.0014131296,0.0026692487,-0.0009416315,-0.0144218830,-0.0052371081,0.0087801013
8.9489822388,-0.0004023392,0.0054592080,-0.0009628508,-0.0080500050,-0.0019843231,0.0109037049
8.9588479996,0.0035131497,-0.0004495810,-0.0019116971,-0.0080617499,-0.0009300443,0.0098422356
8.9688644409,0.0074583138,-0.0044181775,-0.0028616758,-0.0059077851,-0.0030541818,0.0066552311
8.9790296555,0.0045719440,-0.0034550671,-0.0028803919,0.0068910760,-0.0029968573,-0.0018432490
8.9894256592,0.0026280803,-0.0062312614,-0.0038554640,0.0196598675,0.0002356877,-0.0114010675
8.9991369247,0.0046200375,-0.0069650225,-0.0048125358,0.0260747820,-0.0008197229,-0.0188339502
9.0093135834,0.0065840627,-0.0096044093,-0.0047912570,0.0239293408,0.0002157141,-0.0198946875
9.0193033218,0.0055920701,-0.0152335279,-0.0018566224,0.0100407433,0.0011218546,-0.0252006352
9.0295028687,0.0055803726,-0.0181303807,-0.0018551919,-0.0102592027,0.0030252158,-0.0315653235
9.0394144058,0.0055193449,-0.0192481000,0.0000990060,-0.0252432115,0.0071179615,-0.0347448736
9.0493659973,0.0064388881,-0.0136499628,0.0049638776,-0.0305176005,0.0006707151,-0.0400557481
9.0595083237,0.0064885761,-0.0051481687,0.0029865531,-0.0261959583,-0.0046111988,-0.0421827510
9.0698060989,0.0075653563,0.0005248581,0.0019825723,-0.0154501032,-0.0119450120,-0.0421891399
9.0796098709,0.0057470123,0.0052898508,0.0019536046,-0.0122219510,-0.0151053183,-0.0432550013
9.0897388458,0.0019754542,0.0120759252,0.0038633374,-0.0047504529,-0.0150192976,-0.0400714613
9.0997457504,0.0001595017,0.0111208279,0.0009241727,-0.0026494060,-0.0106817419,-0.0283887740
9.1100473404,0.0041898484,0.0120721087,-0.0000476214,-0.0090260804,-0.0127973566,-0.0188320205
9.1198883057,0.0052822302,0.0119750705,-0.0019962760,-0.0176281687,-0.0064485804,-0.0103342058
9.1299524307,0.0014127415,0.0127653368,-0.0029968594,-0.0197704155,-0.0053715976,-0.0050241286
9.1399822235,0.0024421436,0.0164656918,-0.0059341760,-0.0165867917,-0.0032228930,-0.0050225970
9.1503791809,0.0034565029,0.0173491333,-0.0078915926,-0.0038132081,0.0000719698,-0.0050241952
9.1601676941,0.0014447790,0.0212580618,-0.0079024406,0.0089090858,0.0086924890,-0.0018375898
9.1702289581,0.0023379547,0.0204002857,-0.0049631568,0.0142697636,0.0066655576,0.0055926298
9.1802854538,0.0071507166,0.0147176515,-0.0049230428,0.0185114332,0.0099124834,0.0098414365
9.1906480789,0.0070888842,0.0109652728,-0.0058743926,0.0143212145,0.0024966449,0.0172713902
9.2004051208,0.0080345646,0.0169100780,-0.0039326521,0.0132884141,-0.0006823037,0.0193941277
9.2104778290,0.0070726941,0.0101669822,-0.0078216167,0.0079415850,0.0003251701,0.0183341894
9.2205657959,0.0041093598,0.0043196436,-0.0058674188,-0.0006040446,0.0013606736,0.0257688724
9.2308979034,0.0070085372,0.0042437669,-0.0048754187,-0.0070185345,0.0023519022,0.0236473978
9.2407579422,0.0099284574,0.0012091548,-0.0048608156,-0.0070200786,0.0023666827,0.0257700682
9.2507820129,0.0079280883,-0.0008620209,-0.0077896686,-0.0081090461,0.0044724443,0.0247095991
9.2609214783,0.0029603390,0.0028569996,-0.0097554894,-0.0177719779,0.0107740825,0.0279018618
9.2711629868,0.0048183794,0.0016024393,-0.0107162567,-0.0326681063,0.0064134225,0.0300270654
9.2809820175,0.0056841965,-0.0046786275,-0.0097426148,-0.0498135127,0.0137755312,0.0427755527
9.2910442352,0.0015984249,-0.0062410925,-0.0087837549,-0.0594703965,0.0190035831,0.0438424125
9.3010978699,-0.0006228838,-0.0020036753,-0.0078179212,-0.0542641059,0.0317400843,0.0374772586
9.3114013672,-0.0039004164,0.0023401827,-0.0097723575,-0.0425597765,0.0349979289,0.0332287177
9.3212261200,-0.0033035951,0.0058205202,-0.0068389149,-0.0372465029,0.0371526927,0.0311048478
9.3313236237,-0.0027522075,0.0054920129,-0.0029095982,-0.0297968425,0.0393537953,0.0332276523
9.3413600922,-0.0031610283,-0.0016519575,-0.0038480137,-0.0319574401,0.0425588414,0.0396014638
9.3517332077,-0.0006452653,-0.0000338982,-0.0008951995,-0.0287134442,0.0383427925,0.0395985320
9.3615207672,-0.0010676834,0.0026022289,0.0039958386,-0.0244372338,0.0373130180,0.0385342687
9.3715810776,0.0015297305,0.0063142423,0.0079072742,-0.0104947863,0.0299448464,0.0289708562
9.3816375732,0.0042009871,0.0082445666,0.0118331937,0.0088053029,0.0205152594,0.0215285197
9.3919477463,0.0050044800,0.0104253683,0.0128302602,0.0387690589,0.0122743743,0.0193931963
9.4017677307,0.0068913768,0.0118757468,0.0138262538,0.0570489466,-0.0013674020,0.0183202103
9.4118175507,0.0079157054,0.0105364975,0.0167686362,0.0624900497,-0.0119446786,0.0161899459
9.4219112396,0.0090796351,0.0033811983,0.0187399406,0.0615230538,-0.0225973222,0.0108745433
9.4321956635,0.0064271907,0.0029946491,0.0167816300,0.0594862700,-0.0321442261,0.0140556898
9.4420242310,0.0028797386,0.0005915873,0.0148146776,0.0499722362,-0.0406823158,0.0193636362
9.4521226883,0.0023153198,-0.0029214043,0.0079731373,0.0339269564,-0.0365227275,0.0278641805
9.4621896744,-0.0012729097,-0.0104843304,0.0030865101,0.0199724697,-0.0281215180,0.0331811793
9.4724750519,-0.0020368921,-0.0162008405,0.0030877020,0.0113619370,-0.0207552146,0.0353106447
9.4822788239,-0.0038730653,-0.0141806789,-0.0037537785,0.0165255927,-0.0037675758,0.0300092213
9.4923887253,-0.0048777317,-0.0131163802,-0.0144736739,0.0142693631,0.0078225005,0.0204593930
9.5024299622,-0.0020971301,-0.0149436835,-0.0124904485,0.0088223200,0.0182951819,0.0066633541
9.5127315521,0.0035864410,-0.0246257074,-0.0124287577,-0.0018862505,0.0213157386,-0.0039504087
9.5225772858,0.0062785442,-0.0284942649,-0.0075283619,0.0023504393,0.0234005284,-0.0156318992
9.5326442719,0.0060729156,-0.0226157401,-0.0026431652,0.0034676353,0.0180632882,-0.0220056418
9.5427112579,0.0088885278,-0.0127983000,-0.0016702387,0.0067604478,0.0084868930,-0.0305057205
9.5530157089,0.0078503639,-0.0117416810,0.0012496141,-0.0038597062,0.0030609688,-0.0347529277
9.5628547668,0.0088522285,-0.0137371365,0.0061289100,-0.0155450981,-0.0023322655,-0.0326295234
9.5729312897,0.0049971486,-0.0119822714,0.0031750824,-0.0262009390,-0.0034241616,-0.0230711736
9.5829868317,0.0021062416,-0.0064030197,0.0002204207,-0.0262208320,-0.0012813155,-0.0198847670
9.5932397842,0.0011256930,-0.0006803143,0.0002026585,-0.0006635403,0.0042404830,-0.0209502988
9.6030769348,-0.0018757064,0.0082132723,-0.0027474139,0.0216912180,0.0096920403,-0.0283851102
9.6132192612,-0.0039029869,0.0173404217,-0.0066516967,0.0419842415,0.0076986644,-0.0358238518
9.6233129501,-0.0010672066,0.0139508862,-0.0075772973,0.0472851023,0.0108866012,-0.0421942696
9.6335659027,0.0047194134,0.0056957491,0.0002682236,0.0387917496,0.0065818671,-0.0400706604
9.6433429718,0.0066360380,-0.0016677714,-0.0006648275,0.0324324667,0.0022958426,-0.0379476547
9.6534910202,0.0076302881,0.0016178434,-0.0016332838,0.0378213748,-0.0029625690,-0.0379516520
9.6634635925,0.0067456509,0.0020818338,-0.0065106126,0.0538675301,-0.0071082450,-0.0443286560
9.6738500595,0.0019322183,0.0056434162,-0.0094457837,0.0677061155,-0.0038317579,-0.0485777296
9.6836080551,-0.0029350894,0.0063355621,-0.0094476314,0.0633815154,0.0013942961,-0.0549446866
9.6937513351,-0.0049844314,-0.0047174003,-0.0035683487,0.0535861403,0.0204153918,-0.0538708940
9.7037420273,-0.0072071929,-0.0120215472,-0.0005932424,0.0363852680,0.0330263898,-0.0496134348
9.7140779495,-0.0056161885,-0.0097294822,-0.0005574200,0.0288551785,0.0393756330,-0.0421757586
9.7238750458,-0.0050546979,-0.0075120926,-0.0005190346,0.0191992205,0.0446033515,-0.0411085598
9.7340164185,-0.0045287912,-0.0034584869,-0.0004957292,0.0085311299,0.0445516892,-0.0347350836
9.7440090179,-0.0010431263,-0.0063151661,0.0063886670,-0.0074217366,0.0391421393,-0.0294254087
9.7543411255,0.0034540219,-0.0112983081,0.0113125471,-0.0170008615,0.0369847119,-0.0219914597
9.7641458511,0.0050676088,-0.0085265990,0.0171791334,-0.0158410557,0.0285531450,-0.0145620396
9.7742900848,0.0038561670,-0.0037684646,0.0152267246,-0.0061601978,0.0212377086,-0.0103209568
9.7842750549,0.0086307004,0.0040356535,0.0171886105,0.0078814775,0.0043691136,-0.0124566788
9.7946395874,0.0087060481,0.0022194181,0.0132958917,0.0133854328,-0.0125880325,-0.0167137422
9.8043785095,0.0108981803,0.0014334713,0.0123202829,0.0210537128,-0.0327515565,-0.0273432825
9.8145570755,0.0073411237,0.0026969016,0.0074031381,0.0338486023,-0.0315787010,-0.0273459461
9.8245477676,-0.0021040814,-0.0007998347,-0.0004258129,0.0402064212,-0.0272494666,-0.0230998024
9.8348979950,-0.0048160409,0.0005735290,-0.0014262769,0.0368793346,-0.0145176928,-0.0188454017
9.8446769714,-0.0066994210,0.0008783434,-0.0053316923,0.0228485242,0.0012827097,-0.0177717488
9.8547821045,-0.0087045208,-0.0018703359,-0.0092152329,0.0110174306,0.0107707540,-0.0113932118
9.8648376465,-0.0068844636,-0.0037449170,-0.0130932303,0.0045441380,0.0181546342,-0.0092632147
9.8751792908,-0.0051295836,-0.0027493369,-0.0130763622,-0.0008394420,0.0234822873,0.0013588028
9.8849411011,-0.0004693795,-0.0028303433,-0.0149819227,-0.0083006062,0.0223709513,0.0034826738
9.8950881958,0.0051549817,-0.0077567063,-0.0081155868,-0.0061695445,0.0223480482,-0.0028886730
9.9050750732,0.0010238510,-0.0038479511,-0.0032471989,0.0055728364,0.0212852471,-0.0188187044
9.9154300690,-0.0040386473,0.0070185959,-0.0071666809,0.0280166268,0.0171261877,-0.0358152650
9.9252185822,-0.0022031518,0.0093579069,-0.0100787254,0.0461936891,0.0129505508,-0.0496252850
9.9353485107,-0.0013317097,0.0021431819,-0.0041871639,0.0558260754,0.0098029608,-0.0570618957
9.9453630447,-0.0014291111,0.0018084013,-0.0051452490,0.0589943826,0.0130143343,-0.0570614971
9.9557094574,0.0033456606,-0.0014623496,-0.0060713263,0.0557482541,0.0172026865,-0.0613057762
9.9654884338,0.0060674618,-0.0047570430,-0.0021256777,0.0503512546,0.0235354174,-0.0591771118
9.9756240845,0.0048264186,-0.0071538566,-0.0011209223,0.0417614952,0.0287727900,-0.0581105165
9.9873371124,0.0084886327,-0.0038477974,-0.0049861046,0.0321901999,0.0255126823,-0.0570477843
9.9985275269,0.0063031684,-0.0006032641,-0.0030413244,0.0247522574,0.0222644247,-0.0570475161
10.0075988770,0.0061190273,-0.0023213057,-0.0059385272,0.0152368359,0.0137481680,-0.0485552289
10.0183715820,0.0099160597,-0.0002485960,-0.0068885656,0.0077605443,0.0147993173,-0.0400584117
10.0262985229,0.0058768908,0.0017464497,-0.0059176655,0.0014037648,0.0105408560,-0.0336880647
10.0368890762,0.0037812290,0.0057159187,-0.0010549995,0.0066706985,0.0180906504,-0.0220058411
10.0466442108,0.0006391850,0.0077667432,-0.0020294760,0.0141103724,0.0213738624,-0.0166974291
10.0560941696,0.0004235726,0.0147972666,-0.0020255421,0.0216037072,0.0193448011,-0.0124531491
10.0661420822,0.0021480022,0.0170285087,0.0019012120,0.0247284211,0.0268147662,-0.0103277471
10.0763864517,0.0008974221,0.0182263628,0.0048376946,0.0183826424,0.0215022936,-0.0028961960
10.0861806870,0.0036363376,0.0135655766,0.0077992110,0.0205765273,0.0162563324,0.0034725538
10.0961713791,0.0034639162,0.0060307607,0.0078303842,0.0302030556,0.0142320646,0.0055926964
10.1061935425,0.0013684478,0.0063856719,0.0039390950,0.0430273488,0.0122085940,0.0034642979
10.1165714264,0.0022108776,0.0098160477,0.0088226823,0.0579607561,0.0122559983,-0.0092810579
10.1264200211,0.0020287929,0.0065294253,0.0147001771,0.0579409674,0.0143703483,-0.0103410631
10.1365718842,0.0048492248,0.0021906458,0.0157068986,0.0462462306,0.0100376522,-0.0082166586
10.1467542648,0.0096916780,-0.0042116968,0.0147681860,0.0367720611,-0.0027577055,-0.0050350474
10.1568145752,0.0126895979,-0.0107057327,0.0177112240,0.0219169483,-0.0113831507,-0.0060973824
10.1667060852,0.0118514374,-0.0017581451,0.0167116541,0.0219673105,-0.0167084746,-0.0092859194
10.1766910553,0.0110530332,0.0042808689,0.0137571720,0.0240765326,-0.0146162948,-0.0167180020
10.1868286133,0.0082516894,0.0006324342,0.0157020707,0.0219469108,-0.0146294776,-0.0156542026
10.1970615387,0.0064116935,-0.0011428109,0.0156955738,0.0154717006,-0.0072306837,-0.0114016673
10.2069816589,0.0045265476,0.0019519647,0.0117860464,0.0240034834,-0.0071471273,-0.0103440592
10.2169971466,0.0006683763,0.0012404966,0.0088402061,0.0303647108,-0.0028333389,-0.0082199220
10.2271089554,0.0016980466,0.0025356635,0.0039729504,0.0314315706,-0.0028523805,-0.0124667315
10.2373037338,0.0036606414,-0.0000874306,0.0049666194,0.0207166094,0.0012845738,-0.0145855416
10.2472562790,0.0046095322,-0.0096845757,0.0059613613,-0.0006591463,0.0042602569,-0.0177638903
10.2572164536,0.0044895406,-0.0185336825,0.0089129237,-0.0274753142,0.0178271979,-0.0166885071
10.2672910690,0.0013534125,-0.0218190588,0.0059951572,-0.0435550511,0.0251422357,-0.0124337086
10.2776126862,0.0050432230,-0.0213689171,0.0089510111,-0.0594986007,0.0186294764,-0.0134947114
10.2875766754,0.0117186904,-0.0200541764,0.0109258918,-0.0669503883,0.0164006762,-0.0198647268
10.2976818085,0.0126043782,-0.0196976531,0.0089728860,-0.0593350828,0.0015634068,-0.0273066647
