0.0000000000,-0.1097100452,0.3212761581,0.0948275402,0.2722996771,0.1445227414,0.0051820651
0.0062470436,-0.0339006521,0.0903943330,0.1081086472,0.4490869939,0.0737393722,-0.0214431547
0.0162880421,0.0483028851,-0.1743374914,0.1924671531,0.3185517192,-0.0008036338,-0.0501154773
0.0264999866,0.0170838796,-0.0916652530,0.1785420179,0.3285135627,0.0740306526,0.0221216995
0.0361150503,0.0251756571,0.0234581381,0.1896651983,0.4252450466,0.1143433973,0.0539715737
0.0462560654,0.0770648345,0.0076134363,0.2163147330,0.4385134578,0.0688944235,0.0635017008
0.0564349890,0.0684332773,0.0073037902,0.1837339401,0.5232459307,0.0284245592,0.0900051370
0.0667620897,0.0245634578,0.0277202278,0.1159578636,0.6496102810,-0.0126941148,0.1239300817
0.0765860081,-0.0174666978,0.0398826748,0.0464253463,0.7536404133,-0.0625571460,0.1482984126
0.0866990089,-0.0350386836,0.0018161692,0.0192700662,0.6975572109,-0.1108586341,0.1387323439
0.0966140032,-0.0328594185,-0.0531095117,0.0396430530,0.4898530245,-0.1520584673,0.1196525842
0.1080000401,-0.0351544656,-0.0612400621,0.0327626504,0.3246083856,-0.1706108451,0.0995111018
0.1167490482,-0.0235240199,-0.0544146746,0.0022133631,0.2115134597,-0.1737633646,0.0931683779
0.1269150972,-0.0021444599,-0.0449362248,-0.0076647955,0.1536301970,-0.1488372386,0.0878865346
0.1369850636,0.0092319511,-0.0307543129,-0.0044161039,0.1158902943,-0.1098152027,0.1017178595
0.1473230124,0.0105503760,-0.0127205690,-0.0023248154,0.1273299158,-0.0788120106,0.1219046190
0.1573470831,0.0027733406,-0.0013891897,-0.0020068842,0.1517116576,-0.0615320280,0.1357109100
0.1673470736,-0.0099662282,0.0021510876,-0.0016934234,0.1145134196,-0.0766846165,0.1399599910
0.1774990559,-0.0313385464,-0.0140306195,-0.0378195010,0.0878858045,-0.0822572783,0.1346549690
0.1879070997,-0.0458427407,-0.0371202081,-0.0828401968,0.0735678524,-0.0389881022,0.1176914275
0.1976630688,-0.0319955684,-0.0378547758,-0.1084898040,0.0454191417,-0.0000980957,0.0986057520
0.2075800896,0.0092354678,-0.0406794995,-0.1131242439,-0.0252680723,0.0235374589,0.0752759278
0.2175960541,0.0290296040,-0.0350236148,-0.1145305559,-0.0800445005,0.0568832979,0.0551316477
0.2279270887,0.0282643698,-0.0275373310,-0.0940424725,-0.1081946418,0.0957595855,0.0339222327
0.2376600504,0.0216339491,-0.0132833561,-0.0649695322,-0.1041313037,0.1159000099,0.0254374035
0.2477880716,0.0149122141,-0.0067237457,-0.0405464135,-0.0660198703,0.1470531374,0.0328758769
0.2581059933,0.0041511613,0.0213772207,-0.0313454829,-0.0116755655,0.1561140120,0.0477312580
0.2684429884,-0.0165555216,0.0457941443,-0.0255505405,0.0322386287,0.1418083161,0.0731961355
0.2781630754,-0.0354546048,0.0537560731,-0.0253867470,0.0226871483,0.1375764161,0.0880625695
0.2879790068,-0.0085635222,0.0042399326,-0.0253151618,-0.0391911305,0.4530904293,0.0648762882
0.2981630564,0.1473237872,-0.0075886687,0.0257742442,-0.1674903035,0.7887151837,-0.0400433391
0.3085530996,0.1049150154,-0.0248828977,0.0352842845,-0.2844512761,0.4305538237,0.0288244113
0.3182020187,-0.0207189955,-0.0474576205,0.0135698356,-0.3331780136,0.1830016822,0.0457036570
0.3281840086,-0.0083348788,-0.0526428670,0.0016402048,-0.3386404216,0.1969004571,0.0690715685
0.3384790421,-0.0066824001,-0.0413077921,-0.0036573964,-0.3460466862,0.1892982572,0.0520799980
0.3486950397,-0.0244822837,-0.0143102845,-0.0049319225,-0.2991271317,0.1928637028,0.0478226691
0.3591070175,-0.0285645761,0.0098830024,-0.0165291391,-0.2650535703,0.2005890012,0.0478178747
0.3686029911,-0.0131773390,-0.0007046305,0.0053728861,-0.2543194294,0.1943023354,0.0456884131
0.3787430525,-0.0007086734,-0.0278155655,0.0146815814,-0.2540849745,0.1709317714,0.0414302833
0.3889180422,0.0050440985,-0.0491815656,0.0130991377,-0.2858921885,0.1505484730,0.0499225706
0.3987450600,0.0000758429,-0.0288641304,0.0198401250,-0.3221046925,0.1439203173,0.0584234484
0.4087840319,-0.0147763230,0.0040549198,0.0244129337,-0.3177627027,0.1377162188,0.0775316358
0.4188790321,-0.0130806603,0.0156676322,0.0292410292,-0.2961646318,0.1124884412,0.0849447399
0.4292260408,-0.0064412993,0.0108027617,0.0477507152,-0.3329239786,0.0538624078,0.0934191868
0.4390040636,0.0072462219,-0.0125876507,0.0835584477,-0.3600038886,-0.0132993851,0.0817127898
0.4491469860,-0.0080647208,-0.0128179630,0.0608996786,-0.2897262573,0.0021213824,0.0742700547
0.4592370987,-0.0313209631,0.0078004161,0.0383088626,-0.1377210915,0.0628483072,0.0710777864
0.4695219994,-0.0135486163,-0.0196505040,0.0569189824,-0.0801456794,0.0663061589,0.0360255316
0.4792521000,0.0015150567,-0.0751796216,0.0933050588,-0.0854154080,0.0587075651,0.0169110261
0.4893370867,-0.0086390413,-0.0831938237,0.1196172312,-0.1035517976,0.0574119352,0.0052351947
0.4994560480,-0.0146679915,-0.0873939842,0.1284063458,-0.0830520913,0.0341580771,-0.0085861450
0.5098150969,-0.0331971087,-0.0613972992,0.0957445577,0.0194790773,0.0265856460,-0.0054305652
0.5195159912,-0.0429149605,-0.0117345890,0.0504692830,0.1282905340,0.0307136141,-0.0065190662
0.5296660662,-0.0378813781,-0.0083546480,0.0189152397,0.2019660920,0.0259271115,-0.0256525464
0.5396480560,-0.0256984271,-0.0564349741,-0.0306586586,0.1954852939,0.0319790132,-0.0649324432
0.5500400066,-0.0034982602,-0.0822348446,-0.0408037864,0.1131603196,0.0448258370,-0.0999444872
0.5599640608,0.0061658579,-0.0664877743,-0.0352832638,0.0404678769,0.0557387359,-0.1190332919
0.5699020624,0.0119855963,-0.0402631015,-0.0196756087,-0.0064692721,0.0531442836,-0.1285788566
0.5799630880,0.0050585228,-0.0101613840,0.0122441091,-0.0021446180,0.0479537845,-0.1169038266
0.5902460814,0.0098050795,0.0132211009,0.0453927554,0.0311563462,0.0271126870,-0.1031193063
0.6000880003,0.0164935254,0.0279279500,0.0604300536,0.0623238795,0.0062313061,-0.0925187916
0.6101650000,0.0056048292,0.0396894962,0.0337373056,0.0794192478,0.0054579237,-0.0712875426
0.6201829910,-0.0161573626,0.0203726441,-0.0024946886,0.0942443088,0.0161515810,-0.0787201598
0.6305190325,-0.0349946953,-0.0213363022,-0.0368564092,0.0425614119,0.0612926930,-0.0839934871
0.6402580738,-0.0463034250,-0.0214242786,-0.0360568725,-0.0571894161,0.1113741025,-0.0807570741
0.6504870653,-0.0137060024,0.0044614235,-0.0233800374,-0.1371798515,0.1064517871,-0.0775538236
0.6604540348,0.0168952011,0.0457126051,-0.0034848410,-0.1690066010,0.0882183164,-0.0648133978
0.6708520651,0.0258323215,0.0743100196,0.0230430402,-0.1721014678,0.0787798017,-0.0435813442
0.6806750298,0.0237343870,0.0814919025,0.0532851256,-0.2190683484,0.0817736685,-0.0095897568
0.6907150745,0.0302263759,0.0485274941,0.0702444389,-0.3246272802,0.0735831112,0.0148543334
0.7010051012,0.0209523700,0.0141769210,0.0647090748,-0.4323615432,0.0696102828,0.0382400155
0.7112040520,0.0006835719,0.0309084803,0.0297464766,-0.5487558246,0.0783856586,0.0754369199
0.7208820581,0.0066442448,0.0376097113,0.0083667077,-0.6721125245,0.0349268652,0.0850024596
0.7309280634,0.0017682572,0.0343455225,0.0102787055,-0.7647737861,0.0172506683,0.1020059437
0.7410550117,-0.0042756242,0.0903352648,0.0117094554,-0.7307125330,0.0272228066,0.1211144552
0.7513630390,0.0149933361,0.1534540802,0.0071976227,-0.5962404609,0.0273778029,0.1274511814
0.7612290382,0.0411350094,0.1732924134,-0.0075000483,-0.4532437027,0.0286191683,0.1263544261
0.7712800503,0.0505348407,0.1703126580,0.0043759388,-0.3231488168,0.0393192172,0.1284503341
0.7814260721,0.0568942092,0.1707005650,0.0320700444,-0.2055772543,0.0224119406,0.1443384290
0.7918360233,0.0473628007,0.1957535893,0.0751696900,-0.1413482130,0.0051972670,0.1846618801
0.8013890982,0.0217298828,0.2150896937,0.1059293821,-0.1305796653,-0.0006321261,0.2526111007
0.8115429878,0.0120471381,0.2246260792,0.1053823903,-0.1890975684,-0.0132744182,0.3449961543
0.8216460943,0.0171869658,0.2398342639,0.1107900217,-0.3222751915,-0.0308689252,0.4289036393
0.8318740129,0.0314350687,0.2391107231,0.1107940748,-0.5162092447,-0.0564698912,0.5053896308
0.8417021036,0.0401214920,0.2632084191,0.1137561277,-0.7101339698,-0.0831385255,0.5808129907
0.8518010378,0.0461275540,0.3064713776,0.1344892383,-0.8516503572,-0.1210078746,0.6583413482
0.8619000912,0.0515218638,0.3486637175,0.1455794573,-0.9108342528,-0.1740403324,0.7411506176
0.8731820583,0.0444404446,0.4046641886,0.1584647894,-0.8728935122,-0.2272020876,0.8366763592
0.8821350336,0.0286244117,0.4378335774,0.1742179394,-0.7537050843,-0.2933444381,0.9481016994
0.8920511007,0.0157356225,0.4725963175,0.1826889515,-0.5906870961,-0.3653046489,1.0849964619
0.9021689892,0.0035753211,0.4934910834,0.1802467108,-0.4348818660,-0.4616094530,1.2409942150
0.9125310183,0.0116293393,0.4753871262,0.1915077567,-0.2572396994,-0.6064431071,1.4107645750
0.9222570658,-0.0072830659,0.5223875046,0.2209640741,-0.1131318510,-0.7046166658,1.6209135056
0.9323480129,-0.0346816219,0.5662391186,0.2002482414,-0.0148859797,-0.8053355217,1.8278890848
0.9423331022,-0.0458503105,0.5233902931,0.1739916801,0.0387081914,-0.9258839488,1.9828386307
0.9527660608,-0.0717173889,0.5008068085,0.1757647991,0.0824980214,-1.0287001133,2.1038212776
0.9626580477,-0.0904603675,0.5159241557,0.1821991801,0.1293261945,-1.1156502962,2.2131321430
0.9725390673,-0.1030316129,0.4949277341,0.1983660460,0.1823499948,-1.1824122667,2.3182034492
0.9827170372,-0.1269964576,0.4543636143,0.2163537145,0.2183314264,-1.2524850368,2.4264621735
0.9929600954,-0.1515027285,0.4175093472,0.2212891579,0.2190243900,-1.3154459000,2.5336720943
1.0028100014,-0.1745055020,0.3998490274,0.2117525339,0.1812462956,-1.3734794855,2.6345243454
1.0128149986,-0.1912266910,0.3626942933,0.2404708862,0.1486292332,-1.4145175219,2.7311358452
1.0229020119,-0.2003827095,0.3301576674,0.2624104619,0.0979648605,-1.4664759636,2.8043866158
1.0332190990,-0.2173591554,0.3128596842,0.2629935741,0.0770467892,-1.5055248737,2.8648951054
1.0430260897,-0.2392166257,0.3391735852,0.2562006712,0.1192982942,-1.5640999079,2.9381191730
1.0531229973,-0.2620903254,0.3939111531,0.2496510148,0.2214584798,-1.6358003616,3.0336194038
1.0631390810,-0.2909801304,0.4336048067,0.2534636259,0.3312903047,-1.7264164686,3.1471588612
1.0734829903,-0.3090724349,0.4116755426,0.2707803249,0.4283726513,-1.8235999346,3.2468948364
1.0833070278,-0.3131916821,0.3911391795,0.2904123068,0.4666198790,-1.9075796604,3.3349728584
1.0933300257,-0.3187132478,0.3901910484,0.2922855020,0.4513596892,-1.9783773422,3.4007730484
1.1034780741,-0.3245179653,0.3717083037,0.2897667885,0.4243238568,-2.0461709499,3.4548981190
1.1137890816,-0.3344654441,0.3494250476,0.3141597509,0.4220391214,-2.1338398457,3.5196244717
1.1236590147,-0.3652011752,0.3467781246,0.3478997946,0.4258398712,-2.1883814335,3.6119725704
1.1335999966,-0.4168128371,0.3414745629,0.3529447317,0.4336405396,-2.2152030468,3.7191989422
1.1437050104,-0.4512802958,0.3249155581,0.3691560030,0.4251530170,-2.2145836353,3.8253798485
1.1541640759,-0.4625275135,0.3151615560,0.3560965061,0.3174278736,-2.2160115242,3.9135358334
1.1640110016,-0.4611353874,0.3165566027,0.3355819583,0.1319603026,-2.2341334820,3.9868402481
1.1739020348,-0.4742850065,0.3219413459,0.3005943894,-0.0895294845,-2.2791025639,4.0590758324
1.1840370893,-0.4891716838,0.3272327483,0.2687712312,-0.3013495207,-2.3315041065,4.1175022125
1.1943290234,-0.4919696450,0.3278204501,0.2592841983,-0.3765942156,-2.3817629814,4.1589064598
1.2041540146,-0.4806065559,0.3349094689,0.2621694803,-0.3174096346,-2.4288222790,4.1854128838
1.2142360210,-0.4794083834,0.3275830448,0.2896161079,-0.1442093551,-2.4590661526,4.1970334053
1.2243920565,-0.5167650580,0.3004057407,0.3095474243,0.0864251107,-2.4684741497,4.2351937294
1.2346230745,-0.5368253589,0.2732549906,0.3104888201,0.3449360430,-2.4891519547,4.2977643013
1.2444220781,-0.5562142730,0.2801491320,0.3133889437,0.5146170855,-2.4840102196,4.3709888458
1.2545729876,-0.5847911835,0.2777110934,0.3203650117,0.5410657525,-2.4567742348,4.4442596436
1.2645270824,-0.5803099275,0.2249094397,0.3037179708,0.3760750890,-2.4959921837,4.5090508461
1.2748590708,-0.5519246459,0.2315697819,0.2994493246,0.2442933619,-2.5524723530,4.4856972694
1.2846740484,-0.5533360243,0.3063329458,0.2704828382,0.2288392633,-2.6101832390,4.4431996346
1.2947649956,-0.5452416539,0.3186909258,0.2148839235,0.4012557566,-2.6739368439,4.3613653183
1.3050360680,-0.5416135788,0.2694975436,0.1890331507,0.5935997963,-2.7013232708,4.2975969315
1.3151201010,-0.5487238765,0.1672746390,0.2098391652,0.6788150668,-2.6869990826,4.2646665573
1.3248870373,-0.5578491688,0.0626799762,0.2144092321,0.6444273591,-2.6639893055,4.2593770027
1.3349440098,-0.5417983532,0.0330680609,0.2248237133,0.5819165707,-2.6041841507,4.2392482758
1.3450590372,-0.5313979387,0.0471086502,0.1967519522,0.3545485437,-2.4949617386,4.2075061798
1.3554509878,-0.5553284883,0.0098022679,0.1868726611,0.1017841995,-2.4083902836,4.1534619331
1.3651920557,-0.5706825852,-0.0316560119,0.1329447627,-0.1416976750,-2.2899398804,4.0941224098
1.3752350807,-0.5434139371,-0.0633687973,0.0889112428,-0.3204828501,-2.2389934063,4.0103111267
1.3851460218,-0.5338925719,-0.0478617251,0.0548789538,-0.3881193697,-2.2052659988,3.9031026363
1.3953779936,-0.5511558056,0.0116009722,0.0239273943,-0.4121565223,-2.1551799774,3.8054482937
1.4052400589,-0.5738734007,-0.0023847811,0.0061666411,-0.4500141442,-2.1105339527,3.7056710720
1.4157190323,-0.5708444715,-0.0432767868,0.0123356618,-0.5133416653,-2.0775279999,3.6451823711
1.4257550240,-0.5439270139,-0.0391764119,0.0238776840,-0.5873503089,-2.0434761047,3.5963752270
1.4359650612,-0.5176060796,-0.0228891298,0.0485702790,-0.6121606231,-2.0207638741,3.5326850414
1.4457670450,-0.4902949333,-0.0415599421,0.0523271002,-0.7422110438,-1.9343892336,3.4467551708
1.4560260773,-0.4800125062,-0.1213140041,0.0839425400,-0.9573302865,-1.8808329105,3.3236677647
1.4659399986,-0.4667516351,-0.1614799649,0.1162398532,-1.1128975153,-1.9151101112,3.1569871902
1.4763690233,-0.4606714845,-0.1113328189,0.0916628912,-1.0358016491,-1.9482095242,3.0221025944
1.4862790108,-0.4876032472,-0.0062533906,0.0223793425,-0.7500714660,-1.9239152670,2.9477164745
1.4960711002,-0.4843344092,0.0319054574,-0.0163304172,-0.4353249669,-1.9195005894,2.8775599003
1.5063250065,-0.4771614373,0.0162717849,-0.0391271077,-0.2297856212,-1.8811413050,2.7893979549
1.5188289881,-0.4872873724,0.0021542765,-0.0501578413,-0.1499872059,-1.7546374798,2.7183003426
1.5505200624,-0.4947514236,-0.0623763651,-0.0305959545,-0.2516302466,-1.6265146732,2.6504352093
1.5506160259,-0.4659501314,-0.1861356199,0.0270034708,-0.6119823456,-1.5635743141,2.5337600708
1.5506449938,-0.4518265724,-0.2547861040,-0.0119149052,-0.8476642966,-1.5888577700,2.3894033432
1.5566960573,-0.4525604248,-0.1955677420,-0.0961022303,-0.9262352586,-1.5298850536,2.2630987167
1.5666069984,-0.4816567898,-0.1360623837,-0.1350560784,-0.8715122938,-1.4589980841,2.1580016613
1.5767600536,-0.4982509017,-0.1244697422,-0.1101568267,-0.7060644627,-1.3605064154,2.0698795319
1.5868620872,-0.4630490541,-0.0727138370,-0.1335725188,-0.4916879237,-1.2468422651,1.9647632837
1.5967650414,-0.4349571168,-0.0322875082,-0.1985433102,-0.3276262581,-1.1165229082,1.8777192831
1.6174560785,-0.4377180934,-0.0375749022,-0.2328442335,-0.2531427145,-0.9921945333,1.8055601120
1.6199860573,-0.4134155810,-0.0740439594,-0.1951332688,-0.3256182373,-0.8999769688,1.7249277830
1.6270459890,-0.3742564619,-0.1010467708,-0.1223728582,-0.4379608929,-0.8772038221,1.6251590252
1.6376020908,-0.3451410532,-0.0943860114,-0.1004110500,-0.5034307241,-0.8466624618,1.5147638321
1.6473470926,-0.3261057138,-0.0767066777,-0.1048910543,-0.4875203967,-0.8453767896,1.3650466204
1.6568800211,-0.3072282672,-0.0841675252,-0.1318683624,-0.4150701463,-0.8414337039,1.2216873169
1.6669549942,-0.3143505752,-0.0736160725,-0.1631056666,-0.3400810361,-0.7693234682,1.1144630909
1.6772559881,-0.3215444982,-0.0926405042,-0.1555098891,-0.3068602383,-0.6815227866,1.0284928083
1.6870729923,-0.2985965908,-0.1311400384,-0.1137558147,-0.3377999365,-0.5804263353,0.9521018863
1.6972490549,-0.2709216177,-0.1625171453,-0.0808226988,-0.4115039706,-0.4711243212,0.8895290494
1.7072650194,-0.2285634130,-0.1705458462,-0.0693259761,-0.4956170321,-0.3885032237,0.8173895478
1.7176430225,-0.2017317414,-0.1446049511,-0.0920261666,-0.5722231269,-0.3089234233,0.7569262385
1.7275830507,-0.1776105165,-0.1142870933,-0.0904031321,-0.5993055105,-0.2724014521,0.6985517144
1.7375110388,-0.1379869878,-0.1289656311,-0.1013354585,-0.6141371727,-0.2867196798,0.6380257607
1.7477149963,-0.1189268082,-0.0969011486,-0.1046903655,-0.5714944601,-0.2856658101,0.5796156526
1.7582410574,-0.1215575486,-0.0271228254,-0.1024606749,-0.4543041587,-0.2679691017,0.5328755975
1.7678350210,-0.1176801175,0.0080797682,-0.0944319889,-0.3010417819,-0.2275440395,0.5063130856
1.7777870893,-0.1231061444,0.0216137767,-0.0660484359,-0.1370107383,-0.1965112835,0.4892981350
1.7879520655,-0.1111939922,0.0199287012,-0.0639871880,-0.0210128482,-0.1660856605,0.4436272681
1.7985889912,-0.1034200117,0.0053406740,-0.1155686900,0.0383687206,-0.1296903789,0.4128381908
1.8084830046,-0.0959154740,-0.0372916982,-0.1787794828,0.0061089965,-0.1079371423,0.3746314049
1.8182770014,-0.0908253416,-0.0747375339,-0.1952028871,-0.1095302552,-0.0732228383,0.3205263615
1.8284620047,-0.0842918307,-0.0909237340,-0.1784691811,-0.2189227939,-0.0225388892,0.2664290369
1.8386610746,-0.0706700906,-0.0875488743,-0.1519665122,-0.2858757377,0.0529638566,0.2187028080
1.8488579988,-0.0489119478,-0.0914471895,-0.1448906064,-0.2971796989,0.1130937040,0.1794470698
1.8587599993,-0.0305447001,-0.0845004171,-0.1554025412,-0.2495290786,0.1482839286,0.1422895789
1.8688760996,-0.0261921845,-0.0574460030,-0.1582580805,-0.1686265618,0.1667584032,0.1008690372
1.8793870211,-0.0317663476,-0.0197221413,-0.1417456269,-0.0736382753,0.1629700512,0.0435058847
1.8887521029,-0.0313642994,-0.0237803236,-0.1193354651,0.0184336007,0.1316715181,0.0020567121
1.8989840746,-0.0336277671,-0.0367506221,-0.0881783292,0.0869482085,0.1087182686,-0.0298261195
1.9089870453,-0.0436001346,-0.0355574787,-0.0658881590,0.1306678355,0.1110699698,-0.0531954914
1.9193370342,-0.0516970232,-0.0243730769,-0.0611543618,0.1485752016,0.1333779395,-0.0733630806
1.9291410446,-0.0532035716,-0.0435565710,-0.0748521611,0.0992384925,0.1572682261,-0.0860792771
1.9390150309,-0.0430837311,-0.1023439467,-0.0747446939,0.0042837467,0.1530963928,-0.1104786247
1.9494760036,-0.0369795077,-0.0996886492,-0.0523294769,-0.0588225685,0.1650856733,-0.1401880383
1.9594320059,-0.0290669668,-0.0818936005,-0.0192124210,-0.0898561254,0.1720831245,-0.1645980477
1.9694620371,-0.0299191196,-0.0720787048,-0.0016854960,-0.0801552907,0.1614039689,-0.1879647672
1.9794530869,-0.0236993227,-0.0416653454,-0.0124487840,-0.0351244323,0.1393551379,-0.2124085873
1.9894580841,-0.0261244569,-0.0000100687,-0.0213484727,0.0236506537,0.1301739663,-0.2347264737
1.9999660254,-0.0421833284,0.0285753533,-0.0205430351,0.0663927868,0.1240907609,-0.2485437542
2.0096611977,-0.0425593592,0.0303298645,-0.0089384280,0.0953395069,0.1104868725,-0.2581138909
2.0196790695,-0.0399273969,0.0196158476,0.0017259162,0.0985382348,0.1104802117,-0.2634236813
2.0298240185,-0.0402387865,0.0166976154,0.0201547183,0.0921704322,0.1072828844,-0.2570529282
2.0401949883,-0.0228683613,0.0205505565,0.0337640680,0.0976115316,0.0967056081,-0.2591831982
2.0498750210,-0.0102484450,0.0341462120,0.0346585549,0.1061715186,0.0947145000,-0.2506929338
2.0597839355,-0.0181885920,0.0302040838,0.0179855861,0.0964927971,0.1032571197,-0.2294502109
2.0701000690,-0.0183392577,0.0271351188,0.0130220093,0.0837425441,0.0989963263,-0.2145820409
2.0804891586,-0.0077103269,0.0277771279,0.0188304819,0.0602476001,0.1009548157,-0.2082043141
2.0901808739,-0.0098211020,0.0272208601,0.0226505436,0.0441884473,0.1061907932,-0.1975811571
2.1001911163,-0.0100945570,0.0197893679,0.0342992581,0.0376956612,0.1157600656,-0.1858949512
2.1102662086,0.0043587866,0.0162266195,0.0362420119,0.0452774912,0.1052631438,-0.1784689277
2.1206860542,0.0199384056,0.0108910212,0.0352636017,0.0775278360,0.0822283998,-0.1742414236
2.1303949356,0.0279880948,0.0048508579,0.0254715718,0.0970384777,0.0527008697,-0.1721364558
2.1403441429,0.0324296020,0.0097433636,0.0273530520,0.1198002473,0.0178904254,-0.1710978150
2.1507260799,0.0283036865,0.0089887837,0.0321166553,0.1274312139,0.0020970812,-0.1626143306
2.1609990597,0.0223674662,-0.0063791936,0.0340029635,0.1158877462,-0.0170619655,-0.1562501788
2.1706089973,0.0146099739,-0.0180866569,0.0349177159,0.0849021003,-0.0130326692,-0.1477460861
2.1807899475,0.0057517248,-0.0214196742,0.0319296159,0.0463421978,0.0015619856,-0.1360492259
2.1906640530,0.0193450786,-0.0221870989,0.0192871131,0.0142907072,0.0055388175,-0.1339140981
2.2016592026,0.0309729241,-0.0144031486,0.0076201004,0.0057962891,0.0012202354,-0.1339140981
2.2113351822,0.0268918611,-0.0017662487,0.0065884632,0.0152936000,0.0119498447,-0.1286032349
2.2209391594,0.0256160535,0.0033056296,0.0133671798,0.0333208032,0.0238208845,-0.1222310811
2.2309489250,0.0281309672,0.0017731570,0.0172267593,0.0566814393,0.0357322060,-0.1169226691
2.2412829399,0.0256669968,-0.0084147742,0.0132890977,0.0544257462,0.0485286973,-0.1041741148
2.2512590885,0.0230723061,-0.0166926384,0.0171327032,0.0426289514,0.0548542365,-0.0946115106
2.2612640858,0.0204127990,-0.0124919703,0.0219300427,0.0221985113,0.0706545040,-0.0850422382
2.2713041306,0.0176586471,-0.0085082566,0.0247983374,0.0019046646,0.0726197213,-0.0818502381
2.2816791534,0.0207896493,-0.0193381235,0.0248000063,-0.0193846449,0.0671282858,-0.0818475783
2.2913370132,0.0220956765,-0.0206289142,0.0189595260,-0.0309669711,0.0510550998,-0.0903468505
2.3014900684,0.0176510066,-0.0142086213,0.0169764198,-0.0351087227,0.0382719301,-0.0924757868
2.3116021156,0.0172248296,-0.0126240244,0.0169799961,-0.0243730918,0.0319847390,-0.0946047157
2.3218870163,0.0188134760,-0.0099549433,0.0150247850,-0.0157822669,0.0267612152,-0.0935477093
2.3317170143,0.0223971792,-0.0178749412,0.0248025097,-0.0092799990,0.0172952749,-0.0893063545
2.3417739868,0.0241068564,-0.0237672031,0.0316331424,-0.0039076051,0.0142211886,-0.0797530636
2.3517999649,0.0200098008,-0.0199287757,0.0267257728,0.0078637283,0.0111830551,-0.0733875856
2.3621630669,0.0189535543,-0.0109705320,0.0140222348,0.0506761745,-0.0011830677,-0.0744664297
2.3719658852,0.0170536600,0.0120919431,-0.0084959231,0.1126725376,-0.0112796444,-0.0787349418
2.3820140362,0.0172665939,0.0143788913,-0.0222281180,0.1609042585,-0.0321079604,-0.0830047876
2.3919980526,0.0166241340,-0.0043825349,-0.0271728002,0.1759803444,-0.0458337590,-0.0925707296
2.4023551941,0.0140757002,-0.0173589662,-0.0301755033,0.1503660679,-0.0460990109,-0.0989351496
2.4121761322,0.0134230442,-0.0317615569,-0.0233941637,0.0798872188,-0.0425250456,-0.1074103937
2.4222989082,0.0048067453,-0.0420896709,-0.0097813569,-0.0056870757,-0.0231324416,-0.1105643734
2.4328000546,0.0008921918,-0.0434708893,-0.0000096518,-0.0688402876,-0.0045982385,-0.1126626059
2.4430379868,0.0027289463,-0.0287573636,0.0009948057,-0.0796175674,0.0059255082,-0.1115928143
2.4524540901,-0.0023436884,-0.0042815944,-0.0107214414,-0.0551445559,0.0135940807,-0.1073474735
2.4624729156,-0.0045247045,0.0147285918,-0.0195239149,-0.0135382609,0.0150047569,-0.1094809324
2.4726839066,-0.0047710952,0.0243999809,-0.0195483528,0.0142179765,0.0141717866,-0.1116115302
2.4831099510,-0.0118294172,0.0206827596,-0.0176499449,0.0270655975,0.0100327022,-0.1126786545
2.4929699898,-0.0130309351,0.0082759568,-0.0147170983,0.0184667297,0.0163660981,-0.1063029170
2.5027699471,-0.0142851882,-0.0062922155,-0.0108097754,-0.0157516934,0.0235502422,-0.0977962464
2.5128180981,-0.0195446722,-0.0055941632,-0.0040155607,-0.0350657105,0.0340206586,-0.0935393870
2.5232000351,-0.0209754743,0.0047350014,0.0018188995,-0.0308382083,0.0383227281,-0.0903529152
2.5329461098,-0.0165078454,0.0083517665,-0.0010999995,-0.0094953952,0.0384948365,-0.0924813747
2.5430221558,-0.0140439756,0.0102803195,-0.0001469809,0.0171306226,0.0440467298,-0.0903617665
2.5532140732,-0.0145617537,0.0006961458,-0.0011318881,0.0224761460,0.0430397205,-0.0893023014
2.5634419918,-0.0121194012,-0.0050547933,-0.0031039673,0.0096935052,0.0408266336,-0.0861147642
2.5733830929,-0.0125691667,-0.0061061969,0.0037156385,-0.0201444179,0.0363219604,-0.0861097649
2.5832149982,-0.0110534281,-0.0132908365,0.0173814334,-0.0531929173,0.0328569226,-0.0850412995
2.5934240818,-0.0104582980,-0.0090252077,0.0222746171,-0.0585050136,0.0306875128,-0.0850402415
2.6036958694,-0.0108301863,0.0059686834,0.0212715305,-0.0404288098,0.0371981449,-0.0871651769
2.6134810448,-0.0053440449,0.0086057195,0.0203236975,-0.0051230444,0.0278945900,-0.0967351794
2.6236960888,0.0080461800,0.0096094916,0.0174185075,0.0258620363,0.0238654930,-0.1052394509
2.6336321831,0.0096947737,-0.0047603240,0.0174315013,0.0237368345,0.0227650758,-0.1084248573
2.6439750195,0.0123384036,-0.0251038745,0.0194082297,0.0003031464,0.0183229223,-0.1073593274
2.6538090706,0.0160302371,-0.0311473459,0.0194420256,-0.0295120068,0.0117028365,-0.1062932685
2.6639399529,0.0138975531,-0.0238496810,0.0145672001,-0.0508503169,0.0115718087,-0.0977935195
2.6739690304,0.0126986317,-0.0175801143,0.0184699930,-0.0476919711,0.0158581678,-0.0956691131
2.6842088699,0.0134659521,-0.0112579754,0.0175162591,-0.0369897932,0.0127545195,-0.0977969766
2.6940379143,0.0152537748,-0.0106522283,0.0185089745,-0.0252106041,0.0086065792,-0.0988643095
2.7040848732,0.0151648112,-0.0040465733,0.0116801299,-0.0005499972,-0.0028569978,-0.0999380946
2.7141489983,0.0171832778,0.0017823585,0.0009519499,0.0209761485,-0.0207227468,-0.1020748168
2.7244980335,0.0183517076,0.0108386511,-0.0010132748,0.0541418232,-0.0289287455,-0.1031491384
2.7343630791,0.0116944090,0.0192924291,0.0018179457,0.0882377699,-0.0233187303,-0.1020929888
2.7444419861,0.0088547915,0.0124666477,0.0085928477,0.1030848920,-0.0135976598,-0.0957211107
2.7544999123,0.0049716379,0.0037192858,0.0065694493,0.0966296047,-0.0082990341,-0.0882852972
2.7647929192,0.0079486482,-0.0042587435,0.0104512013,0.0636045411,-0.0138583817,-0.0829706937
2.7749481201,0.0011636054,-0.0048324456,0.0065020961,0.0230182856,-0.0099142408,-0.0744629577
2.7846279144,-0.0036976601,0.0069001177,-0.0003708560,0.0069724731,-0.0057615740,-0.0670242161
2.7948930264,-0.0076194373,0.0215063319,-0.0082206689,0.0154578118,-0.0003540923,-0.0627766773
2.8050880432,-0.0125901029,0.0295080245,-0.0111888014,0.0399314612,0.0073427092,-0.0542846583
2.8148050308,-0.0166656636,0.0270643160,-0.0083185993,0.0569513775,0.0128327496,-0.0489785112
2.8249421120,-0.0099949501,0.0207970291,-0.0054098922,0.0548299029,0.0117808003,-0.0447313003
2.8349761963,-0.0052165729,0.0115355039,-0.0024904567,0.0378099084,0.0074618193,-0.0330473483
2.8452930450,-0.0004324059,0.0088845203,0.0023822826,0.0154044684,0.0073214709,-0.0245473348
2.8551058769,0.0033687798,0.0118457759,0.0082197227,-0.0102272322,0.0092835547,-0.0149851227
2.8651609421,0.0022638103,0.0097363824,0.0130939521,-0.0219938792,0.0124125034,-0.0075479783
2.8752999306,0.0031804552,0.0045280093,0.0092402734,-0.0400545299,0.0048746914,-0.0001137642
2.8856649399,0.0001991910,0.0108724767,0.0111964978,-0.0454215966,0.0080180205,0.0009509676
2.8953900337,-0.0057052788,0.0240686312,0.0131188668,-0.0336380675,0.0039041024,0.0051932498
2.9054780006,-0.0076802154,0.0257625356,0.0131374635,-0.0154659906,0.0008657021,0.0030635202
2.9156260490,-0.0076604714,0.0159375593,0.0082923211,-0.0026303791,-0.0021976654,0.0041196630
2.9259309769,-0.0056699184,0.0120368460,-0.0004674155,0.0037207277,0.0031840503,0.0073061357
2.9357020855,-0.0056877923,0.0090808803,0.0005121868,-0.0101083750,-0.0011885937,0.0062461970
2.9456911087,-0.0076266755,0.0060192728,0.0024774713,-0.0175761469,-0.0012261444,0.0104952706
2.9557819366,-0.0096018538,-0.0029753142,0.0093354024,-0.0378836803,0.0017655841,0.0083786566
2.9663591385,-0.0115858540,-0.0053201756,0.0113032497,-0.0421846844,0.0049043857,0.0073195174
2.9759809971,-0.0154908858,0.0030434958,0.0064319414,-0.0261518434,0.0029347786,0.0094393278
2.9860579967,-0.0154576153,0.0077028582,-0.0013661344,-0.0058337888,-0.0011321348,0.0094321370
2.9961171150,-0.0104860850,0.0018436395,-0.0022913176,0.0038417149,-0.0084598884,0.0115480851
3.0066819191,-0.0055001196,-0.0029571347,-0.0032359916,0.0027857721,-0.0095232893,0.0126096215
3.0163068771,0.0014622358,-0.0097255623,-0.0032015997,0.0038718628,-0.0116564808,0.0094226161
3.0263659954,0.0025626232,-0.0097177764,-0.0031947452,-0.0004312731,-0.0085453764,0.0041162679
3.0363721848,0.0026429405,-0.0116971200,-0.0051258164,-0.0025577815,-0.0096453289,0.0009303947
3.0467891693,0.0027153117,-0.0146237081,-0.0041440683,-0.0004597427,-0.0064990707,-0.0075629582
3.0565719604,0.0027729718,-0.0175251588,-0.0060794312,0.0048552603,-0.0043591540,-0.0118094357
3.0666780472,0.0057756933,-0.0185058117,-0.0060595232,-0.0025629746,-0.0097501902,-0.0149956420
3.0766789913,0.0087812878,-0.0156342685,-0.0021443921,-0.0068744197,-0.0055575762,-0.0171157829
3.0870199203,0.0058718505,-0.0108999675,0.0007669371,-0.0165211875,-0.0013974523,-0.0171112567
3.0967788696,0.0029402187,-0.0120694926,0.0046590609,-0.0229256898,-0.0014883324,-0.0224183369
3.1067671776,-0.0000503178,-0.0094277328,0.0046605510,-0.0294110216,0.0069783893,-0.0171034653
3.1168661118,-0.0050545377,-0.0058415299,0.0065995497,-0.0283848234,0.0112311244,-0.0171010047
3.1273000240,-0.0052020666,-0.0031885423,0.0066101593,-0.0209484771,0.0144586097,-0.0202866774
3.1370091438,-0.0073058535,-0.0004316412,0.0065975231,-0.0102948491,0.0155939814,-0.0234761443
3.1470770836,-0.0094174221,-0.0014901600,0.0046409410,-0.0059933122,0.0124621037,-0.0213552024
3.1571469307,-0.0066403006,-0.0054224199,0.0066043180,-0.0059705153,0.0103395646,-0.0213557351
3.1674900055,-0.0038247819,-0.0064533195,0.0036861342,-0.0048906021,0.0093155792,-0.0171093252
3.1773638725,-0.0000134597,-0.0045622578,0.0017450494,-0.0059662284,0.0103878351,-0.0139229195
3.1874041557,-0.0030947479,-0.0017165310,0.0075727743,-0.0134238778,0.0092823561,-0.0107361814
3.1974239349,-0.0012146609,-0.0057571745,0.0085722841,-0.0187044479,0.0039443159,-0.0086136423
3.2077479362,0.0026792919,-0.0079251071,0.0095781721,-0.0229399391,0.0007378702,-0.0064905705
3.2176771164,0.0056247967,-0.0081768399,0.0096128024,-0.0260680318,-0.0067237746,-0.0075555681
3.2276010513,0.0086404048,-0.0103870174,0.0106296577,-0.0313935578,-0.0078383069,-0.0086165713
3.2376790047,0.0077205631,-0.0126336729,0.0135709681,-0.0367811024,-0.0025946097,-0.0107353162
3.2480311394,0.0077545377,-0.0110808602,0.0136008300,-0.0388834029,-0.0057962616,-0.0107363816
3.2579789162,0.0097666904,-0.0105068451,0.0107177533,-0.0388629809,-0.0079321833,-0.0128609845
3.2679281235,0.0069432775,-0.0079679927,0.0058508557,-0.0313094556,-0.0163757354,-0.0160525180
3.2779541016,0.0071135606,-0.0023933195,-0.0019200402,-0.0163293593,-0.0205168854,-0.0203056503
3.2886071205,0.0053916681,0.0013789319,-0.0077602225,-0.0013368279,-0.0256983321,-0.0213738438
3.2981381416,0.0076471376,-0.0005141191,-0.0126148425,0.0137066497,-0.0362124257,-0.0266919788
3.3081541061,0.0060193050,-0.0032826283,-0.0184530579,0.0232916325,-0.0339788310,-0.0224460997
3.3182690144,0.0063116360,-0.0049695363,-0.0184536539,0.0274861641,-0.0265218467,-0.0235048402
3.3286380768,0.0074457410,-0.0037139200,-0.0087099634,0.0220088419,-0.0128169535,-0.0298673995
3.3383889198,0.0055140066,-0.0133122643,0.0000603836,-0.0037244055,-0.0013820725,-0.0319801494
3.3486649990,0.0005562154,-0.0202159360,0.0020170254,-0.0123349372,0.0059842309,-0.0298506860
3.3589119911,0.0014405546,-0.0086856177,-0.0019016821,-0.0091659892,0.0091740321,-0.0330348946
3.3688821793,0.0013525446,0.0039463127,-0.0068067866,0.0175452493,0.0062378971,-0.0309195481
3.3787400723,0.0023055484,0.0149471546,-0.0126933418,0.0496259779,0.0001575677,-0.0298680644
3.3887200356,0.0042392272,0.0194011107,-0.0078654848,0.0571283698,-0.0029532709,-0.0288097244
3.3987321854,0.0061868462,0.0063024769,-0.0000721175,0.0368667506,-0.0041427054,-0.0213727802
3.4091980457,0.0072066444,-0.0032573112,0.0009105843,-0.0004257606,-0.0097254906,-0.0139335059
3.4188718796,0.0092609152,-0.0033592277,0.0019157570,-0.0185046550,-0.0162138157,-0.0086246943
3.4289360046,0.0054868418,0.0062004337,-0.0020026523,-0.0121535491,-0.0108320992,-0.0054382221
3.4389991760,0.0026069691,0.0129393348,-0.0020253616,-0.0015664194,-0.0022370138,-0.0033130196
3.4493641853,0.0006364581,0.0100384513,-0.0049429494,0.0058496851,0.0031263265,-0.0043740226
3.4591670036,0.0015738716,0.0022950328,-0.0020008641,-0.0005602250,0.0041372622,-0.0033090250
3.4692511559,-0.0004911910,-0.0036059611,0.0048213643,-0.0166188199,0.0093232356,-0.0001169600
3.4799652100,-0.0005834702,-0.0087405061,0.0067895097,-0.0379590504,0.0091573205,0.0030740397
3.4919471741,0.0012589318,-0.0003535740,0.0077700061,-0.0305093899,0.0113584232,0.0051968452
3.4994869232,0.0011498739,0.0091735953,0.0028925580,-0.0059745368,0.0126688322,0.0104998648
3.5100331306,0.0029813198,0.0111255208,-0.0049148756,0.0111112390,0.0117708137,0.0126186758
3.5202040672,0.0008943637,0.0083509693,-0.0068718749,0.0174858607,0.0150368474,0.0168664847
3.5305562019,0.0027075631,0.0016773351,-0.0039436775,0.0014986396,0.0127542522,0.0136840064
3.5401959419,0.0015906093,-0.0071506416,0.0028767628,-0.0219909474,0.0136251729,0.0158128701
3.5497860909,-0.0005070086,-0.0054929918,0.0038667959,-0.0337501355,0.0156515725,0.0168786682
3.5595669746,-0.0006410557,0.0010141962,0.0009331745,-0.0230549872,0.0136360917,0.0189990774
3.5699629784,0.0002144237,0.0067190165,0.0028736633,-0.0081167836,0.0137458146,0.0158099420
3.5797381401,-0.0009033720,0.0047651539,0.0038437885,0.0036070645,0.0149107473,0.0158061460
3.5897979736,0.0009656657,0.0009604924,0.0028703255,0.0122282486,0.0064834403,0.0136761498
3.5998370647,0.0028821451,0.0001520969,0.0067643565,0.0186666809,0.0033621492,0.0147358887
3.6102490425,0.0018562076,0.0032855652,0.0077070040,0.0218371730,0.0065869708,0.0168602932
3.6199731827,-0.0011283497,-0.0023858391,0.0028237146,0.0079672448,0.0064790463,0.0189879593
3.6301000118,-0.0041186516,-0.0063128537,-0.0040011364,-0.0133939711,0.0084492527,0.0243033618
3.6401638985,-0.0032340253,-0.0035826482,-0.0010627466,-0.0283749700,0.0125836106,0.0274945609
3.6506872177,-0.0043253643,0.0019723035,0.0047818464,-0.0326333642,0.0114783989,0.0264332909
3.6604361534,-0.0034423622,-0.0002405338,0.0057712835,-0.0219721980,0.0126395375,0.0274929628
3.6703710556,-0.0005818869,-0.0024023198,0.0009286445,-0.0218976326,0.0052125137,0.0274892356
3.6807410717,0.0013352556,-0.0074001169,0.0038664383,-0.0111988597,0.0020745108,0.0200520921
3.6909861565,-0.0006519298,-0.0054907044,0.0077593965,-0.0005621947,0.0053161103,0.0147420140
3.7007670403,0.0022086760,-0.0093064373,0.0087427534,0.0068734842,0.0085224900,0.0083712665
3.7108678818,0.0011199189,-0.0189931020,0.0126570500,-0.0059672138,0.0115521029,0.0020052465
3.7208819389,0.0029435938,-0.0220571011,0.0077900928,-0.0199072361,0.0177697167,-0.0022357709
3.7312378883,0.0086532384,-0.0174961984,-0.0019224245,-0.0326834843,0.0144402338,-0.0075431843
3.7410480976,0.0114994124,-0.0149672171,-0.0038545090,-0.0432608165,0.0047631050,-0.0128540602
3.7510850430,0.0085088126,-0.0056515848,0.0010089916,-0.0368495211,0.0037303311,-0.0171034001
3.7612209320,0.0074991058,0.0027942441,0.0029512686,-0.0250600539,-0.0014784790,-0.0181713942
3.7715170383,0.0094985366,0.0026039712,0.0049356860,-0.0089785550,-0.0087656863,-0.0181791168
3.7812759876,0.0056817415,0.0054791057,0.0049143475,0.0038476810,-0.0107613923,-0.0160603728
3.7914021015,0.0018888151,0.0074761519,0.0029488248,0.0059920582,-0.0118106781,-0.0171232410
3.8014569283,0.0000647341,0.0065390030,0.0049082083,-0.0024863826,-0.0171708222,-0.0139370346
3.8117918968,0.0021714454,0.0026111610,0.0059119505,-0.0046307584,-0.0161215365,-0.0128741665
3.8216030598,-0.0015892612,0.0093563208,0.0000493568,-0.0036048843,-0.0118331155,-0.0075637577
3.8316679001,-0.0034236053,0.0122163529,-0.0038631517,-0.0025702463,-0.0086477092,-0.0086242286
3.8417539597,-0.0013805667,0.0102257142,-0.0067542749,-0.0046802405,-0.0107822986,-0.0075620930
3.8522901535,0.0007086431,0.0052958066,-0.0047875005,-0.0110265538,-0.0161016956,-0.0011923444
3.8619680405,0.0018520800,0.0061325962,-0.0008615214,-0.0131399846,-0.0182137154,0.0030534002
3.8719050884,0.0020068435,0.0069981078,0.0010942263,-0.0067446707,-0.0170552414,0.0094231488
3.8820180893,0.0021775288,0.0109148035,0.0030569476,0.0102891214,-0.0126415845,0.0126066916
3.8923900127,-0.0006230998,0.0130672464,0.0020580930,0.0305549782,-0.0113896327,0.0147257689
3.9022789001,-0.0005003850,0.0094949165,-0.0057415324,0.0358706191,-0.0092214867,0.0147259682
3.9124169350,-0.0004065337,-0.0008819468,-0.0125654899,0.0262339711,-0.0061292904,0.0136681609
3.9222941399,0.0006124859,-0.0084458804,-0.0096321665,0.0123052411,-0.0009444484,0.0136732878
3.9327039719,0.0064396518,-0.0103096506,-0.0076708752,0.0015391456,0.0085252197,0.0158043485
3.9423720837,0.0063125002,-0.0102701923,-0.0018188315,-0.0006470168,0.0137968808,0.0136848055
3.9524819851,0.0071590128,-0.0063813617,0.0020645303,-0.0027802093,0.0137920864,0.0158089437
3.9623360634,0.0079814680,-0.0044403290,-0.0008746344,0.0025017988,0.0191438422,0.0158101413
3.9726371765,0.0048863250,0.0004809357,-0.0038344222,0.0110622644,0.0171241015,0.0200541541
3.9828419685,0.0027750765,0.0006308861,0.0000376147,0.0142636495,0.0171520635,0.0200533550
3.9928040504,-0.0023241232,-0.0020967268,0.0077962917,0.0163456816,0.0224966947,0.0232406948
4.0029411316,-0.0045414534,-0.0067707440,0.0126381554,0.0099042142,0.0267331842,0.0306771062
4.0131440163,-0.0047703092,-0.0086383661,0.0087251104,0.0024566846,0.0245597791,0.0328015089
4.0227003098,-0.0039921035,-0.0115570864,0.0038589281,-0.0071127443,0.0212990046,0.0338649079
4.0328059196,-0.0031332264,-0.0048339954,-0.0020039040,-0.0112646138,0.0095837601,0.0327983126
4.0428900719,-0.0002432096,-0.0010122947,-0.0010248977,-0.0069486946,0.0042896615,0.0285460446
4.0531101227,-0.0022305923,-0.0019892447,0.0028660339,0.0015973905,0.0032824541,0.0253579747
4.0637249947,-0.0032191204,-0.0068091964,0.0087243952,-0.0015797885,0.0011029897,0.0211122967
4.0733361244,-0.0081147328,-0.0077550774,0.0106461085,0.0026791394,0.0022151258,0.0232353676
4.0833001137,-0.0090581104,-0.0067568040,0.0067372364,0.0027187923,-0.0020349463,0.0221705697
4.0936298370,-0.0109841451,-0.0018203548,0.0038033170,0.0112137441,0.0022905599,0.0232323706
4.1035280228,-0.0129569024,0.0012797945,0.0057279509,0.0175795518,0.0055241701,0.0221689716
4.1136050224,-0.0100822002,-0.0034161203,0.0105972327,0.0100856833,0.0075463085,0.0168628879
4.1236448288,-0.0062492942,-0.0150386682,0.0106359757,-0.0059590917,0.0116701471,0.0200555529
4.1340270042,-0.0043593799,-0.0122485226,0.0086867847,-0.0197795667,0.0062301075,0.0179327484
4.1437587738,-0.0024445283,-0.0066006025,0.0047889394,-0.0144559322,0.0073026288,0.0126234032
4.1537652016,-0.0014943446,-0.0018422595,0.0009020012,-0.0058880104,0.0041803392,0.0104960697
4.1638579369,-0.0024567770,0.0010473811,0.0028424901,0.0016524894,-0.0032155926,0.0051809992
4.1741580963,-0.0033713805,-0.0018230818,0.0018667025,0.0070067751,-0.0053256145,-0.0001304090
4.1840338707,-0.0052541499,-0.0017498053,0.0028281254,0.0080836769,-0.0063912123,-0.0022547459
4.1941032410,-0.0061571789,-0.0104714176,0.0009074252,-0.0014997078,-0.0086040329,-0.0033152169
4.2041492462,-0.0071057049,-0.0124652004,0.0028509540,-0.0101439552,0.0019174510,-0.0054312316
4.2144570351,-0.0081569217,-0.0106246462,0.0096779503,-0.0165999904,0.0071665416,-0.0054269703
4.2242460251,-0.0053091240,-0.0117671033,0.0087223090,-0.0144908736,0.0092872167,-0.0086126439
4.2344131470,-0.0063782004,-0.0070501706,0.0009115976,-0.0070321588,0.0104065426,-0.0096757775
4.2452402115,-0.0074323867,-0.0022389286,-0.0069057900,0.0047162184,0.0094340900,-0.0118027115
4.2550830841,-0.0085064918,0.0007426225,-0.0088697039,0.0089623621,0.0115795322,-0.0139263161
4.2647280693,-0.0066664559,-0.0040279767,-0.0049599963,0.0068920990,0.0051734978,-0.0171137881
4.2747859955,-0.0077430573,-0.0088528385,-0.0030150372,-0.0016987259,0.0103970226,-0.0181707963
4.2871699333,-0.0058881980,-0.0128568923,-0.0039744931,-0.0198059566,0.0070690699,-0.0160439275
4.2962808609,-0.0020893516,-0.0121443560,-0.0010330636,-0.0294868164,0.0143845063,-0.0202850122
4.3049678802,0.0026224514,-0.0085134348,0.0038582725,-0.0220808834,0.0208300222,-0.0181604754
4.3147921562,0.0092671849,-0.0077070734,0.0106961764,-0.0156578701,0.0187500939,-0.0202867426
4.3246879578,0.0110082068,-0.0029615455,0.0145984925,-0.0060502775,0.0188612137,-0.0160414651
4.3350510597,0.0098953880,0.0028156049,0.0067769331,0.0025309604,0.0147125414,-0.0128603186
4.3448901176,0.0117273591,0.0067220563,0.0009220880,0.0057456885,0.0137069989,-0.0086142411
4.3553252220,0.0086587332,0.0067615965,-0.0029967981,0.0036460524,0.0105399676,-0.0033062953
4.3654808998,0.0095666237,0.0038660772,-0.0000717003,-0.0037896531,0.0072909109,-0.0033052298
4.3756260872,0.0045707035,0.0048106173,0.0028234762,-0.0048956638,0.0115740728,0.0041297833
4.3852910995,0.0044334265,0.0008431234,0.0037965816,-0.0123885209,0.0136243068,0.0030705109
4.3952150345,0.0032795852,-0.0021882423,0.0077016396,-0.0166991130,0.0178379603,0.0041355090
4.4052939415,0.0030889472,0.0005740456,0.0086612143,-0.0145478128,0.0157290045,0.0030707773
4.4157109261,0.0088855587,-0.0005280368,0.0028512520,-0.0090630325,0.0009215618,0.0030619889
4.4255952835,0.0099183209,0.0062191421,-0.0010493952,-0.0004074126,-0.0106540676,0.0062393397
4.4359359741,0.0051441523,0.0072261328,-0.0030139643,0.0081424005,-0.0116128055,0.0104838861
4.4460082054,0.0013415327,0.0073363716,-0.0020526606,0.0113528157,-0.0126594948,0.0083587496
4.4560909271,-0.0034376273,0.0015762233,0.0018411917,0.0006618220,-0.0106099257,0.0115478849
4.4659652710,-0.0082805492,-0.0052462360,0.0057389182,-0.0069033941,-0.0011263425,0.0115547432
4.4760923386,-0.0063526002,-0.0033364140,0.0115854777,-0.0058905939,0.0041741468,0.0094335349
4.4863719940,-0.0044448716,-0.0023962401,0.0067154807,0.0004694071,0.0084670298,0.0083723990
4.4964098930,-0.0045166058,-0.0043250313,0.0008630794,0.0058252905,0.0063777799,0.0062463968
4.5061130524,-0.0016014616,-0.0033181750,-0.0049707848,0.0026703775,0.0021186527,0.0083696693
4.5163040161,0.0004070063,-0.0033229657,-0.0078834258,-0.0014830884,-0.0096173659,0.0041176658
4.5263442993,-0.0004834871,-0.0072479537,-0.0068989950,-0.0036415542,-0.0075343074,0.0009333908
4.5367212296,-0.0014013092,-0.0082198298,-0.0049403864,0.0005950015,-0.0043140128,0.0009339234
4.5465440750,-0.0043702987,-0.0101109287,-0.0010541636,0.0089917090,0.0095471414,-0.0001235513
4.5569038391,0.0004066860,-0.0168102682,-0.0010376531,0.0068111126,0.0137240430,-0.0075535048
4.5668730736,0.0041220891,-0.0255544856,0.0048268479,-0.0102982856,0.0167164374,-0.0139185255
4.5769581795,0.0039361524,-0.0276875496,0.0048273248,-0.0231491029,0.0208139755,-0.0192222111
4.5867900848,0.0076299491,-0.0250559524,0.0058259410,-0.0295124352,0.0164653677,-0.0266551599
4.5967178345,0.0065080556,-0.0127241304,0.0018985312,-0.0230713114,0.0122218868,-0.0351533070
4.6068363190,0.0044318172,-0.0041775620,0.0038276357,-0.0145028317,0.0090993978,-0.0372804403
4.6171913147,0.0023929363,-0.0042615896,0.0086983480,-0.0026834561,0.0006585083,-0.0457820520
4.6269669533,0.0004105230,0.0015371972,0.0106211342,-0.0016133972,0.0006810118,-0.0436580442
4.6370501518,-0.0025550614,0.0005597033,0.0125587620,0.0005432302,-0.0014085043,-0.0415360406
4.6470823288,-0.0035980830,-0.0004064135,0.0125536956,0.0036925515,0.0039525055,-0.0372872986
4.6574792862,0.0021870842,-0.0023499124,0.0106246509,-0.0027320590,0.0060116616,-0.0383464359
4.6672649384,0.0079642348,-0.0023998984,0.0125911273,-0.0080888467,0.0080941208,-0.0372823700
4.6772928238,0.0088736005,-0.0035249509,0.0126120485,-0.0186722502,-0.0004524961,-0.0319749564
4.6873731613,0.0078881793,-0.0008206062,0.0165187158,-0.0229196735,-0.0026045963,-0.0309134219
4.6977558136,0.0049853059,0.0086967507,0.0164883770,-0.0122153619,-0.0056805476,-0.0287940782
4.7074880600,0.0031249037,0.0203215405,0.0115965046,0.0102715446,-0.0128700836,-0.0224327855
4.7175817490,0.0013564785,0.0234608129,0.0028175157,0.0380925238,-0.0200409107,-0.0203198325
4.7276539803,0.0006029193,0.0249156505,-0.0020863372,0.0626794100,-0.0229565408,-0.0118307406
4.7379631996,0.0007630844,0.0177772045,0.0027658981,0.0562052652,-0.0155438986,-0.0054546008
4.7477669716,0.0057940665,-0.0081122136,0.0067355079,0.0071240347,-0.0169682223,0.0041102092
4.7579269409,0.0088918991,-0.0199375227,0.0145876445,-0.0440613888,-0.0205363259,0.0136776147
4.7680258751,0.0110104717,-0.0136616966,0.0165724792,-0.0643626153,-0.0174899362,0.0200561527
4.7782621384,0.0122018121,0.0002951034,0.0127056278,-0.0558037460,-0.0195304509,0.0211147591
4.7880277634,0.0105074979,0.0144736255,0.0039414209,-0.0205567554,-0.0223986749,0.0221659094
4.7980737686,0.0078378059,0.0192794949,0.0010150713,0.0125572551,-0.0252788831,0.0242796596
4.8082160950,0.0051479521,0.0107428515,0.0039479774,0.0242970288,-0.0251910649,0.0221539903
4.8185930252,0.0015255546,0.0012877145,0.0010324758,0.0264424719,-0.0262265019,0.0232147276
4.8283400536,0.0017577296,-0.0033459731,0.0000546020,0.0146486098,-0.0210374668,0.0210963171
4.8383860588,-0.0000488239,-0.0110162338,0.0010499400,-0.0025282465,-0.0105280997,0.0285385195
4.8486022949,0.0059004272,-0.0208673030,0.0030481261,-0.0281593893,-0.0086160172,0.0306696482
4.8588881493,0.0128376968,-0.0261144564,0.0041025919,-0.0505706891,-0.0088325310,0.0274898354
4.8686323166,0.0090320967,-0.0169243738,-0.0017473657,-0.0506042168,-0.0056276172,0.0306757074
4.8786091805,0.0061952281,-0.0037811988,-0.0046715098,-0.0377677791,-0.0087126223,0.0285473093
4.8887720108,0.0033482646,0.0037346564,-0.0056567746,-0.0164938644,-0.0021869466,0.0242970362
4.8991203308,-0.0005284364,0.0037065304,-0.0027367431,0.0026926147,0.0000959153,0.0232315045
4.9089202881,-0.0034638497,-0.0040143719,-0.0017636378,0.0058928286,0.0000887248,0.0179222263
4.9189100266,-0.0034834745,-0.0117651587,-0.0027119475,-0.0080554783,0.0073807258,0.0158058126
4.9289832115,-0.0045072217,-0.0167870000,-0.0065975743,-0.0240375344,0.0051105144,0.0147484057
4.9393200874,-0.0035839605,-0.0111946752,-0.0036688405,-0.0304301847,0.0039866604,0.0136876693
4.9490947723,-0.0026289488,-0.0065874970,-0.0017151791,-0.0261329375,0.0008065134,0.0083757946
4.9589819908,-0.0006285201,-0.0077937385,-0.0016981321,-0.0186108388,-0.0044471044,0.0062476620
4.9693698883,-0.0024871456,-0.0011297307,-0.0085208975,-0.0057321629,-0.0117759909,0.0041169999
4.9797449112,-0.0043154028,0.0008046933,-0.0095047317,0.0049806694,-0.0159406420,0.0019886019
4.9894618988,-0.0110317953,0.0057288641,-0.0095316134,0.0081394706,-0.0116757890,0.0009283308
4.9995141029,-0.0119228400,-0.0029438429,-0.0046462375,0.0016898271,-0.0075430954,-0.0075623593
5.0097260475,-0.0128761679,-0.0058332970,-0.0007382590,-0.0015851678,-0.0001514922,-0.0086191017
5.0201292038,-0.0129346661,-0.0068093603,0.0051041883,0.0004942287,0.0051513938,-0.0118023790
5.0296897888,-0.0080923140,-0.0116759380,0.0070862216,-0.0015887627,-0.0001857805,-0.0139284460
5.0397591591,-0.0041501638,-0.0077994606,0.0041740579,-0.0015147272,-0.0076197279,-0.0149939777
5.0498380661,-0.0020888376,-0.0029468008,-0.0016806085,0.0038568946,-0.0118361115,-0.0181846451
5.0602149963,0.0009992307,-0.0039101830,-0.0036105472,0.0028424971,-0.0171573739,-0.0192488432
5.0699691772,0.0001898368,-0.0087483590,-0.0026094276,0.0039253924,-0.0182322264,-0.0224326514
5.0800218582,-0.0006571080,-0.0097282743,-0.0016390639,-0.0015082555,-0.0087574972,-0.0266737361
5.0901727676,0.0023132039,-0.0126901930,0.0013124985,-0.0090453746,-0.0024697739,-0.0287930798
5.1004891396,0.0052534672,-0.0128145805,0.0013355655,-0.0122712618,-0.0004172756,-0.0351620279
5.1102218628,0.0052227038,-0.0110373860,0.0013289494,-0.0154915284,0.0016759022,-0.0351593010
5.1202011108,0.0041844579,-0.0034074329,0.0013198298,-0.0091127250,0.0038192142,-0.0404688455
5.1304931641,0.0012296101,0.0043053562,-0.0045538503,0.0037625656,-0.0035013494,-0.0415391028
5.1407670975,0.0012309623,0.0082736174,-0.0035822350,0.0155233508,-0.0055069765,-0.0394194946
5.1505389214,-0.0036583843,0.0094374204,-0.0016713102,0.0261772461,-0.0032433558,-0.0319884084
5.1605510712,-0.0017089772,0.0107117528,0.0022162837,0.0325613767,-0.0010308016,-0.0266799275
5.1705722809,-0.0007507245,0.0071094641,0.0002573174,0.0261447839,0.0010752928,-0.0203049183
5.1810431480,0.0001843010,0.0014439308,0.0002592843,0.0090739215,0.0009677011,-0.0139298448
5.1906938553,0.0021242981,0.0024973236,0.0031840843,0.0027106442,-0.0033453549,-0.0160547122
5.2007780075,0.0050573605,0.0073684761,0.0041596335,0.0048235962,-0.0012047058,-0.0160541814
5.2109632492,0.0021149477,0.0084344679,0.0041376394,0.0133719435,-0.0021700351,-0.0128717702
5.2212471962,0.0011521762,0.0115413377,0.0060636443,0.0272344947,-0.0009809337,-0.0118128974
5.2309627533,-0.0007788505,0.0118760625,0.0050509018,0.0443209633,-0.0018649704,-0.0075706155
5.2411441803,-0.0017694125,0.0152292559,0.0020909947,0.0443124399,-0.0007762699,-0.0033228733
5.2511019707,-0.0007859434,0.0078508342,0.0030560535,0.0379221588,-0.0018867413,-0.0022595397
5.2614889145,-0.0007450360,0.0052791545,0.0040271324,0.0325982347,-0.0029805019,-0.0001351360
5.2712368965,-0.0016749168,0.0046330029,0.0020543975,0.0347669795,-0.0061244303,0.0030484733
5.2812619209,0.0052533704,-0.0008993514,-0.0018227060,0.0241276510,-0.0094006509,0.0030495385
5.2914199829,0.0033592132,-0.0016364224,0.0030350131,0.0176668242,-0.0041640773,0.0009288634
5.3018379211,0.0023764332,-0.0015587575,0.0069212359,0.0005501555,-0.0000692008,0.0009352550
5.3117361069,0.0043474617,-0.0015849239,0.0088782944,-0.0058211386,-0.0033293094,-0.0022497524
5.3220453262,-0.0005019645,0.0022820465,0.0039819521,0.0080195758,-0.0000251255,-0.0022516167
5.3318600655,-0.0034458863,0.0121418992,0.0000488799,0.0229526907,0.0012005281,0.0030546649
5.3419990540,-0.0034473243,0.0143565917,-0.0038785893,0.0315104946,-0.0008538344,0.0019896671
5.3517513275,-0.0044483361,0.0078820074,-0.0019326764,0.0325448923,0.0023458870,0.0030523350
5.3618679047,-0.0084243827,0.0023784421,0.0009557646,0.0335811302,0.0055520665,0.0051772711
5.3719191551,-0.0075347205,0.0027023710,0.0019043130,0.0313892402,0.0119114285,0.0073064687
5.3825759888,-0.0037134478,-0.0008642964,0.0048223180,0.0293183662,0.0055198427,0.0062420028
5.3922181129,0.0031474342,-0.0025309243,-0.0010118443,0.0272759888,-0.0040748613,0.0019898668
5.4021301270,0.0042351666,-0.0071617058,-0.0078293048,0.0252487902,-0.0146966120,0.0030468754
5.4121818542,0.0043996046,-0.0030027323,-0.0078535639,0.0284836255,-0.0189520791,-0.0033289988
5.4225230217,0.0016263013,0.0001848646,-0.0030092555,0.0252801087,-0.0190077387,-0.0075754086
5.4323167801,-0.0031384567,-0.0074042147,-0.0010619122,0.0166584440,-0.0106016025,-0.0086304201
5.4423961639,-0.0070190248,-0.0111803403,-0.0000899989,0.0037469063,-0.0000964981,-0.0075600957
5.4524459839,-0.0060934764,-0.0121253422,0.0047742170,0.0026300838,0.0051908088,-0.0086175036
5.4627962112,-0.0042188955,-0.0091801425,0.0067214412,0.0047222627,0.0094603887,-0.0075541032
5.4726109505,0.0006107797,-0.0032674440,0.0018416685,0.0143457819,0.0073945080,-0.0118047083
5.4826169014,0.0035010686,-0.0040760329,-0.0030271369,0.0229259543,0.0032319874,-0.0107471673
5.4927821159,0.0044722664,-0.0038448118,-0.0030441838,0.0261983126,-0.0042013614,-0.0160610396
5.5031609535,0.0015472022,-0.0045382967,-0.0021020728,0.0282580014,0.0032443046,-0.0160578433
5.5128669739,-0.0004694576,-0.0101777231,-0.0021046358,0.0122275557,0.0052201701,-0.0171151832
5.5229229927,-0.0015725384,-0.0179213285,0.0027708453,-0.0102790836,0.0145596098,-0.0192284025
5.5329837799,-0.0056735468,-0.0132410070,0.0056726378,-0.0252504982,0.0176191162,-0.0181613415
5.5434150696,-0.0048991335,-0.0056914901,0.0075997752,-0.0167475566,0.0208489969,-0.0224090833
5.5530252457,-0.0011946599,0.0078488970,0.0065997285,0.0078192530,0.0189265944,-0.0245389473
5.5632061958,0.0006055121,0.0089563141,0.0056174439,0.0228448063,0.0105759865,-0.0234851334
5.5733470917,0.0034434793,0.0024307452,0.0085384287,0.0282656178,0.0021488131,-0.0213675201
5.5836257935,0.0043770964,-0.0021661811,0.0085312761,0.0250658318,0.0021416226,-0.0181813147
5.5934152603,0.0062992456,-0.0029408999,0.0046226424,0.0154324044,0.0052682403,-0.0139299110
5.6035699844,0.0062246802,-0.0086976951,0.0036514443,-0.0016512414,0.0061939550,-0.0118015129
5.6135969162,0.0090886205,-0.0127181998,0.0056251925,-0.0219467096,0.0081455195,-0.0107333185
5.6239433289,0.0089850090,-0.0070910072,0.0124421157,-0.0230154395,0.0081154257,-0.0139184594
5.6337709427,0.0078821704,0.0004892580,0.0143868364,-0.0144915134,0.0092589874,-0.0128593203
5.6437950134,0.0068425904,0.0052294293,0.0124226846,-0.0048122536,0.0019227772,-0.0118036428
5.6538209915,0.0088280551,0.0052301520,0.0104858316,0.0048808539,-0.0064826920,-0.0118089691
5.6641778946,0.0079677962,0.0072823847,0.0094929375,0.0220630355,-0.0169228148,-0.0086331498
5.6739821434,0.0052342336,0.0075805867,0.0055760187,0.0424439162,-0.0273126718,-0.0022742536
5.6839900017,0.0064829285,0.0061681280,0.0036143106,0.0627001822,-0.0249858685,0.0019689610
5.6940970421,0.0057568806,0.0019624613,0.0026204032,0.0637654513,-0.0249758828,0.0019680287
5.7048101425,0.0030545627,-0.0062291985,0.0035697860,0.0434378088,-0.0198341180,0.0040993565
5.7141819000,0.0002942790,-0.0107842153,0.0045353216,0.0156724621,-0.0179549232,0.0041078124
5.7242717743,0.0004309786,-0.0126900813,0.0035787863,-0.0057239067,-0.0128432531,0.0030539993
5.7343468666,0.0035010797,-0.0118295541,-0.0002970058,-0.0110484716,-0.0139652416,0.0009317262
5.7447390556,0.0016457026,-0.0041586300,-0.0012909132,-0.0036621951,-0.0053911954,0.0041195299
5.7545161247,-0.0002295862,-0.0002619840,-0.0022784430,0.0038729273,-0.0116924336,0.0041149361
5.7645387650,-0.0000946897,-0.0011344320,-0.0051934677,0.0155921681,-0.0094401985,0.0083602816
5.7746381760,-0.0009248148,-0.0019428200,-0.0032432037,0.0210044030,-0.0168142244,0.0094175562
5.7849330902,-0.0036940391,-0.0016913331,-0.0032677609,0.0252303071,-0.0125329280,0.0094186217
5.7947359085,-0.0055554924,-0.0033501827,-0.0032833773,0.0262409765,-0.0072103338,0.0104814889
5.8050298691,-0.0045808000,-0.0059918081,-0.0003736574,0.0272005126,0.0033951723,0.0083629442
5.8149232864,-0.0036583955,-0.0105963340,0.0015725535,0.0196892284,0.0075450432,0.0041209282
5.8252282143,-0.0008357766,-0.0191954225,0.0006090444,0.0079273768,0.0095368214,-0.0001222863
5.8350000381,-0.0008987117,-0.0221381783,-0.0013477760,-0.0112544680,0.0061595337,-0.0043674982
5.8450698853,-0.0038965310,-0.0125391325,-0.0042875963,-0.0091100903,0.0051102480,-0.0054303659
5.8551402092,-0.0029792006,-0.0057990914,-0.0033248621,-0.0016310010,0.0041079009,-0.0064948974
5.8655500412,-0.0030334445,-0.0067661172,0.0005641621,0.0026449701,0.0030426364,-0.0128673101
5.8752269745,-0.0060054217,-0.0087182289,0.0025158566,-0.0048186183,0.0029822493,-0.0118015800
5.8853483200,-0.0099831112,-0.0087978458,0.0025032205,-0.0091425274,0.0082222857,-0.0160450600
5.8953847885,-0.0081500560,-0.0059712669,0.0054182452,-0.0102570327,0.0124373361,-0.0192292016
5.9058480263,-0.0073218984,-0.0041156476,0.0083463229,-0.0081344945,0.0135031343,-0.0213528052
5.9155211449,-0.0026010612,-0.0012540213,0.0073791784,-0.0006550588,0.0124579761,-0.0287868883
5.9256200790,-0.0017526823,0.0006906994,0.0073698801,0.0047098789,0.0092869503,-0.0340988301
5.9356889725,-0.0018561448,-0.0002415769,0.0073601645,0.0057852101,0.0082432572,-0.0330388881
5.9460391998,0.0009874811,0.0007546179,0.0063768667,0.0005038958,0.0029054838,-0.0309166182
5.9558610916,-0.0000398646,0.0007341959,0.0083283819,-0.0048387796,0.0039470461,-0.0266670119
5.9659299850,-0.0020254406,0.0055021057,0.0092962421,-0.0154770426,0.0006846738,-0.0245423410
5.9760007858,-0.0010396878,0.0053352127,0.0073553962,-0.0143985944,-0.0003459030,-0.0213580672
5.9863348007,-0.0020221586,0.0100508863,0.0044345302,-0.0101396674,0.0007662331,-0.0192349944
5.9961252213,-0.0000655430,0.0089846114,0.0054192585,-0.0068977755,-0.0034846379,-0.0245467350
6.0062360764,0.0058750990,0.0021084480,0.0044978303,-0.0036021136,-0.0130264778,-0.0277377348
6.0163488388,0.0099456012,0.0040121311,0.0054872674,-0.0003270647,-0.0204323288,-0.0288041979
6.0265889168,0.0062133255,0.0049773613,0.0035301489,0.0029073441,-0.0235735271,-0.0266829897
6.0363512039,0.0054142843,0.0059966082,0.0054909033,0.0103362594,-0.0192506164,-0.0245589204
6.0465059280,0.0036598889,0.0060548047,0.0015911502,0.0092819137,-0.0202932470,-0.0203119777
6.0565538406,0.0009174530,0.0070812115,-0.0013329942,0.0060372781,-0.0160556249,-0.0171244405
6.0668649673,0.0010682715,0.0032546974,0.0006264489,0.0071294405,-0.0181198400,-0.0096931541
6.0766549110,0.0021668745,0.0033332638,0.0025809449,0.0102588674,-0.0106657855,-0.0096892938
6.0867509842,0.0032144894,-0.0004963942,-0.0003338415,0.0027367696,-0.0054121674,-0.0075611607
6.0967311859,0.0022782607,-0.0044087758,-0.0042228657,-0.0058210324,-0.0033578048,-0.0064961631
6.1072740555,0.0052377689,-0.0015567682,-0.0100625120,-0.0004971074,-0.0022640447,-0.0086205658
6.1169643402,0.0052423882,0.0023219667,-0.0168861710,0.0037080236,0.0041461838,-0.0075566336
6.1270332336,0.0071345377,-0.0024971806,-0.0139605962,-0.0005610231,0.0041019754,-0.0086173713
6.1370401382,0.0060780006,-0.0054492122,-0.0071397978,-0.0070279241,0.0104192598,-0.0075510410
6.1474919319,0.0049358415,-0.0094137108,-0.0003040988,-0.0166714955,0.0146209290,-0.0011756998
6.1572341919,0.0057635526,-0.0086491322,0.0035938662,-0.0230511520,0.0124565782,0.0009487039
6.1674551964,0.0066290493,-0.0010659687,0.0016469401,-0.0113116726,0.0125729581,0.0030693791
6.1774311066,0.0084770583,0.0096143493,-0.0013052779,0.0079169376,0.0106404359,0.0062479950
6.1877708435,0.0083733648,0.0088056484,-0.0003455836,0.0185983442,0.0096657183,0.0051829969
6.1974148750,0.0063431519,0.0012334891,-0.0013273914,0.0218410864,0.0054358859,0.0030563963
6.2076931000,0.0023529341,-0.0034148016,-0.0003857571,0.0175491385,0.0074929120,-0.0011886826
6.2176718712,0.0032454839,-0.0091452887,-0.0003830749,0.0025890963,0.0094982721,0.0009397158
6.2280530930,-0.0007705431,-0.0101192808,0.0035030884,-0.0048919888,0.0104871038,-0.0001196897
6.2377147675,0.0000793074,-0.0033691146,0.0034831208,-0.0038557528,0.0136932833,0.0020052465
6.2478051186,0.0019186696,-0.0014284543,0.0054302257,-0.0006112242,0.0094841570,0.0030641195
6.2578349113,0.0038180237,-0.0024287992,0.0044664782,-0.0037778821,0.0062793093,0.0041259215
6.2682061195,-0.0001346509,-0.0024521865,0.0064053577,-0.0037320759,0.0020768412,0.0104946047
6.2780671120,-0.0021038244,0.0004490249,0.0102831759,-0.0026423093,-0.0000434346,0.0094321370
6.2881221771,-0.0001605379,-0.0014880738,0.0132122077,0.0005596094,-0.0000085472,0.0104931407
6.2981801033,-0.0021242725,-0.0082774973,0.0102947392,0.0015799999,0.0042533763,0.0115551427
6.3084521294,-0.0031178410,-0.0082407882,0.0073764962,0.0026561832,0.0031809211,0.0083689364
6.3182802200,-0.0011425691,-0.0082333600,0.0044607562,0.0005738037,-0.0021707013,0.0041198628
6.3283629417,-0.0011081251,-0.0101709506,0.0034863395,0.0016712919,-0.0053651631,0.0009325918
6.3383913040,0.0038370749,-0.0140843308,0.0035214466,-0.0057909926,-0.0065259011,-0.0043752217
6.3487062454,0.0028911938,-0.0161230043,0.0045084399,-0.0111372890,-0.0055115037,-0.0043733572
6.3585357666,0.0019603258,-0.0182106122,0.0074369949,-0.0164934099,-0.0034577399,-0.0075555015
6.3686571121,0.0009826010,-0.0144798150,0.0084112920,-0.0133255795,-0.0002675394,-0.0107401097
6.3786649704,0.0019424928,-0.0087405881,0.0113325752,-0.0080145188,0.0018808990,-0.0139263822
6.3889842033,0.0019199920,-0.0068300208,0.0093792118,0.0015773885,0.0030050194,-0.0171136539
6.3987541199,0.0018912998,-0.0067730388,0.0054810089,0.0133366827,0.0009501243,-0.0224258602
6.4088969231,0.0009101999,-0.0055886647,0.0025332612,0.0325758904,-0.0020789551,-0.0245558564
6.4188938141,0.0018530821,-0.0022727840,-0.0004300434,0.0581608824,0.0002542402,-0.0266861189
6.4292697906,0.0037926582,-0.0035868504,0.0005133193,0.0592083037,0.0024063408,-0.0234999135
6.4390478134,0.0067349668,-0.0059828004,0.0053582233,0.0400899984,-0.0062867496,-0.0288057290
6.4490318298,0.0087202415,-0.0164463893,0.0092811026,0.0059871571,-0.0107944161,-0.0234903265
6.4591579437,0.0088308677,-0.0078159189,0.0121969618,-0.0249018371,-0.0174214263,-0.0224263929
6.4695858955,0.0080635622,-0.0042014411,0.0092861690,-0.0216120332,-0.0258399434,-0.0160606392
6.4793138504,0.0073529514,0.0170557871,0.0053727669,0.0082619507,-0.0245197490,-0.0160657652
6.4893798828,0.0056739855,0.0240513608,-0.0043950635,0.0381740443,-0.0274348445,-0.0150130186
6.4994750023,0.0039817202,0.0167042464,-0.0112203918,0.0552055165,-0.0229990184,-0.0086454665
6.5098581314,0.0002467890,0.0124804014,-0.0161441527,0.0731773302,-0.0058506569,-0.0065178676
6.5195732117,-0.0007619898,0.0181101561,-0.0113515221,0.0698660314,0.0058396216,0.0009226715
6.5296468735,0.0000783389,0.0031787462,-0.0055166441,0.0505394712,0.0173290316,-0.0011902804
6.5396032333,-0.0001938085,0.0026190064,-0.0055663544,0.0301237050,0.0309883170,0.0051907199
6.5499353409,0.0033965816,-0.0010556421,-0.0055723744,0.0130725512,0.0287379455,0.0083793225
6.5598020554,0.0060975174,-0.0010211162,-0.0075279432,-0.0039248075,0.0211894810,0.0126270652
6.5700139999,0.0059166509,0.0066763321,-0.0075486857,-0.0081565985,0.0179888289,0.0158130713
6.5800857544,0.0027820652,0.0115055004,-0.0036803442,-0.0017868495,0.0212139171,0.0136894658
6.5902171135,0.0025815477,0.0105936388,-0.0036979276,0.0120874215,0.0213558637,0.0168714114
6.6002111435,0.0023930704,0.0039302194,0.0001874607,0.0110836225,0.0149878468,0.0179298855
6.6103229523,0.0002560725,0.0030505515,0.0060157818,0.0003601378,0.0202134997,0.0200588163
6.6203231812,-0.0018691013,0.0059751282,0.0040346426,0.0025283769,0.0170555245,0.0211190209
6.6306037903,-0.0000048804,0.0079846093,-0.0018238981,0.0111277243,0.0107432995,0.0179282874
6.6407341957,-0.0000625702,0.0071870098,-0.0028032023,0.0186469723,0.0055049285,0.0179223605
6.6504921913,-0.0030485431,0.0064690122,0.0030056280,0.0240140408,0.0023615996,0.0168576296
6.6606020927,-0.0060090018,0.0008447103,0.0049411696,0.0176019743,0.0033519627,0.0147370202
6.6710619926,-0.0079847649,-0.0048673293,0.0059068841,0.0059072361,-0.0009807341,0.0168614257
6.6807789803,-0.0080241226,-0.0077356612,0.0088325180,-0.0016579796,0.0085028484,0.0168682821
6.6907858849,-0.0051443879,-0.0048514521,0.0088309087,-0.0080303904,0.0052431403,0.0136828758
6.7008228302,-0.0022425840,-0.0068673482,0.0098273195,-0.0080117751,0.0030936361,0.0094344001
6.7111558914,-0.0041914997,-0.0050251177,0.0069044274,-0.0058471579,-0.0000915045,0.0062468629
6.7209210396,-0.0051014838,-0.0030967065,0.0039786738,0.0016851937,-0.0063988687,0.0051796678
6.7310318947,-0.0030686001,-0.0000709660,0.0010449928,0.0198631324,-0.0105605908,-0.0065068156
6.7410731316,-0.0049059656,0.0011222520,0.0000568074,0.0262756776,-0.0115795825,-0.0086324839
6.7514371872,-0.0067434576,-0.0063878959,0.0019962233,0.0230716281,-0.0116421673,-0.0139406966
6.7612161636,-0.0076304381,-0.0100908792,0.0049183411,0.0144997649,-0.0085611558,-0.0181844439
6.7712659836,-0.0095532872,-0.0129118031,0.0058900756,0.0058972221,-0.0022904768,-0.0213645231
6.7813391685,-0.0105564855,-0.0109696900,0.0068493527,-0.0016580587,0.0061252457,-0.0224200692
6.7916488647,-0.0116315372,-0.0061389050,0.0078075570,-0.0006228881,0.0093175769,-0.0224187374
6.8015861511,-0.0077777025,-0.0022572943,0.0029352945,0.0048010126,0.0008608419,-0.0245464705
6.8115420341,-0.0038470889,0.0026765473,-0.0009627897,0.0133827832,-0.0032809062,-0.0203035213
6.8215899467,-0.0028522576,0.0008801378,0.0019574207,0.0176479146,-0.0032352996,-0.0192441810
6.8319830894,0.0001082604,-0.0018955610,0.0058707041,0.0101774819,-0.0033074711,-0.0203041192
6.8417310715,-0.0018513838,0.0011179753,0.0048690480,0.0133154849,0.0030934364,-0.0192399211
6.8517723083,-0.0067978618,0.0031662143,-0.0000420767,0.0100496504,0.0094245691,-0.0202977285
6.8619580269,-0.0069147428,-0.0015826068,0.0009326380,0.0132523943,0.0094378181,-0.0224212669
6.8721971512,-0.0060817976,-0.0004316561,0.0018857759,0.0217116587,0.0168978646,-0.0287904814
6.8821983337,-0.0023679363,-0.0011850438,0.0018717689,0.0184974372,0.0179174561,-0.0309131537
6.8920760155,0.0042624432,-0.0107847592,0.0048093242,0.0035256771,0.0209699720,-0.0309078302
6.9021492004,0.0049973088,-0.0196105540,0.0067855162,-0.0145910084,0.0187310521,-0.0245335530
6.9124522209,0.0038348322,-0.0081573864,0.0048061055,-0.0220593121,0.0186865777,-0.0213462822
6.9223260880,0.0046408284,0.0042348737,-0.0010628658,-0.0177241638,0.0123782139,-0.0181647353
6.9323410988,0.0045654210,0.0089765796,-0.0069036442,-0.0005968427,0.0072223344,-0.0181716606
6.9424781799,0.0064838785,0.0100177536,-0.0088665448,0.0186876934,-0.0000303851,-0.0171179809
6.9528689384,0.0054915282,0.0073351795,-0.0040016728,0.0240004323,0.0021174543,-0.0203036536
6.9625911713,0.0044945958,0.0017259874,-0.0001126486,0.0165505335,-0.0000693337,-0.0203033201
6.9726061821,0.0054366770,-0.0069267293,0.0008694571,-0.0005661361,0.0040255426,-0.0202969294
6.9826979637,0.0073162648,-0.0108852154,0.0038162512,-0.0122938985,0.0028620076,-0.0202945322
6.9930143356,0.0053080353,-0.0051978594,0.0077024144,-0.0144153731,0.0018100590,-0.0160473231
7.0028948784,0.0072670984,0.0043814788,0.0028131646,-0.0037222207,-0.0002189369,-0.0160508528
7.0129632950,0.0082471855,0.0082905600,0.0008587879,0.0112852240,-0.0064059929,-0.0086251600
7.0229239464,0.0073098871,0.0094078491,0.0037792963,0.0187419951,-0.0052646287,-0.0065041524
7.0333299637,0.0073482203,-0.0001475505,0.0037843627,0.0123525383,-0.0063469373,-0.0011940754
7.0430588722,0.0073953080,-0.0078317961,0.0077019972,0.0048533967,-0.0032088012,0.0019951931
7.0531401634,0.0054177525,-0.0088230362,0.0028188867,-0.0080464231,0.0062491489,0.0051885894
7.0632143021,0.0053122225,-0.0040743267,-0.0020643431,-0.0113533763,0.0168237630,0.0041334452
7.0736961365,0.0060619297,-0.0012449912,-0.0030483562,-0.0082499953,0.0263730586,-0.0001097694
7.0833892822,0.0057671922,-0.0032644116,-0.0011074501,-0.0104424702,0.0316398591,-0.0032931792
7.0934200287,0.0034615358,-0.0072401231,0.0018087071,-0.0115325013,0.0337317698,-0.0064772544
7.1034932137,0.0050975191,-0.0064137122,0.0027770442,-0.0146878678,0.0294443499,-0.0086005935
7.1138529778,0.0058049220,-0.0017151377,0.0008180183,-0.0135557577,0.0231014993,-0.0064804503
7.1237201691,0.0046152505,0.0030482567,-0.0011569816,-0.0038828095,0.0157604292,-0.0064886394
7.1337289810,0.0054481956,0.0069782296,-0.0021484452,0.0110676438,0.0148299206,-0.0064929002
7.1438269615,0.0072680223,0.0032413087,-0.0021534520,0.0164382793,0.0116782021,-0.0086179702
7.1541090012,0.0061255055,-0.0014600075,-0.0050925571,0.0153056383,0.0180141293,-0.0117999148
7.1639862061,0.0029896682,-0.0101407012,-0.0070505100,-0.0018251464,0.0231499020,-0.0149790635
7.1740078926,0.0007129122,-0.0189726204,-0.0012020427,-0.0126040243,0.0336528756,-0.0170946773
7.1840620041,-0.0006433840,-0.0142688965,-0.0012304145,-0.0158616006,0.0389167480,-0.0192154869
7.1944141388,-0.0000707920,-0.0085791713,0.0016695899,-0.0147651779,0.0357084386,-0.0245263632
7.2042713165,-0.0014570395,-0.0067853322,0.0055317325,-0.0115727419,0.0367896780,-0.0255876314
7.2141962051,-0.0018183629,-0.0058590760,0.0094188489,0.0044757342,0.0326716341,-0.0277173631
7.2243399620,-0.0011446143,0.0000573255,0.0064447564,0.0205780044,0.0232554972,-0.0287879538
7.2347269058,-0.0013964216,0.0012543806,0.0005628508,0.0269919615,0.0222573448,-0.0277282819
7.2444481850,-0.0026019255,-0.0062587028,0.0024945182,0.0206124652,0.0201000497,-0.0245422069
7.2545671463,0.0010997390,-0.0139273321,0.0044546169,0.0024489081,0.0220497493,-0.0266602188
7.2646341324,0.0027689149,-0.0139914518,0.0073711914,-0.0136434296,0.0303980280,-0.0266520306
7.2749509811,0.0014545207,-0.0073781824,0.0092872418,-0.0200568549,0.0314031057,-0.0266498998
7.2846813202,0.0010948589,-0.0066225668,0.0083037056,-0.0200887565,0.0345718674,-0.0287715085
7.2947511673,0.0007723455,-0.0048945462,0.0073206467,-0.0200552028,0.0314096287,-0.0255876984
7.3048458099,0.0024435928,-0.0012306786,0.0102350749,-0.0231500082,0.0207573846,-0.0277154315
7.3151631355,0.0032114794,0.0004320599,0.0160892047,-0.0262970664,0.0154382531,-0.0255936906
7.3249731064,0.0030943861,0.0070013413,0.0180403627,-0.0208221935,0.0016915483,-0.0256016795
7.3350281715,0.0050761732,0.0117186094,0.0131824054,-0.0015281225,-0.0066217752,-0.0245489329
7.3450822830,0.0061122808,0.0166300386,0.0044056815,0.0134082688,-0.0064758342,-0.0224306546
7.3554439545,0.0081509165,0.0080187628,0.0024761003,0.0155755486,-0.0096263532,-0.0203091800
7.3652391434,0.0101760887,-0.0006058358,0.0034633321,0.0080571789,-0.0043740673,-0.0181797165
7.3752169609,0.0092113726,-0.0074446788,0.0025056046,-0.0154287061,-0.0034973547,-0.0149879176
7.3853693008,0.0082472451,-0.0096558100,0.0025286120,-0.0325226039,-0.0015178937,-0.0139204562
7.3959941864,0.0072365808,-0.0012475989,0.0015617054,-0.0347298309,0.0059112604,-0.0107307890
7.4055190086,0.0071241292,0.0071923519,0.0025242609,-0.0251804031,0.0112935752,-0.0117926579
7.4155550003,0.0050166282,0.0099319080,0.0054441136,-0.0070599886,0.0135809649,-0.0107343178
7.4256391525,0.0029128005,0.0118403966,0.0015282673,0.0057447832,0.0137002077,-0.0096761771
7.4359860420,0.0027946120,0.0089690769,-0.0043300348,0.0036557997,0.0094721727,-0.0043687634
7.4457588196,0.0047228443,0.0011712023,-0.0101475678,-0.0069300514,0.0009335461,0.0019993875
7.4558601379,0.0057178247,-0.0018371559,-0.0110999905,-0.0132891480,-0.0033525454,0.0041224593
7.4659652710,0.0076844874,-0.0039141914,-0.0062039453,-0.0154294251,-0.0023047244,0.0051867920
7.4764032364,0.0047351304,-0.0011100090,-0.0042715627,-0.0101576978,0.0041079009,0.0051886560
7.4864220619,0.0036654805,0.0017496803,-0.0042890864,-0.0017387522,0.0158467162,0.0041304491
7.4962272644,0.0054533812,-0.0050534150,-0.0003784258,-0.0007158322,0.0200792775,0.0009469063
7.5063939095,0.0032718142,-0.0099813556,0.0015654606,-0.0124961128,0.0242204927,0.0009522326
7.5165939331,0.0049778405,-0.0140179535,0.0074209613,-0.0188770443,0.0220494829,0.0020145676
7.5263872147,0.0038326492,-0.0113121038,0.0035181087,-0.0209477320,0.0156578310,0.0009501686
7.5364151001,0.0056792903,-0.0017701454,-0.0033160406,-0.0080979820,0.0115464423,0.0041302494
7.5465412140,0.0036417057,0.0079407701,-0.0072441655,0.0122493412,0.0042690225,-0.0001259481
7.5568828583,0.0025921573,0.0101046273,-0.0033741551,0.0281912908,0.0107610095,-0.0022503517
7.5666260719,0.0024728437,-0.0022265830,-0.0014221627,0.0292212944,0.0139409574,-0.0043740897
7.5767550468,0.0003282760,-0.0146957850,0.0014814180,0.0045798644,0.0232548304,-0.0075485781
7.5870771408,-0.0038813243,-0.0147063201,0.0034003300,-0.0072394572,0.0316316709,-0.0086014578
7.5969929695,-0.0023233781,-0.0089765778,0.0033792299,-0.0127034653,0.0443101786,-0.0096555371
7.6070327759,-0.0047414196,-0.0071530631,0.0043153209,-0.0116596399,0.0464279950,-0.0117786769
7.6170520782,-0.0052436930,-0.0033587359,0.0033091349,-0.0042227628,0.0496624038,-0.0139025468
7.6271047592,-0.0057486785,0.0034577183,0.0022786302,0.0085841129,0.0497666672,-0.0149668800
7.6374130249,-0.0042403531,0.0064686248,-0.0006946284,0.0150609203,0.0423886441,-0.0160340071
7.6473093033,-0.0076074121,0.0017208838,0.0021946472,0.0097478610,0.0402266905,-0.0149716726
7.6572961807,-0.0090079270,0.0018359878,0.0080008544,0.0076349084,0.0380860418,-0.0149722053
7.6671929359,-0.0104504935,0.0039034642,0.0137859620,0.0150037147,0.0477021821,-0.0149711408
7.6775732040,-0.0090056993,0.0020839579,0.0108203925,0.0128055420,0.0540495627,-0.0149674118
7.6874079704,-0.0075831902,-0.0008079700,-0.0028548199,0.0031834347,0.0561362840,-0.0075314664
7.6975507736,-0.0061885011,-0.0008859850,-0.0087246858,-0.0149870459,0.0591954552,-0.0022163298
7.7076630592,-0.0038677792,0.0037665672,-0.0048632580,-0.0267425068,0.0612205192,-0.0011492011
7.7179288864,-0.0045189676,0.0054678777,0.0077760261,-0.0321010500,0.0632751510,-0.0043322113
7.7278022766,-0.0051534292,0.0022565282,0.0106785335,-0.0256991088,0.0633527115,-0.0011492678
7.7381839752,-0.0008442889,0.0069229016,0.0087078847,-0.0096176090,0.0560655110,-0.0011569910
7.7478480339,-0.0013317356,0.0136982063,0.0008544963,0.0086094122,0.0477214903,-0.0032887850
7.7581758499,-0.0017863701,0.0128556127,-0.0001686770,0.0118432892,0.0445733704,-0.0022293793
7.7679080963,-0.0021963755,0.0061595822,0.0037103933,0.0086836349,0.0402874760,-0.0043542488
7.7780351639,0.0002841090,-0.0015582509,0.0095312037,-0.0020110877,0.0422885753,-0.0085977297
7.7881178856,0.0008057167,-0.0054828068,0.0124434866,-0.0041891541,0.0465357192,-0.0054106587
7.7986412048,0.0023068448,0.0002885394,0.0085015930,-0.0041769035,0.0454954877,-0.0022257839
7.8082098961,0.0038647314,0.0021857924,0.0026249331,-0.0073093651,0.0391068310,-0.0011647808
7.8182849884,0.0045490968,-0.0028118112,-0.0090673529,-0.0104127480,0.0295575336,0.0030784337
7.8283510208,0.0013548841,0.0039079050,-0.0081356131,-0.0029000500,0.0253787003,0.0030745058
7.8386769295,0.0011572351,0.0097500095,-0.0052390057,0.0078553921,0.0169700366,0.0009439768
7.8485622406,-0.0059031514,0.0089504281,-0.0033470946,0.0259182006,0.0245284215,-0.0033046305
7.8585848808,-0.0101117380,0.0053704092,-0.0111961327,0.0353854746,0.0384261273,-0.0001146962
7.8686518669,-0.0075705689,-0.0011417485,-0.0141546689,0.0246583410,0.0436317436,-0.0011719047
7.8789482117,-0.0031245763,-0.0087229600,-0.0141779743,0.0117968703,0.0487902872,-0.0064750575
7.8887381554,-0.0007344077,-0.0086365482,-0.0122633539,0.0085021937,0.0583175421,-0.0054069301
7.8988342285,-0.0013948123,-0.0075857108,-0.0094112121,0.0062709972,0.0678340793,-0.0075252079
7.9089941978,0.0047513205,-0.0104286065,-0.0036005336,0.0009214794,0.0688638613,-0.0054012705
7.9191532135,0.0099478625,-0.0153157776,-0.0006962973,-0.0011382094,0.0614181943,-0.0054044668
7.9289760590,0.0103395395,-0.0124294972,-0.0027007419,-0.0010852665,0.0560990646,-0.0075304685
7.9390959740,0.0107870661,-0.0056348359,0.0001683873,0.0011443319,0.0465617515,-0.0085975965
7.9491109848,0.0064094695,-0.0026706301,0.0040001315,0.0054362565,0.0444620475,-0.0107221995
7.9594550133,0.0040126774,-0.0016088627,0.0107610263,0.0118587352,0.0423751958,-0.0139102694
7.9693169594,0.0025703495,-0.0005192079,0.0126486458,0.0128951846,0.0455741845,-0.0128468703
7.9793701172,0.0030541455,-0.0013521976,0.0135849155,0.0096820816,0.0465933755,-0.0149691440
7.9894018173,0.0054827663,-0.0062051630,0.0155071653,-0.0074023381,0.0475264788,-0.0117794080
8.0000495911,0.0030571257,-0.0034259029,0.0135032572,-0.0148711726,0.0474750809,-0.0096539399
8.0095930099,0.0016293039,0.0003329449,0.0115187205,-0.0083710616,0.0379885696,-0.0085981954
8.0196866989,0.0041954773,0.0022436387,0.0114868917,0.0034200838,0.0327791609,-0.0096655916
8.0298557281,0.0039283368,0.0012920582,0.0104832090,0.0014144834,0.0200566407,-0.0054247067
8.0401611328,-0.0001296962,0.0022831939,0.0055822772,0.0068246950,0.0126762222,-0.0054297666
8.0500402451,0.0017125716,0.0043361718,0.0065403027,0.0143143833,0.0106271198,-0.0043716263
8.0599536896,0.0015870144,0.0005724959,0.0123801865,0.0078998934,0.0116183478,-0.0064931004
8.0701589584,0.0004509275,-0.0071418574,0.0172451176,0.0046684397,0.0147656053,-0.0075516403
8.0803318024,0.0022469496,-0.0090992665,0.0123615898,-0.0049575549,0.0167967975,-0.0086099803
8.0900506973,0.0001367142,-0.0062870150,0.0113784112,-0.0123745389,0.0114195431,-0.0096725151
8.1008644104,0.0019896512,-0.0025380545,0.0094260015,-0.0101864859,0.0061400924,-0.0086139087
8.1102323532,-0.0000196884,0.0013000228,0.0064773005,0.0036670659,0.0083967224,-0.0064923014
8.1207647324,-0.0020927975,-0.0005653344,0.0113302507,0.0079158731,0.0105767855,-0.0033068941
8.1303977966,-0.0012155215,-0.0073391041,0.0074412865,0.0036456529,0.0105472244,-0.0022448255
8.1404771805,-0.0022766928,-0.0112774363,-0.0023034173,-0.0070570586,0.0136439484,-0.0011787623
8.1505031586,-0.0024954344,-0.0123879826,-0.0052279192,-0.0200207941,0.0294679180,0.0020178300
8.1608572006,-0.0028440396,-0.0145930564,-0.0062175947,-0.0329557694,0.0420673341,-0.0011579896
8.1706552505,-0.0013422112,-0.0159232840,-0.0052396017,-0.0394128673,0.0473025776,-0.0032773335
8.1807060242,0.0010741760,-0.0133747673,-0.0003912408,-0.0352002792,0.0526102558,-0.0085847462
8.1908245087,0.0034727340,-0.0039868271,0.0005447906,-0.0298334770,0.0494385660,-0.0138960220
8.2010984421,0.0019908880,0.0006666564,-0.0004810054,-0.0127807250,0.0517097078,-0.0138992183
8.2109985352,0.0014857983,0.0083692828,-0.0073642093,0.0054115951,0.0465354510,-0.0181536172
8.2209348679,0.0030179059,0.0075001353,-0.0103302561,0.0129560642,0.0391736776,-0.0181592107
8.2310771942,0.0016006117,0.0008076064,-0.0074365097,0.0118368175,0.0444618464,-0.0192174856
8.2413654327,-0.0018704126,-0.0000744901,-0.0026417333,0.0063855937,0.0561070517,-0.0160248876
8.2512369156,-0.0005593191,-0.0049064523,-0.0017171460,-0.0001343312,0.0677150413,-0.0170790311
8.2612895966,0.0016342511,-0.0059242314,0.0011594337,-0.0076697459,0.0739950389,-0.0202593785
8.2713508606,-0.0010852853,0.0017174640,0.0020386023,-0.0204699077,0.0728382990,-0.0181353763
8.2817535400,0.0021419188,-0.0043929955,0.0049374145,-0.0352919996,0.0610436872,-0.0170757044
8.2914676666,0.0054932716,0.0010781222,0.0068615121,-0.0287446715,0.0473257452,-0.0138972206
8.3015575409,0.0060488912,0.0076583857,0.0087745823,-0.0126322787,0.0368416794,-0.0160301477
8.3116216660,0.0017618125,0.0144400010,0.0116376318,0.0108756553,0.0338924937,-0.0117914593
8.3219032288,-0.0005104582,0.0126276398,0.0076854271,0.0162459202,0.0307907108,-0.0064853770
8.3316917419,0.0001649221,0.0049582208,0.0086368360,0.0034504179,0.0296323020,-0.0043597082
8.3417520523,0.0028105786,-0.0009227537,0.0066884798,-0.0146364402,0.0241826754,-0.0022342396
8.3518209457,0.0035700907,0.0009109236,0.0134984888,-0.0113604618,0.0167764910,-0.0033003695
8.3622169495,0.0034379622,0.0056792730,0.0105598606,-0.0059720883,0.0115111563,-0.0043661669
8.3719511032,0.0033467372,0.0036828078,0.0076391739,-0.0027139224,0.0062399609,-0.0033067614
8.3823146820,0.0033540239,-0.0002505325,0.0056889695,-0.0015088422,-0.0075506857,-0.0043757539
8.3921375275,0.0024960523,-0.0022898235,0.0027921838,-0.0132159917,-0.0108502088,-0.0064978939
8.4024505615,-0.0023059512,-0.0004700489,0.0037587923,-0.0111115621,-0.0076208599,-0.0022496195
8.4122524261,-0.0032291899,0.0033042438,0.0027957601,-0.0068792393,-0.0044132825,-0.0043738233
8.4222116470,-0.0002966265,0.0042374069,0.0037760180,-0.0015979251,0.0009244913,-0.0064960965
8.4324588776,0.0006448139,0.0013044783,0.0057280702,-0.0048283665,0.0040998450,-0.0033078264
8.4427986145,0.0025181582,-0.0036298998,0.0116034783,-0.0101661393,0.0040255426,-0.0075537045
8.4524850845,0.0034650152,-0.0018149830,0.0106316842,-0.0122810621,0.0018642542,-0.0107397763
8.4625682831,0.0014521515,0.0019914664,0.0086624064,0.0005138284,0.0030371104,-0.0107424399
8.4726085663,0.0003933047,0.0078501934,0.0018126410,0.0121777020,0.0105595421,-0.0118032433
8.4829549789,0.0013031473,0.0050248513,-0.0069654542,0.0090418300,0.0041863313,-0.0086202333
8.4968004227,0.0022359600,-0.0076274341,-0.0088924728,-0.0090663061,0.0008515874,-0.0075553018
8.5033712387,-0.0017356614,-0.0097147217,-0.0069330293,-0.0165979918,0.0071800570,-0.0033030328
8.5135927200,-0.0009022246,0.0007868715,-0.0098808371,-0.0156928115,0.0230838545,-0.0064809164
8.5239772797,-0.0031710679,0.0055243680,-0.0099195801,-0.0094721997,0.0411629938,-0.0085970638
8.5337190628,-0.0026894028,0.0025034256,-0.0080093108,-0.0128046665,0.0538397729,-0.0128374826
8.5436811447,-0.0003075193,0.0004237749,-0.0041496116,-0.0192069039,0.0537907705,-0.0117740817
8.5531845093,-0.0008723552,0.0050370330,-0.0032307464,-0.0224191025,0.0548167527,-0.0128344195
8.5632972717,-0.0004359747,0.0126039917,-0.0023114043,-0.0148842223,0.0485298261,-0.0107158748
8.5731191635,0.0020235812,0.0125060761,-0.0023397761,-0.0041618291,0.0432974473,-0.0139068076
8.5831317902,0.0035767590,0.0115538398,0.0015220684,0.0022867490,0.0391509086,-0.0075397226
8.5931987762,0.0042348388,0.0037694431,0.0034569544,-0.0050497800,0.0263658687,-0.0054190471
8.6036262512,0.0030096059,0.0056514600,0.0043980521,-0.0081750005,0.0189316534,-0.0022365698
8.6136722565,0.0057935151,0.0094817067,0.0043849987,-0.0027595153,0.0104850400,-0.0033056957
8.6235065460,0.0076884585,0.0046025747,0.0044099730,0.0026618810,0.0020505423,-0.0022494863
8.6336812973,0.0056988779,0.0056431899,0.0063406271,0.0112427995,-0.0021122450,-0.0011916785
8.6439342499,0.0047916952,0.0038037084,0.0063407463,0.0102694137,-0.0116982926,-0.0054434156
8.6537046432,0.0029646268,0.0010059261,0.0073222560,0.0135340225,-0.0180503316,-0.0075708819
8.6637973785,0.0021399145,-0.0007910497,0.0092676319,0.0188781880,-0.0190924276,-0.0118199550
8.6739683151,0.0003679280,-0.0006170936,0.0082976259,0.0188710522,-0.0180255659,-0.0107565550
8.6843099594,-0.0004414211,-0.0072753346,0.0102593936,0.0145924175,-0.0169949196,-0.0096931551
8.6941194534,0.0007315536,-0.0101081124,0.0073725623,0.0082193650,-0.0202330574,-0.0096939532
8.7041206360,0.0018722971,-0.0061451262,0.0034758491,0.0113680214,-0.0148931546,-0.0086302869
8.7143001556,0.0010286232,-0.0041453531,0.0015323800,0.0038768156,-0.0128363948,-0.0086273570
8.7246294022,0.0021064391,-0.0090406453,0.0015620035,-0.0110858893,-0.0108656557,-0.0118079707
8.7346601486,0.0012017523,-0.0082125654,0.0035191816,-0.0143397646,-0.0055959923,-0.0128658451
8.7451543808,0.0021763702,-0.0044669649,0.0054680151,-0.0122800758,0.0018496735,-0.0128626488
8.7549495697,0.0011502092,-0.0065138852,0.0084035434,-0.0112251984,0.0028992253,-0.0160477906
8.7649822235,0.0011175459,-0.0046683764,0.0093683638,-0.0048234919,0.0029413032,-0.0181729905
8.7748107910,0.0020730158,-0.0007791586,0.0064489883,0.0090579418,0.0020092633,-0.0171160493
8.7848358154,0.0039975080,0.0012527638,0.0015693945,0.0122481426,0.0030913057,-0.0181781184
8.7949352264,0.0039453539,-0.0035800182,-0.0042859274,-0.0027210871,0.0061642607,-0.0149870524
8.8051471710,0.0038569008,-0.0085883653,-0.0003756243,-0.0272645131,0.0059568007,-0.0139191253
8.8149061203,-0.0001816789,-0.0079487702,0.0064456505,-0.0390676409,0.0122348033,-0.0117900614
8.8249883652,-0.0013099948,-0.0015237919,0.0074193520,-0.0337841958,0.0176002737,-0.0096651250
8.8350496292,-0.0015134702,0.0050193677,0.0064251465,-0.0166979693,0.0166807510,-0.0107309883
8.8454027176,0.0022482683,0.0107643167,0.0015435857,0.0068097543,0.0136889555,-0.0128620500
8.8551940918,0.0011806746,0.0108608762,-0.0043358761,0.0164957792,0.0052860170,-0.0128699057
8.8652887344,0.0011757051,0.0032451085,-0.0043185311,0.0187040716,-0.0021292886,-0.0139359692
8.8753070831,0.0002231707,-0.0014596871,-0.0023723203,0.0134006524,-0.0053305416,-0.0096896924
8.8856563568,-0.0026820044,-0.0013286538,-0.0053092795,0.0123005006,-0.0021707010,-0.0118114324
8.8954048157,0.0001975631,-0.0002719454,-0.0053220945,0.0079330504,0.0084135663,-0.0096791061
8.9057550430,0.0000504364,-0.0031748407,-0.0043613869,-0.0060163205,0.0156917199,-0.0139191253
8.9155921936,-0.0001465718,-0.0062053492,-0.0004680115,-0.0135511495,0.0220141970,-0.0107295904
8.9259243011,0.0015674119,-0.0005475573,-0.0034110504,-0.0146395843,0.0241268836,-0.0107282586
8.9357261658,0.0023374592,0.0031965307,-0.0014695483,-0.0081701539,0.0178300384,-0.0086088479
8.9457750320,0.0041298750,0.0070738951,-0.0005250532,0.0100258952,0.0127042523,-0.0054306323
8.9558000565,0.0040393951,0.0121120075,-0.0063978392,0.0271315649,0.0097131897,0.0009330579
8.9663124084,0.0019629856,0.0085125202,-0.0113165937,0.0303020589,0.0129380105,0.0030574615
8.9759693146,-0.0011135975,-0.0009700350,-0.0103575550,0.0163984410,0.0160279442,0.0073093316
8.9860620499,-0.0013375322,-0.0047208434,-0.0025919038,0.0056099747,0.0276057702,0.0073178536
8.9961290359,-0.0065816385,-0.0027692758,-0.0006937343,-0.0030618384,0.0413300395,0.0083898427
9.0065250397,-0.0060724658,-0.0056913486,0.0031636399,-0.0052919686,0.0508604273,0.0083951689
9.0162134171,-0.0017099718,-0.0096327504,0.0099472441,-0.0106367469,0.0518671647,0.0073359627
9.0264015198,0.0017037948,-0.0088098859,0.0138096251,-0.0159095395,0.0454406925,0.0052104942
9.0364990234,0.0032247340,-0.0040815761,0.0147478022,-0.0073202057,0.0402177013,0.0062669697
9.0467119217,0.0067990902,0.0037024997,0.0137315430,0.0077133388,0.0307714697,0.0020112386
9.0566387177,0.0045601609,0.0038279376,0.0127133168,0.0184521899,0.0245186985,0.0051915189
9.0666303635,0.0033685674,-0.0017998061,0.0116967596,0.0174164865,0.0213194452,0.0041283853
9.0766773224,0.0041438225,-0.0075333109,0.0136347450,0.0003290316,0.0222180616,0.0020089750
9.0871181488,0.0029507463,-0.0105397915,0.0067933244,-0.0168100074,0.0284210965,-0.0001071729
9.0968418121,-0.0012245218,-0.0059045693,0.0048105759,-0.0264023934,0.0272758044,-0.0001049091
9.1069030762,0.0004291793,-0.0022877969,0.0057735485,-0.0253698882,0.0304335151,-0.0054125893
9.1167573929,0.0010985469,0.0013722562,0.0067169112,-0.0200017784,0.0273111574,-0.0032921140
9.1270885468,-0.0001304264,0.0021543733,0.0086554922,-0.0167487282,0.0220133308,-0.0064809830
9.1368885040,0.0045668068,0.0020288459,0.0135273971,-0.0091722999,0.0114685455,-0.0064881733
9.1473722458,0.0074060741,0.0009957560,0.0106067695,-0.0016618138,0.0072833877,-0.0075545036
9.1573343277,0.0073741484,0.0019567690,0.0096247233,0.0058404440,0.0041583679,-0.0086194351
9.1674671173,0.0063660922,0.0010630944,0.0067003411,0.0101196114,0.0031346488,-0.0086210323
9.1773605347,0.0063155252,-0.0027297430,0.0047491235,0.0068879453,0.0062890965,-0.0086180363
9.1875028610,0.0042915228,-0.0075838109,0.0027867598,-0.0027380502,0.0083202887,-0.0096763764
9.1974906921,0.0022850593,-0.0047703078,-0.0020976025,-0.0123124346,0.0050399406,-0.0117995813
9.2078304291,0.0022547503,-0.0040013259,-0.0069570499,-0.0208095144,0.0006867377,-0.0171085931
9.2176771164,0.0012395193,-0.0013050578,-0.0069603878,-0.0197639316,0.0028323799,-0.0149846552
9.2277221680,0.0031415483,-0.0024110742,-0.0020697075,-0.0101613719,0.0028954968,-0.0181724597
9.2379522324,0.0030902138,-0.0024885603,0.0028005880,-0.0058599152,-0.0002648097,-0.0202979948
9.2481174469,0.0021052246,-0.0034906261,0.0028015417,0.0026968215,-0.0023330208,-0.0234865975
9.2579927444,0.0050645503,-0.0005398683,0.0037788195,0.0102385487,-0.0097080451,-0.0256163944
9.2682075500,0.0061222422,0.0025052286,0.0018235487,0.0187856965,-0.0107014049,-0.0266808607
9.2806177139,0.0062131095,0.0016950973,-0.0030488330,0.0219796523,-0.0096278181,-0.0288031995
9.2888717651,0.0052753123,-0.0000714280,-0.0030554491,0.0176791791,-0.0064820927,-0.0288005359
9.2985277176,0.0033156907,-0.0048658988,-0.0030617672,0.0037294365,0.0008459948,-0.0256094038
9.3082628250,0.0081532039,-0.0068254909,-0.0059663611,-0.0048491387,0.0050292881,-0.0234815367
9.3184623718,0.0080706142,-0.0021020689,-0.0059662419,-0.0144834425,0.0081419908,-0.0213536713
9.3285865784,0.0069401222,0.0026166297,-0.0001411993,-0.0134685114,0.0134701775,-0.0192276705
9.3382463455,0.0107111819,0.0044567147,0.0037577194,-0.0059521934,0.0093185082,-0.0149838561
9.3483724594,0.0135661103,0.0024593554,0.0027903360,-0.0005632872,0.0040600970,-0.0149878515
9.3592758179,0.0135190599,0.0063938657,0.0056977910,0.0090931756,-0.0011535732,-0.0139316423
9.3692836761,0.0115847848,0.0123540321,0.0046982807,0.0187410098,-0.0052998485,-0.0118125649
9.3786840439,0.0086763166,0.0057336399,0.0046868366,0.0219005048,-0.0010210143,-0.0107493643
9.3887844086,0.0057214978,-0.0008708157,0.0027307910,0.0197353531,0.0021572020,-0.0086236289
9.3988132477,0.0036732068,-0.0036595904,0.0027107638,0.0057683252,0.0116272029,-0.0022451584
9.4092693329,0.0035644879,-0.0075620255,0.0017222803,-0.0048710033,0.0083509823,-0.0022440935
9.4189815521,0.0034572666,-0.0027722635,0.0026921672,-0.0059783189,0.0125848092,-0.0022408310
9.4290437698,0.0052834484,0.0039820904,0.0036405963,-0.0038312776,0.0115701444,0.0020053131
9.4390735626,0.0061682048,0.0020143471,0.0065647406,-0.0048164623,0.0030526235,-0.0011846878
9.4494800568,0.0041494700,0.0019858561,0.0065438789,0.0004978767,0.0052212356,-0.0011849542
9.4591932297,0.0011573990,0.0029624484,0.0065372032,0.0015862575,0.0031227977,0.0009369195
9.4693193436,-0.0018260221,-0.0009145133,0.0094453730,-0.0027003661,0.0052490653,0.0073098638
9.4793672562,-0.0048561511,0.0000383340,0.0094218887,-0.0027532047,0.0105397012,0.0051894551
9.4896879196,-0.0059614223,0.0019810058,0.0074532074,0.0003650906,0.0190833881,0.0094401259
9.4995641708,-0.0061660898,-0.0019320912,0.0084072389,-0.0082297819,0.0242941305,0.0062584477
9.5096149445,-0.0005076866,-0.0049554696,0.0055047912,-0.0156661272,0.0210666452,0.0094441213
9.5196285248,-0.0007184412,-0.0080282381,0.0045151752,-0.0199235640,0.0199539755,0.0073215817
9.5299596786,0.0030276065,-0.0092207557,0.0055035991,-0.0273311436,0.0135019347,0.0041348431
9.5397520065,0.0058618146,-0.0094660511,0.0045481962,-0.0208187029,0.0029538202,0.0051906533
9.5500316620,0.0068317908,-0.0057193702,0.0055195135,-0.0079306019,-0.0054569752,-0.0001258150
9.5601215363,0.0039693522,-0.0008822523,0.0045379442,0.0038152700,-0.0064569921,-0.0065000909
9.5705537796,0.0030722653,-0.0008457146,0.0045446795,0.0049122265,-0.0096583776,-0.0107491650
9.5801467896,-0.0008017461,-0.0076100742,0.0084393658,0.0005578510,-0.0012358651,-0.0149905151
9.5901050568,-0.0017973969,-0.0144877797,0.0133283176,-0.0165369790,0.0007439289,-0.0139233861
9.6001653671,0.0010795181,-0.0196436271,0.0085035600,-0.0358101167,0.0069851801,-0.0075460477
9.6105852127,0.0039693150,-0.0132204732,0.0065722507,-0.0400482714,0.0037441130,-0.0107319877
9.6203708649,0.0049467194,0.0019177207,0.0026629609,-0.0389262550,-0.0015379339,-0.0086111119
9.6303577423,0.0059492323,0.0054850737,0.0056071919,-0.0281702802,-0.0099396743,-0.0096798381
9.6403856277,0.0050771493,0.0082260380,0.0114793815,-0.0089171967,-0.0139953364,-0.0065011564
9.6508188248,0.0032958274,0.0100942412,0.0124661960,-0.0056401780,-0.0213805474,-0.0043820790
9.6608200073,0.0034676155,0.0061457912,0.0154233612,-0.0099295704,-0.0193102062,-0.0065030204
9.6706180573,0.0026896482,0.0040757367,0.0115625896,-0.0152636161,-0.0193360392,-0.0033162818
9.6808185577,0.0058594975,0.0039111087,0.0047774953,-0.0205768347,-0.0215050504,-0.0033156159
9.6910934448,0.0071149725,0.0056179175,-0.0010198313,-0.0226434469,-0.0278412439,0.0041143368
9.7008609772,0.0093787797,0.0131522277,-0.0038979608,-0.0236695632,-0.0321153514,0.0009270657
9.7109746933,0.0086789168,0.0158529282,-0.0087339841,-0.0151639599,-0.0288508479,0.0019883355
9.7209501266,0.0079634897,0.0128362635,-0.0086808167,-0.0045219949,-0.0255328827,0.0083578844
9.7313547134,0.0042598653,0.0088914344,-0.0067136246,-0.0066993954,-0.0213144347,0.0072987452
9.7410936356,0.0014670377,0.0088209594,-0.0008609254,-0.0100383610,-0.0075425636,0.0083684037
9.7514095306,-0.0014013166,0.0048327306,-0.0027999240,-0.0100596659,-0.0054205563,0.0083694691
9.7612524033,-0.0032833929,0.0057046646,-0.0096088015,-0.0079043163,-0.0075167306,0.0094294064
9.7716417313,-0.0041606766,0.0085212523,-0.0174055658,-0.0100353779,-0.0074938275,0.0158007536
9.7817001343,-0.0050725979,0.0094051892,-0.0173925720,-0.0057897409,-0.0053126318,0.0189850293
9.7914123535,-0.0060310927,0.0104166651,-0.0125225149,0.0079977103,0.0032965690,0.0189858284
9.8015365601,-0.0050954935,0.0105485925,-0.0174071752,0.0186065454,0.0097623914,0.0200484954
9.8119144440,-0.0022859911,0.0049210945,-0.0193599425,0.0174440760,0.0193090234,0.0211153571
9.8216438293,-0.0035230855,-0.0046634143,-0.0154920183,0.0034549972,0.0308514964,0.0200633444
9.8317489624,-0.0068387208,-0.0114609217,-0.0096725188,-0.0126786977,0.0434575714,0.0221973341
9.8418684006,-0.0063100201,-0.0135669997,-0.0077598053,-0.0223287418,0.0475975201,0.0190158561
9.8521890640,-0.0058154953,-0.0079149893,-0.0029486972,-0.0159169156,0.0465716720,0.0158283170
9.8618803024,-0.0072393683,-0.0011587582,-0.0000824887,0.0001003193,0.0456434935,0.0147620542
9.8720560074,-0.0057268334,0.0008742146,0.0027909917,0.0129479412,0.0415044092,0.0136949252
9.8820934296,-0.0022136609,-0.0087157851,0.0115279593,0.0055086669,0.0382139385,0.0073250439
9.8924865723,-0.0006374086,-0.0155039197,0.0154043473,-0.0073181819,0.0402240939,0.0073293047
9.9022989273,-0.0010344128,-0.0136813810,0.0163416304,-0.0137448693,0.0422911085,0.0073310360
9.9122438431,0.0014757698,-0.0128479367,0.0192340054,-0.0190506838,0.0390337966,0.0030835604
9.9223890305,0.0020689180,-0.0159822553,0.0192176141,-0.0222543068,0.0389568284,-0.0043477244
9.9326972961,0.0046975347,-0.0152360490,0.0191957392,-0.0253401138,0.0272370558,-0.0075381910
9.9424381256,0.0074142474,-0.0135108819,0.0201626457,-0.0177347101,0.0134605225,-0.0149793299
9.9526004791,0.0093229003,-0.0097613102,0.0221204199,-0.0069206785,-0.0013834040,-0.0277310759
9.9626111984,0.0083938502,-0.0049381619,0.0230906047,0.0027956245,-0.0130185550,-0.0351724140
9.9729328156,0.0065621990,-0.0059182784,0.0221290030,0.0017790962,-0.0183675140,-0.0404838212
9.9827280045,0.0028391888,-0.0089123091,0.0192260779,-0.0067010997,-0.0237554889,-0.0415446945
9.9927864075,0.0040173042,-0.0149410730,0.0183032192,-0.0248417556,-0.0239070226,-0.0404783636
10.0029087067,0.0042342651,-0.0133308312,0.0154216327,-0.0301914588,-0.0228771772,-0.0383544937
10.0131912231,0.0034871360,-0.0010280750,0.0047244471,-0.0216459073,-0.0238913093,-0.0426043645
10.0229835510,0.0086430423,0.0065092454,-0.0020521241,-0.0130524477,-0.0291228890,-0.0426080264
10.0330619812,0.0098905228,0.0043854723,-0.0020085531,-0.0130359353,-0.0313072167,-0.0521653146
10.0431060791,0.0052358019,0.0022993393,0.0038778824,-0.0055884849,-0.0291124359,-0.0511049107
10.0534229279,0.0044431123,0.0021903298,0.0009766263,-0.0056614559,-0.0216646399,-0.0479157753
10.0632638931,0.0036742946,-0.0018652967,-0.0077515203,-0.0110278055,-0.0185144544,-0.0457891710
10.0734128952,0.0018980165,0.0047871852,-0.0135956369,-0.0046010651,-0.0205459129,-0.0404828228
10.0833721161,0.0011290943,0.0173657462,-0.0214005671,0.0081979539,-0.0193318464,-0.0341143422
10.0938491821,-0.0026152993,0.0194055736,-0.0282271467,0.0209443755,-0.0127916541,-0.0245581213
10.1036510468,-0.0055368287,0.0166816935,-0.0292140804,0.0218534470,0.0031676721,-0.0192417186
10.1135702133,-0.0046958220,0.0081055472,-0.0253191553,0.0120724542,0.0211762339,-0.0107358489
10.1237983704,-0.0079643093,0.0061939815,-0.0214685164,-0.0020225663,0.0433712155,-0.0054126559
10.1342811584,-0.0085261352,0.0022405095,-0.0195752941,-0.0118269939,0.0634740889,-0.0011529297
10.1440382004,-0.0042810035,-0.0037768327,-0.0196111761,-0.0214406829,0.0644508004,-0.0011496008
10.1540012360,-0.0010208974,0.0038483373,-0.0128537975,-0.0149846505,0.0592017137,-0.0011538619
10.1639108658,0.0013313850,0.0095831091,-0.0070722061,-0.0042617526,0.0539833792,-0.0022213897
10.1743392944,0.0017523204,0.0125244344,-0.0042244750,0.0117766028,0.0509332642,-0.0032887850
10.1840753555,0.0052256840,0.0165850371,-0.0033144313,0.0247089677,0.0382849798,-0.0075451820
10.1941814423,0.0107118078,0.0110262716,-0.0013952811,0.0311447624,0.0351717435,-0.0054247733
10.2042779922,0.0093633719,0.0045145461,0.0063568992,0.0247427635,0.0351084284,-0.0064845113
10.2145309448,0.0090096779,-0.0020480149,0.0121586360,0.0205291100,0.0297868997,-0.0033007027
10.2243728638,0.0087219886,-0.0077093681,0.0160204805,0.0109664435,0.0254593957,-0.0033008358
10.2343893051,0.0045475173,-0.0037679367,0.0179063119,0.0024166312,0.0264181327,-0.0075453818
10.2444734573,0.0033411791,0.0001129441,0.0207958259,-0.0006767632,0.0157867279,-0.0064877737
10.2548789978,0.0042282301,0.0001468219,0.0227354206,0.0101431273,0.0010189670,-0.0075596967
10.2646331787,0.0052413302,-0.0035914772,0.0256619491,0.0230859034,-0.0126760062,-0.0096934875
10.2746791840,0.0064104157,-0.0024053894,0.0217772163,0.0242819302,-0.0253848769,-0.0075765410
10.2847137451,0.0007841398,-0.0022037246,0.0198225416,0.0200177021,-0.0253738910,-0.0001426594
10.2951068878,-0.0009432997,-0.0156422332,0.0227863230,0.0093671884,-0.0275960322,-0.0012028639
