0.0000000000,0.0020219453,-0.0211567897,-0.0056566405,0.0246239267,-0.0316136777,0.0099177696
0.0096910000,-0.0040490259,-0.0203793664,-0.0027336290,0.0277683213,-0.0262090601,0.0141300913
0.0197139978,-0.0082010860,-0.0156732220,0.0011307786,0.0181529783,-0.0252146367,0.0141303577
0.0296649933,-0.0055114855,-0.0109078903,-0.0018800905,0.0000823652,-0.0339186452,0.0120725334
0.0398579836,0.0020603307,-0.0137640852,0.0027790854,-0.0211801790,-0.0426721871,0.0078957649
0.0498110056,0.0056850682,-0.0136232991,0.0081777163,-0.0360323600,-0.0534840897,0.0069138575
0.0601119995,0.0044479142,-0.0125616211,0.0056035114,-0.0380732790,-0.0652488694,0.0080546224
0.0729590654,0.0042297612,-0.0125306267,-0.0077007222,-0.0230650324,-0.0705312490,0.0017040486
0.0799319744,0.0039891968,-0.0154033322,-0.0101800375,-0.0090771774,-0.0822206587,-0.0035441096
0.0897890329,0.0036899217,-0.0202661175,-0.0106974058,-0.0025740052,-0.0970699117,0.0039843805
0.0997790098,-0.0035736791,-0.0271925349,-0.0073630023,-0.0004693083,-0.0990656912,0.0188701190
0.1098259687,-0.0138883227,-0.0263895411,-0.0031061580,-0.0048824335,-0.0861743912,0.0304759108
0.1197750568,-0.0164800510,-0.0245523471,0.0031013081,-0.0358596556,-0.0874002427,0.0400666185
0.1298090219,-0.0064764847,-0.0244073290,0.0139311142,-0.0998873785,-0.0910746157,0.0433223322
0.1397750378,0.0006546148,-0.0299271960,0.0154326744,-0.1822008938,-0.0819719285,0.0581976846
0.1498119831,0.0017902026,-0.0264951009,0.0143370219,-0.2354912758,-0.0940954313,0.0636254698
0.1597930193,0.0048172842,-0.0180621762,0.0080815144,-0.2492242604,-0.1081731692,0.0541625954
0.1697980165,0.0150697595,-0.0072425622,0.0109927244,-0.2320633978,-0.1176686659,0.0531497933
0.1797879934,0.0200420991,-0.0026106257,0.0089201517,-0.1957675666,-0.1184457764,0.0541909598
0.1897820234,0.0210514441,-0.0007123966,-0.0021403243,-0.1582667977,-0.1321226954,0.0457543284
0.1997909546,0.0222586170,0.0032915454,-0.0042118244,-0.1475403756,-0.1353155673,0.0372668356
0.2097569704,0.0142541891,0.0005201083,-0.0012681892,-0.1550752521,-0.1289338470,0.0404178873
0.2198140621,0.0127155548,-0.0014580507,-0.0003022363,-0.1636321396,-0.1289516836,0.0468013510
0.2297669649,0.0168760791,-0.0009537954,0.0014403651,-0.1636529118,-0.1288973540,0.0531753600
0.2397639751,0.0206495896,0.0006292444,0.0062577319,-0.1647977978,-0.1234735623,0.0637659580
0.2498580217,0.0204986110,-0.0050774235,0.0117829628,-0.1669874489,-0.1275295615,0.0914159641
0.2597780228,0.0197433010,-0.0068721194,0.0098541565,-0.1448103786,-0.0632799938,0.3353342414
0.2697440386,-0.0974161252,-0.0116416831,-0.0208089761,-0.1451589763,-0.0707341805,0.4639321566
0.2797230482,-0.1851283610,-0.0393218994,-0.0168252401,-0.1684125066,-0.1182385907,0.1784693748
0.2897100449,-0.0419209823,-0.0147984643,0.0088620968,-0.1453532726,-0.1469386667,0.0511524267
0.2997699976,0.0509786978,0.0025645476,0.0076708389,-0.0945472047,-0.1025427133,0.0731433481
0.3097440004,0.0129562384,0.0029159170,-0.0042747664,-0.0453397110,-0.1160382852,0.0753212795
0.3197920322,0.0291037932,0.0007014256,0.0065824580,-0.0260845255,-0.1191379353,0.0700144023
0.3297179937,0.0219425336,-0.0024881978,0.0120529719,-0.0315863490,-0.1020162031,0.0773439482
0.3397489786,0.0139074689,-0.0056746621,0.0156694241,-0.0487842448,-0.0892868266,0.0815227181
0.3496669531,0.0213057771,0.0031083208,0.0111026354,-0.0786156356,-0.0917550400,0.0698732510
0.3596700430,0.0392024890,0.0161481481,0.0093816109,-0.0988177136,-0.0983905792,0.0624950938
0.3696880341,0.0378547087,0.0192078929,0.0022645781,-0.1072974876,-0.1027949154,0.0550928377
0.3796969652,0.0311935320,0.0161277037,0.0013567994,-0.0932997763,-0.1134635359,0.0445274152
0.3897100687,0.0328089371,0.0196007472,0.0033995698,-0.0611168072,-0.1282776445,0.0329147018
0.3996649981,0.0310286656,0.0169474464,-0.0017441919,-0.0237258952,-0.1322531998,0.0350429639
0.4097560644,0.0246755257,0.0075584631,-0.0078078914,0.0061526410,-0.1330454946,0.0403391905
0.4197030067,0.0204601064,0.0032207947,-0.0098838024,0.0242272504,-0.1285391599,0.0498541333
0.4296380281,0.0141131645,0.0015402418,-0.0037614515,0.0144435950,-0.1103726700,0.0582422912
0.4396159649,0.0044428478,0.0043721180,0.0034105370,-0.0017376393,-0.0954099670,0.0730312243
0.4496370554,0.0036836036,0.0063554030,0.0097649880,-0.0369965583,-0.0934996828,0.0783554167
0.4596459866,0.0050343047,0.0096431952,0.0157818384,-0.0935048461,-0.1003778279,0.0752528310
0.4696719646,0.0101830726,0.0142360311,0.0251904316,-0.1606298089,-0.1127173230,0.0679429919
0.4797019958,0.0115782386,0.0171658378,0.0302291699,-0.2234734893,-0.1271452606,0.0627695322
0.4914029837,0.0113987094,0.0184828620,0.0281461067,-0.2565523386,-0.1274283528,0.0596072935
0.5010440350,0.0065068970,0.0208659749,0.0240897723,-0.2406362295,-0.1155543849,0.0584552102
0.5101850033,-0.0011192790,0.0261024218,0.0124125071,-0.1926633865,-0.1066602245,0.0551768616
0.5202250481,-0.0037424199,0.0294077974,0.0118807144,-0.1404245496,-0.0935404301,0.0423070006
0.5302690268,-0.0044179191,0.0345044732,0.0176177807,-0.0797691941,-0.0716681555,0.0453099795
0.5402799845,-0.0070284833,0.0373159647,0.0199275799,-0.0040769596,-0.0572442077,0.0387898982
0.5499640703,-0.0086906189,0.0377821922,0.0139841624,0.0854081810,-0.0330840088,0.0332587771
0.5595970154,-0.0122041339,0.0350553393,0.0194458552,0.1587431133,0.0080471803,0.0265643913
0.5695390701,-0.0106693143,0.0370039344,0.0275803395,0.2150460631,0.0416062064,0.0252450611
0.5795069933,-0.0030415885,0.0388787985,0.0372781344,0.2468699068,0.0716543868,0.0112199225
0.5894340277,-0.0029394261,0.0465393066,0.0513031073,0.2658747733,0.1037199125,-0.0059995442
0.5994529724,-0.0143227214,0.0503175259,0.0722509250,0.2528727949,0.1292242110,-0.0114674130
0.6094009876,-0.0177542791,0.0522907972,0.0883292779,0.2442819923,0.1407964379,-0.0253475420
0.6194139719,-0.0170226917,0.0475467443,0.0897651538,0.2292921245,0.1502125710,-0.0360238887
0.6294760704,-0.0191380605,0.0409497619,0.0979724750,0.2186442763,0.1490160227,-0.0413206518
0.6393840313,-0.0240451917,0.0422239304,0.0943371877,0.2089474350,0.1659108549,-0.0562950745
0.6493849754,-0.0317836627,0.0494996309,0.0876023397,0.1876826286,0.1655284166,-0.0817751288
0.6594140530,-0.0296144113,0.0493014455,0.0885513648,0.1589238048,0.1661923379,-0.1030067876
0.6694020033,-0.0299919471,0.0375467539,0.0906253681,0.1331830323,0.1830485463,-0.1084100753
0.6793670654,-0.0284052715,0.0366457701,0.0906597003,0.1406912804,0.1830099374,-0.1201029420
0.6893479824,-0.0287080631,0.0473225713,0.0840947255,0.2120815665,0.2016680539,-0.1277105361
0.6995179653,-0.0366221890,0.0516797304,0.0784524307,0.3526092470,0.2476429939,-0.1281061321
0.7095600367,-0.0531505570,0.0513992310,0.0791775808,0.5400353074,0.2983389199,-0.1190042645
0.7195190191,-0.0598724708,0.0583677292,0.0923426971,0.7168292999,0.3498878777,-0.1258376688
0.7295320034,-0.0566849932,0.0766977668,0.1128332242,0.8445464969,0.4041338265,-0.1475264579
0.7395019531,-0.0559523329,0.0879684091,0.1256322414,0.9102558494,0.4717551768,-0.1735067815
0.7495299578,-0.0508753881,0.1003752351,0.1322028190,0.9068038464,0.5173506737,-0.2131085098
0.7595080137,-0.0434199199,0.1044706106,0.1486703902,0.8596481085,0.5540859699,-0.2494356334
0.7694820166,-0.0346495733,0.1041079760,0.1610886604,0.8136345744,0.5780853033,-0.2761189044
0.7795490026,-0.0324818715,0.1040730476,0.1703512222,0.7718831897,0.6031835079,-0.3028108478
0.7894970179,-0.0338579044,0.0994412899,0.1717611104,0.7396262288,0.6422432661,-0.3306637704
0.7994790077,-0.0318775997,0.0902426839,0.1585815698,0.7061915994,0.6941312551,-0.3575380147
0.8094719648,-0.0305839404,0.0733842254,0.1379086524,0.7174319625,0.7551394701,-0.3579414785
0.8194500208,-0.0252506360,0.0721938014,0.1019949540,0.7428953648,0.7839757204,-0.3836435080
0.8294540644,-0.0207984671,0.0752082467,0.0840491876,0.7770605683,0.7988579869,-0.4241347313
0.8409980536,-0.0170976147,0.0696774125,0.0772404298,0.8144430518,0.8053595424,-0.4475753307
0.8495060205,-0.0143399471,0.0563979745,0.0778660402,0.8964532018,0.8273788095,-0.4467130005
0.8594700098,-0.0165587291,0.0487707853,0.0763561353,0.9955146909,0.8506481647,-0.4394938350
0.8694449663,-0.0159949288,0.0566650033,0.0698352680,1.0829001665,0.8705169559,-0.4449956715
0.8794339895,-0.0017069211,0.0588365793,0.0562663861,1.1234530210,0.8781711459,-0.4620740116
0.8894109726,0.0136163598,0.0506639481,0.0555907078,1.0871444941,0.8894381523,-0.4865567088
0.8994129896,0.0260916129,0.0379953384,0.0555440970,1.0113503933,0.8930577040,-0.4950279295
0.9094229937,0.0365418568,0.0275887232,0.0490091629,0.9464568496,0.8689787388,-0.5022632480
0.9194140434,0.0438425913,0.0291522127,0.0448351689,0.9039565921,0.8472238779,-0.5074021220
0.9293899536,0.0374020115,0.0308596473,0.0412247963,0.8987245560,0.8385422230,-0.5179660320
0.9393960238,0.0271058455,0.0248791557,0.0329006501,0.9113374949,0.8652966022,-0.5255853534
0.9494220018,0.0227164403,0.0132642370,0.0199896879,0.9133873582,0.8801757097,-0.5373695493
0.9594060183,0.0348327532,0.0020182114,0.0140187331,0.8836134672,0.8702365160,-0.5479087234
0.9693759680,0.0574508086,0.0078013521,0.0153570957,0.8102593422,0.8406572938,-0.5657263398
0.9793889523,0.0721606389,0.0178622585,0.0334007330,0.7047892809,0.8225792050,-0.5846594572
0.9893890619,0.0693353191,0.0183101874,0.0524507351,0.6108849049,0.8186465502,-0.5845683813
0.9993699789,0.0615739003,0.0168275815,0.0602087565,0.5361130834,0.8223944306,-0.5781643987
1.0094790459,0.0517951623,0.0184165221,0.0613456555,0.4457176328,0.7873575687,-0.5938099623
1.0193740129,0.0585049763,0.0213698726,0.0726456270,0.3980309367,0.7505271435,-0.6073466539
1.0294669867,0.0564670339,0.0117656570,0.0943746194,0.3830817938,0.7535634041,-0.6137302518
1.0394769907,0.0359034911,0.0108736139,0.0991859064,0.3488335609,0.7681772709,-0.6244281530
1.0495810509,0.0270814076,0.0218995791,0.0903713331,0.3520466685,0.7775851488,-0.6521135569
1.0593409538,0.0388443843,0.0353874564,0.0885247812,0.3126380146,0.7843783498,-0.6967494488
1.0694069862,0.0448714867,0.0619564652,0.0893789157,0.2891036570,0.8094296455,-0.7457655072
1.0793319941,0.0346954837,0.0702254176,0.0903112516,0.2847543061,0.8347027302,-0.7862976193
1.0895440578,0.0226886645,0.0759216547,0.0973109826,0.3007601798,0.8473886847,-0.8172004223
1.0993300676,0.0185118094,0.0790762305,0.1155212745,0.3572889864,0.8615328074,-0.8396434188
1.1093530655,0.0143793589,0.0717086792,0.1402252465,0.4458681047,0.8685307503,-0.8514369726
1.1193009615,0.0101827746,0.0615815520,0.1647303253,0.5299949646,0.8968905210,-0.8601753116
1.1295380592,0.0089558130,0.0555011630,0.1644545943,0.5672139525,0.9215971828,-0.8794845939
1.1392910480,0.0194173828,0.0488067269,0.1665323526,0.5509672165,0.9586904645,-0.9020248652
1.1492949724,0.0328212753,0.0374853611,0.1646847278,0.4708198905,0.9792284966,-0.9275994897
1.1593149900,0.0393726006,0.0243796092,0.1604908258,0.3787877560,1.0126000643,-0.9415626526
1.1695050001,0.0350678340,0.0122149568,0.1529669315,0.2866612673,1.0524926186,-0.9428194165
1.1792269945,0.0323803797,0.0138251167,0.1539936215,0.2042219192,1.0859744549,-0.9525403976
1.1890970469,0.0244751945,0.0261859279,0.1626539975,0.1610960215,1.1338274479,-0.9421966672
1.1990870237,0.0202126876,0.0326876044,0.1736141592,0.1489613205,1.1786864996,-0.9350423217
1.2094930410,0.0117575293,0.0343508720,0.1939198524,0.1802215129,1.2687689066,-0.9282108545
1.2193340063,0.0000567802,0.0399025083,0.2025137693,0.2330144048,1.3407540321,-0.9329658747
1.2292569876,0.0057936679,0.0594499111,0.1865359694,0.3055272400,1.3613677025,-0.9628971815
1.2392569780,0.0299425498,0.0794804692,0.1654188782,0.3855440319,1.3735867739,-0.9821587205
1.2494770288,0.0501215830,0.0930278301,0.1400787383,0.4525843263,1.4122912884,-1.0164530277
1.2593029737,0.0457600728,0.0981230140,0.1231157407,0.4938108623,1.4743198156,-1.0487519503
1.2692290545,0.0421622172,0.0939038396,0.1194035634,0.5161774158,1.4903067350,-1.0743685961
1.2792299986,0.0421376601,0.0823020339,0.1365266591,0.5212696195,1.5244529247,-1.0852155685
1.2892520428,0.0290863886,0.0619776845,0.1483151466,0.5621635318,1.6124466658,-1.0815652609
1.2992500067,0.0242925063,0.0487415195,0.1502242833,0.5948968530,1.6627824306,-1.0999767780
1.3092160225,0.0335938111,0.0663595796,0.1620099694,0.5769242048,1.6621892452,-1.1530799866
1.3192080259,0.0524591580,0.0834828019,0.1747452766,0.5267660022,1.6753708124,-1.1913775206
1.3292260170,0.0703417435,0.0909751356,0.1646605283,0.4383493364,1.6700394154,-1.2348393202
1.3391879797,0.0713692084,0.0887226760,0.1619931608,0.3666758239,1.6981365681,-1.2583410740
1.3492200375,0.0652210489,0.0816851556,0.1669923216,0.3195823431,1.7252976894,-1.2892936468
1.3593289852,0.0556710735,0.0797047615,0.1788873821,0.3033784628,1.7570495605,-1.3118003607
1.3691880703,0.0554697886,0.0780361295,0.1938417703,0.2862916291,1.7694885731,-1.3416160345
1.3792430162,0.0606731549,0.0775970221,0.2041942030,0.2975714505,1.8335309029,-1.3622246981
1.3891800642,0.0623287931,0.0802555084,0.1928128749,0.3705148995,1.9217000008,-1.3670969009
1.3991980553,0.0650549307,0.1048571467,0.1831002384,0.4374571741,1.9700735807,-1.3950777054
1.4091320038,0.0680859461,0.1202083230,0.1886316091,0.5022026300,2.0154545307,-1.3964796066
1.4191499949,0.0804010406,0.1204346418,0.1782107502,0.6172745824,2.0482578278,-1.4148350954
1.4291349649,0.0668664351,0.0967817903,0.1778780371,0.6331108212,2.0885767937,-1.4639776945
1.4391670227,0.0388455763,0.0782394111,0.1989676505,0.5528072119,2.1293931007,-1.4928705692
1.4491080046,0.0383070484,0.0693360567,0.2141965181,0.4500150681,2.1723186970,-1.5047634840
1.4591220617,0.0457456484,0.0698267519,0.2175236493,0.3611057997,2.2163784504,-1.5219870806
1.4691120386,0.0434754863,0.0845985413,0.2042225152,0.3358662128,2.3037426472,-1.5320975780
1.4791140556,0.0333754197,0.0952807069,0.1766716987,0.3523200452,2.3766188622,-1.5240817070
1.4891140461,0.0301386490,0.1021402776,0.1629402786,0.3565248847,2.3820497990,-1.5177454948
1.4991550446,0.0484611765,0.0887366533,0.1942640096,0.3477669656,2.4076554775,-1.5147157907
1.5090990067,0.0553689972,0.0643508285,0.2214767486,0.3264028132,2.4127614498,-1.5232330561
1.5191609859,0.0579549447,0.0455613285,0.2392328531,0.2714167833,2.3639168739,-1.5611255169
1.5290709734,0.0672964826,0.0273294579,0.2191001326,0.1767861694,2.3308486938,-1.5927166939
1.5391010046,0.0708561316,-0.0065984149,0.1483811885,0.0085741207,2.2949388027,-1.6401747465
1.5490939617,0.0807621852,-0.0305632371,0.1099669561,-0.1905091554,2.2627551556,-1.7237559557
1.5591219664,0.0810525790,-0.0381742120,0.1040265188,-0.4012340307,2.3145890236,-1.7207559347
1.5692479610,0.0754490271,-0.0319503099,0.1219904050,-0.5882020593,2.3198735714,-1.6834759712
1.5793809891,0.0750764385,-0.0295194257,0.1657423526,-0.7804560661,2.3072047234,-1.6163303852
1.5891900063,0.0868174210,-0.0356361121,0.2082066089,-0.8759865761,2.3559663296,-1.5772714615
1.5992100239,0.0890581980,-0.0340134054,0.1998135597,-0.8381399512,2.4215707779,-1.5639106035
1.6091489792,0.0908254161,0.0105283391,0.1285602003,-0.6874418259,2.3960800171,-1.5564138889
1.6191560030,0.1117771044,0.0497133434,0.0934140310,-0.4416509569,2.3459775448,-1.5137671232
1.6291229725,0.1438801587,0.0617147684,0.0287710615,-0.2330175936,2.2668261528,-1.4592175484
1.6391179562,0.1810334027,0.0603165478,0.0075881672,-0.0634830296,2.1476442814,-1.4256286621
1.6491520405,0.2004356682,0.0400223881,-0.0018449237,0.0133880507,2.0178096294,-1.4290899038
1.6591110229,0.2056359947,0.0285628866,0.0130390115,-0.0165433493,1.8988188505,-1.4421060085
1.6691809893,0.1940464079,0.0113003682,0.0413756557,-0.1520753503,1.7683646679,-1.4507269859
1.6791820526,0.1750345528,-0.0239612628,0.0982514843,-0.3184553981,1.7520872355,-1.4536920786
1.6890890598,0.1486851275,-0.0452104658,0.1293758899,-0.4162975252,1.8441703320,-1.4712191820
1.6991490126,0.1218712106,-0.0238522459,0.1011572108,-0.2981761098,2.0130066872,-1.4585874081
1.7091239691,0.1056710854,0.0420138240,-0.0011002233,-0.1127425879,2.0204389095,-1.3822729588
1.7191489935,0.1319904625,0.1047865972,-0.0514356308,0.1229932457,1.9881691933,-1.2441159487
1.7292139530,0.1444523335,0.0726385340,-0.0784020200,0.2184699625,1.8862154484,-1.1287832260
1.7392079830,0.1461394429,-0.0094684381,-0.0153116398,0.1025502831,1.6910765171,-1.0945010185
1.7491799593,0.1306144595,-0.0994373411,0.0796991810,-0.1822068691,1.5536882877,-1.1539676189
1.7591819763,0.0982441381,-0.1756883711,0.1483228356,-0.5060048103,1.5106798410,-1.2660779953
1.7691520452,0.0776009336,-0.1804837584,0.1360611469,-0.7098205090,1.5120918751,-1.2914422750
1.7791789770,0.0860672966,-0.1008869633,0.0294982381,-0.7288907170,1.4822893143,-1.2593634129
1.7891340256,0.0955731347,0.0012652855,-0.0755060092,-0.6254830956,1.4687889814,-1.1817934513
1.8048180342,0.1021123305,0.0553640127,-0.1305674165,-0.5265378952,1.4724915028,-1.0883964300
1.8351230621,0.1067990437,0.0413324162,-0.1375734061,-0.5310702920,1.4710544348,-1.0023301840
1.8352130651,0.0950022414,-0.0007962752,-0.0989775434,-0.6322057843,1.4193766117,-0.9541158080
1.8352420330,0.0512385145,-0.0358145237,-0.0240534358,-0.8080007434,1.3784714937,-0.9537277818
1.8410049677,-0.0027107529,-0.0614864007,0.0651568398,-0.8802174926,1.4644577503,-0.9574219584
1.8491090536,-0.0345898494,-0.0437409729,0.0614259429,-0.8312377334,1.4860671759,-0.9745945334
1.8591389656,-0.0169536099,0.0444384292,0.0087784715,-0.6431347728,1.4576072693,-0.9734801650
1.8689570427,0.0287821367,0.1212407276,-0.0671725646,-0.3553853333,1.3860497475,-0.9774666429
1.8788670301,0.0564545617,0.1507921815,-0.1146496907,-0.0854792744,1.3738783598,-0.8947076201
1.8911730051,0.0756596252,0.1559440196,-0.1278931946,0.0815145075,1.3007085323,-0.8529164791
1.9025989771,0.0681747869,0.1501467526,-0.0956552997,0.0856172368,1.1979856491,-0.8703157902
1.9090499878,0.0473124161,0.1210993528,-0.0345936827,-0.0901671052,1.0486328602,-0.9276560545
1.9193719625,0.0121938800,0.0426677316,0.0504101105,-0.4300776720,1.0015847683,-0.9972318411
1.9291590452,-0.0524601713,-0.0608164519,0.1456769854,-0.7586385012,1.1226330996,-1.0434701443
1.9388509989,-0.0942504331,-0.1020978913,0.1626069099,-0.8113806844,1.3144134283,-1.0669851303
1.9488480091,-0.0880244747,-0.0197221655,0.0563861318,-0.5749401450,1.3866282701,-1.0856792927
1.9590370655,-0.0300626233,0.1527440697,-0.1005513445,-0.1971444190,1.2781547308,-1.1139262915
1.9688210487,0.0446976200,0.2361760736,-0.1571654528,0.0726204813,1.1642057896,-1.0591938496
1.9787989855,0.1176458076,0.2084446996,-0.1311805695,0.1721255034,1.1152037382,-1.0047627687
1.9888000488,0.1209464297,0.1167455241,-0.0675007477,0.0774213597,1.0750075579,-0.9948745370
1.9991019964,0.0786318481,0.0318807065,0.0169031806,-0.1549386382,1.0461945534,-1.0295861959
2.0088658333,0.0451630279,-0.0380172879,0.0745403990,-0.3951602876,1.0633114576,-1.0603387356
2.0187590122,0.0446469933,-0.0667567328,0.0801900253,-0.4881942272,1.0933666229,-1.0859649181
2.0288939476,0.0653621778,-0.0243868101,0.0005569051,-0.3685330749,1.0772640705,-1.0774449110
2.0388331413,0.1070674136,0.0711781308,-0.1192031279,-0.1649533212,0.9670041203,-1.0311883688
2.0487949848,0.1584427655,0.1223301813,-0.1584483832,0.0395034067,0.8645701408,-0.9456757307
2.0591340065,0.1829711795,0.0985428989,-0.1701704115,0.1170850173,0.7534548044,-0.8855151534
2.0688180923,0.1791005731,0.0417519659,-0.1292710751,0.0772015229,0.6645725965,-0.8689750433
2.0788969994,0.1507209837,-0.0241153631,-0.0799559727,-0.0855546445,0.5876098871,-0.8471139669
2.0888328552,0.1284189224,-0.0584041253,-0.0270968489,-0.2326583266,0.5493549109,-0.8127666116
2.0988368988,0.1107644588,-0.0874480531,-0.0262138061,-0.3538730443,0.4865359962,-0.7995257974
2.1091060638,0.1100292951,-0.0890924633,-0.0411439948,-0.4071005881,0.4564705193,-0.7674219012
2.1187820435,0.1162777171,-0.0792082474,-0.0629673973,-0.3899601996,0.4282061160,-0.7130673528
2.1289310455,0.1227647290,-0.0416549593,-0.0995775238,-0.3193816543,0.3823970854,-0.6342026591
2.1391010284,0.1460375339,0.0000043195,-0.1125064269,-0.2006874979,0.3325594962,-0.5702196360
2.1489369869,0.1515467167,0.0142032485,-0.1273136586,-0.1170463786,0.2642251849,-0.5124657750
2.1594290733,0.1457858980,0.0095147323,-0.1107815281,-0.0795936882,0.2318493873,-0.4581020176
2.1689591408,0.1266931444,-0.0196431596,-0.0834994689,-0.1094013900,0.2063128650,-0.4175447524
2.1790120602,0.1018900871,-0.0316431373,-0.0505593829,-0.1572269648,0.1687985212,-0.3864587247
2.1891460419,0.0793627724,-0.0412510484,-0.0333171301,-0.2040871531,0.1441080868,-0.3565189540
2.1989500523,0.0619015731,-0.0463476628,-0.0200448446,-0.2338487804,0.1226350144,-0.3404214680
2.2096471786,0.0582706369,-0.0466751605,-0.0155005865,-0.2348400056,0.1088329181,-0.3286449611
2.2188999653,0.0663865432,-0.0340685695,-0.0235960893,-0.1889513433,0.1018911228,-0.3073857427
2.2290601730,0.0795231685,-0.0072375704,-0.0482593589,-0.1172273606,0.0684351623,-0.2849086821
2.2391510010,0.0861258581,0.0164749753,-0.0640258566,-0.0562349670,0.0350481719,-0.2443627119
2.2489261627,0.0883703604,0.0188564193,-0.0738862529,-0.0676077381,-0.0193394348,-0.2195670903
2.2593679428,0.0704992488,-0.0036924053,-0.0545465760,-0.1539763063,-0.0369754210,-0.2034548372
2.2688808441,0.0429612286,-0.0379990786,-0.0275561027,-0.2586816847,-0.0354297236,-0.1778943539
2.2790179253,0.0154070994,-0.0597656518,-0.0203502588,-0.3580433130,-0.0349074751,-0.1523329318
2.2891421318,0.0026322335,-0.0581298918,-0.0121742897,-0.3743447661,-0.0091736177,-0.1280534267
2.2993040085,-0.0019032737,-0.0493290424,-0.0176034383,-0.2798912227,0.0431801341,-0.0912767574
2.3094921112,-0.0032814599,-0.0129498858,-0.0414705686,-0.0913146585,0.0664777309,-0.0373775735
2.3188099861,0.0107444627,0.0332167894,-0.0610486083,0.1233825907,0.0300984215,0.0147696510
2.3289580345,0.0320779569,0.0627434850,-0.0616448335,0.2583763599,-0.0381474793,0.0363657549
2.3388829231,0.0458514243,0.0431010574,-0.0463551097,0.2130756080,-0.1090834364,0.0315453000
2.3488769531,0.0381211005,-0.0193237830,-0.0028376391,0.0446706042,-0.1329850405,0.0137572503
2.3592829704,0.0124645373,-0.0877290815,0.0148698874,-0.1708378494,-0.1391126961,-0.0083652306
2.3688631058,0.0015673334,-0.1054708660,0.0076545072,-0.3625566661,-0.1845523566,-0.0238725506
2.3788740635,0.0063463594,-0.0817699432,-0.0028213074,-0.4808483124,-0.2016506493,-0.0417411625
2.3888669014,-0.0025446124,-0.0583890080,-0.0136441402,-0.5226019025,-0.1838676631,-0.0492640585
2.3988749981,-0.0012781551,-0.0205579568,-0.0254792981,-0.4481857121,-0.1553100497,-0.0261254534
2.4089908600,0.0110304868,0.0213000160,-0.0331719331,-0.2658955157,-0.1344620287,-0.0030153391
2.4188129902,0.0220120028,0.0752566159,-0.0493019037,-0.0279515311,-0.1376277357,0.0361465812
2.4288239479,0.0333893336,0.1107895970,-0.0687054768,0.1984523237,-0.1644162089,0.0733458772
2.4387941360,0.0418656692,0.1086221337,-0.0817023292,0.3087753654,-0.2168498486,0.0916702896
2.4489221573,0.0420182236,0.0701118261,-0.0515217595,0.3173116148,-0.2209591120,0.1033772752
2.4588789940,0.0200315900,-0.0016924608,-0.0332476310,0.2084981501,-0.2282340676,0.1013768464
2.4687328339,0.0067779045,-0.0467654914,-0.0123932771,0.0442375764,-0.2475923151,0.1111786067
2.4789471626,0.0023726516,-0.0743314922,-0.0026649644,-0.1147526056,-0.2604628503,0.1241183877
2.4888679981,-0.0071017784,-0.0872801542,0.0017635415,-0.2373853177,-0.2753147483,0.1232379377
2.4987959862,-0.0332484096,-0.0844983906,0.0037032554,-0.3290145695,-0.2973747849,0.1266334653
2.5087399483,-0.0361482725,-0.0697369128,-0.0041476302,-0.3472305834,-0.2889653146,0.1265916526
2.5187001228,-0.0331971459,-0.0546829998,-0.0265833549,-0.3194218576,-0.2951726019,0.1255503595
2.5286798477,-0.0284439735,-0.0122292656,-0.0382197313,-0.2457724214,-0.3019210696,0.1446657330
2.5386729240,-0.0244325362,0.0231311750,-0.0368633680,-0.1486677080,-0.3073690832,0.1701327413
2.5487661362,-0.0191401914,0.0433522314,-0.0361575298,-0.0301455799,-0.3180637956,0.1871175766
2.5586719513,-0.0165297240,0.0473911464,-0.0380570106,0.0979073346,-0.3169828355,0.1976451874
2.5686869621,-0.0146326916,0.0436423123,-0.0397516303,0.1578819752,-0.3421427906,0.2009536326
2.5786781311,-0.0162695535,0.0296248626,-0.0111214332,0.1706979126,-0.3472904265,0.2126656771
2.5886809826,-0.0362451337,-0.0201265533,0.0164611526,0.0947333723,-0.3244008124,0.2083207369
2.5987219810,-0.0644157827,-0.0524189323,0.0368876643,-0.0100590847,-0.2923041284,0.1805583537
2.6086559296,-0.0716333017,-0.0518688709,0.0365655608,-0.0658331364,-0.2554275990,0.1686718613
2.6186680794,-0.0579706207,-0.0344344527,0.0215801783,-0.0662146285,-0.2084161490,0.1673065871
2.6286640167,-0.0458412617,-0.0063069332,0.0065595098,-0.0141791282,-0.1780329496,0.1734475791
2.6385920048,-0.0320966914,0.0196250062,0.0053672385,0.0646642894,-0.1603138596,0.1743402630
2.6486229897,-0.0223414078,0.0386611372,0.0102216192,0.1499858350,-0.1531957686,0.1795464903
2.6586439610,-0.0162020549,0.0526424795,0.0132349916,0.2014981806,-0.1901274323,0.1882466227
2.6686968803,-0.0091663832,0.0469854921,0.0144937225,0.1910889447,-0.2170458585,0.1746173650
2.6785998344,-0.0248236582,0.0080225151,0.0264285393,0.1141633987,-0.1996692568,0.1522517353
2.6885919571,-0.0591587946,-0.0204530973,0.0262580104,0.0040233107,-0.1780401319,0.1564379632
2.6986210346,-0.0783127919,-0.0247425158,0.0258796401,-0.1004117504,-0.1970708221,0.1502594352
2.7086138725,-0.0839326382,-0.0302316863,0.0331888981,-0.1942229271,-0.1991558075,0.1163419485
2.7186059952,-0.0878155455,-0.0358299911,0.0413108654,-0.2668097615,-0.1871571988,0.0855065361
2.7285828590,-0.0901291296,-0.0284309108,0.0453804322,-0.2979112267,-0.1608686000,0.0630475655
2.7386231422,-0.0830914900,-0.0035370905,0.0357477851,-0.2746056318,-0.1340796053,0.0501099303
2.7486350536,-0.0753393769,0.0277968626,0.0242613144,-0.2085190415,-0.1186870560,0.0404024422
2.7585589886,-0.0733769760,0.0524976999,0.0129939504,-0.1137201041,-0.0912900642,0.0327181593
2.7686181068,-0.0760760978,0.0639116764,0.0176025815,-0.0295743309,-0.0619361624,0.0144083919
2.7785520554,-0.0835530758,0.0671888441,0.0252755471,0.0119436849,-0.0404108986,-0.0059460145
2.7885131836,-0.0763809755,0.0591817796,0.0341562219,0.0225689001,-0.0245147571,-0.0315539055
2.7985570431,-0.0692260638,0.0384053886,0.0401676483,-0.0042086532,0.0016662470,-0.0699486956
2.8085298538,-0.0663169548,0.0279178005,0.0470221825,-0.0332490951,0.0365302190,-0.0914023221
2.8186278343,-0.0589006916,0.0238057058,0.0401689596,-0.0333653390,0.0577494912,-0.1095998436
2.8285310268,-0.0469611660,0.0313016921,0.0323096700,-0.0035896013,0.0760493949,-0.1214256063
2.8385210037,-0.0381628349,0.0399028957,0.0313088484,0.0315943509,0.0816556215,-0.1225485280
2.8485560417,-0.0312429592,0.0398454815,0.0274403282,0.0549803674,0.0935932398,-0.1226422712
2.8585329056,-0.0212887898,0.0282366257,0.0236705132,0.0645669475,0.0958097950,-0.1226657107
2.8685488701,-0.0133595252,0.0146834087,0.0198959894,0.0516511500,0.1074938774,-0.1195452809
2.8785381317,-0.0094497660,-0.0008122642,0.0141825862,0.0397807732,0.1223814785,-0.1175078303
2.8885159492,-0.0114841098,-0.0164988358,0.0093789883,0.0045607365,0.1179156229,-0.1078927517
2.8985140324,-0.0058454652,-0.0216609705,0.0074675870,-0.0221399814,0.1167046875,-0.1004299074
2.9085469246,0.0005741486,-0.0241359938,0.0084421225,-0.0338666812,0.1103011146,-0.0886938870
2.9184799194,0.0050320397,-0.0218892265,0.0074002934,-0.0379903167,0.0868807435,-0.0736646056
2.9284780025,0.0144558316,-0.0176533181,0.0073434901,-0.0325750448,0.0699853823,-0.0544357859
2.9384651184,0.0190202594,-0.0181018282,0.0092801042,-0.0240255035,0.0637493208,-0.0416534133
2.9487161636,0.0186336860,-0.0126043428,0.0004398415,-0.0155204302,0.0597215593,-0.0203854069
2.9588150978,0.0191804990,-0.0087417830,-0.0063738036,0.0035957405,0.0653538778,-0.0034346536
2.9684669971,0.0167972818,-0.0055351276,-0.0160714798,0.0249367151,0.0655371100,-0.0013259627
2.9786238670,0.0191818550,0.0096459817,-0.0237805657,0.0378387980,0.0528420843,0.0019328140
2.9884819984,0.0195897147,0.0200553518,-0.0168165378,0.0293417163,0.0484830216,-0.0001577672
2.9984998703,0.0104552796,0.0135963839,-0.0108886771,0.0081389602,0.0364351459,-0.0149383107
3.0084800720,0.0003072017,0.0127597433,-0.0030683090,-0.0056056138,0.0223891027,-0.0201495849
3.0184760094,-0.0077225422,0.0079084318,-0.0069717574,-0.0055604726,0.0191325881,-0.0265048184
3.0284800529,-0.0138284424,0.0108698737,-0.0128620081,0.0030207643,0.0149056194,-0.0286081843
3.0384860039,-0.0141058350,0.0159948897,-0.0137849860,0.0232831575,0.0151114818,-0.0222466905
3.0484759808,-0.0162814111,0.0144113284,-0.0127294473,0.0393065996,0.0120653585,-0.0179885626
3.0584499836,-0.0194602087,0.0118240695,-0.0058105397,0.0372185484,0.0066974903,-0.0190153457
3.0684890747,-0.0185731575,0.0032767933,0.0021107385,0.0287915077,-0.0041192039,-0.0263760556
3.0784730911,-0.0194566101,-0.0063836295,0.0060720039,0.0043275771,-0.0097627090,-0.0390704125
3.0885438919,-0.0221736804,-0.0104634929,0.0089382119,-0.0180650800,-0.0110410256,-0.0432960503
3.0984458923,-0.0219370797,-0.0077947546,0.0088657327,-0.0287507474,-0.0048188167,-0.0560781583
3.1084408760,-0.0246891156,-0.0051449109,0.0116806217,-0.0203119889,0.0091044558,-0.0604239069
3.1184101105,-0.0275614485,0.0024338793,0.0047446080,-0.0022779936,0.0231310595,-0.0615907684
3.1283960342,-0.0266731530,0.0141900014,-0.0011634042,0.0200566053,0.0318814069,-0.0584759340
3.1385200024,-0.0238297209,0.0173685681,-0.0020760705,0.0317706540,0.0362271518,-0.0606361590
3.1483979225,-0.0190036967,0.0129070859,0.0078156181,0.0222043116,0.0329104513,-0.0648575351
3.1583859921,-0.0160327703,-0.0005202610,0.0157692619,-0.0087176515,0.0346785262,-0.0797193050
3.1684470177,-0.0149666900,-0.0161339957,0.0265910216,-0.0375234671,0.0344194025,-0.0839470774
3.1783959866,-0.0139958495,-0.0134499539,0.0216509886,-0.0322271064,0.0387486331,-0.0829184279
3.1884031296,-0.0130616510,-0.0028481949,0.0127969570,-0.0108879954,0.0399824791,-0.0829413310
3.1983859539,-0.0130859846,0.0079018902,0.0020073841,0.0115271667,0.0391092263,-0.0808285102
3.2083239555,-0.0140935713,0.0138313454,-0.0029011180,0.0136531685,0.0401944630,-0.0808370337
3.2183699608,-0.0140464464,0.0079966318,-0.0028661897,-0.0076748915,0.0420706607,-0.0914554596
3.2286028862,-0.0150200510,-0.0068351943,0.0010882209,-0.0226338655,0.0409497358,-0.0840010047
3.2382879257,-0.0091608400,-0.0147376377,0.0050443001,-0.0267869309,0.0291082580,-0.0902965814
3.2483811378,-0.0072637727,-0.0050163586,0.0059773517,-0.0235948674,0.0270680096,-0.0817864537
3.2583341599,-0.0004154226,0.0037752222,0.0040244050,-0.0192806795,0.0165258851,-0.0689741150
3.2683758736,0.0104383370,0.0008341353,0.0011759589,-0.0139434384,0.0144749871,-0.0636525899
3.2783210278,0.0135169541,-0.0032309014,-0.0046880054,-0.0161015317,0.0155668817,-0.0583434440
3.2884168625,0.0106029576,-0.0044485796,-0.0037700941,-0.0226161554,0.0252173785,-0.0488399528
3.2982058525,0.0075906436,-0.0017581601,0.0010413120,-0.0279505998,0.0230772644,-0.0445739664
3.3083510399,0.0085402569,-0.0087132026,0.0069198203,-0.0333296545,0.0273289997,-0.0424729995
3.3182911873,0.0084535396,-0.0108582843,0.0108111687,-0.0407963581,0.0241204239,-0.0360731557
3.3282980919,0.0112303114,-0.0072089452,0.0088190623,-0.0301692821,0.0253713112,-0.0244023874
3.3384380341,0.0129336482,-0.0015612412,0.0029303620,-0.0110427234,0.0320212245,-0.0138341645
3.3482508659,0.0125768250,0.0032828879,-0.0009751131,0.0060483781,0.0268911757,-0.0042513120
3.3586230278,0.0102554774,0.0082614999,-0.0038931777,0.0113624511,0.0259462874,0.0053120991
3.3685531616,0.0041531543,0.0024255943,-0.0038665344,-0.0067409193,0.0194207430,0.0085542314
3.3786680698,0.0000472510,-0.0026202668,-0.0029108932,-0.0302096270,0.0171109848,0.0096478583
3.3883759975,-0.0021240048,-0.0039308686,0.0019258449,-0.0536957793,0.0169384107,0.0107277706
3.3985328674,-0.0082262689,-0.0054785330,0.0027826021,-0.0633525327,0.0232714079,0.0106959455
3.4083039761,-0.0085243070,-0.0041020531,0.0007368515,-0.0569550917,0.0233390518,0.0128158219
3.4182081223,-0.0069810082,0.0052239131,-0.0003246476,-0.0366763137,0.0245462619,0.0106691811
3.4280691147,-0.0103155011,0.0127026122,0.0005658458,-0.0260114186,0.0277897269,0.0053287442
3.4384729862,-0.0135623747,0.0104585271,0.0034548233,-0.0270449929,0.0266456325,-0.0031648756
3.4484939575,-0.0127495015,0.0014541131,0.0064227767,-0.0269544460,0.0222258512,-0.0201345384
3.4582920074,-0.0109481597,0.0022211056,0.0054314919,-0.0311614424,0.0188950337,-0.0296665244
3.4681229591,-0.0139387185,0.0068188887,-0.0005287339,-0.0321798362,0.0145756537,-0.0338873677
3.4780960083,-0.0139509151,0.0114829671,-0.0025527885,-0.0310812779,0.0103169931,-0.0338644646
3.4883639812,-0.0138658071,0.0103053879,-0.0055076289,-0.0246486813,0.0061097313,-0.0317168906
3.4984221458,-0.0127515653,0.0013019573,-0.0025874188,-0.0256605502,0.0017730399,-0.0380628072
3.5082540512,-0.0096549178,-0.0048593450,0.0032525251,-0.0352444649,0.0005937921,-0.0422980301
3.5182828903,-0.0085299322,-0.0052473862,0.0031615088,-0.0459268056,0.0026260503,-0.0444262959
3.5282311440,-0.0073416312,-0.0048346985,0.0010985921,-0.0746340826,-0.0104396846,-0.0464463010
3.5384678841,-0.0002777210,-0.0045523662,0.0039000104,-0.0906010643,-0.0127707487,-0.0549204834
3.5482220650,0.0021105104,-0.0093747098,0.0076294136,-0.1117561534,-0.0322634913,-0.0654032156
3.5582399368,-0.0032373152,-0.0067202169,0.0160428472,-0.1521906555,-0.0444120318,-0.0748590380
3.5681669712,-0.0054902588,-0.0122521538,0.0224923678,-0.1937668622,-0.0469620116,-0.0854373798
3.5783429146,-0.0057317247,-0.0170931537,0.0249895044,-0.2225593626,-0.0493458025,-0.0875239670
3.5882921219,-0.0051087295,-0.0103650708,0.0234867521,-0.2322101295,-0.0419842936,-0.0928769186
3.5981819630,-0.0055093621,-0.0075777043,0.0181023069,-0.2205939442,-0.0258822888,-0.0961803049
3.6082029343,-0.0031665347,-0.0015894044,0.0069245887,-0.1844394058,-0.0106032025,-0.0920550674
3.6181879044,-0.0040561040,0.0145857465,-0.0051905923,-0.1302808225,0.0208753608,-0.0837939382
3.6281771660,-0.0062122573,0.0275614541,-0.0102857761,-0.0492773280,0.0280872006,-0.0637118444
3.6382918358,-0.0054178094,0.0382372439,-0.0132614784,-0.0001622466,0.0252900831,-0.0605418831
3.6481928825,-0.0065175523,0.0376084000,-0.0063506174,0.0233207084,0.0233795326,-0.0552339368
3.6581931114,-0.0074261506,0.0204481762,-0.0022641232,0.0190808233,0.0211784281,-0.0584021658
3.6681599617,-0.0093206177,0.0089510214,-0.0002176573,-0.0000883434,0.0156861916,-0.0583531633
3.6781501770,-0.0053460156,0.0020449590,-0.0031046679,-0.0395818241,0.0164252184,-0.0615189970
3.6882171631,-0.0033623881,-0.0032922495,-0.0031745245,-0.0716196522,0.0193565600,-0.0647028089
3.6981649399,-0.0023464046,-0.0108902026,-0.0023129990,-0.0822647065,0.0150137441,-0.0636075810
3.7080969810,0.0006076315,-0.0048857350,-0.0054366994,-0.0672753677,0.0087350756,-0.0614525490
3.7181000710,-0.0003610557,0.0080815237,-0.0095701031,-0.0416040942,0.0004270782,-0.0561038554
3.7281479836,-0.0011739662,0.0105399173,-0.0096986704,-0.0234264247,-0.0057906043,-0.0497018844
3.7381930351,-0.0038978837,0.0083741527,-0.0058727073,-0.0116854785,-0.0088353958,-0.0411902890
3.7479491234,-0.0027486316,0.0102356803,-0.0049387030,-0.0117081152,-0.0077304505,-0.0369478725
3.7579178810,-0.0005318380,0.0003862511,-0.0019920876,-0.0202435479,-0.0098977303,-0.0326782949
3.7679638863,0.0026297041,-0.0104786921,-0.0009869745,-0.0245623961,-0.0035274497,-0.0337789766
3.7782721519,-0.0021823726,-0.0115921218,-0.0000703742,-0.0224772729,0.0018484073,-0.0316893272
3.7881619930,-0.0031990639,-0.0049137045,-0.0001467278,-0.0225489102,0.0072644781,-0.0232252702
3.7980949879,-0.0023658357,0.0007958096,0.0046893544,-0.0140993679,0.0159296058,-0.0179773774
3.8081059456,-0.0044306745,0.0006072950,0.0017236064,-0.0140852528,0.0138012078,-0.0169011950
3.8181028366,-0.0035657964,0.0023845267,0.0036458562,-0.0236891434,0.0137215778,-0.0168913398
3.8281068802,-0.0026402257,-0.0028202552,0.0045895763,-0.0386204198,0.0125282155,-0.0179355647
3.8380880356,-0.0037609793,-0.0051140208,0.0103982277,-0.0419206135,0.0232173447,-0.0148151405
3.8480570316,-0.0058363457,-0.0074253250,0.0083752461,-0.0386358686,0.0136145186,-0.0158175528
3.8580579758,-0.0010922035,0.0012017172,0.0073638749,-0.0183325950,0.0105745215,-0.0147497598
3.8681149483,-0.0011068663,0.0001465660,0.0015002082,-0.0055568777,0.0118057001,-0.0073299259
3.8780961037,-0.0040317853,0.0010151248,-0.0044004135,-0.0118909404,0.0011147064,-0.0019444821
3.8881700039,-0.0020828031,0.0018330347,-0.0024869253,-0.0311040506,0.0009661020,-0.0019301010
3.8980488777,-0.0068555404,-0.0044880230,-0.0064853239,-0.0534949787,-0.0024094547,-0.0018945477
3.9080550671,-0.0106902802,-0.0041569192,-0.0047181658,-0.0790338963,-0.0080417739,-0.0124641014
3.9180190563,-0.0124487812,-0.0049936045,-0.0059041786,-0.0981824175,-0.0094047803,-0.0294397566
3.9283008575,-0.0151059786,-0.0068993885,-0.0071154046,-0.1044642851,-0.0202321280,-0.0399890691
3.9380588531,-0.0169023573,0.0029234719,-0.0044859461,-0.0885383189,-0.0125654191,-0.0326123796
3.9480190277,-0.0188057348,0.0139870476,-0.0047002845,-0.0512671098,-0.0036813803,-0.0273840614
3.9579620361,-0.0167908072,0.0195552092,-0.0096814446,-0.0139855165,0.0009922009,-0.0146922357
3.9680008888,-0.0070232679,0.0255556982,-0.0125374012,0.0212582238,-0.0040156073,-0.0072476347
3.9780089855,-0.0029583804,0.0141452681,-0.0153183155,0.0233422816,0.0034540268,-0.0104843080
3.9883499146,-0.0028752096,0.0026888084,-0.0113012604,0.0094203399,0.0097409515,-0.0126401372
3.9980120659,-0.0029025904,-0.0020778496,-0.0044287257,-0.0034038462,0.0128198313,-0.0158377942
4.0080180168,-0.0009369186,-0.0049902666,-0.0024491956,-0.0107898572,0.0052175727,-0.0232200753
4.0179939270,0.0011300364,-0.0021234769,-0.0014887860,-0.0075064451,-0.0054294793,-0.0220940914
4.0281467438,0.0023202368,0.0036560278,-0.0044874959,0.0021863962,-0.0170840044,-0.0188381113
4.0380058289,-0.0003361038,0.0046328735,-0.0025938561,0.0096597578,-0.0201658141,-0.0103213219
4.0479149818,0.0009057143,0.0026761871,-0.0026045253,0.0107327458,-0.0233094096,-0.0039273384
4.0579242706,-0.0027050308,-0.0021626968,0.0012845586,0.0064907293,-0.0296895448,0.0035528149
4.0679960251,-0.0024021126,-0.0051227678,0.0002908299,-0.0084685124,-0.0287182909,0.0056817462
4.0780029297,-0.0050235172,-0.0111114699,0.0021891186,-0.0212780498,-0.0277688727,0.0035608048
4.0879569054,-0.0037898056,-0.0123210717,0.0021274278,-0.0309125669,-0.0256785583,0.0067411517
4.0979528427,-0.0026578985,-0.0018145610,0.0010300467,-0.0191777498,-0.0266173221,0.0109871626
4.1079397202,-0.0035131059,0.0048771929,0.0019275139,-0.0085844928,-0.0179577880,0.0141107850
4.1179661751,-0.0053856079,0.0145640206,0.0057226014,-0.0000177696,-0.0221472066,0.0162560921
4.1279120445,-0.0042666425,0.0136390608,0.0106075592,0.0042390265,-0.0168520436,0.0066572623
4.1378898621,-0.0098890821,0.0048205834,0.0076698256,0.0009974269,-0.0094527174,0.0002385110
4.1479301453,-0.0127232606,0.0048437845,0.0056896396,0.0030898731,-0.0030510102,-0.0029916370
4.1579098701,-0.0137170414,0.0079061370,0.0076551032,0.0073140459,0.0065139998,-0.0126156351
4.1678490639,-0.0147252837,0.0119306277,0.0057023359,0.0062447870,0.0075563602,-0.0147464303
4.1778879166,-0.0107995505,0.0100845974,0.0008897374,0.0115982732,0.0075518335,-0.0211286955
4.1878938675,-0.0058693816,0.0102470201,-0.0049087214,0.0191400796,0.0011519907,-0.0264044181
4.1979103088,-0.0047733788,0.0112922173,-0.0078324489,0.0053157434,-0.0053658299,-0.0263534188
4.2078170776,-0.0026814051,0.0063761454,-0.0019572785,-0.0138851153,-0.0065922155,-0.0273944475
4.2178850174,-0.0063918908,-0.0016437639,0.0067798686,-0.0330722593,-0.0078524230,-0.0316191539
4.2278780937,-0.0071477820,-0.0068891216,0.0096210428,-0.0479880944,-0.0080404421,-0.0401066467
4.2379021645,-0.0108210677,-0.0083563942,0.0084907003,-0.0437207744,-0.0080007613,-0.0390463099
4.2479901314,-0.0086920122,0.0029948037,0.0024870227,-0.0234437324,-0.0078348462,-0.0379991531
4.2578339577,-0.0084878663,0.0077119153,-0.0015056541,-0.0085071288,-0.0097928029,-0.0305604134
4.2678899765,-0.0072930832,0.0067151319,-0.0063922815,0.0064241509,-0.0085994396,-0.0295161884
4.2779197693,-0.0061128889,0.0058237147,-0.0102809481,0.0150179043,-0.0170432590,-0.0252197105
4.2881941795,0.0009805629,0.0070031863,-0.0112042241,0.0118791033,-0.0255997293,-0.0230372511
4.2978849411,-0.0006044215,0.0002364051,-0.0082829408,-0.0084056612,-0.0246990472,-0.0240902640
4.3078231812,-0.0002757690,-0.0086246897,-0.0014399101,-0.0202010684,-0.0215112437,-0.0156035684
4.3178448677,-0.0009999803,-0.0087845940,0.0023843239,-0.0223564953,-0.0172904003,-0.0198783409
4.3278923035,-0.0027815185,-0.0011250544,0.0061848951,-0.0127688525,-0.0182123873,-0.0113799293
4.3378429413,0.0003457287,-0.0001784880,0.0051910472,0.0053441054,-0.0148509443,-0.0103548774
4.3478078842,-0.0005007989,0.0038259607,0.0022436569,0.0234213769,-0.0072114002,-0.0082922596
4.3578071594,-0.0023703806,0.0059667509,-0.0036006381,0.0233265683,0.0003575698,0.0022839517
4.3678312302,-0.0014608210,0.0081044417,-0.0035580208,0.0147296172,0.0056713750,0.0065050623
4.3778300285,0.0024328672,-0.0005671848,-0.0054079699,0.0019148868,0.0076780664,0.0022491976
4.3878059387,0.0053170840,-0.0024685729,-0.0024382283,-0.0044226376,-0.0009122255,0.0033717202
4.3978109360,0.0062862406,0.0024267416,-0.0014816334,-0.0000886098,-0.0073213889,0.0002243964
4.4077558517,0.0044675986,0.0033476334,-0.0005451252,-0.0085153840,-0.0202302635,-0.0018107913
4.4178061485,0.0007894927,0.0022647660,0.0023097584,-0.0148992483,-0.0203335937,-0.0081802737
4.4277811050,-0.0028455562,-0.0008325893,0.0041867681,-0.0159157757,-0.0257035922,-0.0102695236
4.4377641678,-0.0064959158,0.0048696976,-0.0008055975,0.0000627907,-0.0244489759,-0.0028514215
4.4477968216,-0.0034023307,0.0157023352,-0.0066964440,0.0267303549,-0.0241973083,0.0024402796
4.4577512741,-0.0001939020,0.0180371683,-0.0154252462,0.0502621792,-0.0314656086,0.0056561800
4.4678149223,0.0060576717,0.0145921092,-0.0201716237,0.0375501141,-0.0433206670,0.0057419334
4.4777240753,0.0045306752,0.0070298295,-0.0123404078,0.0076836930,-0.0436058939,-0.0006098389
4.4877328873,-0.0008499852,-0.0047979373,-0.0016419699,-0.0296016261,-0.0503615364,-0.0069143400
4.4977669716,-0.0042512943,-0.0110992510,0.0060153198,-0.0637060702,-0.0528515875,-0.0164324772
4.5077409744,-0.0056716059,-0.0068852026,0.0067408276,-0.0743451342,-0.0551168732,-0.0217223149
4.5177240372,-0.0080237919,0.0021265130,0.0044849105,-0.0690278634,-0.0518869907,-0.0238720179
4.5277500153,-0.0105580026,0.0122878980,0.0032581280,-0.0381927192,-0.0387866348,-0.0197289381
4.5377922058,-0.0092104012,0.0198748987,-0.0046711373,0.0033984007,-0.0362771414,-0.0144646680
4.5477900505,-0.0059774150,0.0249862354,-0.0056379247,0.0418192931,-0.0349202603,-0.0155626889
4.5576858521,-0.0045755212,0.0147338491,-0.0055112648,0.0493119657,-0.0370087102,-0.0166169014
4.5677289963,-0.0021753691,0.0064394753,-0.0024635007,0.0332869254,-0.0350041501,-0.0176810995
4.5777378082,-0.0046555926,-0.0099334437,0.0024885128,-0.0041533932,-0.0235759914,-0.0219773129
4.5877280235,-0.0101808244,-0.0198892374,0.0063287211,-0.0372530222,-0.0238047577,-0.0187655408
4.5976848602,-0.0109460587,-0.0163735766,0.0110606141,-0.0479698479,-0.0174989253,-0.0209208373
4.6076498032,-0.0145931477,-0.0120823700,0.0157322474,-0.0702762157,-0.0305060707,-0.0218833033
4.6176691055,-0.0153039256,-0.0070100147,0.0164546557,-0.0756930858,-0.0209293421,-0.0230082236
4.6277098656,-0.0130335996,-0.0126241911,0.0124021359,-0.0671438053,-0.0187982805,-0.0315271430
4.6376881599,-0.0147720808,0.0013635140,0.0062805009,-0.0575070307,-0.0250764173,-0.0240547098
4.6476621628,-0.0116147930,0.0067253690,0.0041676350,-0.0479763746,-0.0133004515,-0.0305120777
4.6576490402,-0.0104325199,0.0025537889,0.0021653364,-0.0245581307,-0.0077213957,-0.0241899993
4.6676840782,-0.0064580222,0.0152081829,0.0001539777,-0.0032533770,-0.0084891850,-0.0082640303
4.6776361465,0.0024873756,0.0173497628,0.0002185295,0.0064282785,-0.0159316547,-0.0124723567
4.6876401901,0.0067334245,-0.0030389745,0.0032784531,-0.0096513564,-0.0064641172,-0.0157096963
4.6976633072,0.0030371167,-0.0159008820,0.0100868531,-0.0352785550,-0.0076833125,-0.0103731202
4.7075958252,0.0031149157,-0.0152596254,0.0148748942,-0.0513525940,-0.0013676260,-0.0072156768
4.7176637650,0.0051699351,-0.0147824604,0.0137893148,-0.0534454398,-0.0046299985,-0.0114409141
4.7276201248,0.0063029076,-0.0114342589,0.0126497336,-0.0586910732,-0.0153675973,-0.0124300122
4.7375917435,0.0055122743,-0.0081207622,0.0114867277,-0.0629502609,-0.0164725427,-0.0124182953
4.7476501465,0.0047951560,-0.0068566967,0.0054357839,-0.0650549605,-0.0217964686,-0.0081327362
4.7575860023,0.0068748365,0.0022737663,0.0062082005,-0.0607984290,-0.0206840653,-0.0070813200
4.7676448822,0.0002657243,0.0046104174,0.0050071669,-0.0575523004,-0.0260029323,-0.0070490958
4.7774538994,-0.0004307261,0.0011682641,0.0039026330,-0.0596886873,-0.0270610061,-0.0038535688
4.7876648903,-0.0030760102,0.0006440859,-0.0001774242,-0.0554630533,-0.0216843486,-0.0038913859
4.7976188660,-0.0078267092,0.0040656161,0.0015891979,-0.0555253699,-0.0162933134,0.0013846024
4.8075671196,-0.0096731419,0.0054696333,-0.0005266478,-0.0609097481,-0.0109819034,0.0024163108
4.8175239563,-0.0075793494,-0.0009172875,-0.0006175449,-0.0598145276,-0.0120911095,-0.0028875074
4.8276500702,-0.0055120667,0.0005731713,-0.0017049124,-0.0448606089,-0.0120026935,-0.0060856976
4.8376989365,-0.0064906483,0.0099352580,-0.0008883288,-0.0352971964,-0.0086801331,-0.0018672504
4.8476028442,-0.0064175655,0.0135654490,-0.0000034978,-0.0224762075,-0.0096588451,-0.0029322484
4.8576469421,-0.0073109050,0.0143859666,0.0009097049,-0.0139287906,-0.0106604602,-0.0029322484
4.8676228523,-0.0100744897,0.0113119017,-0.0001247933,-0.0128387595,-0.0117571503,-0.0071754628
4.8776197433,-0.0109061981,0.0091903638,-0.0021272709,-0.0192862730,-0.0043730033,-0.0125297476
4.8874301910,-0.0137430811,0.0089704376,-0.0051408820,-0.0214580819,0.0009360082,-0.0146874413
4.8975801468,-0.0117534706,0.0087899845,-0.0071233916,-0.0204186495,0.0041557699,-0.0136448145
4.9076061249,-0.0079077417,0.0106373560,-0.0041968040,-0.0140723363,0.0116773359,-0.0147604123
4.9175548553,-0.0040823747,0.0174146276,-0.0032387187,-0.0012096670,0.0043168915,-0.0115317283
4.9275450706,-0.0001239410,0.0164975207,-0.0012581160,0.0074187084,-0.0031705862,-0.0199883319
4.9374790192,0.0029311620,0.0126291048,0.0026770423,-0.0053358357,-0.0075975587,-0.0273925848
4.9475851059,-0.0007318637,0.0036975872,0.0026461075,-0.0224144235,-0.0056374725,-0.0327053219
4.9576120377,-0.0063831736,-0.0024900008,0.0044929571,-0.0416083559,-0.0058350787,-0.0380007550
4.9676280022,-0.0052128215,0.0000182521,0.0024177621,-0.0469418690,-0.0058854125,-0.0390590951
4.9775371552,-0.0040754904,0.0044803601,0.0022787640,-0.0447534174,-0.0122852549,-0.0400840119
4.9875321388,-0.0048168679,0.0088770967,-0.0018107106,-0.0500533730,-0.0176520571,-0.0379207246
4.9975409508,-0.0015858418,0.0044344049,-0.0009567549,-0.0660848096,-0.0145835625,-0.0389894545
5.0081529617,-0.0003438151,-0.0021067876,0.0018215964,-0.0820837468,-0.0136930021,-0.0453584045
5.0174980164,0.0008915582,-0.0068016667,0.0055342508,-0.0948430821,-0.0201956425,-0.0442447998
5.0274820328,0.0049856449,0.0001733434,0.0082076378,-0.0916779190,-0.0148453517,-0.0464064889
5.0374631882,0.0033318244,0.0013916772,0.0021200369,-0.0692423806,-0.0168168899,-0.0474725515
5.0474700928,0.0026418336,0.0086868834,-0.0029642393,-0.0468057804,-0.0208822042,-0.0432122909
5.0574979782,0.0029430755,0.0142036956,-0.0099445991,-0.0308081731,-0.0217701029,-0.0368446745
5.0674552917,0.0003373915,0.0110471528,-0.0090703778,-0.0222983062,-0.0226731803,-0.0251584593
5.0774602890,-0.0023242391,0.0050120186,-0.0042458586,-0.0212820452,-0.0173005201,-0.0220036786
5.0874409676,-0.0040658196,-0.0009814966,0.0015684555,-0.0191664305,-0.0161881167,-0.0188251957
5.0976481438,-0.0038895837,-0.0010700095,-0.0013988425,-0.0074917981,-0.0086015705,-0.0167560522
5.1074228287,-0.0018333277,-0.0039700735,-0.0023504307,0.0073904791,-0.0030970830,-0.0114901830
5.1173992157,-0.0018164447,-0.0009128470,-0.0033118536,0.0180528425,-0.0019402057,-0.0115078930
5.1274271011,0.0001470813,0.0012369435,-0.0013237407,0.0180336684,-0.0008443149,-0.0083278129
5.1374149323,0.0020887323,0.0013725739,0.0026359747,0.0063194884,-0.0030981479,-0.0114929806
5.1474142075,0.0031702586,-0.0044764299,0.0046091867,-0.0054008178,-0.0053354697,-0.0125326775
5.1574149132,-0.0006452060,-0.0085334498,0.0055303168,-0.0214592777,-0.0021979997,-0.0061678560
5.1674041748,-0.0045012166,-0.0029143561,0.0024845789,-0.0182445757,-0.0053431932,-0.0019001403
5.1774048805,-0.0005125633,0.0008458178,-0.0034050157,-0.0128921559,-0.0084798634,0.0013031096
5.1874008179,-0.0014396688,0.0017108303,-0.0024786999,-0.0161119178,-0.0063671782,0.0012916580
5.1973838806,-0.0023818545,-0.0023603011,0.0043227859,-0.0225600973,-0.0010712163,0.0023277609
5.2073659897,-0.0004373795,-0.0054883081,0.0101528354,-0.0289543457,0.0009442640,-0.0061799735
5.2173557281,-0.0023222275,-0.0048689563,0.0090716071,-0.0438347608,-0.0056129713,-0.0103800446
5.2273731232,0.0006365174,-0.0013118405,0.0079992600,-0.0363752469,-0.0044773994,-0.0093302270
5.2373399734,0.0026853525,0.0042619538,-0.0008789708,-0.0277768299,-0.0108388914,-0.0103543447
5.2473030090,0.0037909218,0.0118974280,-0.0029293706,-0.0170272477,-0.0203658193,-0.0092376815
5.2573280334,0.0040743421,0.0068825316,-0.0029760411,-0.0169950221,-0.0235901065,-0.0124084409
5.2673168182,0.0024553679,-0.0020380039,-0.0000840237,-0.0158906095,-0.0289073735,-0.0102499491
5.2773489952,0.0008193770,-0.0002030451,0.0027597735,-0.0126573984,-0.0352366418,-0.0027719261
5.2873268127,0.0011304388,0.0007316303,0.0066089821,-0.0062532946,-0.0330949314,-0.0081022438
5.2973308563,-0.0043606614,-0.0022399444,0.0065214229,0.0033312878,-0.0308722537,-0.0070618792
5.3073129654,-0.0050027301,-0.0041881073,0.0035580585,-0.0030959845,-0.0277246647,-0.0081401933
5.3173680305,-0.0057513868,-0.0052565355,0.0025357793,-0.0149081694,-0.0182177126,-0.0103170611
5.3273239136,-0.0056073447,-0.0025457460,-0.0014537384,-0.0267144926,-0.0108183855,-0.0092944074
5.3373231888,-0.0045109619,-0.0009243507,-0.0044759922,-0.0427207574,-0.0099089164,-0.0135390870
5.3472628593,-0.0024237565,-0.0052159298,-0.0026091745,-0.0501943901,-0.0089160902,-0.0156650878
5.3572902679,-0.0042775352,-0.0066681225,0.0011658261,-0.0512999967,-0.0067349607,-0.0103697916
5.3673000336,-0.0081897983,0.0026060920,0.0038780163,-0.0470597148,-0.0076710619,0.0013196215
5.3772382736,-0.0041619916,0.0070874970,0.0027927349,-0.0447917655,-0.0215943344,-0.0028362414
5.3872747421,-0.0010239488,0.0017785262,0.0066036172,-0.0619563758,-0.0099975988,-0.0060866298
5.3972768784,-0.0057715108,-0.0086465795,0.0103563853,-0.0790916830,-0.0047535691,-0.0029241259
5.4072651863,-0.0038129769,-0.0015551466,0.0091581531,-0.0769446418,-0.0058148387,-0.0039811344
5.4172487259,0.0020764687,0.0095631164,0.0040932484,-0.0576677471,-0.0121070892,-0.0071403095
5.4272298813,0.0070699970,0.0130777340,-0.0008747389,-0.0353102461,-0.0065538660,-0.0029423686
5.4372673035,0.0091771549,0.0069887023,-0.0048197918,-0.0224746093,-0.0096620414,-0.0029306505
5.4472479820,0.0102284616,0.0107334536,-0.0048737340,-0.0129080024,-0.0084375199,0.0066162492
5.4572501183,0.0122360801,0.0116025787,-0.0019742658,-0.0129158581,-0.0115539506,0.0172607712
5.4672260284,0.0133519312,0.0035877954,-0.0039422917,-0.0193407349,-0.0136413369,0.0289650969
5.4771089554,0.0154988309,-0.0054085422,-0.0049440074,-0.0225289389,-0.0178858824,0.0353688039
5.4872102737,0.0156788751,-0.0076620597,-0.0098966174,-0.0246086009,-0.0295497291,0.0481945872
5.4981307983,0.0148218488,-0.0022099931,-0.0090895705,-0.0395658426,-0.0338126533,0.0631057546
5.5078449249,0.0120539432,-0.0047469754,-0.0073005366,-0.0587597787,-0.0350571498,0.0599400550
5.5177602768,0.0074452530,-0.0085141677,-0.0036660244,-0.0991949588,-0.0482491143,0.0536790974
5.5274209976,0.0115639037,-0.0067697484,0.0038194249,-0.1429972947,-0.0401192829,0.0440954454
5.5375990868,0.0108961826,-0.0132839698,0.0053350520,-0.1813445538,-0.0458514728,0.0335358791
5.5474419594,0.0121064847,-0.0013911147,0.0047719670,-0.1812864989,-0.0533235036,0.0346466824
5.5571460724,0.0153927123,0.0106048118,-0.0025968959,-0.1630346477,-0.0649644434,0.0315213315
5.5670051575,0.0080745285,0.0139163714,-0.0050988011,-0.1544518173,-0.0681498498,0.0262240376
5.5769381523,-0.0041080345,0.0104271155,-0.0007567217,-0.1545052230,-0.0606892705,0.0240520984
5.5870990753,-0.0143312449,0.0030118506,0.0045775962,-0.1693909615,-0.0661847070,0.0198485646
5.5970630646,-0.0176522061,0.0013554376,0.0059894510,-0.1800008416,-0.0695722476,0.0081912428
5.6070432663,-0.0189474151,-0.0053008217,0.0025064538,-0.1959912777,-0.0676582381,-0.0034963060
5.6170320511,-0.0184293762,-0.0002825577,0.0028836320,-0.1949924529,-0.0580588691,-0.0067462949
5.6271448135,-0.0170127824,0.0107130390,-0.0016117503,-0.1662066132,-0.0504273176,-0.0153150149
5.6370620728,-0.0175841674,0.0200379174,-0.0060200500,-0.1278075576,-0.0458754376,-0.0174950790
5.6471710205,-0.0172312632,0.0239608567,-0.0044027972,-0.0787691697,-0.0359224044,-0.0229058228
5.6571879387,-0.0216730759,0.0214987081,-0.0055940556,-0.0328280479,-0.0377709046,-0.0303613413
5.6673531532,-0.0251860544,0.0242711585,0.0020623396,-0.0179108828,-0.0344491452,-0.0303933006
5.6771779060,-0.0276082978,0.0114549678,0.0088467188,-0.0254116766,-0.0292037837,-0.0357364006
5.6871719360,-0.0270934179,-0.0004599113,0.0039029906,-0.0307803415,-0.0249792114,-0.0368224382
5.6971521378,-0.0198504999,0.0003171545,-0.0020093729,-0.0286440887,-0.0249656308,-0.0368225686
5.7073140144,-0.0166064426,0.0030266624,-0.0050503421,-0.0319200419,-0.0164315309,-0.0358132310
5.7171897888,-0.0134188766,0.0017130058,-0.0012538244,-0.0490212664,-0.0144133866,-0.0347538292
5.7271947861,-0.0092277760,-0.0036496539,-0.0003980210,-0.0597130582,-0.0102663124,-0.0400852114
5.7371840477,-0.0041008522,-0.0070865471,-0.0005341580,-0.0565458946,-0.0070116632,-0.0369196422
5.7472801208,-0.0039575030,-0.0007037241,0.0002523849,-0.0405959561,-0.0035910993,-0.0263290498
5.7571568489,-0.0038996569,0.0058980864,0.0011162350,-0.0118609807,0.0020803688,-0.0147022214
5.7671012878,-0.0038319759,0.0049137753,-0.0018166115,0.0072892783,0.0065763169,-0.0062456205
5.7771530151,-0.0009585700,0.0079839211,0.0011605213,0.0093902461,0.0087734256,-0.0009483264
5.7872500420,0.0019423583,0.0041585248,0.0002564380,0.0018764036,0.0130086504,0.0011542391
5.7970809937,-0.0000381998,-0.0067123193,0.0002678225,-0.0291213281,0.0191562921,-0.0020520738
5.8070888519,-0.0011807313,-0.0100232679,0.0041017719,-0.0579447225,0.0210346188,-0.0062936903
5.8170990944,0.0015328148,-0.0047129411,0.0039654560,-0.0653716102,0.0177229773,-0.0115778018
5.8270978928,0.0043074708,0.0044037383,0.0037594030,-0.0749147832,0.0091169728,-0.0093905479
5.8370070457,0.0032290586,0.0105599742,0.0015833566,-0.0653023645,0.0112669431,-0.0168487299
5.8471860886,0.0022915669,0.0089732390,-0.0005411317,-0.0641207173,-0.0026182465,-0.0167595148
5.8571348190,0.0023264803,0.0152218323,0.0012016485,-0.0630115122,-0.0069024735,-0.0188575517
5.8670830727,0.0034733780,0.0107399803,0.0020192454,-0.0704151019,-0.0123672802,-0.0262536835
5.8770079613,0.0008737215,0.0042037349,0.0017930458,-0.0841679350,-0.0243009049,-0.0346668735
5.8870372772,-0.0016883543,0.0053465050,0.0024623463,-0.1000931039,-0.0319692120,-0.0420427695
5.8971080780,-0.0032115958,0.0053810757,0.0001523683,-0.1118170023,-0.0321055651,-0.0473455191
5.9070420265,-0.0046809991,0.0043219607,-0.0012019088,-0.1181673184,-0.0354337171,-0.0558186322
5.9170322418,-0.0032653890,0.0091785770,-0.0025524904,-0.1043015644,-0.0321606919,-0.0600970015
5.9270181656,-0.0058118929,0.0142365973,-0.0019262841,-0.0755239800,-0.0276447702,-0.0580216013
5.9370088577,-0.0055105318,0.0274346750,-0.0060788798,-0.0307270773,-0.0230260510,-0.0580813885
5.9470238686,-0.0041649272,0.0273923259,-0.0061489749,0.0002148570,-0.0196166709,-0.0623746701
5.9569797516,-0.0086784894,0.0216565710,-0.0022514274,0.0119131915,-0.0152309770,-0.0602874160
5.9669880867,-0.0073100259,0.0091749411,0.0017232487,0.0108508570,-0.0142067261,-0.0645428821
5.9773912430,-0.0088655585,-0.0024053473,0.0017690847,0.0022729486,-0.0099885445,-0.0635019839
5.9870071411,-0.0086001838,-0.0042380113,0.0017828534,0.0086442949,-0.0088069001,-0.0560773611
5.9971480370,-0.0064196815,-0.0010904390,0.0008295367,0.0235767718,-0.0086628236,-0.0529022031
6.0069808960,-0.0081869448,0.0001918655,0.0047774506,0.0341913328,-0.0042419760,-0.0455015451
6.0169372559,-0.0079864198,-0.0023577828,0.0087707229,0.0363651365,-0.0064185774,-0.0518626422
6.0269832611,-0.0057534208,-0.0078982431,0.0098464675,0.0193427447,-0.0108799050,-0.0581961721
6.0369338989,-0.0015897980,-0.0077486057,0.0098713227,-0.0009486778,-0.0089168884,-0.0603197739
6.0469551086,-0.0022874258,-0.0146609861,0.0078989454,-0.0234555863,0.0036982391,-0.0646354258
6.0569639206,-0.0099895233,-0.0139367301,0.0028794596,-0.0278826896,0.0166260209,-0.0487804301
6.0669960976,-0.0081348950,-0.0013936181,0.0027884434,-0.0161213726,0.0093444064,-0.0359927304
6.0769729614,0.0006784418,0.0035367291,0.0008668492,0.0020870594,0.0009543842,-0.0338269137
6.0869460106,0.0027661540,-0.0031746943,0.0038541744,0.0074120499,-0.0000187350,-0.0274499748
6.0969257355,0.0029529997,-0.0089406986,0.0029165337,0.0031886762,-0.0074936952,-0.0231504329
6.1070013046,0.0060380916,-0.0108500142,0.0039044211,-0.0106978444,-0.0075738570,-0.0199530423
6.1169652939,0.0071148346,-0.0090088863,0.0048315711,-0.0181889161,-0.0075802477,-0.0135719758
6.1268987656,0.0082375472,-0.0091169197,0.0018664787,-0.0160205700,-0.0128802052,-0.0103519484
6.1369318962,0.0073911618,-0.0043934900,-0.0031209399,-0.0192528516,-0.0107339639,-0.0061127283
6.1469788551,0.0074817906,-0.0035670120,-0.0022035053,-0.0150445225,-0.0053120339,-0.0008388706
6.1569061279,0.0065346281,-0.0037441868,-0.0022592356,-0.0193448626,-0.0031727166,0.0034004820
6.1669020653,0.0054860334,0.0048943143,0.0005651305,-0.0108019747,-0.0052079041,0.0076572783
6.1768898964,0.0035339065,0.0067208987,0.0034381936,-0.0193091743,-0.0095424652,0.0076881722
6.1868910789,0.0026356049,0.0055650752,0.0043358398,-0.0224620923,-0.0159705374,0.0087944493
6.1969537735,0.0018113473,0.0034077149,0.0033015797,-0.0181782655,-0.0159745310,0.0045423126
6.2069520950,-0.0010157755,0.0100530069,-0.0026740243,-0.0128325010,-0.0170019791,0.0045452416
6.2168607712,-0.0047883173,0.0099130850,-0.0056945491,-0.0107556358,-0.0095137032,0.0034329726
6.2268762589,-0.0027836196,0.0098700207,-0.0037575176,-0.0043374170,-0.0095003871,-0.0008211606
6.2368469238,-0.0017134330,0.0098600071,-0.0047334246,-0.0011462839,-0.0073533468,-0.0018966782
6.2469081879,-0.0046057333,0.0098520797,-0.0067137885,0.0051896423,0.0001953831,0.0001747285
6.2569017410,-0.0075154831,0.0050117951,-0.0066954303,0.0062664910,-0.0008685496,-0.0008842775
6.2668409348,-0.0075002243,0.0050665420,-0.0037588289,0.0041562025,-0.0030406239,-0.0029935013
6.2768621445,-0.0074223210,0.0021525603,0.0001511762,-0.0064451760,-0.0085411165,-0.0114486385
6.2869129181,-0.0062981625,-0.0028201360,0.0050249882,-0.0203090571,-0.0097262235,-0.0124936625
6.2969069481,-0.0061447998,-0.0031065065,0.0039421506,-0.0437769666,-0.0089011760,-0.0199200213
6.3066492081,-0.0041066040,0.0013208073,0.0057231970,-0.0566142015,-0.0026512698,-0.0273883231
6.3166561127,-0.0039701988,0.0084605794,0.0015670250,-0.0916872323,-0.0200504996,-0.0304381754
6.3270020485,-0.0037632815,0.0133454781,0.0012152384,-0.1206058264,-0.0053743520,-0.0379500203
6.3369479179,-0.0064441790,-0.0034672339,0.0018711279,-0.1451340765,-0.0014374009,-0.0549551025
6.3468637466,-0.0082250917,-0.0009063501,0.0014189670,-0.1419335008,-0.0024541959,-0.0517635681
6.3568739891,-0.0052737226,0.0126546007,-0.0028756072,-0.1014280170,0.0063712536,-0.0560977310
6.3668088913,-0.0090628946,0.0158943813,-0.0138609819,-0.0395960733,0.0133258328,-0.0487492718
6.3768730164,-0.0090951854,0.0286408346,-0.0168537907,0.0330112875,0.0054567242,-0.0349386483
6.3868160248,-0.0061520864,0.0331544876,-0.0108253174,0.0693346709,-0.0006206094,-0.0285502598
6.3967580795,-0.0010533264,0.0212358814,-0.0027235558,0.0630424172,-0.0124655506,-0.0327170417
6.4068078995,-0.0006721548,-0.0036698598,0.0072682095,0.0171633475,-0.0118242614,-0.0411882885
6.4168710709,-0.0022899590,-0.0192485768,0.0112099834,-0.0212989561,-0.0057530534,-0.0465134121
6.4268531799,-0.0040407558,-0.0184898097,0.0071892333,-0.0266553722,-0.0026062622,-0.0486548617
6.4367351532,-0.0059772213,-0.0010653157,0.0011767934,-0.0000477303,0.0030295190,-0.0391505733
6.4468178749,-0.0059581329,0.0147126894,-0.0066652112,0.0361949615,0.0055291625,-0.0296305716
6.4570360184,-0.0020401857,0.0181321781,-0.0084734373,0.0607509054,0.0036114198,-0.0264494251
6.4667310715,-0.0000556341,0.0148119014,-0.0033854058,0.0628492087,0.0047690962,-0.0179592688
6.4768753052,-0.0029327802,0.0036221724,0.0026573727,0.0510912202,0.0057691131,-0.0147678684
6.4866847992,-0.0019289335,-0.0046739895,0.0067636562,0.0414846651,0.0056948112,-0.0147606786
6.4968209267,0.0010198423,-0.0071373302,0.0030291269,0.0478600077,0.0079110935,-0.0115933809
6.5067639351,-0.0000263980,-0.0037300605,-0.0026987602,0.0520243905,0.0186766554,-0.0063541443
6.5167179108,-0.0011519423,0.0006384831,-0.0084172301,0.0499091782,0.0154718086,-0.0042069703
6.5268249512,0.0035961338,0.0030137282,-0.0072842650,0.0350181125,0.0110360468,-0.0094797630
6.5367588997,0.0064621042,-0.0025709886,-0.0003152897,0.0115996040,0.0054575233,-0.0158021078
6.5467638969,0.0075170468,-0.0015517194,-0.0003146937,-0.0021066200,-0.0107803019,-0.0273735411
6.5567150116,0.0106087094,-0.0005617458,0.0065039587,-0.0148491804,-0.0152333742,-0.0358316079
6.5667939186,0.0079229986,0.0081157964,0.0083039589,-0.0190117005,-0.0270495545,-0.0389392525
6.5768599510,0.0073201577,0.0157989841,0.0013384412,-0.0104556298,-0.0280748699,-0.0421279892
6.5866880417,0.0038094886,0.0168013852,-0.0045972280,0.0119562019,-0.0278924443,-0.0410824306
6.5967168808,-0.0017109296,0.0268003028,-0.0124608092,0.0428669788,-0.0244015716,-0.0358146988
6.6066961288,-0.0023803643,0.0283150356,-0.0152917318,0.0578035861,-0.0242678821,-0.0337012149
6.6166572571,-0.0020451627,0.0191847067,-0.0092553310,0.0556512177,-0.0200574249,-0.0401045159
6.6267819405,0.0012460420,0.0060805660,-0.0051501207,0.0375334695,-0.0223623887,-0.0432640910
6.6366791725,0.0045531313,-0.0013795812,-0.0021065881,0.0183800124,-0.0268476866,-0.0495922975
6.6466932297,0.0049071382,-0.0011441726,0.0027802775,0.0163134001,-0.0322712138,-0.0569924228
6.6566991806,0.0024213113,0.0029747467,0.0056495857,0.0196265057,-0.0450863428,-0.0590378605
6.6666569710,0.0059524695,0.0110876542,0.0095127411,0.0230113827,-0.0664542168,-0.0610264428
6.6767492294,0.0018977145,0.0083357375,0.0104066320,0.0080999443,-0.0687448010,-0.0652500838
6.6866211891,-0.0040229638,0.0004673582,0.0102560706,-0.0271049142,-0.0701131374,-0.0684038028
6.6966600418,-0.0070019593,-0.0039412994,0.0060652089,-0.0889367238,-0.0760210901,-0.0778818578
6.7065858841,-0.0071479906,-0.0059150476,0.0085556097,-0.1382289082,-0.0497551337,-0.0865168869
6.7167630196,-0.0073333760,-0.0199318845,0.0081220455,-0.1681094468,-0.0447755530,-0.1024656296
6.7273950577,-0.0047953357,-0.0037446339,0.0026486705,-0.1499988735,-0.0403602980,-0.1025069132
6.7372751236,-0.0003955445,0.0138187688,0.0002362321,-0.0945357531,-0.0356414430,-0.1015166119
6.7467641830,0.0030272671,0.0290104430,-0.0078513436,-0.0145490421,-0.0317074209,-0.0888492912
6.7567620277,0.0024793812,0.0381607115,-0.0039713196,0.0547863580,-0.0289609041,-0.0804163888
6.7666091919,0.0000318357,0.0379868448,-0.0008976867,0.0921350643,-0.0307369661,-0.0719318241
6.7766218185,0.0026632168,0.0166317504,0.0043424559,0.0953622758,-0.0307771787,-0.0793697685
6.7866468430,-0.0034937642,-0.0068441648,0.0085084625,0.0793249905,-0.0276948363,-0.0793785527
6.7966609001,-0.0077458252,-0.0177719910,0.0047769141,0.0633086041,-0.0288482532,-0.0740449131
6.8066520691,-0.0062161018,-0.0210217256,0.0049112630,0.0537579767,-0.0332517885,-0.0803840309
6.8165831566,-0.0046985676,-0.0184244830,0.0059747887,0.0591852330,-0.0439046994,-0.0813821852
6.8265962601,-0.0002087286,-0.0060796160,0.0040573669,0.0581777580,-0.0524356030,-0.0781389847
6.8365678787,0.0063879858,-0.0044939537,0.0041391440,0.0497234203,-0.0610890128,-0.0823258758
6.8466472626,0.0082234954,-0.0138429124,0.0071038199,0.0188251603,-0.0677498430,-0.0833234936
6.8566918373,0.0081738448,-0.0195910353,0.0099286623,-0.0110346004,-0.0743297115,-0.0768902302
6.8665819168,0.0051860432,-0.0215967614,0.0097511597,-0.0185780041,-0.0689714327,-0.0684205815
6.8765711784,0.0001668998,-0.0206423420,0.0076040216,0.0006141989,-0.0698129982,-0.0588655546
6.8865890503,0.0009091863,-0.0116033573,0.0055454564,0.0293395855,-0.0630690753,-0.0461806506
6.8966131210,-0.0004002234,-0.0053035337,0.0025884698,0.0505756289,-0.0531985983,-0.0356337354
6.9066047668,0.0011203060,-0.0037386734,0.0036320279,0.0526616871,-0.0509631410,-0.0260881688
6.9165120125,0.0017187068,-0.0072124023,-0.0002246310,0.0312906206,-0.0500222482,-0.0218303055
6.9265480042,0.0051263045,-0.0127719361,0.0076308441,0.0045492849,-0.0417150483,-0.0261150654
6.9365320206,0.0007051298,-0.0205883402,0.0114673562,-0.0179092847,-0.0355013646,-0.0293277688
6.9464778900,-0.0018680176,-0.0178648550,0.0122978278,-0.0350366086,-0.0313223302,-0.0250933431
6.9564580917,-0.0055284281,-0.0112676639,0.0130953379,-0.0255140755,-0.0216153730,-0.0230361857
6.9665117264,-0.0073032309,-0.0085321981,0.0119947381,-0.0181911811,-0.0075735906,-0.0125084426
6.9765157700,-0.0101819569,-0.0038144905,0.0060463739,-0.0097959647,0.0054175756,-0.0009126402
6.9864749908,-0.0082824314,-0.0068433005,0.0011876414,-0.0087775728,0.0097369570,0.0033082035
6.9967641830,-0.0044966866,-0.0079075117,-0.0036701371,-0.0152455913,0.0140363649,0.0117831817
7.0067148209,-0.0007980845,-0.0022179205,-0.0036946943,-0.0237706341,0.0118419193,0.0128657557
7.0165338516,-0.0019043615,-0.0044442434,-0.0017835309,-0.0440135896,0.0084501170,0.0097155031
7.0265240669,-0.0019787035,-0.0069231112,0.0019777010,-0.0727616102,0.0028111399,0.0012730160
7.0364651680,-0.0000208250,-0.0086130816,0.0047200508,-0.0887070224,-0.0027122560,-0.0050535891
7.0464401245,0.0010244915,-0.0026092548,-0.0004442146,-0.0854643583,-0.0080220662,-0.0039590299
7.0565180779,-0.0018084428,0.0073396247,-0.0046712565,-0.0779233575,-0.0175567158,-0.0007147675
7.0664811134,-0.0026567809,0.0144920032,-0.0020153930,-0.0640400350,-0.0195596796,0.0024756996
7.0764408112,0.0004446873,0.0150368493,-0.0011913588,-0.0384322703,-0.0182909500,0.0024486687
7.0865149498,0.0015917787,0.0187396090,-0.0032475998,-0.0031746812,-0.0233349763,0.0056439289
7.0964469910,0.0036397048,0.0276302677,-0.0013372710,0.0128137395,-0.0189700555,0.0013537097
7.1064620018,-0.0010343125,0.0199077409,0.0025707672,-0.0010698522,-0.0148749128,-0.0071622804
7.1165108681,-0.0008344731,0.0062093418,0.0104137845,-0.0245900936,-0.0076383054,-0.0146297840
7.1266698837,-0.0027238808,-0.0009092111,0.0113243647,-0.0364704542,0.0104120681,-0.0179257132
7.1364130974,-0.0086843157,0.0054803174,0.0052984543,-0.0429464616,0.0168254916,-0.0115865897
7.1467409134,-0.0059528728,0.0099597555,-0.0006420424,-0.0366667248,0.0307956357,-0.0084943939
7.1563940048,-0.0062542488,0.0057691913,0.0022667835,-0.0250279158,0.0405667759,-0.0011283563
7.1664867401,-0.0066822548,0.0095009189,0.0032472203,-0.0037215613,0.0408405475,0.0116036842
7.1764087677,-0.0042120446,0.0143854003,0.0013703296,0.0197731107,0.0388980359,0.0126601607
7.1864728928,-0.0016268721,0.0067687612,0.0044711423,0.0219430551,0.0346396416,0.0126862600
7.1963911057,0.0000549176,0.0010879915,0.0085151382,0.0092275273,0.0248852838,0.0085090902
7.2063388824,-0.0000965229,-0.0057735462,0.0056501818,-0.0141800614,0.0192785300,-0.0009997257
7.2163810730,-0.0001513741,-0.0119830687,0.0036496709,-0.0525464937,0.0156869907,-0.0115747387
7.2263860703,0.0027083524,-0.0106168408,-0.0004059484,-0.0727918446,0.0112552252,-0.0115318615
7.2363071442,0.0027116605,-0.0044869203,-0.0074853706,-0.0694699511,-0.0026265024,-0.0125045814
7.2464051247,0.0027902492,-0.0011557657,-0.0057436037,-0.0544507876,-0.0121204052,-0.0113911144
7.2563681602,0.0009831557,0.0023133140,-0.0000804474,-0.0362121277,-0.0247733500,-0.0081367306
7.2663822174,0.0022717782,0.0020582657,0.0046727844,-0.0264841318,-0.0407027826,-0.0048530535
7.2763719559,0.0055729370,0.0008507948,0.0104079433,-0.0350416675,-0.0386276431,-0.0037955123
7.2863669395,0.0069687436,-0.0111813564,0.0161556788,-0.0510336868,-0.0377551913,-0.0122891320
7.2964000702,0.0092251068,-0.0057835896,0.0149799772,-0.0543173626,-0.0271097403,-0.0144811794
7.3063297272,0.0075060795,0.0015037339,0.0127687044,-0.0639119297,-0.0261696447,-0.0208549220
7.3162870407,0.0038389780,0.0087186079,0.0076040816,-0.0565070137,-0.0154794501,-0.0273035001
7.3263301849,0.0011522243,0.0091942530,0.0054363799,-0.0543125644,-0.0218934081,-0.0293882228
7.3363533020,0.0033800371,0.0087769013,0.0033225606,-0.0511328876,-0.0197192021,-0.0283435993
7.3463511467,-0.0011848441,0.0014477652,0.0050880504,-0.0564770550,-0.0176501926,-0.0315404572
7.3568811417,-0.0058075418,-0.0049525816,0.0068339300,-0.0640143305,-0.0091698887,-0.0326512605
7.3662910461,-0.0095437402,-0.0113098938,0.0134874173,-0.0544407964,-0.0079634767,-0.0252290331
7.3763332367,-0.0065664877,-0.0057866294,0.0104394741,-0.0267677568,-0.0002216678,-0.0199869983
7.3863058090,-0.0065521081,0.0018496495,0.0015625546,-0.0075996565,0.0000446484,-0.0061910255
7.3963389397,0.0003159115,0.0028048139,-0.0101144128,-0.0001731655,0.0012654412,0.0044179428
7.4062500000,0.0042210589,-0.0031142253,-0.0149583034,-0.0087647894,0.0055195750,0.0097083123
7.4162693024,0.0081279343,-0.0081792194,-0.0149562769,-0.0289668627,-0.0052971202,0.0140464678
7.4263348579,0.0111221140,-0.0143933911,-0.0111191683,-0.0491770580,-0.0140037928,0.0141170416
7.4362649918,0.0044796984,-0.0237626452,-0.0083953552,-0.0608900413,-0.0173090417,0.0120170070
7.4462938309,-0.0032218925,-0.0175151248,-0.0028281619,-0.0523364991,-0.0214635730,0.0184123218
7.4562029839,-0.0051752557,0.0016055088,-0.0040700249,-0.0224623606,-0.0232897028,0.0279654786
7.4662981033,-0.0050327708,0.0111960154,-0.0110223703,0.0031569842,-0.0241421796,0.0300778989
7.4762310982,-0.0009670637,0.0092613380,-0.0168707184,0.0041753771,-0.0177311525,0.0289734863
7.4861550331,-0.0008771053,0.0023469310,-0.0158802681,-0.0151115023,-0.0093208905,0.0299948081
7.4962811470,0.0030001171,0.0021274369,-0.0139751844,-0.0353834853,-0.0094990553,0.0278869160
7.5062208176,0.0059198211,0.0026756506,-0.0072781849,-0.0619578362,-0.0214976612,0.0237337165
7.5161962509,0.0070058624,-0.0017896313,0.0003676007,-0.0672791004,-0.0236726645,0.0237496961
7.5262880325,0.0072355340,-0.0063315947,0.0059960675,-0.0725196674,-0.0333777554,0.0185043328
7.5362567902,0.0025630065,-0.0011733789,0.0076399636,-0.0576087609,-0.0331756212,0.0291184969
7.5462322235,-0.0012002817,0.0089721363,0.0044116569,-0.0427315459,-0.0287036430,0.0386406295
7.5562138557,-0.0040477891,0.0124964099,0.0013125727,-0.0140310563,-0.0145731764,0.0406557098
7.5662331581,-0.0040425886,0.0143278521,-0.0055602598,0.0094095543,-0.0100985328,0.0427351035
7.5762472153,-0.0012485167,0.0242061000,-0.0065264511,0.0243152678,-0.0057027196,0.0426935591
7.5862059593,-0.0004310689,0.0312103610,-0.0035468747,0.0179124940,-0.0047106920,0.0395044237
7.5962591171,-0.0004379979,0.0224826615,0.0033464620,-0.0076314807,-0.0071922257,0.0225406196
7.6061968803,0.0045163701,0.0086451452,0.0072875214,-0.0364237130,-0.0053953910,0.0087379906
7.6161718369,0.0026470490,0.0043238979,0.0110633560,-0.0512805544,-0.0130573055,0.0013622318
7.6262240410,0.0017367074,0.0087562185,0.0147761889,-0.0406084731,-0.0119241308,-0.0007773517
7.6361627579,-0.0001163712,0.0133263748,0.0116921254,-0.0149920592,-0.0117238602,-0.0007975916
7.6462311745,-0.0039839973,0.0200828295,0.0076893163,0.0147951320,-0.0018198307,0.0054917294
7.6561708450,-0.0059373607,0.0231570285,0.0038117359,0.0329296589,-0.0016507201,0.0086643538
7.6662068367,-0.0069106896,0.0146161597,0.0039450713,0.0317919590,0.0068908362,0.0086097587
7.6761169434,-0.0077987094,0.0020621996,-0.0008297374,0.0179621633,0.0024798429,0.0054616355
7.6861791611,-0.0048459698,-0.0066343565,-0.0026909520,0.0020021051,-0.0030057365,0.0033835713
7.6962080002,-0.0018760940,-0.0085867662,-0.0007133891,-0.0086409515,-0.0052609011,-0.0008444635
7.7061228752,0.0001605817,-0.0106762368,0.0031411836,-0.0203066617,-0.0149611989,0.0002889780
7.7160482407,0.0042447816,-0.0147750098,0.0040799566,-0.0202647187,-0.0192539487,-0.0018081282
7.7261180878,0.0083495444,-0.0149627645,0.0078976937,-0.0276821554,-0.0246825367,-0.0049549192
7.7361221313,0.0076025794,-0.0094251949,0.0057760072,-0.0287476853,-0.0257414095,-0.0028225263
7.7460899353,0.0039250026,-0.0087976474,0.0036360810,-0.0384141617,-0.0172930639,-0.0060577346
7.7561869621,-0.0036736063,-0.0092566926,-0.0024296453,-0.0405775793,-0.0151436254,-0.0028836457
7.7661299706,-0.0064859618,-0.0037529189,-0.0035958698,-0.0342065021,-0.0118698012,-0.0007845422
7.7761211395,-0.0103166038,0.0018433910,-0.0017987301,-0.0182102211,-0.0117060170,0.0045178114
7.7860798836,-0.0102087939,0.0056515317,-0.0018700769,-0.0064196093,-0.0180185083,0.0056129033
7.7962689400,-0.0090707475,0.0037592631,0.0030050466,0.0053638127,-0.0211759526,0.0003116149
7.8060941696,-0.0088437730,-0.0000245888,0.0059598279,0.0107061137,-0.0221943446,0.0013768794
7.8161191940,-0.0057233353,-0.0018217582,0.0108697005,0.0053656767,-0.0211818106,-0.0007523180
7.8260860443,-0.0036216311,0.0002058130,0.0157408901,-0.0052752504,-0.0223964788,-0.0081737489
7.8362588882,0.0005344668,0.0001742821,0.0147293396,-0.0159258954,-0.0235853139,-0.0124075087
7.8460440636,0.0007632145,0.0059196930,0.0126668997,-0.0138124116,-0.0193301141,-0.0166861434
7.8561401367,-0.0029369823,0.0086710434,0.0076634479,-0.0170954224,-0.0097328816,-0.0167477950
7.8660802841,-0.0046660830,0.0094127040,0.0016784857,-0.0255887751,-0.0161931776,-0.0145751890
7.8762340546,-0.0044141342,0.0091303866,-0.0052745747,-0.0298610181,-0.0141249662,-0.0177683197
7.8860569000,-0.0032317273,0.0108321887,-0.0063863206,-0.0287653953,-0.0183735080,-0.0156167513
7.8961200714,-0.0040034880,0.0105306786,-0.0055424976,-0.0427011847,-0.0110056056,-0.0167187676
7.9060921669,-0.0067869355,-0.0006268341,0.0079876371,-0.0608612783,-0.0069253771,-0.0231068917
7.9162387848,-0.0056174477,-0.0099260230,0.0137055106,-0.0619425252,-0.0048057670,-0.0241820104
7.9259920120,-0.0006990961,-0.0015742499,0.0086618252,-0.0406087413,-0.0025122527,-0.0252741724
7.9360160828,-0.0006741217,0.0127806049,-0.0002930572,-0.0129145263,0.0009911358,-0.0157552361
7.9460783005,0.0012731919,0.0205651205,-0.0081418566,0.0062511782,0.0064924276,-0.0147419032
7.9560832977,0.0003176102,0.0147889238,-0.0100410990,0.0104965232,0.0086804805,-0.0126340110
7.9659910202,-0.0006579391,0.0070049148,-0.0060946750,-0.0055245208,0.0064916285,-0.0041094990
7.9760227203,-0.0026121668,0.0040003341,-0.0031856110,-0.0065333256,-0.0009897235,-0.0029973628
7.9859962463,-0.0005284182,0.0000597220,-0.0061114836,0.0010279203,-0.0105776358,-0.0061276425
7.9961347580,0.0006123551,-0.0018368084,-0.0041454243,0.0032063862,-0.0169489831,-0.0028993583
8.0059833527,0.0047249715,-0.0027298350,0.0007306526,-0.0052329050,-0.0266878977,-0.0092046587
8.0160007477,0.0059960554,-0.0047311205,0.0075141382,-0.0115746902,-0.0331758894,-0.0123458570
8.0260028839,0.0082912212,-0.0038692374,0.0093666501,-0.0179353841,-0.0364768766,-0.0176319648
8.0359487534,0.0058319937,-0.0031153578,0.0023537467,-0.0242962111,-0.0397775993,-0.0229182076
8.0460252762,0.0033939101,-0.0053361077,-0.0026987602,-0.0296262633,-0.0398369879,-0.0250388831
8.0560197830,0.0028046288,0.0003128033,0.0000488351,-0.0264045037,-0.0419557989,-0.0260912292
8.0659809113,-0.0026566617,0.0050120931,0.0008192251,-0.0147156222,-0.0375448018,-0.0208160412
8.0759849548,-0.0052079489,0.0068986397,0.0046008420,-0.0050787078,-0.0406868011,-0.0218642596
8.0859851837,-0.0057535400,0.0059236865,0.0074411226,-0.0082808929,-0.0407115668,-0.0218618643
8.0960197449,-0.0073184599,0.0000110548,0.0151680298,-0.0169070046,-0.0300922152,-0.0219237823
8.1060085297,-0.0089724595,-0.0020982642,0.0131235309,-0.0180692077,-0.0193950962,-0.0198675562
8.1159019470,-0.0097304815,0.0016575139,0.0071613383,-0.0138496961,-0.0129571706,-0.0209754314
8.1259737015,-0.0095228637,0.0025352221,0.0002544711,-0.0117324833,-0.0108032059,-0.0209908783
8.1359643936,-0.0123054469,-0.0034088809,-0.0007636955,-0.0118121114,-0.0011836017,-0.0210537277
8.1459989548,-0.0122378403,-0.0025320966,-0.0008084585,-0.0150193553,-0.0022408767,-0.0167950671
8.1559743881,-0.0082903737,0.0061551612,-0.0008836200,-0.0149490498,-0.0097459313,-0.0199352019
8.1662025452,0.0017245481,0.0031366032,-0.0018662622,-0.0287077390,-0.0216635764,-0.0262226574
8.1759510040,0.0050480883,-0.0059405584,-0.0019557883,-0.0521428883,-0.0240596235,-0.0346876495
8.1859703064,0.0054065208,-0.0054588336,-0.0012094786,-0.0638509467,-0.0273747258,-0.0367827564
8.1959676743,0.0038076409,0.0018253904,-0.0044370103,-0.0553238988,-0.0262311641,-0.0357336029
8.2059659958,0.0002102324,0.0092194956,-0.0037329008,-0.0393268242,-0.0260711089,-0.0314962491
8.2161026001,0.0005032488,0.0148907881,-0.0029131582,-0.0158625133,-0.0258420762,-0.0262032170
8.2258653641,0.0027257868,0.0188436788,-0.0039381795,0.0075464067,-0.0171015821,-0.0252138525
8.2359619141,0.0039410065,0.0190093797,-0.0048899464,0.0202945583,-0.0126618259,-0.0178159904
8.2459602356,0.0030907162,0.0172778647,-0.0009451916,0.0159706511,-0.0073240520,-0.0146604097
8.2558765411,0.0051834504,0.0106033664,0.0010773132,-0.0000458658,-0.0053407960,-0.0178476814
8.2658615112,0.0053070257,0.0027726870,0.0098674484,-0.0224294662,-0.0097800195,-0.0167408716
8.2758617401,0.0025952526,-0.0014096517,0.0087784119,-0.0362569988,-0.0141976709,-0.0209525283
8.2858600616,-0.0000664673,-0.0027426500,0.0037217925,-0.0383478478,-0.0195578150,-0.0209163092
8.2959518433,-0.0017669430,0.0008045714,-0.0042635612,-0.0308927260,-0.0173644349,-0.0209348164
8.3058738708,-0.0035331480,0.0073842090,-0.0044509578,-0.0190949254,-0.0257872157,-0.0166388731
8.3158483505,-0.0023269884,0.0102235060,-0.0035566499,-0.0053046774,-0.0181351546,-0.0092615169
8.3258476257,-0.0030578605,0.0072519761,-0.0055607962,0.0000621248,-0.0213091094,-0.0103070736
8.3358201981,-0.0009421936,0.0053291004,-0.0006826331,-0.0010958174,-0.0116695315,-0.0071826535
8.3458070755,0.0001444885,0.0013995748,-0.0006802490,-0.0086272378,-0.0052968538,-0.0050939363
8.3558597565,0.0001497635,0.0022977870,-0.0007095744,-0.0108116949,0.0000459799,-0.0030010911
8.3659963608,0.0011115441,-0.0007123966,0.0012338946,-0.0119387442,0.0064681927,-0.0009171676
8.3760051727,0.0000625619,-0.0037376601,0.0022122453,-0.0066513037,0.0139601985,-0.0041550389
8.3859434128,0.0028833218,0.0011206251,0.0022118876,-0.0033508483,0.0032705350,-0.0072751986
8.4023942947,-0.0000984153,0.0059520286,0.0060569835,-0.0076194964,0.0021887594,-0.0051413407
8.4063549042,-0.0030033819,0.0038648825,0.0050299354,-0.0129090678,-0.0032052072,-0.0061650597
8.4159326553,-0.0018879107,-0.0011796970,0.0030366967,-0.0192611068,-0.0086215446,-0.0093146469
8.4258193970,0.0002048829,-0.0013312120,-0.0019013693,-0.0160746351,-0.0075099412,-0.0071992986
8.4354991913,0.0003143021,0.0004831832,-0.0058795023,-0.0085754385,-0.0127521073,-0.0018577961
8.4455204010,0.0013917157,0.0014522951,-0.0020115187,-0.0032102345,-0.0169676244,0.0002905759
8.4560661316,0.0015567163,-0.0014902968,-0.0000819375,-0.0053522149,-0.0169654936,0.0024165772
8.4657936096,-0.0011743238,-0.0074223299,0.0047593303,-0.0106700147,-0.0181026645,-0.0007595085
8.4755058289,-0.0000379017,-0.0094714779,0.0086051412,-0.0149148265,-0.0202917829,-0.0028668679
8.4855604172,0.0001421490,-0.0057034213,0.0104534216,-0.0148903253,-0.0224473458,-0.0049776891
8.4955005646,0.0012958118,-0.0018728096,0.0103674121,-0.0085328277,-0.0170483179,-0.0050200336
8.5054636002,-0.0005307726,0.0038801115,0.0092891641,-0.0085573290,-0.0148927560,-0.0029092121
8.5154657364,0.0006092557,0.0067540389,0.0072823358,-0.0095787849,-0.0181569923,-0.0081970515
8.5254821777,-0.0001784346,0.0017671268,0.0082088299,-0.0203022696,-0.0097440667,-0.0146184657
8.5354785919,-0.0029742054,-0.0004680771,0.0090599246,-0.0427199602,-0.0078188675,-0.0188635439
8.5453672409,-0.0009157441,-0.0008783657,0.0089159794,-0.0545036495,-0.0015244863,-0.0220833067
8.5554466248,-0.0018185606,-0.0003568251,0.0038681219,-0.0481271110,0.0006893995,-0.0189148095
8.5654354095,-0.0047255685,0.0090227704,-0.0051056556,-0.0257573538,0.0051648417,-0.0157722794
8.5754613876,-0.0047048707,0.0137729328,-0.0129830651,-0.0022712033,0.0032457679,-0.0115269348
8.5854368210,-0.0056880792,0.0157769602,-0.0110333376,0.0073441397,0.0022513436,-0.0115272012
8.5954322815,-0.0046966453,0.0100101512,-0.0031628420,-0.0033320738,0.0032202015,-0.0136512052
8.6054830551,-0.0026623241,0.0021558981,-0.0002180149,-0.0171730537,-0.0011620300,-0.0136131216
8.6154880524,-0.0026147596,0.0019883495,-0.0012587716,-0.0203715097,-0.0022432734,-0.0125430636
8.6256275177,0.0013310829,0.0048198979,-0.0051927380,-0.0032897294,-0.0021202352,-0.0136181824
8.6355018616,0.0023838349,0.0087789875,-0.0110573582,0.0116281006,-0.0019362109,-0.0051286905
8.6454648972,0.0042753438,0.0167880040,-0.0129615478,0.0265210308,0.0014489330,0.0022756965
8.6554861069,0.0042302082,0.0170914810,-0.0070103221,0.0350782983,-0.0016704275,0.0044134157
8.6657524109,0.0062994580,0.0114953201,-0.0068979668,0.0202575400,-0.0146560008,-0.0008039831
8.6755084991,0.0094706034,-0.0011110324,-0.0038958003,-0.0106718792,-0.0160072893,-0.0060866298
8.6854562759,0.0076981257,-0.0042365808,-0.0059328484,-0.0267302096,-0.0107784383,-0.0050469316
8.6954641342,0.0067803035,0.0033219736,-0.0090222768,-0.0203488730,-0.0096231587,-0.0008097088
8.7055301666,0.0058357189,0.0109925848,-0.0071748900,-0.0075313458,-0.0105928164,-0.0008123722
8.7154607773,0.0039128582,0.0139626246,-0.0032909920,0.0138086965,-0.0083139492,-0.0029640731
8.7254276276,0.0029973157,0.0160904806,-0.0003533175,0.0266736299,-0.0146362940,-0.0039944500
8.7354192734,0.0041137110,0.0153590720,0.0026333521,0.0202744529,-0.0157452337,-0.0029205305
8.7454452515,0.0042936425,0.0115819555,0.0017041753,0.0138631584,-0.0157766584,-0.0007910668
8.7554349899,0.0044319700,0.0058647376,0.0027308057,0.0117126554,-0.0147063350,0.0013282765
8.7654256821,0.0025834211,0.0030548256,0.0086030550,0.0127486251,-0.0125244074,0.0055629690
8.7754116058,0.0007078567,0.0031971615,0.0095999427,0.0255154204,-0.0081325881,0.0076504876
8.7854270935,-0.0051047136,0.0043751579,0.0066880775,0.0382820815,-0.0037405025,0.0097378734
8.7954235077,-0.0070873280,0.0066723209,0.0048269220,0.0457037799,0.0006326742,0.0150186559
8.8054189682,-0.0091063911,0.0031126421,0.0069288802,0.0403140746,0.0070037544,0.0149811050
8.8153791428,-0.0072464277,-0.0034441669,0.0100128241,0.0221326724,0.0121841347,0.0117709301
8.8254022598,-0.0024862967,-0.0091848094,0.0091669746,-0.0002759630,0.0140848327,0.0043375157
8.8354015350,-0.0025992624,-0.0141621847,0.0101570673,-0.0141435759,0.0150009599,-0.0009706973
8.8455553055,-0.0038359843,-0.0064955670,0.0130307861,-0.0120910769,0.0225528870,0.0053532450
8.8555250168,-0.0041264077,0.0080648046,0.0090676732,0.0017902507,0.0195091590,0.0117372423
8.8653850555,0.0025035508,0.0130146127,0.0042672940,0.0125379693,0.0110328505,0.0107223112
8.8753604889,0.0063704024,0.0081926864,-0.0063782143,0.0039828308,0.0141458195,0.0075209248
8.8856334686,0.0063180099,0.0003384333,-0.0082732849,-0.0077601112,0.0151050910,0.0053983857
8.8955984116,0.0061598192,-0.0017122049,-0.0004613807,-0.0183721446,0.0085854055,0.0022597173
8.9055128098,0.0070431153,0.0010765176,0.0004771540,-0.0151174935,0.0042899936,-0.0030266575
8.9155292511,0.0080925589,0.0000486951,-0.0005275419,-0.0000567855,-0.0094958600,-0.0040106955
8.9255638123,0.0062720547,0.0020598453,0.0004229734,0.0063933907,-0.0158405751,-0.0018492739
8.9355068207,0.0025582381,-0.0008624811,-0.0005993654,0.0074503999,-0.0158030242,0.0024027289
8.9454917908,-0.0001890293,-0.0028129239,-0.0035640409,0.0064096367,-0.0211096406,0.0077498239
8.9555044174,-0.0009790590,-0.0057018120,-0.0035669019,0.0074642482,-0.0210694261,0.0109336320
8.9654912949,-0.0018020800,-0.0095592160,0.0013112614,0.0031770915,-0.0189649947,0.0109229796
8.9754781723,-0.0036355339,-0.0095518846,0.0051774574,0.0010369746,-0.0189687237,0.0119850487
8.9854354858,-0.0054996093,-0.0027155895,0.0031614492,0.0117058642,-0.0199186727,0.0162333231
8.9955024719,-0.0063858409,0.0022686701,0.0021525810,0.0202239864,-0.0177061185,0.0172754191
9.0054855347,-0.0062528779,0.0004547220,0.0031607340,0.0117231747,-0.0199639462,0.0109216487
9.0155553818,-0.0051712920,-0.0023943502,0.0100191422,-0.0011105984,-0.0137230959,0.0023910112
9.0254449844,-0.0079709375,-0.0034096260,0.0119182654,-0.0085458783,-0.0149220508,-0.0060951514
9.0354499817,-0.0048475494,-0.0015027840,0.0089345165,-0.0052695237,-0.0182267670,-0.0198843349
9.0454406738,-0.0016698173,0.0023978334,0.0040119477,-0.0116251577,-0.0204952490,-0.0294267070
9.0554780960,-0.0013896158,0.0111363810,-0.0019778421,-0.0073069753,-0.0247725509,-0.0336519442
9.0654039383,-0.0010684064,0.0150514524,-0.0040067248,-0.0030112956,-0.0258535277,-0.0389598906
9.0754137039,-0.0006380609,0.0150961559,-0.0079779439,-0.0008133892,-0.0312317815,-0.0453024767
9.0854110718,0.0027967759,0.0112574976,-0.0080119185,-0.0050512766,-0.0355306566,-0.0442092493
9.0954093933,0.0023470290,0.0073890071,-0.0090623908,-0.0071559725,-0.0377160460,-0.0473786779
9.1054115295,0.0028517463,0.0044804793,-0.0042658262,-0.0103581576,-0.0377408117,-0.0473762788
9.1153326035,-0.0005959651,0.0005665999,-0.0004682948,-0.0094070109,-0.0269736536,-0.0400141031
9.1254444122,-0.0021940104,-0.0033448357,-0.0015035083,-0.0020369785,-0.0161923785,-0.0358395986
9.1353902817,-0.0029660992,0.0045623463,-0.0044918465,0.0139370607,-0.0149244480,-0.0262944289
9.1454029083,-0.0008326105,0.0086501520,-0.0074063353,0.0160630625,-0.0138392095,-0.0263029505
9.1553668976,0.0013510654,-0.0000038464,-0.0053934264,-0.0010765092,-0.0085823955,-0.0210131146
9.1653652191,0.0014951596,-0.0068755168,-0.0005200317,-0.0149893956,-0.0054563773,-0.0178364962
9.1753730774,0.0015776226,-0.0060036797,0.0023475478,-0.0149583705,-0.0107656559,-0.0135516031
9.1853723526,0.0036050447,0.0027185958,0.0032358954,-0.0074511841,-0.0170749500,-0.0082039759
9.1953496933,0.0017816344,0.0105010252,0.0041223355,0.0010766564,-0.0180267636,-0.0028945648
9.2053642273,0.0020272501,0.0056520980,0.0011806081,0.0032236967,-0.0190880336,-0.0039515733
9.2153472900,-0.0007330111,0.0046725851,0.0030872414,0.0021094298,-0.0147894258,0.0002729991
9.2253456116,-0.0007150254,0.0085529070,0.0050034709,-0.0044070585,-0.0040883115,0.0076448950
9.2353191376,-0.0017251155,0.0085140746,0.0020610879,0.0029656366,0.0066855066,0.0107562654
9.2453079224,0.0000449189,0.0115713757,0.0050506187,0.0199701861,0.0153764673,0.0117504243
9.2553491592,0.0007864603,0.0157479327,0.0041917749,0.0391175151,0.0219720509,0.0159446374
9.2653465271,-0.0004482797,0.0170783680,0.0023960064,0.0423090458,0.0241161622,0.0138037223
9.2753524780,0.0012802550,0.0134626608,0.0055049253,0.0188440681,0.0238863323,0.0074442262
9.2853221893,-0.0008260689,-0.0012190063,0.0046404791,-0.0164100565,0.0289213043,0.0031866306
9.2953166962,-0.0010261765,-0.0122651178,0.0036686847,-0.0409472287,0.0276544373,0.0032160582
9.3053321838,-0.0003016672,-0.0097243506,-0.0003062894,-0.0334437713,0.0234463774,0.0043004975
9.3153343201,0.0003799715,0.0017817300,-0.0003941467,-0.0056749908,0.0183871705,0.0117474953
9.3252897263,0.0001559028,0.0086657386,0.0015725682,0.0189350154,0.0100544048,0.0149715170
9.3353118896,0.0029971071,0.0059687179,0.0036580751,0.0318018124,0.0047752215,0.0118132746
9.3453102112,0.0059404741,-0.0007189531,0.0066902828,0.0009365743,-0.0030177208,0.0033862346
9.3553009033,0.0069093774,-0.0057291109,0.0076591563,-0.0269242171,0.0116901193,-0.0020044032
9.3654356003,0.0020251342,-0.0159117896,0.0026785920,-0.0504228845,0.0146875065,-0.0051946035
9.3752851486,0.0018512079,-0.0065855999,-0.0013826301,-0.0365651250,0.0169360135,-0.0041538402
9.3852729797,0.0016453037,0.0048803072,-0.0063687968,-0.0152169615,0.0150089515,0.0011557040
9.3952894211,-0.0034399859,0.0156055968,-0.0073986459,0.0210748650,0.0121503128,0.0085839257
9.4052610397,-0.0045589139,0.0139260869,-0.0053277421,0.0413572341,0.0112565560,0.0107003395
9.4152498245,-0.0065964540,0.0074459296,-0.0032176187,0.0413812026,0.0080573009,0.0117845125
9.4252786636,-0.0066714813,-0.0029468555,0.0028305242,0.0285511576,0.0121969180,0.0075170631
9.4352779388,-0.0067672958,-0.0086194295,0.0010002444,0.0157161858,0.0142568741,0.0096357409
9.4452552795,-0.0039536585,-0.0085112173,-0.0047741937,0.0114572588,0.0121045066,0.0117774550
9.4552240372,-0.0031338416,-0.0035309214,-0.0096070580,0.0114625851,0.0120895924,0.0096511878
9.4651947021,-0.0042438288,-0.0024975855,-0.0076268124,0.0040435516,0.0056194430,0.0096983258
9.4752359390,-0.0033451847,-0.0073621888,-0.0017299464,-0.0023261979,0.0023429564,0.0076005543
9.4852190018,-0.0023765496,-0.0083878059,0.0011927674,-0.0032937247,-0.0073381672,0.0012896608
9.4952049255,-0.0013525566,-0.0015532095,0.0031032155,0.0010102103,-0.0105315633,-0.0008163669
9.5052394867,-0.0041465242,0.0033169370,0.0030091594,-0.0010649245,-0.0169785433,-0.0028978935
9.5153369904,-0.0049517383,0.0033240002,0.0068796468,-0.0021219337,-0.0159692056,-0.0092796264
9.5252342224,-0.0066655506,0.0023350697,0.0019447992,-0.0010058032,-0.0181798954,-0.0188275930
9.5351886749,-0.0064632972,0.0082055908,-0.0000778844,-0.0020407066,-0.0203639548,-0.0230612196
9.5451784134,-0.0043074717,0.0082558077,0.0038022588,-0.0052905623,-0.0129438546,-0.0273566321
9.5552120209,-0.0060641994,0.0053565186,0.0057280255,0.0010512229,-0.0054089730,-0.0263451636
9.5652770996,-0.0020966909,0.0133539718,0.0057527614,0.0170395114,-0.0041801902,-0.0221147314
9.5751914978,0.0038442679,0.0175684076,0.0077948165,0.0266643092,-0.0051999148,-0.0253029335
9.5851678848,0.0079350239,0.0061035436,0.0098810978,0.0053145448,-0.0043144138,-0.0274185482
9.5951805115,0.0051593850,-0.0066156108,0.0118442364,-0.0182886533,0.0104589397,-0.0285611786
9.6051616669,0.0071109156,-0.0067618806,0.0147447176,-0.0278773624,0.0061550047,-0.0232146177
9.6152563095,0.0061256657,-0.0021533985,0.0107128210,-0.0310961939,0.0072189383,-0.0210954063
9.6251430511,0.0061643641,-0.0024265666,0.0076951575,-0.0268103704,0.0019807664,-0.0125653008
9.6351613998,0.0101394420,0.0003204327,0.0017779658,-0.0139222676,-0.0106756408,-0.0039915210
9.6451683044,0.0121463304,0.0022210758,0.0066287704,-0.0022104830,-0.0094617717,0.0023667763
9.6551227570,0.0113017475,-0.0036929268,0.0056352210,-0.0043655131,-0.0115187969,0.0130023770
9.6651210785,0.0104379421,-0.0057382304,0.0036403129,-0.0032981178,-0.0115105417,0.0130015779
9.6751499176,0.0065943371,-0.0087937731,0.0035876224,-0.0140138799,-0.0062537277,0.0129770767
9.6851263046,0.0036279776,-0.0051062126,0.0015372823,-0.0162045956,-0.0019410047,0.0193249881
9.6951341629,0.0025269904,0.0035316329,0.0014525244,-0.0108592324,-0.0019207646,0.0171977878
9.7051048279,0.0004854569,0.0072903316,0.0004072974,-0.0066282675,0.0023962194,0.0182292294
9.7150955200,-0.0015588632,0.0091435593,0.0003802965,-0.0066009713,0.0012798224,0.0129256779
9.7251167297,0.0003745922,0.0051467400,0.0023319314,-0.0129827028,0.0001253419,0.0086880550
9.7351198196,0.0022922673,0.0040462296,0.0013359378,-0.0140655451,0.0022460173,0.0065455427
9.7451076508,-0.0006575516,0.0038858932,-0.0026122739,-0.0087442826,0.0033741321,0.0086592929
9.7550706863,0.0012269983,0.0048501771,-0.0035868098,0.0029886728,0.0055797622,0.0065142498
9.7650337219,-0.0007750622,0.0028804820,-0.0055190730,0.0040334309,0.0066929637,0.0107558668
9.7751026154,0.0001366952,0.0018999856,-0.0103786401,0.0040282374,0.0067054802,0.0118164709
9.7850446701,-0.0008990846,0.0028629582,-0.0113425069,0.0040916204,-0.0018262224,0.0139965340
9.7950534821,-0.0008880279,-0.0000845212,-0.0084073953,-0.0054648658,-0.0041221334,0.0044578901
9.8050661087,-0.0027920536,-0.0040565748,-0.0025843789,-0.0086215110,-0.0084489714,0.0013009789
9.8150844574,-0.0017319104,-0.0031772275,-0.0016646197,-0.0117603121,-0.0170054417,0.0034834398
9.8251008987,-0.0025618605,0.0054869335,-0.0027652194,-0.0116708307,-0.0266511440,0.0003587527
9.8350372314,-0.0012925795,0.0053648930,-0.0057866978,-0.0116272885,-0.0299023315,-0.0049322825
9.8450603485,-0.0029466085,0.0003685933,-0.0048871445,-0.0148542393,-0.0256793573,-0.0081445873
9.8550548553,-0.0037106059,0.0022711139,-0.0010677387,-0.0031067701,-0.0256050546,-0.0102788443
9.8650512695,-0.0025071136,0.0111296158,0.0008147547,0.0118577974,-0.0276359804,-0.0113385161
9.8750238419,-0.0051375260,0.0122634750,0.0017516802,0.0161661264,-0.0318871848,-0.0123762172
9.8850259781,-0.0009027502,0.0105777364,0.0066759181,0.0172755998,-0.0361719467,-0.0144739887
9.8950147629,0.0024324723,0.0058990102,0.0115716048,0.0055724713,-0.0384542756,-0.0208254959
9.9050302505,0.0019079814,-0.0018767435,0.0144541450,-0.0115324799,-0.0332880095,-0.0261590090
9.9150009155,0.0013433018,-0.0059101600,0.0172750540,-0.0253862422,-0.0334528573,-0.0325210318
9.9249897003,0.0027037926,-0.0051238853,0.0161563344,-0.0307708886,-0.0260492712,-0.0368148498
9.9350099564,0.0000901887,-0.0014725644,0.0110935755,-0.0255094133,-0.0184904207,-0.0326181054
9.9450101852,-0.0035873137,0.0012578648,0.0060702157,-0.0181516334,-0.0066313641,-0.0273881890
9.9550189972,-0.0025164566,-0.0007767696,0.0050658179,-0.0075698281,0.0020574655,-0.0210786276
9.9650020599,-0.0054915925,0.0021426957,0.0060166311,0.0050881756,0.0171911456,-0.0126864752
9.9751701355,-0.0036379627,0.0012874883,0.0060904813,0.0146810152,0.0173035283,-0.0073783961
9.9849843979,-0.0027706258,-0.0014932770,0.0032587836,0.0189489983,0.0162949897,-0.0041876626
9.9949760437,0.0010509858,-0.0013180394,-0.0005439927,0.0147276204,0.0098607941,-0.0030816519
10.0048961639,0.0038962134,-0.0002244133,-0.0034076383,0.0051266588,0.0066346400,0.0033203212
10.0149297714,0.0049034725,-0.0051546711,-0.0102090053,-0.0055187959,0.0022947527,0.0054809432
10.0250921249,0.0039075087,-0.0062688608,-0.0112180524,-0.0172601398,0.0022039390,0.0054897321
10.0349683762,0.0009869853,-0.0074611325,-0.0132421665,-0.0193896033,0.0000808672,0.0086903200
10.0450563431,0.0009150871,-0.0008027274,-0.0162648968,-0.0087153874,-0.0019287542,0.0140078515
10.0551042557,-0.0010801187,0.0069431048,-0.0172998123,0.0051664724,-0.0039287880,0.0171968546
10.0649490356,-0.0011043182,0.0128369909,-0.0192735605,0.0115780327,-0.0059895422,0.0203929152
10.0749559402,-0.0010764530,0.0099778753,-0.0192379765,0.0094628166,-0.0071027437,0.0172148310
10.0851707458,0.0008780726,0.0081373136,-0.0152748041,0.0137270708,-0.0060100486,0.0161423758
10.0949230194,0.0008446046,0.0121966582,-0.0113600902,0.0201767143,-0.0102620507,0.0129780089
10.1049299240,0.0008548566,0.0173050743,-0.0074156928,0.0297989808,-0.0112745846,0.0108530726
10.1149253845,0.0000386306,0.0136792343,-0.0083100013,0.0309321564,-0.0187580679,0.0098392069
10.1251697540,0.0001409122,0.0149156433,-0.0082607679,0.0308972690,-0.0165753420,0.0151370317
10.1348962784,-0.0036713413,0.0132564586,-0.0042943168,0.0362231918,-0.0154608078,0.0151238497
10.1449089050,-0.0045322408,0.0087367576,-0.0032028963,0.0511384904,-0.0110884300,0.0129602980
10.1549053192,-0.0005941919,0.0131767076,0.0028049538,0.0575891994,-0.0153404325,0.0108627928
10.1650152206,-0.0014556280,0.0126879197,0.0068410821,0.0501400717,-0.0165031701,0.0066259699
10.1748838425,0.0007083633,0.0082113426,0.0089230128,0.0299391970,-0.0231432300,-0.0018167833
10.1848869324,0.0009592840,0.0005726200,0.0109297819,0.0053571551,-0.0169750806,-0.0082139624
10.1948976517,-0.0037819378,-0.0033918936,0.0108668990,-0.0075792819,-0.0010536393,-0.0093699079
10.2050933838,-0.0057434072,0.0014626067,0.0069190450,0.0137177501,0.0044732187,-0.0072958376
10.2148809433,-0.0078158015,0.0144158583,0.0040148092,0.0521249250,0.0027275167,0.0033106005
10.2248535156,-0.0069421162,0.0189322811,0.0042106104,0.0798492283,0.0051067844,0.0064629847
