0.0000000000,-0.0065465663,-0.0032756967,0.0039600190,-0.0305087734,0.0055173370,0.0172598306
0.0095340014,-0.0076073501,-0.0045610410,0.0018684324,-0.0293851849,-0.0008958210,0.0162382424
0.0195330381,-0.0076949392,0.0000526864,-0.0002286378,-0.0208249856,-0.0029762825,0.0151833650
0.0295300484,-0.0029045139,0.0067824083,0.0006700214,-0.0080103893,-0.0039400803,0.0151777724
0.0396649837,0.0048427787,0.0097073279,0.0006884392,-0.0037486656,-0.0007485484,0.0098433280
0.0496729612,0.0038098004,0.0076806801,0.0016486701,-0.0091370391,0.0087562734,0.0012863248
0.0598330498,0.0017890838,0.0076258737,0.0065071043,-0.0090965591,0.0065602311,-0.0050717057
0.0699030161,0.0017646459,0.0056192237,0.0094046053,-0.0101570301,0.0065338654,-0.0071955766
0.0796519518,0.0046603885,0.0065310257,0.0103624519,-0.0155035919,0.0065160226,-0.0050695753
0.0896630287,0.0027682986,-0.0043861610,0.0093336161,-0.0261599645,0.0042960113,-0.0050477376
0.0996140242,-0.0020773206,-0.0095906593,0.0042923745,-0.0368560180,0.0053173332,-0.0007967998
0.1112519503,-0.0070200954,-0.0050691706,-0.0017849151,-0.0315627195,0.0086100660,0.0044901073
0.1218210459,-0.0052398238,0.0045309025,-0.0028669182,-0.0081101255,0.0109605715,0.0076435562
0.1310540438,-0.0044740830,0.0142713748,-0.0058023874,0.0142862611,0.0101376548,0.0161323827
0.1399339437,-0.0046639834,0.0173166357,-0.0057021920,0.0239115916,0.0038909446,0.0278565492
0.1500569582,0.0020864215,0.0067660469,-0.0044788066,0.0228425972,0.0028411266,0.0310512781
0.1602710485,0.0058743563,0.0000481564,-0.0023775641,0.0079514002,-0.0026412569,0.0279080812
0.1695070267,0.0045920815,-0.0018675666,0.0006668624,-0.0165795088,-0.0039270311,0.0247463770
0.1797230244,0.0040929224,-0.0002717417,0.0007252153,-0.0368313864,-0.0062498404,0.0215890650
0.1895200014,0.0045977440,-0.0026427549,0.0054806527,-0.0549091920,-0.0097050257,0.0088754017
0.1994839907,0.0047654416,0.0006996054,0.0084080752,-0.0516799726,-0.0107961223,0.0035691867
0.2095030546,0.0044226553,0.0073262709,0.0023318585,-0.0388485938,-0.0118019991,-0.0006828164
0.2194969654,0.0012169090,0.0143523775,-0.0006228629,-0.0153643088,-0.0126704555,0.0014309343
0.2295440435,-0.0006165299,0.0151301287,-0.0004901234,-0.0004838966,-0.0061153509,0.0045652087
0.2395570278,0.0023181345,0.0145688020,0.0000770148,0.0059568249,-0.0103431186,0.0045893099
0.2494889498,0.0036636796,0.0130666755,0.0005306061,0.0127667943,0.1451695114,-0.1897791028
0.2595210075,-0.1172412708,-0.0130067505,-0.0108290855,-0.0182863288,0.3309915662,-0.3057026267
0.2694849968,-0.1416167468,-0.0323585607,-0.0067891423,-0.0365236551,0.1285543144,-0.0887117460
0.2795360088,-0.0307948980,-0.0150806643,0.0008124765,-0.0272265598,-0.0061720759,0.0215801448
0.2894270420,0.0194649901,0.0042278427,0.0028111991,-0.0123280389,0.0076558557,0.0002322458
0.2994849682,-0.0185902808,-0.0018231909,-0.0008818451,-0.0144352661,0.0023412514,0.0066468688
0.3094300032,-0.0060246978,0.0013961751,0.0036378559,-0.0144107649,0.0001856887,0.0045360476
0.3194799423,-0.0100921188,0.0025688666,-0.0016567055,-0.0175676756,-0.0072791521,0.0088338573
0.3294440508,-0.0083604846,0.0038741189,-0.0048977081,-0.0270895399,-0.0201238431,0.0152981477
0.3394869566,0.0051728096,0.0073208469,-0.0028513018,-0.0387882739,-0.0266003851,0.0185357518
0.3494369984,0.0146132018,0.0045146900,0.0002380665,-0.0473013371,-0.0277804323,0.0132373925
0.3594909906,0.0185165908,0.0069160718,0.0060312208,-0.0377487093,-0.0191975962,0.0089279991
0.3694969416,0.0161432829,0.0072461623,0.0051183756,-0.0271192361,-0.0095870476,-0.0017656576
0.3794859648,0.0105661657,0.0121091865,0.0049623307,-0.0089934953,-0.0031190277,-0.0113802012
0.3894209862,0.0064186063,0.0149366520,0.0029937681,0.0154825533,0.0077219019,-0.0157171600
0.3995829821,0.0072306301,0.0150771104,0.0002120789,0.0314683095,0.0100005018,-0.0146847852
0.4095499516,0.0041077938,0.0083839856,0.0004002508,0.0229573809,0.0056776591,-0.0125260260
0.4195840359,0.0036782529,-0.0014573674,0.0063946303,0.0069922619,-0.0018851855,-0.0071523003
0.4295940399,0.0110550132,-0.0045216423,0.0104031619,-0.0163759105,-0.0180524364,-0.0017191856
0.4395530224,0.0145557728,-0.0040296358,0.0092654284,-0.0323960222,-0.0181515068,0.0014810017
0.4495409727,0.0132624414,-0.0036851806,0.0080140885,-0.0430366844,-0.0214583538,-0.0006149060
0.4595530033,0.0063398685,-0.0044595939,0.0036912020,-0.0355874225,-0.0192511249,0.0004265232
0.4696099758,0.0042638090,0.0046998220,0.0003726538,-0.0164672583,-0.0094477637,0.0045991642
0.4795589447,0.0020735171,0.0101413690,-0.0056803171,-0.0005277051,-0.0007698536,0.0055965176
0.4895600080,-0.0010605248,0.0149464272,-0.0047312323,0.0122141885,0.0078699738,0.0044692019
0.4995349646,-0.0021554623,0.0131486319,-0.0026496593,0.0153979976,0.0089869034,0.0065818881
0.5095549822,0.0024078395,0.0114197098,0.0034575518,0.0196851529,0.0068824734,0.0065925405
0.5195300579,0.0098915901,0.0047985273,0.0095890816,0.0122891562,-0.0017381790,0.0055931890
0.5295180082,0.0116109755,-0.0019913060,0.0116955098,-0.0036900761,-0.0061278669,0.0066952053
0.5395159721,0.0115526523,-0.0011094849,0.0077505764,-0.0228912011,-0.0063089626,0.0024583824
0.5495840311,0.0066423919,-0.0005185347,0.0045895036,-0.0367380418,-0.0054471632,-0.0092238402
0.5594969988,0.0007557180,0.0058846730,0.0042942818,-0.0239163861,-0.0043355599,-0.0156134292
0.5695079565,0.0026572850,0.0144662820,0.0060645994,0.0069906642,0.0012565458,-0.0146088852
0.5795340538,0.0065859463,0.0154834650,0.0041498002,0.0304168947,0.0078601204,-0.0136059392
0.5894750357,0.0055731442,0.0087240003,0.0013246592,0.0335788652,0.0111272857,-0.0093797687
0.5994919538,0.0034437981,-0.0019734246,0.0014849957,0.0164954867,0.0110095739,-0.0072404509
0.6095149517,0.0051976945,-0.0078507997,0.0045041498,-0.0133335153,0.0033063809,-0.0061072763
0.6194939613,0.0079328325,-0.0110361315,0.0054091271,-0.0442810431,0.0009572064,-0.0028835195
0.6294660568,0.0097906496,-0.0104992725,0.0051822122,-0.0570442416,-0.0034439336,-0.0060332399
0.6394720078,0.0107912328,-0.0051808101,0.0057944115,-0.0537895970,-0.0098309927,-0.0059943581
0.6494729519,0.0097631123,0.0029565054,0.0004953202,-0.0335809961,-0.0021658826,-0.0028710028
0.6594929695,0.0047480371,0.0064125317,0.0002234038,-0.0111676995,-0.0009416275,-0.0050195078
0.6694869995,0.0027332213,0.0014228482,0.0002135094,0.0080400836,0.0002666486,-0.0061031482
0.6794559956,0.0046436395,0.0026025134,-0.0035546962,0.0218700115,0.0046773762,-0.0029548921
0.6894730330,0.0045880880,0.0009396035,-0.0023693983,0.0165665932,-0.0006803714,0.0002707285
0.6994229555,0.0054283943,-0.0046894294,0.0007713493,0.0015623430,0.0025002419,0.0108847572
0.7094819546,0.0072739031,-0.0086228289,-0.0040351097,-0.0271747634,-0.0073502585,0.0099063115
0.7194169760,0.0060640182,-0.0030643088,0.0035958942,-0.0506442674,-0.0107031781,0.0141946664
0.7294800282,0.0088548269,-0.0017221015,0.0032802280,-0.0783454031,-0.0183717515,0.0174509138
0.7394609451,0.0107904281,-0.0074566943,0.0066962894,-0.1071988940,-0.0143245440,0.0163803231
0.7494380474,0.0079090204,-0.0094900168,0.0050854143,-0.1306115389,-0.0209638048,0.0111277699
0.7594319582,0.0020270552,-0.0037973267,0.0033772644,-0.1349084079,-0.0136033604,0.0015245446
0.7693699598,0.0000197795,0.0049816328,0.0027236398,-0.1082464457,-0.0101998402,0.0004214633
0.7794029713,0.0019059685,0.0102903210,0.0023767408,-0.0592159182,0.0008200535,-0.0049952730
0.7894070148,-0.0031147096,0.0160456263,0.0013379510,-0.0090853740,0.0065335995,-0.0071921144
0.7994049788,-0.0101275537,0.0191011690,0.0014150795,0.0260588974,0.0132873757,0.0001735231
0.8093789816,-0.0083546136,0.0115623437,-0.0002378169,0.0271140411,0.0143734124,0.0012281348
0.8194169998,-0.0046772454,0.0059862393,0.0019993838,0.0100582261,0.0100002363,0.0055191536
0.8301179409,-0.0067220721,-0.0017699342,0.0011333879,-0.0155187715,0.0044675190,0.0066352841
0.8396240473,-0.0067905877,-0.0019012730,0.0020482000,-0.0186712891,0.0001302949,0.0024167036
0.8493640423,-0.0029507969,0.0047804671,0.0019395407,-0.0079675121,-0.0030023814,0.0013671515
0.8593360186,0.0018609074,0.0105829202,0.0028779563,0.0122810341,-0.0006707840,0.0055869306
0.8693560362,0.0018159059,0.0125376247,0.0038446840,0.0314747021,0.0026658904,0.0034271069
0.8794310093,0.0019135681,0.0058129388,0.0049173292,0.0389516577,0.0027090339,0.0012951132
0.8893649578,0.0020169523,0.0011405904,0.0040637311,0.0314884186,0.0036746962,-0.0040178932
0.8994369507,0.0020956900,-0.0016775172,0.0041304883,0.0069403304,0.0024339291,-0.0018677899
0.9093359709,0.0051096585,-0.0065529388,0.0060849246,-0.0229326151,0.0000743686,-0.0007692359
0.9193910360,0.0033395793,-0.0098356046,0.0048680361,-0.0591567978,-0.0097926427,0.0035715834
0.9293589592,0.0023984518,-0.0036387783,0.0005314406,-0.0687697381,-0.0140331946,0.0163544901
0.9393609762,0.0062282290,0.0083503388,-0.0057766382,-0.0655638352,-0.0150649035,0.0174197555
0.9493069649,0.0021944251,0.0165364705,-0.0022880975,-0.0357279032,-0.0073798196,0.0141619099
0.9593479633,0.0030602124,0.0182722770,-0.0033652727,0.0004491424,0.0078414781,0.0119148679
0.9694499969,0.0038835909,0.0164386891,-0.0032346193,0.0260309353,0.0164988805,0.0012169497
0.9793449640,0.0017440227,0.0167636536,-0.0000714604,0.0430670455,0.0251075495,-0.0073495079
0.9893150330,-0.0004302356,0.0142897032,0.0041821059,0.0462236851,0.0294343866,-0.0041925963
0.9993339777,-0.0044617746,0.0010161955,0.0094122346,0.0292289909,0.0175809227,0.0001464922
1.0091700554,0.0013960806,-0.0134053566,0.0125923213,0.0016138759,0.0002757034,0.0013403872
1.0193229914,0.0042678025,-0.0115953721,0.0086246189,-0.0196434762,-0.0126757808,0.0056877313
1.0292869806,0.0042704549,-0.0031996411,0.0044401940,-0.0291831866,-0.0212908424,0.0068126507
1.0393029451,0.0062572863,0.0012941618,0.0031859335,-0.0302840024,-0.0180745423,0.0089172134
1.0492600203,0.0072909500,0.0028807479,0.0019667801,-0.0216766670,-0.0234155115,0.0015090981
1.0593240261,0.0063403752,0.0045591849,0.0056751426,-0.0133026233,-0.0040942775,0.0035027408
1.0692700148,0.0014238862,0.0082686804,0.0035759266,0.0058801263,0.0034539199,-0.0061211246
1.0792909861,-0.0005133841,0.0112866722,0.0035979804,0.0175700728,0.0120460764,-0.0114953835
1.0895719528,-0.0035236571,0.0134926997,0.0008332785,0.0238953456,0.0217141509,-0.0115624946
1.0993510485,-0.0035649631,0.0030501741,0.0001238640,0.0207104720,0.0205972195,-0.0147420429
1.1092809439,-0.0027390812,0.0012967844,0.0032417830,0.0153668392,0.0184818711,-0.0072878553
1.1192810535,0.0000347999,-0.0034685475,0.0033977684,0.0068399291,0.0141995084,-0.0008818877
1.1294779778,0.0057829823,-0.0103293993,0.0044523533,-0.0133561520,0.0033644377,0.0002648695
1.1392829418,0.0037004557,-0.0037332219,0.0033214148,-0.0218913145,0.0022435132,0.0024049859
1.1492589712,0.0036696400,-0.0000940900,0.0002148803,-0.0186417289,-0.0030844070,0.0013748752
1.1593780518,0.0046637859,0.0026209909,-0.0018634740,-0.0069091721,-0.0008779779,-0.0007705677
1.1695489883,0.0046738591,0.0045074183,-0.0029032174,0.0101723429,0.0013372395,-0.0071712090
1.1794179678,0.0056454744,0.0046699601,-0.0027979556,0.0228728242,0.0142666195,-0.0072666830
1.1895550489,0.0016504434,0.0107169114,-0.0056304280,0.0282026082,0.0164181869,-0.0104715312
1.1993219852,-0.0003456268,0.0109436773,-0.0064496938,0.0218443125,0.0099760015,-0.0072344588
1.2094939947,0.0015843121,0.0072398740,-0.0053275768,0.0027209511,-0.0019104856,-0.0050192415
1.2192380428,0.0075073745,-0.0015485327,-0.0003997032,-0.0196276307,-0.0116712367,-0.0017551382
1.2292339802,0.0095688608,-0.0095449425,0.0014663395,-0.0313407443,-0.0160188470,0.0004060171
1.2392740250,0.0086388495,-0.0068841618,0.0041709598,-0.0313747004,-0.0117463386,0.0003795186
1.2494009733,0.0076311734,0.0026566046,0.0030086692,-0.0132257901,-0.0095228655,-0.0060219215
1.2592760324,0.0047005918,0.0084585212,0.0009830054,0.0112743592,-0.0029283457,-0.0071448432
1.2692290545,-0.0011692437,0.0046624201,0.0010589417,0.0293510966,0.0088955564,-0.0157332718
1.2792830467,-0.0002330038,0.0030137259,0.0012651142,0.0378395244,0.0174616147,-0.0211044680
1.2893619537,0.0006431845,0.0004101355,0.0034712013,0.0271394737,0.0184930563,-0.0157917272
1.2992689610,0.0015385059,-0.0042707366,0.0046249684,0.0037111146,0.0108489860,-0.0136012789
1.3092190027,0.0015194026,-0.0101302005,0.0056383070,-0.0261106975,0.0010355033,-0.0092672501
1.3192670345,0.0044478383,-0.0123124160,0.0084432419,-0.0452664122,-0.0076285587,-0.0049472032
1.3293429613,0.0044872370,-0.0137045421,0.0091735180,-0.0463125035,-0.0118755018,-0.0006693674
1.3391740322,0.0005872753,-0.0062848669,0.0049710330,-0.0196812935,-0.0073465295,0.0045934385
1.3492000103,-0.0043293331,0.0052512544,-0.0039785448,0.0133360447,0.0004176500,0.0077072061
1.3591760397,-0.0083905254,0.0122615360,-0.0058264676,0.0442007482,0.0103033036,0.0108084567
1.3691730499,-0.0075619016,0.0107445978,-0.0055078212,0.0601501539,0.0179082267,0.0107480045
1.3791830540,-0.0009536836,0.0103060268,-0.0021651331,0.0537653603,0.0157151148,0.0097028464
1.3892259598,0.0037656333,0.0019727605,0.0050450619,0.0292344503,0.0144293392,0.0065411413
1.3991719484,0.0076570418,-0.0134860016,0.0101305302,-0.0111992573,0.0012344415,0.0002816473
1.4092329741,0.0125261154,-0.0145792700,0.0120226201,-0.0410407782,-0.0032987911,-0.0028552900
1.4191390276,0.0106670763,-0.0111058094,0.0107407626,-0.0591127202,-0.0109511185,-0.0059783789
1.4291520119,0.0029461291,-0.0057429117,0.0093736704,-0.0399275795,-0.0086378967,-0.0028196035
1.4391390085,-0.0019128117,0.0057023424,0.0071598943,0.0016382430,-0.0008348348,-0.0039660945
1.4492069483,-0.0029919241,0.0204660855,0.0013243016,0.0452717394,0.0123917554,0.0033544027
1.4591200352,-0.0051415358,0.0238527916,0.0016332921,0.0772055686,0.0212374441,0.0096521135
1.4689610004,-0.0043724272,0.0137418769,0.0002026614,0.0803289264,0.0287885722,0.0149129201
1.4790669680,0.0002297070,0.0007264275,0.0066304263,0.0600606725,0.0275539309,0.0138726905
1.4891929626,0.0029340591,-0.0125527717,0.0099565443,0.0227593742,0.0229304172,0.0064901421
1.4992100000,0.0026446488,-0.0105471648,0.0139601287,-0.0124062030,0.0172767919,0.0023024541
1.5091229677,0.0035449471,-0.0097837187,0.0089922603,-0.0358401537,0.0148762176,-0.0072271349
1.5191509724,0.0044219699,-0.0032862467,0.0097390469,-0.0347190984,0.0095150080,-0.0103809834
1.5291030407,0.0053222086,0.0002955455,0.0075908955,-0.0209007561,0.0150021845,-0.0061766515
1.5390889645,-0.0025790129,0.0088181756,0.0054351743,0.0047537419,0.0130133368,-0.0114915222
1.5490629673,-0.0056085382,0.0138065778,0.0054874476,0.0356594585,0.0154717006,-0.0019675251
1.5590779781,0.0010515657,0.0190641843,-0.0000862423,0.0494815335,0.0178107545,0.0086297253
1.5690759420,-0.0010075065,0.0106528066,0.0031508263,0.0356685147,0.0112639060,0.0054946523
1.5790749788,-0.0029484723,-0.0028243703,0.0033509191,0.0132648051,0.0100162150,0.0055211503
1.5890790224,0.0037604477,-0.0047036153,0.0034586247,-0.0102319978,0.0119629856,0.0044625439
1.5990869999,0.0036709215,-0.0068156165,0.0043878611,-0.0230118409,0.0128338393,-0.0072208764
1.6090680361,0.0015396086,-0.0001544100,0.0072034653,-0.0177172124,0.0192603134,-0.0104534216
1.6190749407,0.0023123529,0.0095325671,0.0090892371,-0.0006775083,0.0247211251,-0.0126270931
1.6290769577,0.0080223884,0.0115244351,0.0101438817,0.0078368839,0.0290349144,-0.0158481877
1.6390110254,0.0078805592,0.0056708711,0.0092588123,0.0078471377,0.0290080160,-0.0190353245
1.6490930319,0.0038916674,-0.0011839907,0.0073703583,0.0014129402,0.0321737155,-0.0179889686
1.6590720415,0.0008951929,-0.0051052016,-0.0013626758,-0.0028345361,0.0289472956,-0.0158376675
1.6690100431,-0.0041333530,-0.0061331433,-0.0052351300,-0.0092405044,0.0278561991,-0.0126389451
1.6791490316,-0.0062542949,-0.0071651679,-0.0061950032,-0.0134931719,0.0235954076,-0.0072973100
1.6890389919,-0.0064395759,-0.0014113229,-0.0062458459,-0.0113424035,0.0204329044,-0.0040911301
1.6990330219,-0.0036699567,0.0042939442,-0.0111963693,-0.0091290493,0.0076934062,0.0034240445
1.7091039419,-0.0008450243,0.0031495946,-0.0112431590,-0.0112409368,0.0044797696,0.0045087496
1.7190289497,0.0049700048,-0.0008642417,-0.0063803140,-0.0175512973,-0.0052266540,0.0003275869
1.7290439606,0.0069293585,-0.0010102134,-0.0025754515,-0.0228919983,-0.0031666986,-0.0039316067
1.7390359640,0.0089586284,-0.0021335525,-0.0017128531,-0.0335109569,-0.0054849805,-0.0155961188
1.7490810156,0.0032369997,-0.0033285362,0.0000690278,-0.0325002857,0.0051290481,-0.0252271742
1.7590110302,0.0003943351,-0.0005212766,-0.0020161215,-0.0176041611,0.0116442060,-0.0263403747
1.7690700293,0.0013878254,0.0053847390,-0.0029944722,0.0026164223,0.0203237142,-0.0295979548
1.7790169716,0.0023420062,0.0065168696,-0.0048476402,0.0122378916,0.0172211323,-0.0263984315
1.7890609503,0.0003473070,0.0057862955,0.0011377987,0.0218921155,0.0098505663,-0.0221078135
1.7990759611,0.0042638686,0.0002105791,0.0023328122,0.0208482891,0.0045543378,-0.0146321878
1.8089950085,0.0082034376,-0.0044992906,0.0015062150,0.0069955913,-0.0029344708,-0.0028876474
1.8189489841,0.0091857817,-0.0132885911,0.0005830582,-0.0101311980,-0.0018950392,0.0088022975
1.8289849758,0.0071748998,-0.0144472159,0.0005056914,-0.0229854770,0.0023079617,0.0119711934
1.8390049934,0.0031053927,-0.0019948524,-0.0035848562,-0.0102036353,0.0066590337,0.0087447744
1.8489710093,-0.0000565741,0.0048132199,-0.0055405442,0.0206224546,0.0229202956,0.0075554061
1.8589890003,-0.0023407135,0.0118795000,-0.0092359725,0.0546900108,0.0338762738,0.0085251965
1.8689579964,-0.0046590660,0.0143757425,-0.0068828408,0.0877422392,0.0394577272,0.0063411379
1.8789589405,-0.0079916809,0.0160852931,-0.0043970291,0.0994663984,0.0395935513,0.0116441576
1.8889640570,-0.0034930501,0.0070994752,0.0021219309,0.0760209933,0.0319942199,0.0191465486
1.8989470005,0.0040849056,-0.0070504290,0.0074774679,0.0206837058,0.0123033384,0.0161243919
1.9089169502,0.0069585051,-0.0207544006,0.0134085473,-0.0453440472,-0.0032431311,0.0077721868
1.9189260006,0.0089750197,-0.0242276229,0.0160135683,-0.0857978612,-0.0153402742,0.0046918420
1.9289369583,0.0100988653,-0.0221128799,0.0144986566,-0.1017352790,-0.0219307989,-0.0016286381
1.9389549494,0.0073572304,-0.0142155029,0.0089691933,-0.0963803381,-0.0208913665,-0.0101391692
1.9489289522,0.0016752986,-0.0023016077,0.0015314277,-0.0697644353,-0.0090014180,-0.0187339894
1.9588509798,-0.0040741060,0.0069670933,-0.0066668931,-0.0303694904,0.0020192750,-0.0156461857
1.9690079689,-0.0089599583,0.0126885138,-0.0097226445,0.0079392828,0.0141268047,-0.0093771052
1.9789489508,-0.0100410972,0.0109702013,-0.0114850942,0.0399307683,0.0134096146,0.0033562670
1.9891799688,-0.0072558317,0.0056211608,-0.0062150303,0.0569832586,0.0125635285,0.0139737567
1.9991040230,-0.0006887707,0.0062303203,-0.0008853618,0.0622917376,0.0105871968,0.0277929008
2.0090861320,0.0068676379,0.0038126367,0.0005047377,0.0430911444,0.0072686318,0.0320773907
2.0188741684,0.0096103456,-0.0037812931,0.0065938290,0.0089636669,0.0037905434,0.0310607310
2.0289058685,0.0124378409,-0.0087960102,0.0075594839,-0.0314924121,-0.0051635369,0.0205231365
2.0389909744,0.0114233699,-0.0062612039,0.0073111113,-0.0495746136,-0.0075609144,0.0067411447
2.0488369465,0.0075601544,-0.0008587581,0.0050339755,-0.0431760997,-0.0022673490,-0.0049839546
2.0588388443,0.0036944058,0.0066168266,-0.0010878984,-0.0250627417,0.0052765878,-0.0146090183
2.0689380169,-0.0031098519,0.0103865229,-0.0051160399,-0.0005515404,0.0118426103,-0.0189182796
2.0790591240,-0.0079605374,0.0055793184,-0.0040872041,0.0197316259,0.0130410334,-0.0210605264
2.0888881683,-0.0099751148,0.0077939290,-0.0049104635,0.0410606191,0.0122098615,-0.0125709008
2.0988569260,-0.0081520174,0.0101586245,-0.0046195332,0.0527843833,0.0092079453,0.0001867057
2.1088638306,-0.0063137505,0.0096288882,-0.0033449475,0.0442630686,0.0049122670,0.0055324687
2.1188750267,-0.0024977718,0.0080033801,-0.0011419002,0.0282926224,-0.0005461479,0.0066414094
2.1288759708,-0.0006104502,0.0052022594,0.0018965062,0.0037550568,-0.0039059920,0.0109298974
2.1388239861,0.0032909121,-0.0017089884,0.0057933386,-0.0260915197,-0.0063353274,0.0035284404
2.1488609314,0.0053279903,-0.0107912757,0.0076031741,-0.0431860872,-0.0011962256,-0.0049920771
2.1589298248,0.0043716636,-0.0063125831,0.0063490923,-0.0453348570,0.0030070413,-0.0113917869
2.1688170433,0.0024790969,-0.0007569533,0.0051362570,-0.0272104479,0.0073860767,-0.0156824049
2.1788110733,-0.0034081731,0.0058383006,0.0020222720,-0.0208076760,0.0053492915,-0.0092977425
2.1888339520,-0.0033659730,0.0057482081,0.0048716720,-0.0068734866,-0.0020154139,-0.0081973244
2.1988048553,-0.0002707932,-0.0030969423,0.0009615477,-0.0100478409,-0.0062961793,-0.0060429606
2.2087998390,-0.0031744335,0.0045713442,-0.0021097604,-0.0154111804,-0.0031312786,-0.0060597388
2.2187869549,-0.0051135514,0.0093722008,0.0016836580,-0.0079227705,-0.0041621882,-0.0081821447
2.2287940979,-0.0002374146,0.0045961994,0.0105509218,0.0005620597,0.0012746551,-0.0050361529
2.2387728691,0.0055751111,0.0056662220,0.0116112884,0.0047437553,0.0119949430,-0.0051085907
2.2487699986,0.0015853253,0.0037242132,0.0116355475,0.0057757301,0.0183702856,-0.0104626101
2.2587728500,0.0015677420,-0.0020743948,0.0107495841,0.0057641454,0.0236278977,-0.0211228449
2.2688360214,0.0014592317,0.0028988081,0.0088678058,0.0142891901,0.0258223433,-0.0222054198
2.2788810730,0.0013821629,0.0050409394,0.0070446786,0.0186166950,0.0194304902,-0.0232276730
2.2888288498,-0.0025128219,0.0003147680,0.0090909060,0.0154496627,0.0151308160,-0.0231975783
2.2987661362,-0.0005302522,-0.0005123359,0.0101690944,0.0133713316,0.0066007106,-0.0188912470
2.3088340759,0.0053472724,0.0025751251,0.0092751440,0.0123252422,0.0023537681,-0.0146134123
2.3187661171,0.0063362326,-0.0012799542,0.0112810787,0.0015949672,0.0086950203,-0.0125189703
2.3288340569,0.0053668227,-0.0081738271,0.0103167351,-0.0155344838,0.0160168502,-0.0157416612
2.3387639523,-0.0034993384,-0.0074386341,0.0072340425,-0.0273458697,0.0276117213,-0.0243087839
2.3488290310,-0.0065836404,-0.0018272739,0.0051427539,-0.0327038839,0.0297169499,-0.0232563019
2.3587331772,-0.0057860706,0.0037848908,0.0030562934,-0.0316411480,0.0286918990,-0.0190004390
2.3687629700,-0.0019277724,0.0006531734,0.0010427888,-0.0315516666,0.0190461949,-0.0221251249
2.3787589073,-0.0029142890,-0.0005318862,-0.0019901339,-0.0240524709,0.0138018988,-0.0178494193
2.3887660503,-0.0039451811,0.0022135931,-0.0050304476,-0.0165681913,0.0106897280,-0.0135848997
2.3989410400,-0.0000911448,0.0031086761,-0.0069951955,-0.0101651531,0.0076055219,-0.0050702412
2.4087319374,0.0027967896,0.0040566879,-0.0060307328,-0.0101529025,0.0065277405,-0.0061256518
2.4187469482,0.0047697928,0.0001337487,-0.0030849520,-0.0090836436,0.0065322677,-0.0061245868
2.4287250042,0.0028109755,-0.0008916002,-0.0050671045,-0.0016574180,0.0108921286,-0.0029708713
2.4391520023,0.0037041809,0.0000593621,-0.0060338918,-0.0027901940,0.0173279233,0.0001731236
2.4486989975,0.0045448747,-0.0048428518,0.0008497294,-0.0134588173,0.0161856934,0.0012503725
2.4587130547,0.0034642722,-0.0118444599,0.0056906398,-0.0315571278,0.0075562536,0.0087570241
2.4687099457,0.0043963548,-0.0151001550,0.0064959582,-0.0474820323,-0.0022042322,0.0067066569
2.4787299633,0.0063321497,-0.0106570460,0.0013486203,-0.0506679714,-0.0054085478,0.0099170972
2.4887108803,0.0053135511,-0.0081565119,0.0010792073,-0.0453115553,-0.0085553387,0.0120585449
2.4987080097,0.0052293893,-0.0046159965,0.0008693989,-0.0325550139,-0.0041366220,0.0173332021
2.5086951256,0.0031141844,-0.0008623641,0.0046639498,0.0004253071,0.0089530814,0.0182876792
2.5188210011,-0.0010342839,0.0021176594,-0.0001202766,0.0312402118,0.0294242688,0.0085682068
2.5287780762,-0.0082621071,0.0092934035,-0.0018155519,0.0631494075,0.0446069464,0.0052602938
2.5387179852,-0.0126433168,0.0157866739,-0.0003728811,0.0876623392,0.0501247533,0.0041482910
2.5486788750,-0.0091298316,0.0106898807,0.0012295302,0.0759753287,0.0446631424,0.0010046957
2.5587100983,-0.0016096028,0.0024875957,0.0036953744,0.0398109294,0.0283632651,0.0021967266
2.5686709881,0.0021903720,-0.0129571296,0.0078538116,-0.0155545920,0.0097927758,0.0055429880
2.5786800385,0.0070977565,-0.0230412222,0.0087152179,-0.0666097850,-0.0119881537,0.0046580201
2.5886609554,0.0091237184,-0.0197989084,0.0072864350,-0.0868410245,-0.0185483173,0.0057770805
2.5986890793,0.0053427126,-0.0118441023,0.0008500870,-0.0867852271,-0.0239220448,0.0026261613
2.6086530685,0.0015684274,-0.0047141057,0.0003292020,-0.0633853599,-0.0120206438,-0.0017169219
2.6186499596,-0.0052395258,0.0065112668,-0.0049378220,-0.0272147115,0.0000791622,0.0056162253
2.6286568642,-0.0072587226,0.0132004581,-0.0089507047,0.0079179779,0.0110479239,0.0065829530
2.6386399269,-0.0104144160,0.0162745081,-0.0078501645,0.0345093757,0.0198632535,0.0128791975
2.6486599445,-0.0076641236,0.0117444657,-0.0075479690,0.0388015881,0.0187913310,0.0086335866
2.6586220264,-0.0039900187,0.0091479383,-0.0033540670,0.0227796137,0.0186981186,0.0128977075
2.6686539650,0.0026002880,0.0024993974,0.0056679305,-0.0049550766,0.0163460150,0.0129323285
2.6786389351,0.0053977277,-0.0082812347,0.0125641879,-0.0283868983,0.0118474038,0.0076643294
2.6886179447,0.0061613675,-0.0045691771,0.0183184799,-0.0241420865,0.0161281694,0.0044464320
2.6986141205,0.0040533300,0.0020684260,0.0143117364,-0.0081231734,0.0183234122,-0.0030144139
2.7086379528,0.0019848403,0.0020337659,0.0104311164,0.0088898977,0.0280378256,-0.0073388545
2.7186720371,-0.0010593029,0.0020759958,0.0056136306,0.0132047506,0.0237671807,-0.0115674213
2.7286181450,-0.0031363461,0.0060267407,0.0007760581,0.0067899949,0.0237448104,-0.0083756233
2.7386331558,-0.0032274220,0.0001674551,-0.0030454341,-0.0017445041,0.0205309074,-0.0009095846
2.7485780716,-0.0052397344,-0.0067875427,-0.0040334407,-0.0176904462,0.0129169300,-0.0019114658
2.7586660385,-0.0024465118,-0.0049432558,-0.0021174494,-0.0144851999,0.0097970376,0.0055441866
2.7685861588,-0.0006676260,-0.0001684468,-0.0031255428,-0.0048906291,0.0088569410,0.0119179301
2.7785768509,0.0001323578,0.0046541351,-0.0031382982,0.0004480770,0.0099395160,0.0087201400
2.7885818481,-0.0019781236,0.0085299276,-0.0031557623,0.0046875631,0.0152799534,0.0044329828
2.7985749245,-0.0030912254,0.0114575587,-0.0050758664,0.0046900930,0.0152727626,0.0033697160
2.8086128235,-0.0031814668,0.0085522495,-0.0059868637,0.0036328179,0.0173295215,-0.0051420135
2.8185729980,0.0025618430,0.0057167071,-0.0019699279,-0.0027511781,0.0161816981,-0.0083161015
2.8286340237,0.0044224765,0.0047745663,0.0029685553,-0.0102386568,0.0172107443,-0.0061927633
2.8385400772,0.0053209420,-0.0021323604,0.0068718251,-0.0219230074,0.0086031416,-0.0029445060
2.8486089706,0.0043863412,-0.0121309198,0.0048390683,-0.0357834324,0.0074089803,-0.0050518652
2.8585648537,0.0033592936,-0.0065776748,0.0046348628,-0.0357344300,0.0030999859,-0.0082077114
2.8686139584,0.0003915486,0.0038112360,-0.0044102613,-0.0282906257,0.0053223935,-0.0050401473
2.8785519600,-0.0035854075,0.0133367144,-0.0094654504,-0.0091140028,0.0097485669,-0.0050835568
2.8885979652,-0.0047131572,0.0172950588,-0.0065129939,0.0206907652,0.0175151434,0.0012196130
2.8985450268,-0.0038937870,0.0145946108,-0.0072809402,0.0388029218,0.0208824445,0.0043754587
2.9085640907,-0.0001900587,0.0080787502,-0.0040412489,0.0313047916,0.0240308344,0.0043602781
2.9185340405,0.0015872476,0.0015156228,0.0020566043,0.0217550956,0.0185785443,0.0001518182
2.9285111427,0.0053478833,-0.0012676757,0.0022193249,0.0015203990,0.0120274341,0.0023332136
2.9385161400,0.0082408544,-0.0081391670,0.0032369550,-0.0208237916,0.0043452801,-0.0018551399
2.9485149384,0.0073111262,-0.0132631101,0.0040834602,-0.0367697328,-0.0032686975,-0.0028570211
2.9585740566,0.0054110792,-0.0116807260,0.0028576311,-0.0410045572,-0.0054820506,-0.0070859874
2.9685111046,0.0044987854,-0.0032250923,-0.0003479067,-0.0292424411,-0.0054455656,-0.0134687852
2.9786968231,0.0025990810,0.0073555070,-0.0034512822,-0.0047059394,0.0000080557,-0.0230835974
2.9885659218,-0.0032355729,0.0142133199,-0.0044901315,0.0144528421,0.0055274572,-0.0199455936
2.9985160828,-0.0032208059,0.0144393407,-0.0033909027,0.0250775218,0.0099216728,-0.0157322064
3.0085790157,0.0007107314,0.0049539763,-0.0002224389,0.0154832192,0.0087695895,-0.0167804267
3.0184810162,0.0065775421,-0.0026678485,0.0009197053,0.0015626093,0.0119153149,-0.0114799375
3.0285038948,0.0065841284,-0.0076182527,-0.0000462476,-0.0272043254,0.0052800495,-0.0114168199
3.0384931564,0.0056521501,-0.0147042908,0.0037265476,-0.0485066846,-0.0002318950,-0.0113646220
3.0485589504,0.0057605859,-0.0209765472,0.0054292735,-0.0623231605,-0.0067696893,-0.0134373605
3.0584831238,0.0019595381,-0.0175827183,0.0031025466,-0.0526973009,-0.0088384328,-0.0144947683
3.0685119629,-0.0038753841,-0.0062475246,0.0027574953,-0.0281855650,-0.0064567681,-0.0081529832
3.0784809589,-0.0019319000,0.0024033147,-0.0002968851,-0.0037325537,0.0044451486,-0.0050523980
3.0885400772,-0.0049385522,0.0063282805,-0.0041872803,0.0196715724,0.0100609567,0.0055187540
3.0984339714,-0.0090082679,0.0065756994,-0.0040017311,0.0452183448,0.0177649502,0.0086393133
3.1085259914,-0.0082412753,0.0050117928,-0.0066105071,0.0505326800,0.0189111736,0.0128777344
3.1184449196,-0.0085106883,0.0054657417,0.0015382823,0.0516119301,0.0167976897,0.0150166508
3.1285238266,-0.0009436700,0.0088744126,0.0009222683,0.0452235378,0.0135691389,0.0182292219
3.1384701729,0.0047727879,0.0071931737,-0.0027329866,0.0153836170,0.0090305796,0.0140280863
3.1485171318,0.0037755724,-0.0035435599,0.0041592177,-0.0240101274,-0.0009477527,0.0077459551
3.1584410667,0.0018508491,-0.0077968282,0.0078527983,-0.0506459996,-0.0065121613,0.0056740157
3.1684639454,0.0038155820,-0.0072415513,0.0153778847,-0.0548665747,-0.0108563099,0.0014555687
3.1784369946,0.0048969295,-0.0037506265,0.0140959080,-0.0462999865,-0.0077236332,-0.0145047549
3.1884629726,-0.0008277241,0.0037258225,0.0069720205,-0.0260775406,-0.0000947422,-0.0156307407
3.1984050274,-0.0065574888,0.0064672786,0.0019269641,-0.0100527667,0.0010376340,-0.0230875909
3.2084870338,-0.0074665789,0.0103704296,-0.0039662067,0.0058843875,0.0097203385,-0.0220926329
3.2184228897,-0.0074770544,0.0085015260,-0.0058319513,0.0090277167,0.0140823293,-0.0146858506
3.2284810543,-0.0026194546,0.0047777849,-0.0056916419,0.0133236619,0.0109091736,-0.0146682737
3.2384059429,0.0031519737,0.0069320160,-0.0064980928,0.0196309593,0.0174874458,-0.0009035924
3.2484688759,0.0068819728,0.0100700222,-0.0082815234,0.0249825809,0.0112159690,0.0108196428
3.2583999634,0.0067404415,0.0063174921,-0.0071510021,0.0217921138,0.0090697277,0.0129616242
3.2684640884,0.0066888686,-0.0072296900,-0.0011303369,0.0111410683,0.0057900446,0.0140527207
3.2783629894,0.0115109738,-0.0120483078,0.0048098024,-0.0005383585,0.0003068624,0.0077193240
3.2884240150,0.0143324640,-0.0042690081,0.0057572778,-0.0080455430,0.0066161575,0.0023716963
3.2983620167,0.0075036492,-0.0034345430,0.0017419513,-0.0037522605,0.0065889927,-0.0040025800
3.3083579540,0.0016204325,0.0004137713,-0.0022073332,0.0058399132,0.0108838724,-0.0104114767
3.3183460236,-0.0033099595,0.0063382345,-0.0051369611,0.0197665133,0.0045833667,-0.0103825815
3.3284020424,-0.0004437956,0.0085748993,-0.0020344201,0.0421927273,0.0005452153,-0.0029353180
3.3382511139,0.0025164690,0.0011478622,-0.0017508212,0.0422168300,-0.0047459528,0.0034742446
3.3483970165,0.0016199705,-0.0034465832,-0.0025395099,0.0219925176,-0.0113242269,0.0024686351
3.3583300114,-0.0002822969,-0.0053453487,-0.0015407745,-0.0068444572,-0.0115018599,0.0078018820
3.3683590889,0.0007613209,-0.0103780665,0.0022679623,-0.0313298255,-0.0170897041,0.0014808688
3.3782949448,-0.0010674688,-0.0145518817,0.0059965309,-0.0356251076,-0.0097345868,-0.0091865566
3.3883750439,-0.0039300416,-0.0079523958,0.0038297828,-0.0185806081,-0.0021938458,-0.0177464876
3.3983130455,-0.0078936312,0.0027437764,0.0027560052,0.0154455351,0.0099131502,-0.0082898699
3.4083969593,-0.0080649648,0.0127348863,0.0019109305,0.0430593193,0.0240846295,-0.0009643126
3.4184699059,-0.0101834778,0.0101772808,-0.0016913954,0.0505240262,0.0231160372,0.0043501584
3.4283809662,-0.0064625386,0.0037797946,0.0015983637,0.0452136844,0.0177763999,0.0097004492
3.4382939339,0.0002444145,-0.0027162475,-0.0000356976,0.0292799920,0.0069929948,0.0129684145
3.4483590126,0.0001522061,-0.0035061878,-0.0008689705,0.0197173785,0.0015750597,0.0130102253
3.4585309029,0.0039659496,-0.0004267734,-0.0007641856,0.0122623919,-0.0027102327,0.0183541253
3.4683589935,0.0039603319,-0.0033073765,0.0031792577,0.0016672714,-0.0103191510,0.0130989095
3.4782948494,0.0050385650,-0.0072456640,0.0051001962,-0.0068160947,-0.0126203876,0.0024993951
3.4883430004,0.0061178114,-0.0054140431,0.0059694704,-0.0142636243,-0.0127415620,-0.0049313572
3.4985041618,0.0071952250,-0.0016313236,0.0048652347,-0.0143103637,-0.0053006895,-0.0102940314
3.5083408356,0.0024222042,-0.0027758521,0.0057011899,-0.0218226090,-0.0000239020,-0.0113853952
3.5182609558,0.0014925656,-0.0039047045,0.0046239551,-0.0154631129,0.0043263715,-0.0082302149
3.5283041000,0.0023896303,-0.0019511621,0.0065825041,0.0100987069,0.0067615658,0.0034224463
3.5384840965,0.0012240467,0.0060436982,0.0008605774,0.0452183448,0.0167180598,0.0107690422
3.5483169556,-0.0039308462,0.0142098926,-0.0057341401,0.0632783026,0.0244028773,0.0181433354
3.5582628250,-0.0080910567,0.0107872747,-0.0034146253,0.0633102581,0.0190896057,0.0213633627
3.5682759285,-0.0024216119,-0.0033701700,0.0019308981,0.0494940504,0.0104596317,0.0246161483
3.5784888268,0.0003845599,-0.0118338205,0.0031982716,0.0335624889,0.0038552580,0.0172357298
3.5882759094,0.0021767672,-0.0077309054,0.0062561091,0.0186700895,-0.0037142443,0.0204823893
3.5982530117,0.0040589627,-0.0057526571,0.0062781032,-0.0058480361,-0.0071257539,0.0183955375
3.6082859039,0.0060971435,-0.0137528516,0.0071876105,-0.0324490182,-0.0138260014,0.0088960417
3.6183938980,0.0041565206,-0.0092873909,0.0020290073,-0.0442506857,-0.0053912369,0.0067278291
3.6283149719,0.0001544264,0.0030178982,-0.0002158824,-0.0240263715,0.0011870372,0.0077334386
3.6382398605,-0.0047924165,0.0067684310,-0.0032537524,0.0079300953,0.0110172974,0.0033976790
3.6482701302,-0.0098475162,0.0137486123,-0.0041562263,0.0388493948,0.0155316209,0.0033468124
3.6582551003,-0.0120056365,0.0190573595,-0.0029154960,0.0633765757,0.0147353364,0.0128958430
3.6683740616,-0.0082635973,0.0167012475,-0.0015170518,0.0698286146,0.0073400047,0.0171888582
3.6782059669,-0.0034210328,0.0075112241,-0.0001129452,0.0603347123,-0.0045307698,0.0130250053
3.6882970333,0.0034258720,0.0021072286,0.0011955556,0.0358248428,-0.0079630520,0.0088148145
3.6982169151,0.0063870456,-0.0016289394,0.0032727774,0.0006044041,-0.0082448144,0.0077789780
3.7082481384,0.0073969420,-0.0066870195,0.0080540236,-0.0431396142,-0.0096791927,0.0046316544
3.7182090282,0.0085137095,-0.0120713748,0.0058054980,-0.0719575435,-0.0057265293,-0.0081271511
3.7282719612,0.0056742784,-0.0068924767,0.0033884104,-0.0804935098,-0.0037094508,-0.0145086171
3.7381920815,0.0027334597,0.0042361873,0.0019627269,-0.0538718849,0.0050283810,-0.0167085212
3.7482900620,-0.0011976453,0.0097946785,-0.0021452252,-0.0059285965,0.0150455944,-0.0136197871
3.7581911087,-0.0071419124,0.0138264559,-0.0050150100,0.0463401973,0.0165833030,-0.0062300479
3.7681629658,-0.0111617539,0.0133661889,-0.0056427661,0.0815663636,0.0137129491,0.0012007044
3.7782599926,-0.0064076427,0.0102190338,-0.0012218896,0.0816224217,0.0052022850,0.0065708351
3.7882528305,-0.0005214754,-0.0009320122,-0.0007855836,0.0411232002,-0.0046847006,0.0119751878
3.7982349396,0.0015005377,-0.0134807564,0.0052077826,-0.0143212825,-0.0136369169,0.0152592640
3.8081710339,0.0044432636,-0.0157112218,0.0089441594,-0.0548769683,-0.0150103085,0.0163588841
3.8182549477,0.0054475572,-0.0104281045,0.0056480821,-0.0623236969,-0.0161799677,0.0110586612
3.8281631470,0.0044205692,-0.0011591952,0.0043156799,-0.0389360785,-0.0032007871,0.0077709891
3.8381938934,0.0004126188,0.0112832449,-0.0007615034,0.0015282547,0.0109605724,0.0023392055
3.8481488228,-0.0017020049,0.0202387534,-0.0026336852,0.0420168266,0.0229669027,-0.0052036652
3.8581910133,-0.0047580693,0.0196950696,-0.0023466889,0.0665783584,0.0241722465,-0.0116035072
3.8681468964,-0.0048524085,0.0125156604,0.0010329541,0.0719542205,0.0178373866,-0.0073166173
3.8782191277,-0.0019162687,0.0004523057,0.0063670333,0.0528240651,0.0070156311,-0.0051063271
3.8881449699,0.0020563956,-0.0108946897,0.0124965962,0.0134502947,-0.0103351288,0.0014080312
3.8982038498,0.0041550156,-0.0158107318,0.0115082320,-0.0259939153,-0.0170462951,0.0014758087
3.9081258774,-0.0005523804,-0.0142710544,0.0043691453,-0.0515815690,-0.0204596687,0.0004534214
3.9181849957,-0.0023998115,-0.0059766513,-0.0018576924,-0.0452024974,-0.0182529744,0.0025586502
3.9281189442,-0.0043370817,0.0044624167,-0.0040760580,-0.0100663491,-0.0072932662,0.0024630425
3.9381849766,-0.0073671136,0.0161778890,-0.0060731713,0.0271815546,0.0068824729,0.0023483937
3.9481320381,-0.0065143798,0.0204089247,-0.0058771912,0.0516773090,0.0124431532,0.0054824012
3.9581079483,-0.0027018134,0.0111107491,0.0003557261,0.0473744422,0.0166791771,0.0043939678
3.9680991173,0.0059763696,-0.0031535071,0.0085308608,0.0175049566,0.0143105621,0.0044301860
3.9781870842,0.0098180976,-0.0177560784,0.0164682921,-0.0304965246,0.0096739996,0.0055557713
3.9882090092,0.0136459526,-0.0239834227,0.0241004284,-0.0763433725,0.0018650780,0.0088256011
3.9982459545,0.0136020537,-0.0199040212,0.0216514524,-0.1029474214,-0.0079633174,0.0089096241
4.0081000328,-0.0000919047,-0.0082192756,0.0141241606,-0.0987145901,-0.0046969508,0.0120726600
4.0180840492,-0.0070222411,0.0026824432,0.0057789739,-0.0582059175,0.0009814412,0.0141308839
4.0279021263,-0.0052658860,0.0169832073,-0.0003057066,-0.0059949085,0.0120822955,0.0150848283
4.0379381180,-0.0074934307,0.0229645930,-0.0011754576,0.0515128598,0.0264668260,0.0202633440
4.0481510162,-0.0087598506,0.0136796795,-0.0036588851,0.0759934336,0.0352049246,0.0201903731
4.0581560135,-0.0043077264,0.0134062730,0.0008069929,0.0813418627,0.0352147780,0.0159346443
4.0680651665,0.0012178478,0.0062622386,0.0023308452,0.0632169172,0.0350201018,0.0095742149
4.0781517029,0.0029710885,-0.0079842843,0.0037169512,0.0248934980,0.0281827021,-0.0041607716
4.0882530212,0.0057795253,-0.0147046782,0.0126250442,-0.0187453255,0.0160157848,-0.0125505282
4.0980830193,0.0067541357,-0.0149891414,0.0124624427,-0.0560198613,0.0060936445,-0.0145866480
4.1081237793,0.0029164013,-0.0136134066,0.0101272520,-0.0698451325,0.0006245775,-0.0166663099
4.1183071136,0.0029631313,-0.0044722003,-0.0010299031,-0.0560008176,0.0018594854,-0.0103118746
4.1282281876,-0.0030065123,0.0127514564,-0.0052386466,-0.0069706906,0.0086968858,-0.0050784969
4.1380438805,-0.0080906693,0.0265186094,-0.0091225449,0.0473254398,0.0220350605,0.0054200832
4.1480331421,-0.0054256115,0.0290034078,-0.0097042266,0.0814280137,0.0255778637,0.0138724241
4.1580991745,-0.0017907264,0.0180606209,-0.0042090360,0.0867126510,0.0341244787,0.0095678233
4.1680169106,-0.0000888947,0.0070224958,-0.0007231180,0.0675328374,0.0307515878,0.0074783075
4.1780281067,0.0025999006,-0.0032506031,0.0065085944,0.0291658752,0.0240225773,0.0043577487
4.1880111694,0.0083467271,-0.0138825513,0.0115633067,-0.0240637921,0.0106945215,-0.0061425632
4.1980581284,0.0083662774,-0.0210549869,0.0153005179,-0.0709191859,0.0006317683,-0.0156063726
4.2078990936,0.0065716263,-0.0237335600,0.0119061526,-0.0996512324,-0.0081862248,-0.0208410807
4.2180528641,0.0018395541,-0.0138305463,0.0083655175,-0.0857551172,-0.0102211460,-0.0208352227
4.2279987335,-0.0039323065,-0.0027638120,0.0000737365,-0.0463664345,-0.0012753215,-0.0102968281
4.2380728722,-0.0098268632,0.0096680485,-0.0089387838,0.0068898643,0.0088460222,0.0002245228
4.2479710579,-0.0139218364,0.0176483355,-0.0156649295,0.0515681207,0.0231858119,0.0117866369
4.2580509186,-0.0104179922,0.0211035274,-0.0142763201,0.0748903528,0.0394726396,0.0201629438
4.2679729462,-0.0059184525,0.0129322372,-0.0117646996,0.0674132630,0.0404745229,0.0190992765
4.2780151367,-0.0013860556,-0.0002011400,-0.0034673158,0.0407943018,0.0348677710,0.0127810612
4.2880768776,0.0022821482,-0.0116949119,0.0016889628,-0.0028549088,0.0227280166,0.0075783092
4.2980351448,0.0070270952,-0.0196144320,0.0085507687,-0.0400725827,0.0084747775,-0.0008031912
4.3079638481,0.0089610722,-0.0219640471,0.0122346934,-0.0634538084,-0.0003381551,-0.0102912355
4.3180298805,0.0109676626,-0.0166317858,0.0138171967,-0.0666004643,-0.0067830049,-0.0113102933
4.3282127380,0.0033158120,-0.0123149790,0.0065656360,-0.0505860783,-0.0066682231,-0.0123846130
4.3380198479,0.0004371759,-0.0009439331,-0.0005603973,-0.0175748654,0.0011124688,-0.0071453759
4.3479428291,-0.0034970883,0.0087892078,-0.0074471775,0.0261465162,0.0036517926,0.0002443632
4.3580069542,-0.0056100879,0.0189010464,-0.0140888039,0.0644219965,0.0179367214,0.0107470714
4.3679871559,-0.0058644358,0.0204511248,-0.0146516506,0.0717936307,0.0297595598,0.0117276469
4.3780069351,-0.0032010619,0.0113088749,-0.0063487235,0.0579561144,0.0264151618,0.0085736662
4.3879032135,0.0014570859,0.0010195632,0.0028185304,0.0259675514,0.0229431987,0.0064937370
4.3979969025,0.0052160230,-0.0106235184,0.0088324603,-0.0241217129,0.0160767715,-0.0008621803
4.4079208374,0.0061848667,-0.0226612724,0.0116543826,-0.0645706058,0.0050124018,-0.0081989225
4.4179949760,0.0081924405,-0.0291171111,0.0132826027,-0.0848044977,-0.0004955479,-0.0092122555
4.4279050827,0.0081739333,-0.0190375783,0.0118338522,-0.0741270855,-0.0004220447,-0.0102825798
4.4379739761,0.0051930901,-0.0019804877,0.0055817422,-0.0346647687,0.0010099369,-0.0039467867
4.4478998184,-0.0017321053,0.0104820095,-0.0004762355,0.0015563508,0.0098404456,-0.0040293448
4.4579648972,-0.0067160521,0.0183544718,-0.0072981063,0.0281975493,0.0153899426,-0.0040836730
4.4678988457,-0.0087574963,0.0176247917,-0.0119928066,0.0334783308,0.0218526330,-0.0030668781
4.4779348373,-0.0059234444,0.0091207586,-0.0107440893,0.0217937119,0.0132476948,0.0012469098
4.4879570007,-0.0030732844,-0.0024234098,-0.0027413908,-0.0027140277,0.0066726170,0.0044938363
4.4980278015,0.0037068781,-0.0131670572,0.0051467475,-0.0262064356,0.0065168217,0.0076990835
4.5080108643,0.0045958366,-0.0134477355,0.0059822854,-0.0442978218,0.0010056759,0.0045602815
4.5234570503,0.0064731147,-0.0059880656,0.0047639068,-0.0389509946,-0.0000239023,0.0045642764
4.5283622742,0.0053703692,0.0015548129,0.0036078747,-0.0133931693,0.0066047050,0.0066282260
4.5380001068,0.0032940414,0.0063463110,-0.0032530967,0.0131959626,0.0185630973,0.0054672211
4.5476732254,-0.0037440304,0.0103856884,-0.0051140133,0.0387833491,0.0240686499,0.0011640857
4.5577378273,-0.0019778702,0.0117918812,-0.0057755057,0.0569789968,0.0198938791,-0.0041360040
4.5676651001,0.0007881579,0.0132656358,-0.0064078514,0.0494968444,0.0198632535,-0.0009434067
4.5777411461,0.0007016566,0.0068141478,-0.0012510363,0.0261101630,0.0089738537,-0.0029800590
4.5881290436,0.0017304179,-0.0057690782,0.0018193182,-0.0090382369,-0.0009080716,-0.0018290408
4.5979571342,0.0057205018,-0.0117844380,0.0036984738,-0.0388455316,-0.0097122155,-0.0038734165
4.6077117920,0.0067379232,-0.0092042424,0.0034611877,-0.0452778675,-0.0075971335,-0.0006954665
4.6176671982,0.0038383063,-0.0037511331,0.0021826085,-0.0409985669,-0.0086347004,-0.0006908060
4.6278319359,0.0009284821,0.0017675121,-0.0009788219,-0.0261288062,0.0000397475,0.0003049499
4.6377658844,0.0008169171,0.0094308816,-0.0030435268,-0.0016614133,0.0098574907,0.0012864580
4.6477918625,-0.0022379253,0.0104588829,-0.0029991809,0.0185855348,0.0153308185,-0.0019503478
4.6578540802,-0.0052613709,0.0087231956,-0.0028358642,0.0399499461,0.0133606130,-0.0019535436
4.6677999496,-0.0024666581,0.0081486665,-0.0005928818,0.0442110002,0.0123701831,0.0033618596
4.6778168678,-0.0025856737,0.0056025046,0.0026047286,0.0388975963,0.0080835586,0.0065793572
4.6877751350,-0.0006967876,-0.0000146073,0.0018397626,0.0165017452,0.0047221174,0.0087415781
4.6978111267,0.0031593349,-0.0058407825,0.0038689431,-0.0165419579,-0.0008806410,0.0088025648
4.7078738213,0.0031702723,-0.0100084879,0.0027726945,-0.0378547013,-0.0053206631,0.0088462401
4.7178120613,0.0021815505,-0.0124985017,0.0014971551,-0.0763237998,-0.0013232583,0.0109711764
4.7277698517,0.0031358059,-0.0162091292,0.0030006226,-0.1072537526,-0.0037182393,0.0088835247
4.7378420830,0.0002549049,-0.0192030407,0.0033344086,-0.1349217296,-0.0104275411,-0.0006147728
4.7477951050,-0.0045725647,-0.0087155737,0.0005454477,-0.1477184892,-0.0095122121,-0.0069861189
4.7577667236,-0.0044909362,-0.0002783578,-0.0061924998,-0.1700889170,-0.0139863230,-0.0101293148
4.7677969933,-0.0053983424,0.0021348554,0.0035679396,-0.2032039911,-0.0152204316,0.0005257262
4.7777500153,0.0017339197,-0.0142982639,-0.0004007760,-0.2436620593,-0.0262600332,-0.0036228132
4.7877578735,0.0049711373,-0.0163272657,0.0012011584,-0.2606157362,-0.0403127372,-0.0067070201
4.7976660728,0.0070979651,0.0002889592,0.0037345346,-0.2157713026,-0.0441855043,-0.0003394019
4.8077960014,0.0053644981,0.0095934235,0.0027118381,-0.1379763782,-0.0275700428,-0.0026262582
4.8177618980,0.0015967992,0.0205404125,-0.0047231857,-0.0473628566,-0.0119263679,-0.0049147122
4.8277411461,-0.0023432765,0.0332450233,-0.0077128951,0.0463742912,0.0144043053,-0.0104628755
4.8377699852,-0.0034977887,0.0388848744,-0.0062608663,0.1198743433,0.0331439041,-0.0106365141
4.8478002548,-0.0085733924,0.0312746130,-0.0025223438,0.1571681798,0.0409229957,-0.0096506122
4.8577351570,-0.0078228060,0.0161032043,0.0053615030,0.1614095420,0.0452128164,-0.0118061742
4.8677291870,-0.0011819395,0.0047911960,0.0073315557,0.1433796734,0.0322205871,-0.0148965064
4.8777322769,0.0025951918,-0.0037758392,0.0091570076,0.1263306439,0.0299190842,-0.0191213451
4.8877601624,0.0005350616,-0.0076611084,0.0098164733,0.1114118844,0.0255557597,-0.0158954579
4.8975992203,-0.0015693250,-0.0087999143,0.0142553505,0.0847383216,0.0221839324,-0.0105407732
4.9077200890,0.0022396650,-0.0142085589,0.0136346873,0.0260305349,0.0165039413,0.0033481440
4.9177069664,0.0022380855,-0.0290747322,0.0087443646,-0.0528693423,0.0031151657,0.0088012330
4.9277019501,0.0004088488,-0.0357949771,0.0004282650,-0.1178315580,-0.0113724303,-0.0016833659
4.9377770424,0.0033547785,-0.0202316679,-0.0022562686,-0.1210177690,-0.0103907892,-0.0080579082
4.9476971626,0.0014501569,-0.0044961614,-0.0058214609,-0.0772162303,-0.0122440830,-0.0144508267
4.9577660561,-0.0034164879,0.0107082687,-0.0042675678,-0.0249885730,-0.0043257065,-0.0113542359
4.9677090645,-0.0005019102,0.0195710622,-0.0032970849,0.0251108129,0.0014693323,-0.0039900630
4.9777021408,0.0033686217,0.0160267912,-0.0001140777,0.0474006720,0.0134753948,0.0054804040
4.9876699448,0.0071693566,0.0047303396,0.0041604098,0.0409401096,0.0198472738,0.0065059876
4.9976720810,0.0012147335,-0.0077080172,0.0053799804,0.0217332579,0.0196797606,0.0033292356
5.0077490807,0.0001172629,-0.0113647021,0.0114219841,0.0207324438,0.0132229272,-0.0008777597
5.0176439285,0.0038823541,-0.0071620387,0.0126067456,0.0324426293,0.0186254159,-0.0041057775
5.0276679993,0.0036940631,-0.0029363674,0.0118627604,0.0420403928,0.0197684448,-0.0041198921
5.0376558304,0.0006442574,-0.0065145534,0.0121135768,0.0409524925,0.0208587423,-0.0009403441
5.0477328300,-0.0004722867,-0.0111049451,0.0113909896,0.0356173813,0.0197668467,0.0011952447
5.0576601028,-0.0016449633,-0.0079349913,0.0057244357,0.0344876684,0.0251517594,0.0075378292
5.0677599907,-0.0038201902,-0.0106848516,0.0029969867,0.0270406716,0.0208462253,0.0107581243
5.0778450966,-0.0040530805,-0.0124650635,0.0021942910,0.0206171274,0.0208456926,0.0160727277
5.0876741409,-0.0014425459,-0.0054625911,0.0004180726,0.0291144773,0.0231125765,0.0234888326
5.0976481438,-0.0037541036,0.0025711614,-0.0033057872,0.0461617708,0.0254175421,0.0277119391
5.1076579094,-0.0060788635,0.0107064806,-0.0069556180,0.0621918663,0.0244454890,0.0245198738
5.1191458702,-0.0063929651,0.0102432333,-0.0075353328,0.0728644878,0.0255754665,0.0213150289
5.1283249855,-0.0046987627,0.0089061819,-0.0090066139,0.0846391171,0.0224419925,0.0192023423
5.1382751465,-0.0020146463,0.0057280022,-0.0016601030,0.0857679024,0.0160163157,0.0171201490
5.1482448578,-0.0002515558,0.0025145370,0.0017544683,0.0804522336,0.0117363511,0.0214011800
5.1580719948,0.0024709608,-0.0008347672,0.0060699042,0.0495048352,0.0093869101,0.0246250685
5.1674337387,-0.0005626175,-0.0074708504,0.0043153223,0.0164539404,0.0069391988,0.0182896759
5.1776509285,0.0003008452,-0.0074757976,0.0023944434,-0.0059448415,0.0067242817,0.0140597764
5.1874489784,0.0010759589,0.0011999566,0.0023304280,-0.0049072737,0.0099477712,0.0151005406
5.1974940300,0.0018762854,0.0060371715,-0.0005977098,0.0025537042,0.0121251717,0.0129562970
5.2074232101,-0.0021759067,0.0089516006,-0.0054547135,0.0132082133,0.0153958015,0.0108028650
5.2174730301,-0.0043006185,0.0061197239,-0.0033918563,0.0195960701,0.0165316388,0.0118492208
5.2274150848,-0.0025402997,0.0062854546,0.0016315039,0.0217801295,0.0101448456,0.0129515026
5.2374582291,-0.0006583426,0.0006129104,0.0047149714,0.0176042933,-0.0005871608,0.0130297998
5.2474060059,0.0042029973,-0.0041410667,0.0067929681,0.0112281535,-0.0048934920,0.0151869608
5.2574510574,0.0041764881,-0.0050901514,0.0048920568,0.0058465707,0.0004080627,0.0140898721
5.2673768997,-0.0008122119,-0.0002369326,0.0028970297,0.0089891003,0.0068632988,0.0161705986
5.2774457932,-0.0020124707,0.0056486982,0.0000234898,0.0185001809,0.0186911970,0.0160884410
5.2874002457,-0.0013245436,0.0096482001,-0.0008422676,0.0131333787,0.0218651518,0.0171339978
5.2974839211,-0.0005881134,0.0067991274,0.0012255367,0.0067443224,0.0207295790,0.0150206471
5.3073787689,0.0001985487,0.0048022526,0.0042021330,-0.0102357268,0.0098830573,0.0119156670
5.3174271584,0.0030399617,0.0027035433,0.0031881388,-0.0208357759,0.0022861236,0.0077213207
5.3273758888,0.0049900915,-0.0004409891,0.0021095332,-0.0293118171,-0.0042194463,0.0045822533
5.3374390602,0.0021025594,0.0002552826,-0.0000308696,-0.0303380657,-0.0074719647,0.0003554169
5.3473787308,-0.0027626399,0.0049008685,-0.0011961404,-0.0164920241,-0.0020572257,-0.0039389301
5.3575291634,-0.0027496312,0.0077522951,-0.0022425000,-0.0037037916,0.0012320448,-0.0060950257
5.3675842285,-0.0018254163,0.0107007585,-0.0012640301,0.0068878666,0.0088500176,0.0002225253
5.3775329590,-0.0029110555,0.0087615810,-0.0012218300,0.0004327642,0.0152088469,0.0001877709
5.3875322342,-0.0010801348,0.0086942874,-0.0012227837,-0.0176865868,0.0118623180,0.0002221258
5.3975329399,0.0017532614,0.0074934321,-0.0013096277,-0.0368568189,0.0074191000,-0.0018596672
5.4075670242,0.0056324359,0.0032753902,0.0034180935,-0.0528011620,0.0008466851,-0.0060554775
5.4175028801,0.0066690948,-0.0030146879,0.0070810374,-0.0602399074,-0.0045265085,-0.0028287917
5.4274930954,0.0057651605,-0.0064448160,0.0077412184,-0.0623765625,-0.0034924031,-0.0049587879
5.4374918938,0.0029063430,-0.0069399518,0.0035230573,-0.0432063267,0.0009508149,-0.0028769949
5.4475011826,-0.0049827639,0.0024904567,0.0003389176,-0.0176607519,0.0086572040,0.0002423658
5.4574909210,-0.0080572311,0.0121731125,-0.0055788103,0.0100196106,0.0184717514,-0.0019651284
5.4674859047,-0.0091880355,0.0152609907,-0.0074202362,0.0292609483,0.0143635599,0.0001728572
5.4774971008,-0.0053760055,0.0106652938,-0.0081432406,0.0335535631,0.0091075450,0.0065781595
5.4875431061,-0.0034801159,0.0040733176,-0.0098850671,0.0239997432,0.0026208833,0.0066268956
5.4974908829,-0.0005388054,-0.0036256951,-0.0078117196,-0.0015511578,-0.0050705923,0.0056338026
5.5074658394,0.0033895280,-0.0037123007,-0.0039494578,-0.0260274727,-0.0138193425,0.0046452368
5.5174489021,0.0063763466,-0.0029672426,0.0026936587,-0.0420097671,-0.0150643708,-0.0017107967
5.5275249481,0.0045604315,-0.0033326787,0.0034067091,-0.0420363992,-0.0097660115,-0.0070570926
5.5374689102,0.0027138796,-0.0007449430,0.0012063440,-0.0335459746,-0.0032977262,-0.0081668310
5.5474581718,-0.0002037379,0.0019807774,0.0020117220,-0.0133411055,0.0064686183,-0.0093066646
5.5574431419,-0.0022010002,0.0078133307,0.0019584950,0.0037129791,0.0108452570,-0.0135994144
5.5674467087,-0.0022313986,0.0088726245,0.0020166691,0.0101210773,0.0087935571,-0.0093410192
5.5774369240,-0.0012563559,0.0040948349,0.0040590819,0.0048090024,0.0045064013,-0.0050563924
5.5873341560,0.0007450786,-0.0017150085,0.0060645994,-0.0068460563,-0.0073132403,-0.0017844329
5.5974721909,0.0037966426,-0.0085874237,0.0060686525,-0.0111248223,-0.0083705150,0.0024708989
5.6074218750,0.0067598578,-0.0086547770,0.0050636586,-0.0069005163,-0.0061276006,0.0109525342
5.6174521446,0.0037905183,-0.0038440269,0.0010870751,0.0079782978,0.0025244770,0.0098257512
5.6273798943,-0.0021529440,0.0001572925,-0.0027631465,0.0367399044,0.0102194147,0.0086933747
5.6374397278,-0.0052987281,0.0053479630,-0.0064625684,0.0569164157,0.0221511740,0.0107262991
5.6474027634,-0.0055281911,0.0058267671,-0.0051201526,0.0601255223,0.0221578311,0.0085992320
5.6574769020,-0.0047960076,0.0024201232,0.0049977358,0.0473484732,0.0198866893,0.0054393914
5.6675281525,-0.0009689871,-0.0041152877,0.0042824205,0.0186358690,0.0078806262,0.0023501248
5.6774082184,0.0058241691,-0.0099051036,0.0092642959,-0.0186618362,0.0022030333,-0.0028990989
5.6874041557,0.0068620350,-0.0140280761,0.0091471132,-0.0420691594,-0.0054958994,-0.0070823925
5.6974239349,0.0020306613,-0.0114394464,0.0108304080,-0.0335421115,-0.0033075798,-0.0092287669
5.7076010704,-0.0028772745,-0.0028520864,0.0106505211,-0.0058702733,0.0033918684,-0.0007924053
5.7173728943,-0.0059014056,0.0040318328,0.0106499251,0.0239467453,0.0100806635,0.0044553536
5.7273731232,-0.0040497426,0.0052348929,0.0039951261,0.0345610380,0.0165936910,0.0065304884
5.7374382019,-0.0080513749,0.0015327294,-0.0007013027,0.0335031003,0.0165601354,0.0033433503
5.7475452423,-0.0110912118,-0.0011819046,-0.0024648849,0.0249570161,0.0165121984,0.0054744123
5.7573800087,-0.0073276106,-0.0000305217,-0.0052450243,0.0143110286,0.0132181328,0.0044389749
5.7673468590,-0.0026129279,0.0040039378,-0.0031789485,0.0058000982,0.0088952910,0.0065977331
5.7773647308,0.0011980889,0.0030384022,-0.0031343643,-0.0080463421,0.0045282389,0.0087619517
5.7875771523,0.0070587154,-0.0048617763,0.0007729586,-0.0261023082,-0.0073499922,0.0109763695
5.7973670959,0.0080384966,-0.0061112684,0.0064562615,-0.0346312150,-0.0063960478,0.0056658932
5.8073430061,0.0030785855,0.0003253777,0.0051994380,-0.0432406813,0.0020877186,0.0056168917
5.8173041344,-0.0027766619,0.0047966200,0.0019815024,-0.0367951691,-0.0011091403,0.0003186653
5.8275632858,-0.0027977917,0.0075063067,0.0028078612,-0.0197661147,0.0054262569,-0.0007979982
5.8373241425,-0.0029012207,0.0181558095,-0.0040957276,-0.0006118612,0.0120037319,0.0012715443
5.8473410606,-0.0039991084,0.0182198845,-0.0030631367,0.0143423211,0.0099999700,0.0033988773
5.8573241234,-0.0020906124,0.0085601769,0.0019371565,0.0005356949,0.0013444300,0.0034638585
5.8674468994,0.0038107689,0.0017160136,0.0058901366,-0.0196484029,-0.0084762424,-0.0017703183
5.8772850037,0.0078401919,-0.0023615998,0.0077444371,-0.0366474912,-0.0150907366,-0.0102158673
5.8873062134,0.0070736017,-0.0066245836,0.0055370387,-0.0494580977,-0.0141391885,-0.0123378746
5.8973221779,0.0072373059,-0.0041263145,0.0032733139,-0.0527131483,-0.0067044417,-0.0145068858
5.9073867798,0.0053871330,-0.0074274582,0.0010854658,-0.0400277078,0.0104489792,-0.0199389365
5.9172620773,-0.0024034325,-0.0038287085,-0.0040212814,-0.0197710432,0.0158964749,-0.0263634119
5.9273262024,-0.0103452001,0.0107512437,-0.0051202122,0.0132393725,0.0236787628,-0.0211249739
5.9372787476,-0.0104475562,0.0109943114,-0.0059221927,0.0314035937,0.0195881501,-0.0157985184
5.9473180771,-0.0055188779,-0.0004509728,-0.0046930853,0.0112144379,0.0087349685,-0.0167764314
5.9572439194,-0.0005501303,-0.0082090534,-0.0046224538,-0.0153905414,-0.0042300988,-0.0092383549
5.9673018456,0.0015893189,-0.0152503289,-0.0037713591,-0.0408777930,-0.0215006992,-0.0059213871
5.9772429466,0.0017287937,-0.0126683749,-0.0020990316,-0.0472969413,-0.0236016661,0.0047228681
5.9872698784,0.0028301533,-0.0062278551,-0.0072752181,-0.0387737602,-0.0203566030,0.0015086988
5.9974360466,0.0019253549,-0.0025462550,-0.0035614315,-0.0207327083,-0.0084400233,0.0035425548
6.0072851181,0.0019312260,0.0022576409,-0.0065659229,0.0080025326,0.0024610935,0.0023894061
6.0172472000,-0.0010870787,0.0043352204,-0.0035663191,0.0260682181,0.0132687334,0.0001828440
6.0272541046,-0.0021775756,0.0036683637,0.0015122946,0.0357011408,0.0101368558,0.0001964262
6.0372681618,-0.0022308622,-0.0047951979,0.0076186713,0.0271756947,0.0079432102,0.0012786018
6.0472440720,0.0026415195,-0.0084531941,0.0097622331,0.0144356648,-0.0017472338,0.0045375116
6.0572261810,0.0085166004,-0.0122386254,0.0118235406,-0.0036526583,-0.0072666351,0.0003359758
6.0672712326,0.0047007408,-0.0104053058,0.0087829884,-0.0143090319,-0.0094866455,0.0003578139
6.0772342682,-0.0001442972,-0.0037491960,0.0047100838,-0.0121980766,-0.0073159030,0.0024677031
6.0872468948,-0.0021016989,0.0000266988,0.0036244448,-0.0058424426,-0.0050474228,0.0120100752
6.0972452164,0.0007839259,-0.0000162762,0.0026550945,0.0005131913,0.0034959977,0.0055766772
6.1072168350,-0.0002636108,-0.0019528907,0.0036649760,0.0079428777,0.0078468043,0.0076680579
6.1172180176,-0.0043120477,-0.0038861078,0.0037229117,0.0089314431,0.0164261758,0.0097349370
6.1272311211,-0.0035717580,-0.0018478673,0.0067412313,0.0089000184,0.0185998492,0.0139704291
6.1372561455,-0.0047125313,-0.0067151827,0.0039002355,0.0078475364,0.0175084863,0.0129184788
6.1471977234,-0.0048990045,-0.0086130537,0.0049665626,0.0100315949,0.0111216931,0.0140207624
6.1572461128,-0.0031562839,0.0022383290,0.0021126326,0.0239324979,0.0059343884,0.0193548072
6.1671900749,-0.0013470593,0.0082684718,-0.0016659442,0.0293099508,0.0006410892,0.0204477683
6.1772789955,-0.0033865664,0.0093600713,-0.0035384241,0.0219056979,-0.0090056788,0.0237014852
6.1872777939,-0.0014281663,0.0035949307,-0.0034432355,0.0059264656,-0.0133953672,0.0248035006
6.1973319054,0.0044399109,0.0006553489,-0.0014650766,-0.0111435987,-0.0104118278,0.0141721638
6.2071609497,0.0015092698,0.0014635880,0.0023204740,-0.0250447672,-0.0041792323,0.0056423247
6.2171812057,-0.0033853147,0.0041341144,0.0030928310,-0.0346668996,0.0020610867,-0.0060786470
6.2272100449,-0.0014184805,0.0087777935,0.0058434661,-0.0378413908,0.0019638813,-0.0145749301
6.2371268272,0.0015580413,0.0075664478,0.0086263474,-0.0367694646,0.0040525985,-0.0209622551
6.2471928596,-0.0002836976,0.0053584534,0.0064911302,-0.0314133167,0.0029979870,-0.0241463296
6.2572050095,-0.0031004939,0.0071000415,0.0043765958,-0.0185812749,-0.0001008676,-0.0230724122
6.2672209740,-0.0020672921,0.0089742504,0.0023562368,-0.0100961775,0.0032437965,-0.0146008953
6.2771420479,-0.0000669006,0.0070048529,0.0013672169,-0.0069115693,0.0043612588,-0.0114216134
6.2872152328,-0.0019858573,0.0049940902,-0.0006033722,-0.0048010135,0.0044411537,-0.0039868671
6.2971677780,-0.0010523590,0.0039871293,-0.0015765969,-0.0070123700,0.0108974557,0.0023441324
6.3072099686,0.0017836002,0.0019287426,0.0003500041,-0.0208637342,0.0065423879,0.0055692205
6.3171262741,0.0056928750,-0.0051664156,0.0002467688,-0.0442628041,-0.0022220754,0.0024581160
6.3271932602,0.0077354964,-0.0134070553,0.0029471572,-0.0623435341,-0.0098525640,0.0014578328
6.3371257782,0.0058798101,-0.0159582533,0.0025705155,-0.0740571842,-0.0131522212,0.0014887250
6.3471841812,0.0040446278,-0.0156284012,-0.0017694179,-0.0697860047,-0.0120776352,-0.0017083997
6.3571119308,0.0002426860,-0.0132563151,-0.0031363908,-0.0527178049,-0.0108762840,-0.0027952357
6.3671751022,-0.0016837510,-0.0057566804,-0.0043753926,-0.0186330713,-0.0031038481,0.0003177333
6.3771209717,-0.0027403031,0.0030114013,-0.0073357169,0.0186284110,0.0078976704,0.0034084648
6.3871750832,-0.0068243835,0.0110467039,-0.0101419035,0.0473745726,0.0145872654,0.0097193578
6.3971018791,-0.0080351923,0.0154260956,-0.0088519994,0.0708261058,0.0169420317,0.0139375394
6.4071559906,-0.0062845740,0.0101856552,-0.0035060588,0.0708665848,0.0116074542,0.0150344940
6.4170827866,-0.0015207025,0.0029155570,-0.0021006409,0.0474636555,0.0007590670,0.0172447842
6.4271450043,0.0052508321,-0.0035899323,0.0040262397,0.0186794121,-0.0058309250,0.0226195771
6.4370727539,0.0082556959,-0.0172519721,0.0080025252,-0.0196609199,-0.0136707388,0.0163263939
6.4471440315,0.0073547568,-0.0194926299,0.0078115519,-0.0420184247,-0.0192239620,0.0121284537
6.4569787979,0.0063815769,-0.0101435222,0.0065082964,-0.0452729389,-0.0107476525,0.0056986501
6.4671468735,0.0034856852,-0.0037225527,0.0023029502,-0.0378347300,-0.0053733937,0.0024714316
6.4770660400,-0.0023438577,-0.0010888021,-0.0008390490,-0.0143802697,0.0022035658,-0.0071534989
6.4871220589,-0.0072601978,0.0056856233,-0.0067607705,0.0164881628,0.0120796319,-0.0051143165
6.4970221519,-0.0084030125,0.0157220922,-0.0085722152,0.0473769680,0.0187636334,-0.0019945563
6.5071182251,-0.0095271263,0.0142489634,-0.0062869731,0.0623364784,0.0157001987,0.0012020357
6.5170621872,-0.0086440090,0.0109322630,-0.0019811336,0.0666691735,0.0061572948,0.0065741651
6.5271081924,-0.0018638017,0.0056232172,0.0023236331,0.0464294180,-0.0014263227,0.0130118234
6.5371112823,0.0049917158,0.0009874661,0.0015482958,0.0070469906,-0.0145722181,0.0109986067
6.5470991135,0.0089928862,-0.0049765748,0.0044263657,-0.0356101915,-0.0191864111,0.0099959271
6.5570249557,0.0071910527,-0.0054163379,0.0080207642,-0.0611963794,-0.0194641780,0.0015200174
6.5670909882,0.0024539586,-0.0010742586,0.0075869020,-0.0568953753,-0.0216048285,-0.0027186698
6.5772457123,-0.0013130250,0.0073127705,0.0023744758,-0.0270735621,-0.0107465880,-0.0102482252
6.5868458748,-0.0032038335,0.0169532262,-0.0007072035,0.0006030733,-0.0009224527,-0.0113936514
6.5968151093,-0.0041061137,0.0150570236,-0.0035954658,0.0122948829,0.0076638451,-0.0178318433
6.6070261002,-0.0050510708,0.0123285018,0.0023591574,0.0229793526,0.0045804367,-0.0135717168
6.6170387268,-0.0021214429,0.0077049690,0.0054932293,0.0250776559,0.0067850016,-0.0072112894
6.6270351410,-0.0010959747,0.0010761578,0.0046671685,0.0165717863,0.0034946662,-0.0093087945
6.6369900703,0.0008693990,-0.0006898087,0.0077151116,0.0176486354,0.0013859754,-0.0071722744
6.6470561028,0.0028182175,0.0043736058,0.0048921760,0.0240213126,0.0057013612,-0.0082671000
6.6569819450,0.0017704723,0.0094448291,0.0040044840,0.0260931198,0.0100654839,0.0002021519
6.6670131683,0.0006919858,0.0096718036,0.0051420983,0.0335667469,0.0090726577,0.0023281535
6.6769809723,0.0035706069,0.0050715762,0.0043996032,0.0356842279,0.0122708473,-0.0008825536
6.6869707108,0.0025109556,0.0033670026,0.0045859870,0.0281876959,0.0164607987,-0.0040916624
6.6970348358,-0.0005019251,0.0005671937,0.0037279781,0.0079155806,0.0152381407,-0.0030041607
6.7069649696,0.0015041438,-0.0092438497,0.0018146690,-0.0218191464,0.0010139316,-0.0145774595
6.7169561386,-0.0022794101,-0.0094687380,0.0045538004,-0.0323908292,-0.0077015292,-0.0240742918
6.7270259857,-0.0041143540,0.0020418125,0.0013877209,-0.0195748992,-0.0097127482,-0.0208830275
6.7369618416,-0.0040385518,0.0137005411,-0.0006946865,0.0006874949,-0.0084642582,-0.0187828578
6.7469449043,-0.0028424058,0.0098583065,-0.0045845453,0.0092285192,-0.0094488291,-0.0166576561
6.7569499016,-0.0016671362,0.0002077181,-0.0015798155,0.0038663773,-0.0062863249,-0.0166732352
6.7670078278,-0.0034696553,-0.0046589416,0.0003658589,-0.0068110349,-0.0063598286,-0.0156029109
6.7769737244,-0.0023708735,-0.0065988344,0.0052162465,-0.0025383923,-0.0052903034,-0.0198643655
6.7869958878,-0.0012382808,-0.0056078476,0.0042061862,-0.0099920481,0.0019247327,-0.0443409495
6.7969269753,-0.0031777117,0.0110826455,0.0080297049,0.0080629867,0.0138069587,-0.0454905033
6.8069581985,-0.0070123468,0.0074264365,0.0120661315,0.0293163434,0.0225852709,-0.0381255299
6.8169131279,-0.0098060314,-0.0049852771,0.0064523276,0.0346434638,0.0236974061,-0.0381375141
6.8269767761,-0.0030044261,0.0022425610,0.0027767476,0.0314500667,0.0226039104,-0.0381281935
6.8369102478,-0.0039169285,0.0035235840,0.0009883698,0.0208413657,0.0129390340,-0.0338085443
6.8469719887,0.0010841248,-0.0020861668,0.0021405276,0.0112457303,0.0086532095,-0.0263373125
6.8569011688,0.0021672007,-0.0078160204,0.0051398929,-0.0004809666,0.0053860433,-0.0231220797
6.8669691086,0.0032048132,-0.0087527670,0.0080789384,-0.0047486825,0.0043024030,-0.0209872890
6.8768930435,0.0032373276,-0.0058028144,0.0100027379,-0.0015807189,0.0065085655,-0.0156911947
6.8869490623,0.0032126214,-0.0048021120,0.0129362401,0.0005138572,0.0097674765,-0.0114642242
6.8968772888,0.0003157464,-0.0097445287,0.0090292748,-0.0101887221,0.0128977550,-0.0104134744
6.9069571495,0.0012413916,-0.0078946389,0.0080041941,-0.0187153630,0.0096617481,-0.0061369706
6.9168748856,0.0050856527,-0.0080450214,0.0089055356,-0.0304435249,0.0084912889,-0.0071826605
6.9269061089,0.0011937824,-0.0103120841,0.0087192710,-0.0399957523,0.0030461899,-0.0103278533
6.9368619919,-0.0007521007,-0.0077169579,0.0084895547,-0.0421276167,0.0009279116,-0.0071296636
6.9468641281,0.0021466818,-0.0040949625,0.0073318537,-0.0336145535,0.0021079583,-0.0018313045
6.9568567276,0.0050312337,-0.0023608250,0.0072133597,-0.0250698011,0.0021606886,-0.0028979008
6.9668951035,0.0030276533,-0.0044763130,0.0061502513,-0.0113145728,0.0140873892,0.0044518914
6.9768729210,0.0009135809,-0.0054889363,0.0042457040,0.0120838266,0.0249469597,0.0033028706
6.9869222641,-0.0003331098,-0.0024093431,0.0004914459,0.0312039927,0.0347503237,0.0074755112
6.9968442917,-0.0066242907,0.0017248351,-0.0012595598,0.0364245884,0.0465997942,0.0137704257
7.0069451332,-0.0079420451,-0.0068478626,-0.0009609405,0.0194128454,0.0400191210,0.0095754135
7.0168690681,-0.0053020809,-0.0135769285,0.0021530446,-0.0007583350,0.0270276889,0.0086117480
7.0268311501,-0.0016159507,-0.0126759447,0.0002154168,-0.0155806895,0.0130005535,0.0065882788
7.0368232727,-0.0007648263,-0.0109260716,-0.0018269364,-0.0283409599,0.0044081304,0.0130262049
7.0468721390,-0.0008607599,-0.0063668531,-0.0049520079,-0.0357456133,-0.0062825968,0.0194750484
7.0567898750,0.0000640061,-0.0076944870,-0.0031956974,-0.0399921574,-0.0105599007,0.0226912163
7.0668220520,0.0019222108,-0.0031482023,-0.0024191681,-0.0325448923,-0.0083465474,0.0247964449
7.0768098831,0.0008396116,0.0024872380,-0.0025805179,-0.0091186641,0.0003486739,0.0204741340
7.0868492126,-0.0051961783,0.0102305971,-0.0065194909,0.0185457207,0.0112505900,0.0203841198
7.0967397690,-0.0074171666,0.0163090788,-0.0063635055,0.0451859869,0.0157571901,0.0235243849
7.1068630219,-0.0047285799,0.0128396116,-0.0060138647,0.0579577088,0.0211817827,0.0213555060
7.1167631149,-0.0020983014,0.0094307028,-0.0017083827,0.0557772443,0.0265123677,0.0213207528
7.1267929077,-0.0024141911,0.0078073102,-0.0004327241,0.0312764309,0.0199191794,0.0224430095
7.1367640495,-0.0016909632,0.0030326801,0.0055910405,-0.0039215041,0.0164432228,0.0235556774
7.1468219757,0.0010692236,-0.0000956696,0.0045557078,-0.0411506332,0.0032661671,0.0162303876
7.1567459106,0.0019244460,0.0033577639,0.0052673277,-0.0549992062,-0.0000497350,0.0162627436
7.1667699814,0.0009046402,0.0076904851,-0.0019023363,-0.0581435971,-0.0054543540,0.0120504219
7.1767759323,-0.0030431990,0.0101425610,-0.0031794850,-0.0368431024,0.0011082075,0.0098666307
7.1867389679,-0.0021524373,0.0098869167,-0.0042883698,-0.0166028123,0.0045074662,0.0140800187
7.1967620850,-0.0052179936,0.0136738382,-0.0053325240,0.0068469872,0.0079125836,0.0161667373
7.2067351341,-0.0043753032,0.0128303729,-0.0032662097,0.0250121430,0.0048648631,0.0182985980
7.2167620659,0.0033844020,0.0071763950,-0.0050046388,0.0197097883,0.0015966315,0.0162000284
7.2267270088,0.0062964763,-0.0015231412,-0.0048716608,-0.0005342308,0.0002986067,0.0077234521
7.2366838455,0.0024072137,-0.0065533561,-0.0010613147,-0.0271707680,-0.0010811770,-0.0049996674
7.2467088699,0.0034141447,-0.0019011538,-0.0002695266,-0.0335106924,-0.0044364939,-0.0166597851
7.2567758560,0.0025447812,0.0066783386,-0.0004780833,-0.0217373855,-0.0044287704,-0.0262287892
7.2667007446,-0.0002518091,0.0134489499,-0.0035335962,-0.0014747251,-0.0000422780,-0.0315833390
7.2767248154,-0.0029693935,0.0086854063,-0.0044634286,0.0144571029,0.0097000981,-0.0316576436
7.2867331505,-0.0038421098,0.0029663402,-0.0024141017,0.0112956651,0.0022485733,-0.0252327677
7.2967839241,0.0001344290,0.0032413560,0.0026022252,0.0272979327,0.0023939817,-0.0231218133
7.3066849709,-0.0007069948,-0.0033292812,0.0008149203,0.0283464193,0.0014059490,-0.0146170072
7.3166999817,0.0051932093,-0.0040327352,-0.0028859917,0.0229403377,0.0046840343,-0.0008211676
7.3266749382,0.0013211576,-0.0126844086,-0.0008179490,0.0133793224,0.0003076615,-0.0039732852
7.3367652893,-0.0015792194,-0.0165861882,0.0001649316,-0.0026337327,-0.0029483191,0.0045573525
7.3466978073,0.0012593922,-0.0049971980,-0.0067629162,-0.0154757611,0.0001769003,0.0066708373
7.3566708565,0.0002767798,-0.0041577858,-0.0029708687,-0.0175061561,-0.0074320175,-0.0060257833
7.3666839600,-0.0016039106,-0.0012837689,-0.0011094157,0.0027724830,-0.0062245401,-0.0081725568
7.3767580986,-0.0015705916,0.0086547099,-0.0001031104,0.0358974114,-0.0102467127,-0.0092348922
7.3866791725,-0.0024519954,0.0168219768,-0.0057991687,0.0540114343,-0.0058405125,-0.0103385057
7.3966741562,-0.0023614112,0.0172773562,-0.0065202061,0.0476131886,-0.0079982057,-0.0071339249
7.4066791534,0.0045737680,0.0079009496,-0.0013598148,0.0176912453,-0.0060466407,-0.0018137278
7.4167289734,0.0105005708,0.0001897771,0.0055596884,-0.0185913946,-0.0084408224,0.0014158876
7.4266662598,0.0067114588,-0.0107901134,0.0112756547,-0.0367671996,-0.0032737576,-0.0028544911
7.4366579056,-0.0000629220,-0.0131093301,0.0120002683,-0.0410281271,-0.0033283525,-0.0049742339
7.4466552734,-0.0068620984,-0.0056379479,0.0058842953,-0.0207422972,-0.0042311642,-0.0039201551
7.4567031860,-0.0068408046,0.0001101453,0.0047918614,-0.0068339380,-0.0073459973,-0.0060355039
7.4666571617,-0.0067652706,0.0010881979,0.0008888897,0.0102196140,-0.0029661625,-0.0092629883
7.4766688347,-0.0047144387,0.0041720229,-0.0019888822,0.0251980312,-0.0060780663,-0.0113764741
7.4922580719,0.0011660216,0.0035000998,0.0011355337,0.0272766277,0.0003598593,-0.0103572812
7.4966917038,0.0031342413,0.0018156726,0.0032592472,0.0219333954,0.0013801164,-0.0114234779
7.5070552826,0.0061501320,-0.0058109802,0.0073003825,0.0048673265,0.0001702423,-0.0124661066
7.5165848732,0.0072021391,-0.0096894540,0.0102479514,-0.0121902209,-0.0000161789,-0.0188273322
7.5266051292,0.0044334140,-0.0088616647,0.0062047299,-0.0239227749,-0.0011757193,-0.0188116208
7.5366249084,0.0005938914,-0.0012720864,0.0050145444,-0.0239063986,-0.0064493110,-0.0113439830
7.5466928482,0.0016462860,0.0015168149,0.0000354107,-0.0122175189,-0.0020383173,-0.0060687931
7.5566110611,-0.0003044102,0.0063568908,-0.0000399891,0.0037748972,-0.0008199210,-0.0029000312
7.5666780472,-0.0013198497,0.0054899412,0.0019899663,0.0250282548,0.0079583898,0.0044649406
7.5766110420,-0.0004393253,0.0038596350,0.0041742977,0.0495450497,0.0124194520,0.0044207321
7.5866117477,-0.0025412235,0.0023490745,0.0054581817,0.0591252372,0.0156999342,0.0043927692
7.5965871811,-0.0017078462,0.0018374283,0.0048198756,0.0527260602,0.0156378821,0.0033369591
7.6066088676,0.0050101187,-0.0045518917,0.0110296663,0.0335531682,0.0122468788,-0.0008772272
7.6167020798,0.0078791734,-0.0131576099,0.0170481261,-0.0027088346,0.0077048577,0.0002377052
7.6265897751,0.0098277386,-0.0192130841,0.0189198311,-0.0527941063,-0.0002185793,-0.0060502845
7.6365780830,0.0098804291,-0.0168785490,0.0165835675,-0.0890316069,-0.0037776278,-0.0145011600
7.6465940475,0.0051363762,-0.0157476105,0.0150549468,-0.1050129682,-0.0050245197,-0.0208562613
7.6565680504,0.0012790618,-0.0077844304,0.0134909805,-0.0890736878,0.0026091654,-0.0166636463
7.6665730476,-0.0045996401,-0.0006120842,0.0091481265,-0.0485952348,0.0125504788,-0.0156939905
7.6766009331,-0.0135506485,0.0128052197,0.0021162685,0.0077906782,0.0302040391,-0.0031029640
7.6866102219,-0.0177744571,0.0140082799,-0.0025445167,0.0610238053,0.0435230434,0.0063350126
7.6967568398,-0.0181512032,0.0078173243,-0.0020192806,0.0887560993,0.0437904224,0.0126890484
7.7066159248,-0.0127688739,0.0076224166,0.0025030430,0.0855579078,0.0395722426,0.0222801566
7.7165117264,-0.0023827497,-0.0034539741,0.0040797647,0.0514572002,0.0297486410,0.0287396554
7.7265629768,0.0032817181,-0.0169348754,0.0043501910,-0.0028116331,0.0121555319,0.0203925092
7.7365379333,0.0070652869,-0.0210530795,0.0072087701,-0.0474811010,-0.0042977431,0.0120328460
7.7465300560,0.0099700745,-0.0166457333,0.0098273214,-0.0655639619,-0.0087854359,0.0035754449
7.7564792633,0.0090410914,-0.0103719868,0.0084493812,-0.0623460636,-0.0077558579,-0.0038699545
7.7665281296,0.0061315801,-0.0010816496,0.0022453126,-0.0389499292,0.0062467773,-0.0124762254
7.7765321732,0.0002875832,0.0025843936,-0.0037897173,-0.0123408223,0.0192014575,-0.0210759714
7.7865667343,-0.0018402728,0.0123826824,-0.0037955586,0.0152817518,0.0323042087,-0.0137434900
7.7965192795,-0.0011103841,0.0116522871,0.0003179964,0.0291002281,0.0346525833,-0.0020840387
7.8065180779,-0.0022787694,0.0001838762,0.0015822705,0.0248415656,0.0304080397,0.0053831991
7.8165378571,-0.0015543791,-0.0035731238,-0.0001865570,0.0099021653,0.0260987785,0.0149832293
7.8264999390,0.0011293796,-0.0065200967,-0.0030078236,-0.0060629519,0.0195806902,0.0171614289
7.8363099098,0.0018499402,-0.0027487916,-0.0040218178,-0.0155844195,0.0098737366,0.0161711313
7.8464870453,0.0026039090,0.0039573270,-0.0060374085,-0.0070364708,0.0088710561,0.0161716640
7.8565378189,0.0034403559,0.0038834768,-0.0079790894,-0.0016819192,0.0067727515,0.0151157202
7.8664798737,0.0062279012,0.0028972584,-0.0059863869,-0.0006060023,0.0078044594,0.0097963233
7.8764820099,0.0032067504,-0.0000876825,-0.0040446464,-0.0037882132,0.0066822041,0.0066194385
7.8864698410,-0.0017442646,-0.0011530559,-0.0050610844,-0.0091430321,0.0108705573,0.0012840612
7.8965449333,-0.0028147195,-0.0002433699,-0.0050869528,-0.0069833407,0.0108223539,-0.0061532157
7.9064760208,-0.0028655920,0.0006966550,-0.0060875360,-0.0037353495,0.0044528716,-0.0039893971
7.9166707993,-0.0038661752,0.0036790925,-0.0080084149,0.0122767733,0.0035274231,-0.0018704531
7.9264698029,-0.0019757245,0.0057988721,-0.0059550945,0.0240114592,0.0015441671,0.0055709518
7.9364938736,-0.0020320658,0.0089209639,-0.0068197791,0.0250944346,-0.0016236631,0.0098433271
7.9464511871,-0.0001018885,0.0071185189,-0.0086411182,0.0155001301,-0.0027757466,0.0087951077
7.9566497803,0.0008644518,0.0032920795,-0.0046719257,0.0027017770,-0.0049957577,0.0098771499
7.9664497375,0.0028436091,0.0013563592,-0.0026990119,0.0005792370,-0.0060900506,0.0088233370
7.9764432907,0.0018928555,-0.0006145876,0.0002130922,-0.0004723119,-0.0050937617,0.0013812666
7.9864029884,0.0009209868,0.0042675692,-0.0007944051,0.0016552880,-0.0029669614,-0.0018211846
7.9966478348,0.0009200629,0.0072371918,-0.0007932726,0.0048610680,-0.0019046266,-0.0050155129
8.0064201355,0.0019425956,0.0043979245,0.0021758135,0.0080789654,-0.0029666952,-0.0071356557
8.0164327621,0.0029947516,0.0005683262,0.0032081660,0.0059332568,-0.0029549771,-0.0039475858
8.0264768600,0.0040278491,-0.0022970480,0.0022941884,0.0080398172,0.0013183311,-0.0061015505
8.0366191864,0.0001347568,-0.0022354764,-0.0006158892,0.0133486958,0.0035244937,-0.0029325215
8.0464420319,-0.0067642126,0.0037286240,-0.0015600864,0.0239981450,0.0057626143,-0.0008296897
8.0564279556,-0.0029574279,0.0089037977,-0.0004113261,0.0378640257,0.0048499489,0.0044767917
8.0664720535,-0.0010450723,0.0043731886,-0.0011161510,0.0453096926,0.0060217394,0.0097759496
8.0765838623,-0.0020812545,-0.0021137637,0.0001288708,0.0442509502,0.0039002658,0.0129790669
8.0864524841,0.0027013626,-0.0056776446,0.0013753232,0.0357048661,0.0038523288,0.0151101286
8.0963516235,0.0035848524,-0.0093948878,0.0025153216,0.0154386107,0.0015668038,0.0162016246
8.1064176559,0.0025920328,-0.0161991157,0.0054955538,-0.0026442530,-0.0029208888,0.0077442247
8.1165199280,-0.0012601110,-0.0182854570,0.0044358429,-0.0185964536,-0.0073816832,0.0003468948
8.1264390945,-0.0012173745,-0.0048050326,-0.0035678092,-0.0153663065,-0.0095215337,-0.0028286586
8.1363601685,-0.0001859757,0.0019344647,-0.0085523669,-0.0046773097,-0.0115692383,-0.0017595325
8.1464300156,-0.0030314717,0.0009500939,-0.0046921317,0.0070520509,-0.0124928225,0.0046126130
8.1563854218,-0.0019704197,-0.0009040278,-0.0026954357,0.0166648645,-0.0155717023,0.0110008698
8.1664190292,0.0028960910,0.0021864730,-0.0025902335,0.0219387226,-0.0090909004,0.0141423345
8.1763706207,0.0019330439,-0.0025267643,-0.0005245749,0.0197516009,-0.0016510936,0.0109072607
8.1863489151,-0.0029801372,-0.0014208596,0.0005195197,0.0250989608,-0.0016369788,0.0077162609
8.1963853836,-0.0060179476,0.0075799781,0.0006072577,0.0314496681,0.0048289094,0.0087347869
8.2063331604,-0.0031280611,0.0088467561,-0.0011550132,0.0347200297,-0.0005533387,0.0013306665
8.2163991928,-0.0021537486,0.0062137800,0.0048912223,0.0272955373,-0.0059656808,-0.0007573848
8.2263422012,0.0037349667,0.0054389196,0.0079394039,0.0070171631,-0.0092653371,0.0067149121
8.2363643646,0.0087371673,-0.0034149927,0.0098984297,-0.0281416252,-0.0170263201,0.0067934757
8.2463130951,0.0108703878,-0.0067217392,0.0067337211,-0.0547671057,-0.0215710048,-0.0005951985
8.2564001083,0.0120360162,-0.0013660233,-0.0004758779,-0.0611873269,-0.0173970331,-0.0069935760
8.2663078308,0.0062872078,0.0108251534,-0.0057680551,-0.0430698395,-0.0129998885,-0.0091595249
8.2763805389,-0.0024249647,0.0164338909,-0.0050355140,-0.0025871284,-0.0030692266,-0.0092514036
8.2863044739,-0.0082725380,0.0204722844,-0.0020800773,0.0379248783,0.0015556188,-0.0050601214
8.2963666916,-0.0053502265,0.0189605318,0.0001528319,0.0549679101,0.0038691068,-0.0008412744
8.3063125610,-0.0033591781,0.0096222125,-0.0005049054,0.0421855375,0.0005638574,-0.0008109144
8.3163499832,-0.0042754803,0.0001364905,0.0016531404,0.0187260173,0.0003231077,-0.0071649505
8.3262777328,-0.0022456143,-0.0075728935,0.0066192206,-0.0100534325,-0.0031421974,-0.0113719460
8.3363170624,0.0007499513,-0.0047142548,0.0055695828,-0.0185968541,-0.0000611864,-0.0188248027
8.3462610245,0.0047314968,0.0001084763,0.0035586413,-0.0078933435,-0.0011016834,-0.0251998771
8.3563137054,0.0038438346,0.0079258047,-0.0013953988,0.0080732396,0.0043665851,-0.0252468809
8.3662710190,-0.0019208881,0.0109400116,-0.0052910391,0.0187525153,0.0033894714,-0.0241856128
8.3763408661,-0.0027492139,0.0092145763,-0.0061528031,0.0294493679,-0.0007698537,-0.0199149679
8.3862361908,-0.0025964770,0.0036325413,-0.0021042172,0.0166811086,-0.0062035015,-0.0188084245
8.3962993622,-0.0013400855,-0.0080173649,-0.0020454470,-0.0141870584,-0.0160801001,-0.0208473410
8.4062423706,0.0038410630,-0.0169399418,0.0017496999,-0.0429715663,-0.0205779113,-0.0207980722
8.4162988663,0.0050186124,-0.0123744644,0.0063391980,-0.0472455435,-0.0216447748,-0.0165379457
8.4262199402,0.0071517285,-0.0068197888,0.0099762138,-0.0387223624,-0.0183997136,-0.0197521150
8.4362802505,0.0054258760,-0.0002628010,0.0028879698,-0.0227529816,-0.0129412981,-0.0219279174
8.4462089539,0.0026153382,0.0044996100,0.0027391966,-0.0111168334,-0.0021179456,-0.0166942738
8.4562587738,0.0027558412,-0.0004522841,-0.0002327505,-0.0100375880,-0.0010928951,-0.0220103431
8.4662122726,-0.0029174332,-0.0073854369,-0.0002969448,-0.0132152718,-0.0032732249,-0.0241187681
8.4762716293,-0.0027851854,-0.0044777435,-0.0003647152,-0.0089233201,-0.0064362613,-0.0230393894
8.4861946106,0.0012790320,-0.0034822267,0.0015373286,-0.0131558832,-0.0117948074,-0.0208768994
8.4962635040,0.0015443770,-0.0104325451,0.0024323519,-0.0302045047,-0.0161866266,-0.0187102854
8.5061883926,0.0048448350,-0.0234292187,0.0022341069,-0.0589224398,-0.0271330178,-0.0228688121
8.5162525177,0.0071557816,-0.0278437771,0.0028490480,-0.0727820620,-0.0293756668,-0.0228456426
8.5261955261,0.0054977443,-0.0244867243,0.0014210399,-0.0621906668,-0.0196655151,-0.0218536146
8.5362415314,-0.0002421382,-0.0073509258,-0.0048537198,-0.0388183668,-0.0066450532,-0.0198276155
8.5461721420,-0.0041390453,0.0051587778,-0.0079734270,-0.0037043234,0.0012352404,-0.0050297612
8.5562362671,-0.0040668193,-0.0025603813,-0.0069067422,0.0155146439,-0.0007259115,-0.0029104175
8.5661792755,-0.0020529274,-0.0102397241,-0.0058171097,0.0123321665,-0.0060309283,0.0045629451
8.5762405396,-0.0000870469,-0.0121316947,-0.0038182680,-0.0036707679,-0.0093114097,0.0109721087
8.5861539841,0.0009934810,-0.0200703777,0.0009956416,-0.0313191712,-0.0233923420,0.0142699005
8.5962066650,0.0060426798,-0.0252324380,0.0056946930,-0.0515175201,-0.0331759937,0.0132846646
8.6061363220,0.0081999507,-0.0285889544,0.0092991646,-0.0547178425,-0.0342513807,0.0154186562
8.6162023544,0.0072995927,-0.0173078217,0.0089211520,-0.0430820882,-0.0202886946,0.0131969145
8.6261758804,0.0073237773,-0.0059191030,0.0027998146,-0.0207405649,-0.0115564549,0.0141870761
8.6362285614,0.0014478919,-0.0012527149,-0.0012676660,-0.0069195591,-0.0050319768,0.0141327484
8.6461572647,-0.0015416982,0.0026076990,-0.0022813026,0.0026342655,0.0014546849,0.0140840122
8.6562347412,-0.0016133728,-0.0003187101,-0.0002875272,0.0005402220,-0.0028500487,0.0130531034
8.6661415100,0.0032599475,-0.0032278937,0.0016985592,-0.0090311784,-0.0071992571,0.0130879907
8.6761484146,0.0100519862,0.0005702335,0.0026174840,-0.0281850323,-0.0158691779,0.0163441040
8.6861333847,0.0101762768,-0.0065965098,0.0053416546,-0.0515729114,-0.0267561805,0.0143062528
8.6962165833,0.0075006094,-0.0178532638,0.0098798331,-0.0717720613,-0.0354913510,0.0111904880
8.7059841156,0.0086138900,-0.0145987906,0.0113762077,-0.0761098191,-0.0301173553,0.0185954068
8.7161951065,0.0038729813,-0.0094458498,0.0040440615,-0.0665519983,-0.0246855728,0.0206803959
8.7261247635,-0.0029204283,-0.0041810316,0.0006853994,-0.0463471264,-0.0149192279,0.0195405632
8.7361907959,-0.0068816338,0.0032713371,-0.0015302841,-0.0165492818,-0.0060897842,0.0247728750
8.7461509705,-0.0060360823,0.0070672589,-0.0054787342,0.0026182868,-0.0016391092,0.0279178023
8.7561788559,-0.0061751548,0.0041314322,-0.0054348055,0.0068804100,-0.0015869114,0.0300387423
8.7661247253,-0.0052756462,0.0011781413,-0.0063662473,0.0016084164,-0.0091183307,0.0290288720
8.7761831284,-0.0014486405,0.0030873972,-0.0054069106,-0.0079399487,-0.0177118201,0.0322767310
8.7862625122,-0.0014215502,0.0058130580,-0.0104147736,-0.0185611658,-0.0242067371,0.0323262662
8.7960901260,-0.0004187766,0.0055820900,-0.0066693369,-0.0313351527,-0.0264882669,0.0270378925
8.8062086105,-0.0003094766,0.0042712647,-0.0088534895,-0.0387967974,-0.0244810414,0.0185309574
8.8161020279,-0.0041538272,0.0107455812,-0.0081710164,-0.0324062780,-0.0191651061,0.0099952612
8.8263349533,-0.0050051305,0.0114244185,-0.0113104526,-0.0302381981,-0.0223728828,0.0078897662
8.8361434937,-0.0068095867,0.0121795498,-0.0085811559,-0.0269934013,-0.0245505497,0.0004656718
8.8460712433,-0.0045844261,0.0081142150,-0.0048406068,-0.0279958136,-0.0320489481,-0.0005473946
8.8561286926,-0.0003461483,0.0029763537,-0.0060051028,-0.0385945290,-0.0417401902,0.0005848482
8.8660984039,-0.0028824303,-0.0003448766,-0.0073284451,-0.0492157489,-0.0482351072,0.0006343829
8.8761005402,-0.0054122452,0.0030960995,-0.0097003523,-0.0534479097,-0.0515028052,-0.0025279876
8.8860511780,-0.0040746722,0.0095545016,-0.0071695987,-0.0438623950,-0.0492819957,-0.0014866915
8.8960866928,-0.0017529222,0.0131779276,-0.0055150930,-0.0299935862,-0.0491557606,0.0006271924
8.9060564041,-0.0004431549,0.0119932853,-0.0008652154,-0.0279413536,-0.0395116545,0.0016256114
8.9161109924,0.0008381513,0.0059336382,0.0048072990,-0.0279868916,-0.0352117158,0.0037191226
8.9260358810,-0.0018636974,0.0056796032,0.0055573042,-0.0248440951,-0.0308486596,0.0111253737
8.9361124039,-0.0026705507,0.0035337764,0.0083202180,-0.0173980333,-0.0275838897,0.0121654719
8.9460391998,-0.0073697511,-0.0005810898,0.0091130789,-0.0184353329,-0.0328995623,0.0164502300
8.9560317993,-0.0052588824,-0.0017353933,0.0128722247,-0.0237838924,-0.0329112783,0.0196400322
8.9660186768,-0.0001757983,-0.0029547256,0.0136592444,-0.0354605243,-0.0384000540,0.0133094322
8.9760560989,-0.0038559977,-0.0003730100,0.0133485254,-0.0343903303,-0.0383995213,0.0122456327
8.9860153198,-0.0036522690,0.0051968652,0.0101519879,-0.0226844046,-0.0319416225,0.0068836240
8.9960765839,-0.0044347886,0.0070160585,0.0119437035,-0.0056156740,-0.0276006684,-0.0005918695
9.0060129166,-0.0033022556,0.0080602132,0.0158211645,0.0124509437,-0.0178417806,-0.0006677695
9.0162105560,-0.0002541337,0.0072393971,0.0159064587,0.0198473409,-0.0081771696,-0.0028635459
9.0259990692,-0.0021134112,0.0034759003,0.0150152501,0.0166012142,-0.0028583044,-0.0028957701
9.0360260010,-0.0011515262,0.0036109644,0.0151093658,0.0122514730,0.0056845834,0.0002395695
9.0459852219,-0.0002151224,-0.0002378863,0.0151953753,0.0047623976,0.0056720669,0.0055568367
9.0560054779,-0.0021660570,-0.0051722568,0.0142083224,-0.0111926012,-0.0008726515,0.0045477650
9.0659847260,-0.0041429345,-0.0014782589,0.0121135768,-0.0271878112,-0.0020833246,0.0024420037
9.0760517120,-0.0051228497,0.0050497609,0.0089434441,-0.0420872644,-0.0054511582,-0.0028373136
9.0859718323,-0.0079874489,0.0095294081,0.0066834744,-0.0463323444,-0.0076397439,-0.0049449392
9.0959329605,-0.0098389629,0.0091091357,0.0093174037,-0.0558784455,-0.0130992234,-0.0091498047
9.1060295105,-0.0067079458,0.0048023420,0.0119612273,-0.0526344478,-0.0152752921,-0.0165746976
9.1159591675,-0.0045240466,0.0093514286,0.0087338742,-0.0365802497,-0.0152657051,-0.0303987674
9.1259574890,-0.0024425033,0.0238546096,0.0094784554,-0.0163575355,-0.0097289933,-0.0261992291
9.1359519958,-0.0021953825,0.0218248330,0.0045255478,-0.0089040129,-0.0064855302,-0.0283490643
9.1458368301,-0.0028738175,0.0091212355,0.0064516719,-0.0153033221,-0.0055025574,-0.0326005369
9.1557588577,-0.0035838727,-0.0007330221,0.0093137678,-0.0217356533,-0.0033874745,-0.0294225849
9.1659479141,-0.0014792624,-0.0047653359,0.0131151732,-0.0314055942,0.0019313907,-0.0241404716
9.1760559082,-0.0003864560,-0.0079143681,0.0149076041,-0.0335672796,0.0040773661,-0.0209646523
9.1859588623,0.0016273168,-0.0081301965,0.0166995581,-0.0325209238,0.0062321294,-0.0199169647
9.1959657669,0.0016337541,-0.0044402522,0.0136218723,-0.0251070838,0.0137616852,-0.0210332293
9.2059497833,-0.0003964994,0.0002853233,0.0105935987,-0.0059922449,0.0246247202,-0.0179298464
9.2159929276,-0.0005549881,0.0032752114,0.0106522497,0.0163882934,0.0290700682,-0.0190397203
9.2259168625,-0.0007338616,0.0054548937,0.0098534878,0.0312564559,0.0367029533,-0.0148500344
9.2359800339,-0.0058388207,0.0028030830,0.0071874317,0.0408110805,0.0410985015,-0.0085069174
9.2459058762,-0.0090143029,-0.0017886799,0.0074670967,0.0333731361,0.0336320624,0.0000458243
9.2559728622,-0.0053302590,-0.0044710678,0.0067433175,0.0206195246,0.0250220615,0.0043588141
9.2659101486,0.0022632089,-0.0053116125,0.0069084223,0.0025302693,0.0163681190,0.0086771296
9.2759771347,0.0050617512,-0.0102636851,0.0049974974,-0.0166648626,0.0130365063,0.0119012855
9.2858886719,0.0000413862,-0.0096083917,-0.0010242406,-0.0369243249,0.0107331388,0.0108679794
9.2959575653,-0.0059378836,-0.0031601232,-0.0032339636,-0.0347398706,0.0074819513,0.0034498768
9.3058843613,-0.0050899927,0.0063395458,-0.0073206369,-0.0229971968,0.0107065067,-0.0050783642
9.3159580231,-0.0032903645,0.0160385333,-0.0054322425,-0.0005920203,0.0140429148,-0.0104286540
9.3258752823,-0.0014528575,0.0161551796,-0.0014327709,0.0153432693,0.0237762351,-0.0115652913
9.3358726501,-0.0005824807,0.0104985200,-0.0002501551,0.0195935424,0.0280439518,-0.0158435274
9.3459348679,-0.0006971601,0.0097344480,0.0008823927,0.0164403599,0.0237080585,-0.0200627726
9.3558692932,0.0001679566,0.0079199038,0.0000433978,0.0025346633,0.0278601944,-0.0222060848
9.3658542633,0.0030689593,0.0001562197,0.0030567702,-0.0187607706,0.0233748965,-0.0274740849
9.3759288788,0.0060330089,-0.0068284315,0.0039807018,-0.0400448889,0.0167667959,-0.0316686928
9.3858528137,0.0031157043,-0.0052039665,0.0056985077,-0.0474969447,0.0114287557,-0.0241921376
9.3959140778,0.0011859593,-0.0055661839,0.0044957455,-0.0421539769,0.0093642734,-0.0199306812
9.4058303833,-0.0026702378,-0.0019728583,-0.0035461728,-0.0218662843,0.0074108448,-0.0167450067
9.4159030914,-0.0056259278,0.0037948447,-0.0085159484,0.0068929265,0.0119741708,-0.0093589956
9.4258317947,-0.0066243652,0.0009781678,-0.0152134839,0.0260658227,0.0153651740,-0.0051448094
9.4358968735,-0.0077248011,0.0011978705,-0.0150463525,0.0292304568,0.0196717717,-0.0041115033
9.4458036423,-0.0069516245,0.0024586874,-0.0109323803,0.0281105973,0.0239836946,0.0011732739
9.4558944702,-0.0013362857,0.0047184187,-0.0038550440,0.0270910077,0.0165303089,0.0054720156
9.4657917023,0.0023973193,0.0020135599,0.0022119936,0.0143174203,0.0121563310,0.0055092992
9.4758872986,0.0003998187,-0.0096356310,0.0052398499,0.0004765727,0.0077738333,0.0055475160
9.4858036041,0.0013498423,-0.0145763792,0.0062320288,-0.0165016111,-0.0041233059,0.0045741303
9.4958667755,0.0100773778,-0.0088391937,0.0081116613,-0.0228862744,-0.0084083322,0.0088543631
9.5058012009,0.0120380726,-0.0022308868,0.0049977358,-0.0303351376,-0.0116632469,0.0099430634
9.5158615112,0.0023580398,-0.0065327329,0.0017993506,-0.0431718379,-0.0075060530,0.0078005502
9.5257854462,-0.0034557525,-0.0079491176,0.0034458693,-0.0485109426,-0.0044045355,0.0003474276
9.5358533859,-0.0034668986,-0.0033930582,0.0022426900,-0.0325338431,0.0020831907,-0.0050161788
9.5457830429,-0.0054702405,0.0032708603,0.0001447257,-0.0048452225,0.0129217235,-0.0125425383
9.5558452606,-0.0114809368,0.0121721588,0.0001778658,0.0345517173,0.0228915326,-0.0073230090
9.5657634735,-0.0117079858,0.0155395828,0.0004972275,0.0643460974,0.0306852721,0.0021671655
9.5758180618,-0.0061075334,0.0103297792,0.0020102318,0.0803327933,0.0319172516,0.0063959993
9.5857477188,-0.0024306569,0.0021727639,0.0005916413,0.0696889311,0.0265272800,0.0106879491
9.5957889557,0.0012637583,-0.0051620645,0.0039396342,0.0377216786,0.0177718736,0.0160805825
9.6057872772,0.0060045775,-0.0147728361,0.0080479439,-0.0102498420,0.0120114554,0.0108394837
9.6161317825,0.0059499498,-0.0209365524,0.0079110917,-0.0592510737,0.0009159273,0.0077591375
9.6270046234,0.0020235684,-0.0186480321,0.0084599312,-0.0848179460,-0.0025517745,0.0003627406
9.6358108521,0.0010000524,-0.0066959304,0.0069369730,-0.0869158581,-0.0037102499,-0.0081270169
9.6456060410,0.0019987281,0.0073474604,0.0015944298,-0.0613199547,0.0028187560,-0.0177487526
9.6555671692,-0.0018808785,0.0137795769,-0.0016435329,-0.0304176938,0.0094694681,-0.0178129338
9.6655607224,-0.0038202498,0.0156351291,-0.0036677066,-0.0016086819,0.0118117183,-0.0199730247
9.6757659912,-0.0068013314,0.0128323399,-0.0006493870,0.0249829814,0.0206265152,-0.0136765121
9.6857118607,-0.0049554501,0.0131397806,-0.0023691598,0.0366825163,0.0229181647,-0.0062628044
9.6955642700,-0.0031092707,0.0075988132,-0.0040337387,0.0334969722,0.0186661612,-0.0009222345
9.7055740356,-0.0012611839,-0.0009375852,0.0010819491,0.0142947827,0.0143060349,0.0065561878
9.7155513763,0.0044741686,-0.0106414594,0.0061049517,-0.0166302416,0.0098074237,0.0087329233
9.7256851196,0.0054180082,-0.0206971802,0.0079373773,-0.0507077873,-0.0000753012,0.0088208076
9.7356700897,0.0034700241,-0.0222074427,0.0085760411,-0.0698603019,-0.0045645917,0.0014277385
9.7457590103,0.0054194983,-0.0111070909,0.0013114866,-0.0666583851,-0.0024476449,-0.0039001815
9.7556667328,0.0014872161,0.0030146199,-0.0059299413,-0.0431960747,0.0030155638,-0.0113893896
9.7656993866,-0.0054000709,0.0134763680,-0.0100859348,-0.0101787355,0.0107797431,-0.0082756216
9.7756757736,-0.0055124406,0.0135642849,-0.0090324227,0.0249125399,0.0239464119,-0.0009517956
9.7856893539,-0.0046351347,0.0050842720,-0.0097041074,0.0473470092,0.0230238922,-0.0041486542
9.7956790924,-0.0048970524,0.0074918228,-0.0054761712,0.0568879172,0.0285001509,0.0032484087
9.8056821823,-0.0021963660,0.0080008470,-0.0050806943,0.0548042580,0.0210297164,0.0064854808
9.8157186508,0.0016210434,-0.0023860973,-0.0018385593,0.0196689107,0.0100684129,0.0065818876
9.8256378174,0.0045138653,-0.0130706467,0.0041328724,-0.0197384171,-0.0019658792,0.0098746205
9.8357019424,0.0084461626,-0.0241094865,0.0098595079,-0.0634173229,-0.0129823117,0.0110388212
9.8456392288,0.0095477905,-0.0267154016,0.0094229039,-0.0910750479,-0.0218101591,0.0036786424
9.8556728363,0.0077265706,-0.0167954601,0.0039238390,-0.0921364501,-0.0197430123,-0.0037714175
9.8656463623,0.0010163245,-0.0038427156,-0.0034831706,-0.0633330345,-0.0142489104,-0.0123262899
9.8756570816,-0.0048416648,0.0104680024,-0.0057595316,-0.0080018677,0.0054563507,-0.0082444623
9.8856363297,-0.0049323831,0.0154637061,-0.0105569307,0.0367006212,0.0197327584,-0.0041186935
9.8956508636,-0.0041587893,0.0090536438,-0.0043410603,0.0536821336,0.0284825750,0.0032472103
9.9056434631,-0.0033577923,-0.0032241386,-0.0039518420,0.0397886895,0.0284205228,0.0085692722
9.9157056808,-0.0035871807,-0.0098400749,-0.0017479602,0.0131411022,0.0207985546,0.0171398558
9.9256229401,0.0001771357,-0.0176574029,0.0002855714,-0.0176426433,-0.0018479011,0.0215577744
9.9356975555,0.0079855826,-0.0237346925,0.0021645483,-0.0452429801,-0.0202359632,0.0216987878
9.9456100464,0.0109412130,-0.0212242641,0.0047895964,-0.0505165681,-0.0288089439,0.0238828473
9.9556856155,0.0071203616,-0.0149030127,-0.0014461819,-0.0430681072,-0.0255532302,0.0227937475
9.9656105042,0.0003056583,-0.0026363772,-0.0096090380,-0.0228544474,-0.0168556124,0.0216608383
9.9756240845,-0.0055998061,0.0049992162,-0.0107507054,0.0058843875,-0.0028274120,0.0109247044
9.9856519699,-0.0028551165,0.0120589696,-0.0067209546,0.0399195850,0.0134405075,0.0076082703
9.9955787659,-0.0010638329,0.0124612413,-0.0054237787,0.0537605658,0.0178227387,0.0075701866
10.0055809021,0.0006843713,0.0109412633,-0.0050831977,0.0473335609,0.0188781507,0.0118173966
10.0156631470,0.0073530581,0.0034739333,-0.0018223468,0.0196342878,0.0101589607,0.0172052365
10.0257282257,0.0092191156,-0.0072631282,0.0031320509,-0.0208175294,-0.0050807125,0.0215818752
10.0356464386,0.0101892408,-0.0124766864,0.0078376587,-0.0559124015,-0.0234682411,0.0281004943
10.0455741882,0.0074281450,-0.0199581422,0.0064414795,-0.0792827010,-0.0364926979,0.0260764919
10.0556335449,0.0037225243,-0.0158415474,0.0029337462,-0.0770815983,-0.0450158790,0.0271920897
10.0655784607,0.0038542356,-0.0057560843,-0.0014796797,-0.0590043291,-0.0373763368,0.0292547084
10.0756301880,0.0000688043,0.0005180198,-0.0097113196,-0.0419848710,-0.0297706127,0.0281303227
10.0855426788,-0.0087126140,0.0069511491,-0.0119805280,-0.0186342709,-0.0114659071,0.0226833578
10.0955886841,-0.0088292900,0.0146902762,-0.0140068475,0.0111671668,0.0015375093,0.0162029564
10.1064147949,-0.0051000062,0.0158674680,-0.0089585725,0.0314053260,0.0080795642,0.0129592270
10.1187229156,-0.0032911692,0.0122436844,-0.0028627459,0.0303250160,0.0081056636,0.0172102954
10.1255216599,-0.0023704413,-0.0002387803,0.0022350010,0.0154677723,-0.0037387456,0.0204846524
10.1361417770,0.0024989601,-0.0050428552,0.0062311944,-0.0004416853,-0.0166750513,0.0227073282
10.1461963654,0.0093698855,-0.0099661984,0.0081958827,-0.0142842652,-0.0220988449,0.0259393398
10.1561794281,0.0074839946,-0.0111487545,0.0119328555,-0.0185228176,-0.0263985191,0.0259661041
10.1654949188,0.0036770161,-0.0084458627,0.0097911414,-0.0099873869,-0.0242312383,0.0216965247
10.1755151749,-0.0021322761,0.0012122352,0.0057220515,0.0102698151,-0.0177379176,0.0131428512
10.1854724884,-0.0030999873,0.0101287328,-0.0000832025,0.0390154421,-0.0068639652,0.0088026980
10.1956529617,-0.0051614288,0.0173461400,0.0001219567,0.0645413101,0.0040310267,0.0097763492
10.2055664062,-0.0052476469,0.0159566365,-0.0023914520,0.0783577859,0.0105688209,0.0118490877
10.2153358459,-0.0014152321,0.0078076678,0.0000530537,0.0666183084,0.0104742795,0.0118597411
10.2254133224,-0.0005665216,0.0014262755,0.0052902754,0.0431814268,0.0038984013,0.0140435323
