0.0000000000,-0.0062785037,-0.0106355045,0.0126815476,-0.0391749181,0.0302469824,0.0241029114
0.0097159147,-0.0037099461,-0.0031287507,0.0145815648,-0.0337663032,0.0248721894,0.0156348571
0.0198949575,0.0008988490,0.0073192096,0.0116105713,-0.0325697437,0.0161767025,-0.0023702420
0.0299040079,0.0036519726,0.0049916310,0.0077077784,-0.0453842096,0.0244641937,-0.0194042195
0.0399409533,0.0024932136,-0.0064149750,0.0038097536,-0.0838675499,0.0347735547,-0.0290061142
0.0508149862,0.0071327500,-0.0182242729,0.0028839149,-0.1275798827,0.0290733278,-0.0310634058
0.0598119497,0.0117965601,-0.0284435302,0.0019608175,-0.1585774869,0.0299947802,-0.0193577483
0.0698629618,0.0134931616,-0.0251666438,-0.0019912089,-0.1531819105,0.0183796696,-0.0075998912
0.0799419880,0.0133071057,-0.0225884877,-0.0030079447,-0.1115959883,0.0177652799,0.0072457660
0.0898289680,0.0092266314,-0.0204746611,-0.0040693246,-0.0528791472,-0.0069049140,0.0689834282
0.0997759104,0.0087650679,-0.0079042362,-0.0012513363,0.0362585858,-0.0424903408,0.3262486756
0.1098389626,-0.1079719141,-0.0134923020,-0.0275753699,0.0909948051,-0.1076874509,0.4020630121
0.1198269129,-0.1936824322,-0.0418900959,-0.0359930955,0.0815994367,-0.0194244348,0.1082798392
0.1298439503,-0.0821608528,-0.0276260264,-0.0078123175,0.0271724127,0.0094088120,0.0295139197
0.1397329569,0.0136019550,-0.0081323255,0.0074768700,-0.0127421115,0.0624920018,0.0238867961
0.1500209570,-0.0112680979,-0.0135246897,-0.0035336579,-0.0510823131,0.0525581464,0.0218532048
0.1598849297,0.0087091736,-0.0110846683,-0.0073752962,-0.0798428506,0.0490443707,0.0123361321
0.1721799374,0.0054802112,0.0006841574,-0.0148805343,-0.0830397084,0.0479599312,0.0134077882
0.1806960106,0.0062038116,0.0025107735,-0.0179765187,-0.0659310296,0.0417371914,0.0198089629
0.1902610064,0.0431586318,0.0147506678,-0.0166384540,-0.0198956300,0.0229094401,0.0262732543
0.2005299330,0.0797260851,0.0283973105,-0.0142078362,0.0197661631,0.0008150575,0.0317017063
0.2105150223,0.0795198753,0.0337901749,-0.0100952350,0.0476345457,-0.0139143532,0.0339025408
0.2203819752,0.0594685860,0.0309786759,-0.0091209970,0.0679161176,-0.0127148665,0.0306929033
0.2300869226,0.0464901812,0.0261957627,-0.0066971146,0.0636758283,-0.0117787654,0.0190034900
0.2397300005,0.0392688699,0.0249856431,0.0024735963,0.0498259291,-0.0130003560,0.0137092592
0.2495669127,0.0371589251,0.0198664200,0.0078825392,0.0295241177,-0.0089185294,0.0094474023
0.2595399618,0.0337643586,0.0239559244,0.0074000396,0.0198264830,0.0037924717,0.0040568975
0.2695429325,0.0304818787,0.0270632301,0.0079183616,0.0122386049,0.0186787434,0.0018408815
0.2796570063,0.0286519490,0.0268954821,0.0055732764,0.0036846651,0.0207445566,0.0018362207
0.2895349264,0.0316060744,0.0228995495,0.0043333210,0.0016161883,0.0163716469,-0.0076954989
0.2996029854,0.0307353847,0.0212628450,0.0021692549,0.0017006099,0.0077850823,-0.0118891783
0.3095009327,0.0326497592,0.0221424829,-0.0037930573,0.0083049834,-0.0136032961,-0.0191918332
0.3195999861,0.0299449600,0.0154010775,-0.0028920732,0.0105233965,-0.0190353468,-0.0319086909
0.3296619654,0.0223536007,0.0040922426,-0.0010563695,-0.0011215415,-0.0287899729,-0.0371492617
0.3395550251,0.0167538486,-0.0056139198,0.0057060756,-0.0139040481,-0.0331397131,-0.0339235067
0.3496119976,0.0171146058,-0.0135541279,0.0134899057,-0.0149077941,-0.0437718518,-0.0264171213
0.3595659733,0.0135901533,-0.0176188368,0.0104693212,-0.0054731481,-0.0306973271,-0.0052579078
0.3695679903,0.0076889209,-0.0105478894,0.0063603558,0.0199235566,-0.0090069473,0.0083947871
0.3796420097,0.0055033676,-0.0041029565,0.0071439780,0.0378811173,0.0104474453,0.0167529844
0.3897069693,0.0090119503,-0.0004106953,0.0109103359,0.0419664085,0.0308315456,0.0219299030
0.3997219801,0.0116034560,-0.0013511638,0.0107680596,0.0344576240,0.0392378122,0.0123212188
0.4097160101,0.0194528364,-0.0059165135,0.0117244162,0.0047013261,0.0313444696,-0.0088546397
0.4197819233,0.0247046910,-0.0154548744,0.0146582164,-0.0442401171,0.0169546138,-0.0225387607
0.4296789169,0.0251882933,-0.0223488137,0.0165850557,-0.0857020691,0.0005111910,-0.0330270864
0.4396829605,0.0230389349,-0.0294520278,0.0165661611,-0.0973890871,-0.0059973085,-0.0340409540
0.4497059584,0.0161550753,-0.0281085502,0.0106226243,-0.0750837848,0.0017839156,-0.0192335099
0.4596649408,0.0091018640,-0.0167882964,0.0056101717,-0.0187712424,0.0248612706,0.0039514368
0.4696689844,0.0065550618,-0.0049021123,0.0015555060,0.0482527986,0.0416477062,0.0314179510
0.4797350168,0.0086404793,0.0037952354,0.0014327205,0.1025270894,0.0550444759,0.0493552722
0.4896529913,0.0123886280,0.0071691503,0.0032619275,0.1185100526,0.0573329292,0.0525164418
0.4997140169,0.0141130053,0.0019612266,0.0031440295,0.0918562040,0.0559984185,0.0451049991
0.5096299648,0.0139695071,-0.0103858458,0.0108636655,0.0301062856,0.0436006039,0.0261054728
0.5196440220,0.0150781237,-0.0233491678,0.0166811980,-0.0486825332,0.0278298967,0.0028893678
0.5296379328,0.0136340223,-0.0264286622,0.0156353153,-0.1018996835,0.0113318805,-0.0033408310
0.5396339893,0.0114445947,-0.0174815394,0.0126246847,-0.1103874445,0.0048582684,-0.0022284288
0.5496269464,0.0073620342,-0.0018544560,0.0076127090,-0.0699225739,0.0127436221,0.0083160903
0.5596020222,0.0021614989,0.0111487526,0.0006362832,-0.0124048237,0.0229184944,0.0209577177
0.5696229935,-0.0003446827,0.0198834687,-0.0083055459,0.0471450575,0.0448821187,0.0356471799
0.5796289444,0.0048195235,0.0225506015,-0.0112917982,0.0823685527,0.0430639796,0.0409455374
0.5896300077,0.0119640641,0.0247519799,-0.0113308989,0.0771298483,0.0323082693,0.0378317721
0.5996829271,0.0132636093,0.0231128037,-0.0074946843,0.0483566634,0.0319647193,0.0240444541
0.6095999479,0.0128157400,0.0053919838,-0.0084730349,-0.0092046363,0.0302690882,0.0028478224
0.6195539236,0.0104552321,0.0005128807,-0.0075600706,-0.0570647046,0.0158509985,-0.0150863035
0.6295670271,0.0121846907,0.0017543640,-0.0085461102,-0.0686835423,0.0049823718,-0.0256316215
0.6395819187,0.0131555758,0.0027217511,-0.0085376464,-0.0579599217,-0.0013391734,-0.0245353319
0.6495230198,0.0141889416,0.0096247029,-0.0026815496,-0.0269716457,-0.0085084029,-0.0160113536
0.6595209837,0.0122685395,0.0159084201,0.0002189911,0.0146498308,-0.0133984992,-0.0011375980
0.6695419550,0.0092883073,0.0176985133,-0.0008100235,0.0498040915,-0.0087606041,0.0094316890
0.6795099974,0.0082025193,0.0139740929,0.0001627243,0.0668681562,-0.0054529584,0.0062128603
0.6895859241,0.0061708502,0.0057454207,0.0011441744,0.0551089719,-0.0013141397,0.0008822766
0.6997179985,0.0021293571,-0.0016588410,0.0040602721,0.0198874697,0.0036364105,-0.0129348692
0.7095129490,0.0029137691,-0.0104213357,0.0050456561,-0.0164114162,0.0075581814,-0.0214340817
0.7195010185,0.0085201673,-0.0117313778,0.0070272721,-0.0398352481,0.0030414602,-0.0277598873
0.7294909954,0.0121546499,-0.0113318097,0.0070082583,-0.0355986916,0.0042065931,-0.0203336626
0.7394729853,0.0119380914,-0.0060541895,0.0020680462,-0.0099709593,0.0012392992,-0.0160849895
0.7499469519,0.0137320869,0.0015119305,0.0010629332,0.0210138541,-0.0059208758,-0.0064986749
0.7594280243,0.0137155615,-0.0032680766,0.0030240454,0.0434093066,-0.0067419279,0.0019892193
0.7695059776,0.0088819973,-0.0107433125,0.0030205287,0.0465907194,-0.0066628326,0.0083608329
0.7794629335,0.0069806091,-0.0151191354,0.0059660710,0.0391145609,-0.0067075738,0.0104936250
0.7894939184,0.0021324267,-0.0146316290,0.0088697709,0.0199086424,-0.0089664664,0.0137088588
0.7994409800,0.0000871828,-0.0191761572,0.0127559938,0.0069638155,0.0059312563,0.0178716481
0.8094639778,0.0007518788,-0.0169838388,0.0156452097,-0.0016208841,0.0101672802,0.0210373476
0.8194320202,0.0023313274,-0.0070781335,0.0126378573,0.0121910674,0.0177610181,0.0209758282
0.8294349909,0.0067611299,-0.0000538221,0.0115999617,0.0239073783,0.0241917539,0.0124268131
0.8394309282,0.0102083944,0.0012122472,0.0115628876,0.0206766985,0.0273795575,0.0134721035
0.8494299650,0.0118378215,-0.0033892980,0.0076431669,0.0046689692,0.0293388441,0.0070962301
0.8594080210,0.0095900409,-0.0091577340,0.0027064120,-0.0187860243,0.0269910004,0.0028745874
0.8693959713,0.0084071420,-0.0151249785,0.0007445252,-0.0400937088,0.0235834867,-0.0013380009
0.8794059753,0.0063484423,-0.0192740932,-0.0012297594,-0.0570738912,0.0106477151,0.0019479406
0.8894019127,0.0072458200,-0.0195590910,0.0016925371,-0.0570714921,0.0054127388,0.0147305802
0.8993599415,0.0051591210,-0.0091559635,-0.0022837482,-0.0240163393,0.0026196155,0.0327846818
0.9094480276,0.0030374487,0.0005935663,-0.0062847696,0.0154320011,0.0051349709,0.0412399508
0.9194239378,0.0027637889,0.0058176662,-0.0024278723,0.0388434529,0.0107318703,0.0496868305
0.9294580221,0.0033632775,0.0152045647,0.0004241503,0.0526615307,0.0183112267,0.0485656410
0.9393680096,0.0040064417,0.0188169088,-0.0025764669,0.0462234691,0.0267169625,0.0378936902
0.9494429827,0.0066219084,0.0164898951,-0.0016086661,0.0238933973,0.0231834799,0.0198715460
0.9593830109,0.0093822293,0.0118677719,-0.0035507642,-0.0239703991,0.0087749800,0.0029994894
0.9694999456,0.0122310631,0.0048267334,-0.0015511477,-0.0750586167,-0.0024624949,-0.0149526130
0.9794009924,0.0123090260,0.0010454925,-0.0015194380,-0.1090878174,-0.0135164773,-0.0265420247
0.9893699884,0.0096169822,-0.0050789108,-0.0034371577,-0.1196861416,-0.0232085194,-0.0254093818
0.9993799925,0.0039679073,-0.0024509626,-0.0073807798,-0.0973193124,-0.0218636226,-0.0137489978
1.0094439983,0.0001990458,0.0043638074,-0.0142654739,-0.0515209362,-0.0139279356,-0.0021461372
1.0193339586,-0.0046879686,0.0068178270,-0.0162784420,0.0016203150,0.0079968031,0.0136096552
1.0293200016,0.0010074486,0.0118068289,-0.0143105946,0.0315800793,-0.0055568218,0.0264253188
1.0393489599,0.0078095011,0.0181023628,-0.0084134899,0.0456004217,-0.0256948471,0.0339843035
1.0493369102,0.0069386028,0.0136743840,-0.0054592453,0.0348716117,-0.0162222497,0.0264936313
1.0593190193,-0.0008755515,0.0109831700,-0.0006237590,0.0060416954,-0.0090985596,0.0105310418
1.0694459677,-0.0008865336,0.0139199235,0.0062045492,-0.0247553661,-0.0222985167,-0.0052977223
1.0793199539,0.0080980621,0.0166308358,0.0131440796,-0.0394974276,-0.0386247598,-0.0253631771
1.0893260241,0.0114165954,0.0141640902,0.0152039565,-0.0501476750,-0.0345863439,-0.0434425771
1.0993169546,0.0079315268,0.0115083093,0.0123026408,-0.0480281971,-0.0303495191,-0.0509126112
1.1093629599,0.0082329772,0.0127723385,0.0084283389,-0.0415836163,-0.0335423835,-0.0551459715
1.1192950010,0.0094723515,0.0092278114,0.0094739832,-0.0352112018,-0.0323628709,-0.0477202795
1.1292920113,0.0048693381,0.0008569444,0.0124374069,-0.0374490581,-0.0247896388,-0.0350191332
1.1392869949,-0.0036200176,-0.0104318205,0.0144092478,-0.0375072472,-0.0214985050,-0.0244137589
1.1492779255,-0.0073184408,-0.0187408421,0.0134526528,-0.0280354470,-0.0095686074,-0.0128114307
1.1593309641,-0.0053626187,-0.0190524403,0.0134685077,-0.0077667953,-0.0156565942,0.0063346988
1.1692579985,0.0003877988,-0.0073168278,0.0134682097,0.0220699310,-0.0142480480,0.0190534238
1.1792709827,0.0013202240,-0.0001875338,0.0134377517,0.0465446450,-0.0044470825,0.0189764593
1.1892529726,0.0002005359,0.0050749863,0.0143690147,0.0475499891,0.0072266175,0.0082761440
1.1992379427,-0.0019618610,-0.0005045080,0.0133693852,0.0197469890,0.0196910109,-0.0098499963
1.2092809677,0.0007782837,-0.0132266348,0.0134038366,-0.0272085369,0.0234849490,-0.0236528926
1.2192509174,0.0045549981,-0.0194822010,0.0114836730,-0.0666548759,0.0188739523,-0.0267809089
1.2292919159,0.0064175688,-0.0210958458,0.0065983571,-0.0869335160,0.0176664758,-0.0246341359
1.2392659187,0.0042770170,-0.0169181861,0.0065442361,-0.0827371776,0.0220740065,-0.0129793435
1.2495269775,0.0010790189,-0.0107621644,0.0044961609,-0.0560744032,0.0192009881,0.0018941446
1.2592300177,0.0017962267,-0.0042435434,0.0054119863,-0.0187639184,0.0196164418,0.0167390034
1.2694259882,0.0035149863,0.0006550336,0.0024493968,0.0217203908,0.0243137255,0.0294289663
1.2793560028,0.0022377630,0.0069208490,0.0013892091,0.0440920107,0.0308749564,0.0261823051
1.2892119884,0.0029222628,0.0055454043,-0.0025523268,0.0387371927,0.0350633077,0.0208469294
1.2992190123,0.0035299321,0.0002243293,-0.0015903675,0.0195266120,0.0380460508,0.0123430565
1.3092069626,0.0061148517,-0.0073249317,-0.0054994784,-0.0146025969,0.0398016050,-0.0014555795
1.3192089796,0.0048108064,-0.0094173318,-0.0094625317,-0.0337460637,0.0321492776,-0.0045819972
1.3291759491,0.0083979331,-0.0048097339,-0.0124361478,-0.0369250812,0.0268352069,0.0018290302
1.3390300274,0.0111215524,-0.0031335300,-0.0163587295,-0.0240393728,0.0152304824,0.0082706837
1.3491740227,0.0089904629,0.0006083006,-0.0164270960,-0.0048291944,0.0112037826,0.0199696831
1.3591459990,0.0118434541,0.0046046032,-0.0144634210,0.0198587067,-0.0067429934,0.0243206248
1.3691979647,0.0128601305,0.0087655699,-0.0125123225,0.0284559242,-0.0141489785,0.0254250374
1.3791389465,0.0110260509,0.0090612806,-0.0076242052,0.0231188163,-0.0110535864,0.0169081129
1.3891839981,0.0032829305,0.0024331750,-0.0037449561,0.0049339538,-0.0027256152,0.0073052887
1.3992019892,0.0052377842,0.0024556003,-0.0037270747,-0.0185146462,-0.0050883717,0.0020242399
1.4089759588,0.0090929233,0.0052521471,-0.0027230943,-0.0185623169,0.0023564952,-0.0022735693
1.4189720154,0.0089869760,0.0051256008,-0.0076420270,-0.0058292113,0.0120650483,-0.0034078099
1.4289559126,0.0097734891,0.0129134906,-0.0106242858,0.0080786142,0.0079065226,-0.0023281644
1.4393099546,0.0115634762,0.0179025047,-0.0106422864,0.0166537277,0.0036960654,-0.0023060599
1.4493219852,0.0135458969,0.0082236724,-0.0105884634,0.0114344638,-0.0102477139,-0.0032743854
1.4593009949,0.0147346370,-0.0025270530,-0.0065980516,-0.0086678751,-0.0296943821,-0.0095093781
1.4691429138,0.0112310760,-0.0076266169,-0.0016559922,-0.0266186446,-0.0523051508,-0.0125373919
1.4791029692,0.0049235485,-0.0099735893,0.0042380728,-0.0393695980,-0.0588309616,-0.0146127939
1.4890729189,-0.0033962766,-0.0104116518,0.0052093901,-0.0224071238,-0.0458469875,-0.0115216626
1.4992839098,-0.0099705942,-0.0057421112,0.0032218136,0.0030349875,-0.0263646320,-0.0052878680
1.5090709925,-0.0118471868,0.0001684131,0.0022157466,0.0337952971,-0.0099313296,0.0137071274
1.5190719366,-0.0070781596,0.0073922398,0.0012314356,0.0571279153,0.0042366870,0.0242216885
1.5292040110,-0.0033799449,0.0099860616,-0.0007225835,0.0687568784,0.0171703286,0.0262544788
1.5392519236,0.0012688001,0.0077538951,-0.0016914570,0.0528097339,0.0106056370,0.0231216680
1.5491199493,0.0040420257,0.0052972739,0.0012597478,0.0198480561,0.0006044013,0.0083360653
1.5590389967,0.0060066544,-0.0004399496,0.0061876811,-0.0216453262,-0.0094820550,-0.0085672848
1.5691130161,0.0061988644,-0.0046453876,0.0072067417,-0.0492417999,-0.0236988086,-0.0212045163
1.5792269707,0.0046131723,-0.0051996256,0.0092006959,-0.0523153543,-0.0366074145,-0.0274906419
1.5890380144,0.0041010045,-0.0027581265,0.0102369227,-0.0330457874,-0.0449724048,-0.0232002884
1.5990459919,0.0016020944,0.0018281278,0.0092840232,-0.0011347244,-0.0360705219,-0.0115963640
1.6090279818,-0.0029650966,0.0018656228,0.0102599896,0.0296325088,-0.0196553301,0.0052739624
1.6192269325,-0.0048579909,0.0031760272,0.0102560557,0.0454576798,-0.0023138903,0.0189614110
1.6290109158,-0.0030061046,0.0076120570,0.0102452077,0.0560298935,0.0084921522,0.0231335182
1.6389869452,0.0006956269,0.0082026338,0.0082913674,0.0506055690,0.0212308504,0.0188093446
1.6490349770,0.0033644845,0.0037521510,0.0102458633,0.0196713544,0.0251214616,0.0018074587
1.6591079235,0.0040635876,-0.0010758715,0.0121853389,-0.0229871608,0.0257379841,-0.0130425934
1.6689819098,0.0077755265,-0.0053509525,0.0151450075,-0.0559118204,0.0104112253,-0.0256689079
1.6789789200,0.0096573941,-0.0079987571,0.0171032585,-0.0728918687,0.0006094615,-0.0319694132
1.6889749765,0.0067826621,-0.0068437583,0.0131726302,-0.0654038563,-0.0046039429,-0.0234417059
1.6991429329,0.0028765907,-0.0045166244,0.0121523179,-0.0356572829,0.0085432846,-0.0129242158
1.7090779543,0.0018350442,-0.0057668998,0.0092079081,-0.0058293445,0.0110205570,-0.0002124161
1.7189940214,0.0026196649,-0.0008315548,0.0062233843,0.0260859765,0.0188691597,0.0145912981
1.7289599180,0.0014720073,-0.0004794790,0.0042423047,0.0410052724,0.0190481246,0.0220164582
1.7389309406,-0.0036562423,-0.0020080113,0.0031935610,0.0355493873,0.0329096094,0.0219257772
1.7489550114,-0.0128493346,-0.0076108314,-0.0027869903,0.0161621068,0.0551771000,0.0186077431
1.7589390278,-0.0124576576,-0.0113902967,-0.0057977401,-0.0083809197,0.0560157299,0.0143718533
1.7690039873,-0.0013011883,-0.0055833911,-0.0038428269,-0.0305802319,0.0312254261,0.0102985483
1.7789069414,0.0100879334,-0.0028601061,-0.0008780920,-0.0400782600,0.0204097964,0.0040008379
1.7888609171,0.0128474943,-0.0032352582,-0.0018504822,-0.0442690104,0.0128504150,-0.0012591714
1.7990039587,0.0117388628,0.0002743406,-0.0028758014,-0.0282166768,0.0086846985,-0.0023029973
1.8089200258,0.0136867277,0.0069280178,-0.0048381053,-0.0099074431,-0.0114717018,-0.0011226842
1.8189139366,0.0119004659,0.0108157592,-0.0087621175,0.0093329633,-0.0134863835,-0.0043108878
1.8288919926,0.0063292347,0.0040875687,-0.0116766654,0.0124946684,-0.0081270384,-0.0054102405
1.8388609886,-0.0013288597,-0.0016484167,-0.0136457644,0.0059708557,0.0025908535,0.0030201292
1.8489539623,-0.0033429156,-0.0005887662,-0.0126914345,0.0059183915,0.0069110328,0.0083041070
1.8588910103,0.0013783535,0.0034682604,-0.0087876879,0.0048427409,0.0027423874,0.0221445560
1.8688960075,0.0079974793,0.0134742241,-0.0039041005,0.0165947378,0.0007138575,0.0242742859
1.8788329363,0.0108539872,0.0166466441,-0.0019574726,0.0188190099,-0.0068236873,0.0158227440
1.8888540268,0.0108467601,0.0167498849,-0.0019585455,0.0082233567,-0.0102482457,-0.0000835189
1.8988929987,0.0079554580,0.0156543180,0.0038961209,-0.0162138082,-0.0159623250,-0.0212774873
1.9088259935,0.0042604469,0.0093966117,0.0058745779,-0.0470761172,-0.0195799638,-0.0414179079
1.9188929796,0.0026461740,-0.0000370365,0.0059448518,-0.0672623515,-0.0283494871,-0.0487839468
1.9288109541,0.0000684818,-0.0076424070,0.0040503778,-0.0694024637,-0.0273063257,-0.0498516075
1.9388250113,-0.0025927613,-0.0064047691,-0.0008410179,-0.0491973236,-0.0238133240,-0.0339496061
1.9488840103,-0.0063606985,-0.0058574821,-0.0018281305,-0.0098555125,-0.0136991702,-0.0117324516
1.9587899446,-0.0092663355,-0.0078235790,-0.0037974082,0.0294683240,-0.0014467651,0.0104704546
1.9688969851,-0.0093908943,-0.0025433991,-0.0077496730,0.0656095520,0.0096841836,0.0294960793
1.9789350033,-0.0066951104,0.0010976358,-0.0067874156,0.0740431175,0.0194388088,0.0379272439
1.9894459248,-0.0030466060,-0.0001256725,0.0000605619,0.0580598861,0.0192425344,0.0294405483
2.0003769398,0.0026171168,-0.0015507207,0.0079091825,0.0187006313,0.0081270318,0.0146646667
2.0087969303,0.0085001253,-0.0034042373,0.0089504160,-0.0194789767,-0.0126842400,-0.0096087139
2.0188970566,0.0125322752,-0.0017771712,0.0109424628,-0.0503143854,-0.0174174756,-0.0350530855
2.0286509991,0.0089001916,-0.0063505596,0.0109636225,-0.0684076399,-0.0218780041,-0.0403234810
2.0386071205,0.0081622265,-0.0041307765,0.0080537237,-0.0609899387,-0.0154051911,-0.0403719544
2.0486168861,0.0054303072,-0.0037049672,0.0041434206,-0.0344043970,-0.0097102877,-0.0234291889
2.0585718155,0.0054915957,-0.0029218178,0.0061076321,0.0049215700,0.0025378566,-0.0012241509
2.0690739155,0.0035711636,-0.0076124431,0.0031742491,0.0304189399,0.0082788328,0.0220934227
2.0789189339,0.0023981889,-0.0031742253,0.0060518421,0.0580388531,0.0172057487,0.0411395505
2.0885579586,0.0001702567,-0.0053766067,0.0118730105,0.0622437149,0.0226367339,0.0474757440
2.0985999107,0.0007813533,0.0011511177,0.0166971721,0.0504994392,0.0235986672,0.0453518704
2.1085810661,-0.0034875015,0.0065034488,0.0146301426,0.0365908146,0.0340337306,0.0282956604
2.1187248230,-0.0038625041,0.0077732666,0.0116405524,0.0163437352,0.0369272530,0.0102313031
2.1287188530,-0.0013018886,0.0107613429,0.0086563267,-0.0059847413,0.0344353355,-0.0109847691
2.1387059689,0.0022987535,0.0105644064,0.0047309436,-0.0304470733,0.0287865046,-0.0247433241
2.1486949921,0.0050325058,0.0062533473,-0.0001437032,-0.0506277084,0.0189567786,-0.0310398359
2.1586728096,0.0049257986,0.0008061447,-0.0030694567,-0.0527242832,0.0136123458,-0.0288777500
2.1687409878,0.0029099246,-0.0006671213,-0.0050507151,-0.0409104973,0.0020105506,-0.0213740263
2.1788358688,-0.0009416679,-0.0049678446,-0.0128824674,-0.0217186958,0.0022145486,-0.0150149316
2.1887121201,-0.0037943462,-0.0110811535,-0.0148336254,-0.0174539089,-0.0008771150,-0.0054363394
2.1985559464,-0.0037289748,-0.0152337514,-0.0157924853,-0.0260452703,-0.0008068075,0.0105048101
2.2087609768,-0.0008317719,-0.0145488102,-0.0148042403,-0.0346313007,0.0002954749,0.0221899617
2.2186620235,0.0019863953,-0.0070375418,-0.0079700910,-0.0356683359,-0.0060676159,0.0286047161
2.2287530899,0.0077427290,0.0035135751,-0.0011297428,-0.0206987076,-0.0070660352,0.0232887808
2.2386739254,0.0106328242,0.0141804628,-0.0001760089,-0.0067701070,-0.0060487073,0.0052141743
2.2486619949,0.0086739622,0.0209669136,-0.0002309048,-0.0013883905,-0.0040329611,-0.0139256986
2.2586488724,0.0057827495,0.0159955863,0.0017384327,-0.0195535459,0.0042428123,-0.0299036000
2.2686657906,0.0068165474,0.0059640668,0.0047121681,-0.0397727974,-0.0013029545,-0.0351654701
2.2789111137,0.0098069571,0.0045727184,0.0027948059,-0.0472224578,-0.0045562722,-0.0340775698
2.2886748314,0.0099102668,0.0002799359,0.0008664167,-0.0344150513,-0.0075909444,-0.0255677067
2.2986309528,0.0071236007,-0.0009291978,-0.0020620190,-0.0034563355,-0.0136371190,-0.0106766410
2.3086810112,0.0062420778,0.0001161499,-0.0059707724,0.0263662748,-0.0101001747,0.0009658998
2.3186290264,0.0024180075,-0.0015368550,-0.0059764348,0.0476862118,-0.0109068453,0.0126438607
2.3287129402,-0.0004498104,-0.0030752849,-0.0020740591,0.0498140790,-0.0108722243,0.0147669334
2.3385989666,-0.0003764371,-0.0095249778,0.0028497018,0.0337614715,-0.0046121986,0.0115510328
2.3486390114,-0.0003408233,-0.0171124339,0.0058243312,0.0092041995,-0.0026917928,0.0083685555
2.3586931229,0.0014960130,-0.0151275024,0.0106962360,-0.0047548926,0.0047376272,0.0147038158
2.3688659668,0.0051977597,-0.0024365534,0.0116270818,0.0027027577,0.0069238166,0.0136220399
2.3785989285,0.0040061437,0.0094125485,0.0086154379,0.0229040328,0.0187911279,0.0082191518
2.3885829449,0.0018688848,0.0047538243,0.0017400420,0.0282055866,0.0251994934,0.0028619373
2.3986268044,0.0007247140,-0.0018877839,-0.0002197587,0.0111807976,0.0217898488,-0.0056037190
2.4086098671,0.0025704463,-0.0097423457,-0.0001827442,-0.0271295737,0.0086407568,-0.0086788712
2.4186229706,0.0035787930,-0.0169069767,0.0008209980,-0.0473099425,-0.0053727971,-0.0043246029
2.4285531044,0.0017761698,-0.0241696276,-0.0011067950,-0.0515672751,-0.0064836014,-0.0053768177
2.4384729862,-0.0011031667,-0.0255824197,-0.0030714236,-0.0420114510,-0.0073206332,0.0137477405
2.4487957954,0.0056914799,-0.0149736516,-0.0030643903,-0.0057525123,-0.0100921849,0.0318010449
2.4585680962,0.0105918311,0.0027733813,-0.0040619932,0.0337585434,-0.0181988478,0.0477609672
2.4685339928,0.0056897365,0.0140611362,-0.0041422807,0.0687543452,0.0077683050,0.0528800972
2.4785339832,-0.0032496790,0.0147977388,-0.0032651387,0.0707752854,0.0269055143,0.0389428437
2.4885299206,-0.0054524727,0.0105577540,-0.0003597104,0.0399217643,0.0222191494,0.0188093446
2.4986069202,0.0051581971,0.0050680176,0.0065783300,-0.0078936936,0.0024560974,0.0009105059
2.5085179806,0.0100614689,-0.0019478882,0.0125142969,-0.0569102392,-0.0023253420,-0.0138977347
2.5188310146,0.0081386529,-0.0025403129,0.0105491914,-0.0729105100,-0.0014299871,-0.0192022193
2.5285058022,0.0032519063,-0.0022594980,0.0056132115,-0.0601454452,0.0019205358,-0.0139209041
2.5385150909,0.0070774071,0.0051594027,0.0046168603,-0.0163925067,-0.0029442606,0.0020137203
2.5485069752,0.0070740692,0.0120055331,0.0006843841,0.0316357389,-0.0077896155,0.0168850794
2.5585098267,0.0012713035,0.0143863317,-0.0013215506,0.0688480884,0.0064764055,0.0263270494
2.5684919357,-0.0075508393,0.0091488967,-0.0023564659,0.0698659495,0.0149801448,0.0198968481
2.5785109997,-0.0086049475,-0.0010463481,-0.0042888485,0.0368107930,0.0114983283,0.0178185161
2.5884718895,-0.0009407739,-0.0036702552,0.0006499327,-0.0036767116,0.0047179200,0.0115164118
2.5984568596,0.0028712859,-0.0018393132,0.0036022700,-0.0281442367,-0.0009162635,-0.0001157431
2.6085028648,0.0018975248,-0.0002396477,0.0006546414,-0.0345683135,0.0043144515,-0.0075819148
2.6184599400,-0.0001557360,0.0033123400,-0.0023348893,-0.0206884537,0.0054569473,-0.0118498970
2.6284539700,0.0026746800,0.0070432005,-0.0013520085,-0.0078235194,-0.0008653970,-0.0128802732
2.6385109425,0.0075951777,0.0089536700,0.0025975145,0.0018723840,-0.0146176945,-0.0042959740
2.6484229565,0.0087152384,0.0080282148,0.0065438785,0.0103644058,-0.0112911407,0.0020508715
2.6584978104,0.0030800363,0.0022310219,0.0016516483,0.0146017615,-0.0069912001,0.0009571114
2.6684539318,-0.0017027298,0.0013473053,-0.0012973511,0.0092631886,-0.0080740415,0.0041550351
2.6785011292,-0.0046035983,-0.0015511937,-0.0003338420,-0.0036459528,0.0046372260,0.0019549977
2.6884131432,-0.0085474588,-0.0084992331,-0.0013260209,-0.0154522778,0.0120365536,0.0029776513
2.6984457970,-0.0057921447,-0.0076666852,0.0025877988,-0.0165636167,0.0163271725,0.0061393566
2.7084131241,-0.0020866434,0.0000103528,0.0025502478,-0.0058228197,0.0078689717,0.0072490955
2.7184190750,0.0016782840,0.0049108113,0.0025505458,0.0080493195,0.0069416598,0.0114960391
2.7283711433,0.0025276353,0.0079560550,0.0025205053,0.0176713206,0.0080213044,0.0040455787
2.7384691238,0.0005033275,0.0061547616,0.0034840144,0.0112748072,0.0089965547,-0.0012688919
2.7483978271,0.0033913066,0.0022908957,0.0035185255,-0.0046767294,0.0045344280,-0.0086655561
2.7584450245,0.0053659789,0.0001986401,0.0025730168,-0.0216960572,-0.0009799130,-0.0128662921
2.7683610916,0.0074111633,-0.0049046748,0.0006569064,-0.0291923247,0.0011178589,-0.0107498784
2.7784218788,0.0074275695,-0.0041853706,-0.0003179276,-0.0227915514,-0.0009149319,-0.0043672137
2.7884099483,0.0084266625,0.0005437282,-0.0022785033,-0.0045787245,-0.0114075206,0.0020624560
2.7984280586,0.0103927664,0.0084542129,0.0016138590,0.0167352203,-0.0090615414,0.0073452359
2.8082718849,0.0036830863,0.0037386434,0.0015942490,0.0273897275,-0.0057909135,0.0051918039
2.8184139729,-0.0021288882,0.0000411393,0.0054757632,0.0241153724,0.0027378600,0.0051369425
2.8283400536,-0.0061384924,0.0002316222,0.0034742989,0.0229441132,0.0165958852,0.0018607220
2.8384828568,-0.0063266195,0.0004024607,-0.0004633033,0.0143751260,0.0197450723,0.0029086755
2.8483359814,-0.0026830623,0.0044784448,-0.0014606082,0.0100565441,0.0240231752,0.0071335146
2.8589191437,0.0009717604,0.0056314790,-0.0004902446,0.0154533070,0.0176337175,0.0050465278
2.8685650826,0.0076238476,0.0068035568,-0.0014471972,0.0134271737,0.0068756128,-0.0012566415
2.8783950806,0.0094949715,0.0098686107,0.0014770067,0.0156762134,-0.0049096737,-0.0064934813
2.8883459568,0.0085986219,0.0080405353,0.0014850533,0.0189164821,-0.0049845083,-0.0181815624
2.8982849121,0.0028485020,0.0012299819,0.0005009806,0.0050491351,-0.0051136715,-0.0202939827
2.9083399773,0.0029622873,-0.0007564771,-0.0004448855,-0.0045379782,-0.0083760433,-0.0181413498
2.9183168411,0.0031061729,-0.0037819222,-0.0004120433,-0.0109519344,-0.0084021427,-0.0160145499
2.9283509254,-0.0007012377,-0.0039455360,-0.0014062488,-0.0078301784,-0.0018925783,-0.0075598112
2.9382610321,-0.0065748431,-0.0030606727,-0.0014696681,0.0059619336,0.0057536233,-0.0012463883
2.9482707977,-0.0076712705,-0.0000583954,-0.0014986956,0.0187744014,0.0037514591,0.0030072124
2.9583530426,-0.0018737505,0.0031078823,0.0024358665,0.0177915618,-0.0058883848,0.0020099920
2.9683370590,0.0020678600,-0.0026081339,0.0064064898,0.0039274120,-0.0049813124,-0.0043605557
2.9783999920,0.0001687815,-0.0085449442,0.0054463185,-0.0131979119,0.0033770185,-0.0107746460
2.9882431030,0.0030301770,-0.0077361581,0.0064446963,-0.0238859784,0.0054228590,-0.0118428394
2.9982700348,0.0048679821,-0.0060237753,0.0074049272,-0.0271695219,0.0139763998,-0.0087094977
3.0082950592,0.0066671632,-0.0013808724,0.0034635104,-0.0164953042,0.0119667780,-0.0033919639
3.0182349682,0.0094857030,0.0034452644,0.0024740733,-0.0004869103,0.0110509172,-0.0002109513
3.0282750130,0.0084716938,-0.0014054233,0.0024763381,0.0059155952,0.0121510681,-0.0023473392
3.0382380486,0.0045282654,-0.0062636291,0.0024657880,0.0049302257,0.0025162851,-0.0033470895
3.0482609272,0.0045425110,-0.0072199167,0.0014891064,-0.0024853460,-0.0039629196,-0.0043622865
3.0582208633,0.0066143982,-0.0101717561,0.0015333927,-0.0088392505,-0.0114629138,-0.0000568873
3.0682721138,0.0008162369,-0.0112287086,0.0034502782,-0.0057193572,-0.0039027324,0.0062662563
3.0782079697,-0.0060798712,-0.0083104577,0.0033822693,0.0059183915,0.0069152941,0.0104357013
3.0882711411,-0.0052648075,0.0015728581,0.0023444330,0.0165417418,0.0102674151,0.0178432819
3.0981960297,-0.0006089846,0.0086748060,0.0023188626,0.0260939673,0.0167572722,0.0177929513
3.1081669331,0.0001972129,0.0050595426,0.0032972135,0.0207724385,0.0177213363,0.0103536751
3.1182370186,-0.0000237564,0.0022984357,0.0042520203,0.0046958677,0.0282275062,0.0039238725
3.1281869411,0.0016845872,0.0013037110,-0.0006591046,-0.0101706972,0.0216361824,-0.0034597414
3.1382479668,0.0073249005,0.0022343765,-0.0016248190,-0.0133442525,0.0183985792,-0.0045001050
3.1481280327,0.0091076009,0.0041040988,-0.0045793019,-0.0079651996,0.0141468421,-0.0066010728
3.1581320763,0.0071578436,0.0030152670,-0.0084924661,-0.0121133402,-0.0008451571,-0.0065025361
3.1682000160,0.0062843524,0.0028008097,-0.0114238225,-0.0215864684,-0.0159087945,-0.0095854113
3.1781299114,0.0026304533,-0.0102254059,-0.0074599944,-0.0386103280,-0.0214119516,-0.0127248792
3.1881949902,-0.0010670314,-0.0136107653,-0.0035395585,-0.0440261327,-0.0139268702,-0.0074576791
3.1981678009,-0.0010237137,-0.0091083590,0.0003666318,-0.0312786475,-0.0094836522,0.0010053143
3.2081089020,0.0028796156,0.0024669874,-0.0035589896,0.0006894078,-0.0080495402,0.0147847757
3.2181200981,0.0047966056,0.0114581585,-0.0055379830,0.0358728282,-0.0045339013,0.0189865790
3.2281198502,0.0017680486,0.0177645050,-0.0036376081,0.0485864915,0.0083627226,0.0157068968
3.2381069660,-0.0022773633,0.0152528444,-0.0027148090,0.0378884412,0.0167098679,0.0018503352
3.2481708527,-0.0023600946,0.0027543963,0.0022195016,-0.0057541104,0.0066441842,-0.0108026089
3.2580938339,0.0034893712,-0.0013690933,0.0032525100,-0.0483472459,-0.0023197494,-0.0202750750
3.2681369781,0.0084658377,-0.0048283101,0.0033242740,-0.0695795640,-0.0132445684,-0.0286885332
3.2780799866,0.0095842145,-0.0016073382,0.0023573672,-0.0599086918,-0.0217059646,-0.0275805239
3.2881040573,0.0048569255,0.0027056448,-0.0006083810,-0.0333045125,-0.0129225925,-0.0244688857
3.2982389927,0.0050139092,0.0014758878,-0.0015637242,-0.0055561056,-0.0147876041,-0.0170366690
3.3080639839,0.0041888021,-0.0005015969,-0.0005657637,0.0146932397,-0.0145492516,-0.0074908352
3.3180699348,0.0053031109,-0.0042495960,0.0053488053,0.0178484209,-0.0133558884,0.0041853953
3.3280777931,0.0014980843,-0.0070221755,0.0102330483,0.0124291535,-0.0058617536,0.0105149308
3.3380689621,-0.0033867101,-0.0127779040,0.0092318691,0.0079698237,0.0155162392,0.0146288490
3.3480379581,-0.0055655129,-0.0077729290,0.0072156228,0.0132647203,0.0198505335,0.0167218260
3.3580398560,0.0000072231,-0.0007089037,0.0062195100,0.0196856037,0.0188095048,0.0135342879
3.3680601120,0.0046422295,0.0044549997,0.0091357268,0.0240057819,0.0155729651,0.0061155213
3.3779978752,0.0064186417,0.0026785778,0.0101001300,0.0090763681,0.0154206324,0.0018776329
3.3880419731,0.0043801181,-0.0012639861,0.0120500363,-0.0132286716,0.0055472283,-0.0076042861
3.3980951309,0.0063105486,-0.0043378924,0.0110973157,-0.0217087083,-0.0009482214,-0.0096815517
3.4080049992,0.0044228695,-0.0095242402,0.0091438927,-0.0345174484,-0.0010472911,-0.0096719638
3.4180488586,0.0005803665,-0.0108874403,0.0042343773,-0.0388027392,0.0000065218,-0.0075510228
3.4280109406,-0.0043331422,-0.0102494676,0.0022269522,-0.0229055323,0.0098394454,0.0029980249
3.4380860329,-0.0083586611,-0.0113652050,-0.0007574522,0.0004567802,0.0218415130,0.0114069562
3.4480609894,-0.0086223669,-0.0112358071,-0.0037308894,0.0206517968,0.0274506640,0.0241051745
3.4579730034,-0.0079796351,-0.0060089440,-0.0057460032,0.0409063362,0.0266296118,0.0347201340
3.4679861069,-0.0043595619,-0.0044927476,-0.0067357384,0.0462084189,0.0288536176,0.0400139652
3.4780278206,-0.0026961605,-0.0049917195,-0.0057886206,0.0313269421,0.0243922882,0.0315533690
3.4881649017,0.0009653082,-0.0027099792,-0.0038383568,0.0132531356,0.0167436898,0.0284284167
3.4979939461,0.0066795163,-0.0006385637,-0.0008939469,-0.0143456012,0.0035762228,0.0125933932
3.5079989433,0.0086292587,-0.0018206304,0.0030440129,-0.0388099328,-0.0041581294,0.0052238945
3.5180490017,0.0066639893,0.0007236176,0.0039918460,-0.0399556234,0.0085890917,-0.0022918121
3.5280160904,0.0036659052,0.0042810352,-0.0029043518,-0.0229457468,0.0162203778,-0.0002283950
3.5379970074,0.0074233823,0.0139901266,-0.0058636628,0.0048408769,0.0090253167,0.0082985144
3.5479519367,0.0112661980,0.0191047527,-0.0078212582,0.0305129513,0.0017604799,0.0104524791
3.5579409599,0.0083689354,0.0175223332,-0.0097879730,0.0380081497,-0.0013799198,0.0115305260
3.5679798126,0.0025770625,0.0090582035,-0.0078327022,0.0263032913,-0.0026118981,0.0030475594
3.5779371262,-0.0002144614,-0.0025687241,-0.0058413111,-0.0098957252,-0.0115015302,-0.0043083578
3.5879089832,-0.0000962952,-0.0115902117,0.0020326411,-0.0440329239,-0.0149537856,-0.0021373488
3.5979900360,-0.0009710679,-0.0091595305,0.0020344888,-0.0494210310,-0.0106796790,0.0020861581
3.6079249382,-0.0019328634,-0.0046630767,0.0020123159,-0.0217438638,-0.0050399024,0.0115917791
3.6179249287,-0.0001181999,0.0138727548,-0.0009962880,0.0219410323,0.0028260103,0.0178885572
3.6278779507,-0.0003171453,0.0230449364,-0.0020392502,0.0613046847,0.0181117561,0.0198867265
3.6378788948,0.0023982634,0.0217369217,-0.0000880325,0.0655413717,0.0224130265,0.0187923014
3.6479210854,0.0041334592,0.0213995911,0.0038176812,0.0528338365,0.0157748312,0.0039707441
3.6578960419,0.0050978623,0.0080624279,0.0048545636,0.0070564933,0.0098759308,-0.0193311162
3.6679401398,0.0021665504,0.0000624719,0.0038651265,-0.0355868414,0.0052255183,-0.0245831367
3.6779079437,0.0022376885,-0.0043696365,-0.0029551350,-0.0589335784,-0.0089078769,-0.0319144204
3.6879169941,0.0033573767,-0.0049721743,-0.0038952196,-0.0535156429,-0.0195357539,-0.0297245011
3.6979019642,0.0015864631,-0.0045139263,-0.0029064380,-0.0354081430,-0.0182486493,-0.0201822631
3.7078728676,-0.0011741559,-0.0048747505,-0.0029110871,-0.0130642215,-0.0147513859,-0.0064094588
3.7178931236,-0.0010545144,-0.0029790155,-0.0029048885,0.0146381138,-0.0133601502,0.0063112639
3.7278590202,-0.0018941651,-0.0047337594,-0.0018928611,0.0284727030,-0.0131441671,0.0190488957
3.7378540039,-0.0038064311,-0.0024487979,0.0010190642,0.0369198509,-0.0034252275,0.0232304595
3.7480278015,-0.0048151202,-0.0049845898,0.0029659306,0.0314790122,0.0103997746,0.0199574344
3.7578020096,-0.0039820261,-0.0036861841,0.0010060704,0.0239605084,0.0177828558,0.0146003524
3.7678418159,-0.0003387073,0.0034442893,0.0029299892,0.0239724927,0.0187972542,0.0082194181
3.7778668404,0.0043362342,0.0086070560,0.0009642876,0.0219024178,0.0144296708,-0.0002481022
3.7880449295,0.0071677528,0.0087765250,0.0038962401,0.0060385000,0.0013724571,-0.0129010463
3.7978248596,0.0101505630,0.0038563495,0.0029689111,-0.0152445519,-0.0041908864,-0.0192243233
3.8077950478,0.0112929605,-0.0022901227,0.0049887933,-0.0407041050,-0.0215339251,-0.0244060364
3.8178570271,0.0096327029,-0.0086266957,0.0089509524,-0.0513278544,-0.0280237813,-0.0243590306
3.8279550076,0.0050738119,-0.0130867120,0.0040780939,-0.0396283194,-0.0257321317,-0.0169453230
3.8377909660,0.0014430245,-0.0095018838,-0.0017864072,-0.0098087741,-0.0221869312,-0.0042400477
3.8477959633,-0.0033085982,-0.0055676331,-0.0028003417,0.0231196154,-0.0089614065,0.0126494542
3.8577740192,-0.0072789080,-0.0023429431,-0.0008971059,0.0421383157,0.0084285028,0.0295232441
3.8680148125,-0.0094568469,0.0030820775,0.0029389299,0.0591202267,0.0182244070,0.0347598158
3.8778150082,-0.0037953148,-0.0001563742,0.0059124269,0.0527171865,0.0192169677,0.0315704159
3.8878021240,0.0008763929,-0.0025566563,0.0088702478,0.0282472670,0.0146344658,0.0178061333
3.8977599144,0.0046435408,-0.0033834002,0.0108342208,-0.0132430522,0.0034949966,0.0030355752
3.9079170227,0.0065669976,-0.0016938194,0.0128022470,-0.0409114324,-0.0032135062,-0.0064631216
3.9177520275,0.0066188537,-0.0011393274,0.0088857450,-0.0419535264,-0.0032872758,-0.0138976015
3.9277470112,0.0036964824,0.0033589245,0.0039574541,-0.0217326768,0.0033000531,-0.0118296575
3.9377698898,0.0026407500,0.0100784777,0.0009763873,0.0059743179,0.0057224641,-0.0044313958
3.9478268623,0.0036101749,0.0112476135,-0.0009798371,0.0305004325,0.0038835516,0.0083120959
3.9577240944,0.0036203673,0.0077570039,-0.0019433462,0.0454202592,0.0040614512,0.0157377869
3.9675941467,-0.0022653679,0.0003888392,0.0009756720,0.0432154313,0.0105025722,0.0210095160
3.9775948524,-0.0062888600,-0.0031554936,0.0028904118,0.0207769647,0.0156185050,0.0146176619
3.9879651070,-0.0035280029,-0.0049351151,0.0077791847,0.0005318820,0.0111862049,0.0146608064
3.9978070259,0.0031567176,-0.0000329430,0.0068162121,-0.0036571380,0.0036233608,0.0094025284
4.0076661110,0.0070013665,0.0077672969,0.0019308365,0.0038652266,0.0004115887,0.0019813627
4.0177202225,0.0030156483,0.0165622681,-0.0010830128,0.0123520559,0.0100256000,-0.0065869582
4.0277209282,-0.0010168741,0.0165674128,-0.0021103586,0.0059753833,0.0099036274,-0.0150808441
4.0377178192,0.0028651317,0.0106898500,0.0038036145,-0.0141702332,-0.0031538513,-0.0234795213
4.0476760864,0.0049103163,0.0026522416,0.0107125677,-0.0343948118,-0.0076399460,-0.0298106540
4.0576210022,0.0021158715,-0.0046534496,0.0097471513,-0.0482983738,-0.0045389617,-0.0298221055
4.0677452087,0.0001942476,-0.0080912048,0.0058375038,-0.0430753827,0.0073035834,-0.0245905928
4.0777211189,0.0020695438,-0.0055211955,0.0009412206,-0.0239239261,0.0097054876,-0.0108075365
4.0877051353,0.0028897931,0.0001732404,-0.0030186735,0.0005459962,0.0142879887,0.0029567457
4.0976901054,0.0007548293,0.0011928766,-0.0030606354,0.0164859481,0.0198244341,0.0103436885
4.1075906754,-0.0033106247,-0.0064902152,-0.0011274182,0.0164316185,0.0251952317,0.0134960730
4.1177020073,-0.0025975446,-0.0063078729,-0.0001905524,0.0185893122,0.0220167488,0.0156433806
4.1276969910,0.0030492654,-0.0021558548,-0.0021445716,0.0229094923,0.0187802091,0.0082246112
4.1376628876,0.0048147999,0.0020149767,-0.0031460486,0.0208438113,0.0133526875,-0.0002403792
4.1476507187,0.0076484196,0.0031451895,-0.0060757361,0.0038688229,0.0035386723,-0.0076016225
4.1575632095,0.0076636635,-0.0056461236,-0.0031053387,-0.0142405406,0.0012126676,-0.0128844026
4.1676831245,0.0106607191,-0.0107666925,-0.0011010730,-0.0333641656,-0.0085816402,-0.0159947071
4.1775660515,0.0107464604,-0.0072119269,-0.0001192653,-0.0322505645,-0.0160153210,-0.0116991624
4.1875982285,0.0070186965,-0.0075008916,0.0018315351,-0.0237532184,-0.0137484381,-0.0042830575
4.1976137161,-0.0015802870,-0.0126261190,0.0018061436,-0.0142083159,-0.0082844310,0.0009864059
4.2076821327,-0.0074138679,-0.0137015078,0.0007853544,-0.0015676208,0.0068945219,0.0146902334
4.2176289558,-0.0094676651,-0.0175532755,-0.0021678174,0.0099934274,0.0231429990,0.0294502731
4.2275676727,-0.0097892173,-0.0114685008,-0.0002893173,0.0205784272,0.0286869016,0.0432180129
4.2376370430,-0.0033398906,0.0006327936,-0.0052215420,0.0375925638,0.0321242474,0.0548704118
4.2476282120,0.0001570990,0.0041696564,-0.0023345316,0.0503975749,0.0343245491,0.0505976342
4.2577018738,0.0036795845,0.0097001381,0.0005586779,0.0505078323,0.0246223863,0.0400331430
4.2676010132,0.0082913749,0.0200310219,0.0024677550,0.0379001573,0.0083113229,0.0188998915
4.2775897980,0.0102638863,0.0163852777,0.0034756698,0.0028701378,-0.0060609584,-0.0043515009
4.2876091003,0.0084837340,0.0074366448,0.0035218634,-0.0344279669,-0.0075544589,-0.0202516392
4.2976088524,0.0047513954,0.0001136470,0.0006077326,-0.0578648485,-0.0099470429,-0.0287183598
4.3076758385,0.0009817292,-0.0034487131,0.0006089247,-0.0589793809,-0.0066947900,-0.0223643240
4.3176789284,0.0010201891,0.0009375160,0.0015830434,-0.0280542243,-0.0095161432,-0.0053696274
4.3276062012,0.0010415574,0.0086523183,0.0005739367,0.0113802683,-0.0069645690,0.0073349830
4.3375806808,-0.0008704255,0.0118652359,-0.0023788773,0.0486570634,-0.0022771389,0.0221536085
4.3475317955,-0.0057779886,0.0104460120,-0.0024174417,0.0613622069,0.0095960321,0.0241925251
4.3576498032,-0.0058695711,0.0060974895,0.0015025175,0.0411079377,0.0083227744,0.0178372916
4.3675308228,-0.0040571280,0.0014456776,0.0054164566,-0.0047996333,0.0153130405,0.0018881522
4.3774948120,-0.0022307376,-0.0026752451,0.0044597425,-0.0410323404,0.0138339205,-0.0129489833
4.3879032135,0.0025266816,-0.0002676913,0.0044563450,-0.0601439849,0.0050540110,-0.0224402249
4.3974590302,0.0063203536,0.0060370509,0.0044468679,-0.0441385172,0.0051930277,-0.0203260724
4.4079236984,0.0072159134,0.0135147776,-0.0014519655,-0.0057349354,0.0065951822,-0.0161124188
4.4175491333,0.0061737858,0.0194543935,-0.0034410916,0.0327342935,0.0005037340,-0.0139777632
4.4274768829,0.0052522831,0.0168854818,-0.0014806950,0.0477007255,-0.0025778096,-0.0129058408
4.4372849464,0.0034321656,0.0055329748,0.0015046633,0.0306575596,-0.0048910314,-0.0171248205
4.4474139214,-0.0003247747,-0.0099783689,0.0035106575,-0.0035166563,-0.0030177638,-0.0171131026
4.4574170113,-0.0021878819,-0.0179791767,0.0025513805,-0.0248942487,-0.0010148004,-0.0139256977
4.4674530029,-0.0012389759,-0.0183098726,0.0025640165,-0.0334717557,0.0011109348,-0.0075591449
4.4774179459,-0.0003400335,-0.0068862666,0.0005642808,-0.0142981969,0.0013620708,0.0041106935
4.4874529839,-0.0014252553,-0.0030318156,-0.0004581773,0.0101711936,0.0101289302,0.0072239283
4.4974422455,-0.0044987090,0.0029515161,-0.0024905168,0.0304676741,0.0081536639,0.0082867965
4.5074691772,0.0003061106,-0.0006004057,0.0004880464,0.0305185430,0.0027919221,0.0061967471
4.5173940659,0.0042035691,-0.0062077758,0.0015195048,0.0113144880,0.0026209473,0.0040885890
4.5273637772,0.0081103258,-0.0080607366,-0.0003926122,-0.0025547221,0.0024955121,0.0019743058
4.5373287201,0.0090571903,-0.0070736376,-0.0013715589,-0.0036110645,0.0003649833,0.0030482255
4.5474061966,0.0080565028,-0.0002281683,-0.0063015185,0.0059901639,0.0014989573,0.0019717754
4.5573701859,0.0080020092,0.0028237076,-0.0053439699,0.0134616625,0.0015572807,0.0019659165
4.5673670769,0.0080463700,-0.0009738114,-0.0023788773,0.0017922232,-0.0060417834,-0.0011638303
4.5773568153,0.0033131351,-0.0078592449,0.0015316046,-0.0130664855,-0.0168363750,-0.0000206684
4.5873961449,0.0025331040,-0.0138957249,0.0064718165,-0.0258786846,-0.0169263892,0.0010512539
4.5973777771,0.0007551571,-0.0131906914,0.0035399236,-0.0237561464,-0.0179237425,0.0074303243
4.6073341370,-0.0001392702,-0.0065134396,0.0005978978,-0.0078205895,-0.0102826003,0.0116192102
4.6174860001,-0.0011326114,-0.0006156918,-0.0023751820,0.0123415357,0.0016885744,0.0189667381
4.6273880005,0.0007458737,0.0035088710,-0.0014055335,0.0240618419,0.0039258958,0.0200064369
4.6373338699,0.0016102751,0.0057283393,0.0015112198,0.0197531134,0.0081757680,0.0199779402
4.6473298073,0.0025323143,-0.0009087599,0.0005642212,0.0069704731,0.0069626989,0.0146827772
4.6575670242,0.0044618510,-0.0017978628,0.0025287902,-0.0036198534,-0.0017026949,0.0115620848
4.6673121452,0.0054850243,-0.0018118628,0.0015751160,-0.0141992606,-0.0103984484,0.0041891234
4.6773037910,0.0036389490,-0.0048795999,0.0015722549,-0.0174543094,-0.0050574788,0.0062795719
4.6873006821,0.0017098149,-0.0011073963,-0.0013816917,-0.0057688914,-0.0006374305,0.0126170972
4.6973590851,0.0007438918,0.0047482359,-0.0043503605,0.0070928452,-0.0069491221,0.0137151182
4.7073388100,0.0017925908,0.0068595093,-0.0053149424,0.0188099556,-0.0067949248,0.0211426727
4.7173290253,-0.0020746926,0.0050828992,-0.0043495856,0.0176995490,0.0006281037,0.0147187300
4.7273030281,-0.0040445365,0.0042005493,-0.0033909045,0.0027453676,0.0026318659,0.0125913974
4.7372941971,-0.0030976722,0.0061873887,0.0005154646,-0.0078291120,-0.0060758716,0.0041575651
4.7472939491,0.0008168777,0.0090273209,0.0044481792,-0.0184330195,-0.0126160625,-0.0011045749
4.7572717667,0.0058116727,0.0098191435,0.0045145191,-0.0215707570,-0.0169935003,-0.0106373597
4.7672820091,0.0070044361,0.0076422472,0.0026066338,-0.0214972533,-0.0234601889,-0.0169698242
4.7773857117,0.0052215867,0.0093716867,0.0035825409,-0.0151942177,-0.0137348566,-0.0106643904
4.7872719765,-0.0015249441,0.0101902969,0.0015803016,0.0017717164,-0.0007599359,-0.0086355954
4.7972927094,-0.0044818409,0.0092870165,0.0054695047,0.0156157594,0.0025692817,-0.0065408857
4.8072948456,-0.0015685002,0.0094841179,0.0074532069,0.0209985413,-0.0037836889,-0.0043786652
4.8172130585,0.0014213135,0.0048258929,0.0075040497,0.0177632011,0.0015072132,-0.0075974949
4.8272719383,-0.0024839828,0.0009793588,0.0055285133,0.0123979952,0.0057227309,-0.0097458670
4.8372831345,-0.0015917311,-0.0019124767,0.0055251159,-0.0036604665,0.0109518478,-0.0087063015
4.8470878601,0.0002458503,-0.0001130936,0.0084584989,-0.0227787681,0.0000978683,-0.0107473489
4.8572378159,0.0032492687,-0.0052907667,0.0075317658,-0.0333961248,-0.0053621447,-0.0149552757
4.8672280312,0.0032746156,-0.0066115600,0.0104826130,-0.0291475840,-0.0031826135,-0.0139099853
4.8772401810,0.0013050248,-0.0039204652,0.0065274872,-0.0036354335,0.0087952195,-0.0108165909
4.8872380257,0.0021908393,0.0029047243,0.0016019380,0.0177231189,0.0068409918,-0.0086940508
4.8972210884,0.0040663294,0.0011663814,0.0016201771,0.0230274703,0.0090583405,-0.0044637532
4.9071989059,0.0050155781,-0.0064442824,-0.0003036821,0.0176364332,0.0122956792,0.0040181484
4.9172182083,0.0039695613,-0.0131770065,0.0026403700,0.0027284566,0.0068596341,0.0072529572
4.9272699356,0.0039098971,-0.0121643534,0.0016541517,0.0027391091,0.0047402903,0.0093914755
4.9372129440,0.0028910001,-0.0121549433,0.0006529725,-0.0015561692,0.0058183381,0.0136340242
4.9471712112,0.0017892530,-0.0052355803,0.0035290159,0.0112650869,0.0027474475,0.0178945493
4.9572339058,-0.0021983723,-0.0002084758,-0.0004360044,0.0240033865,0.0124434838,0.0156997051
4.9672060013,-0.0042906292,0.0019365088,-0.0034186803,0.0175864995,0.0155639099,0.0114343865
4.9771957397,-0.0034685323,0.0001180260,0.0004776156,0.0026734630,0.0153681682,0.0018838912
4.9872941971,-0.0016859809,-0.0028103988,0.0004776752,-0.0133622279,0.0194920711,-0.0013188263
4.9972009659,-0.0008649866,-0.0059163822,-0.0053997003,-0.0229514726,0.0183277391,-0.0034277835
5.0072898865,0.0038650145,-0.0031458361,-0.0083216988,-0.0165098198,0.0109595703,0.0040522371
5.0171680450,0.0086576454,-0.0002839056,-0.0073245130,-0.0089869210,0.0025165509,0.0094118491
5.0270948410,0.0096446685,0.0026206197,-0.0073330961,-0.0014168862,-0.0081400881,0.0062884940
5.0371608734,0.0068194084,-0.0002889718,-0.0043887459,0.0028686728,-0.0112860799,0.0094930753
5.0472030640,0.0059761219,-0.0012338647,-0.0033902489,0.0007653078,-0.0134762637,0.0052591814
5.0571799278,0.0031792184,-0.0002628393,-0.0024223886,0.0007776916,-0.0145543106,0.0042039044
5.0671720505,0.0022815575,-0.0012005002,0.0005227959,-0.0014553685,-0.0038563933,0.0073232651
5.0770721436,-0.0006340633,-0.0002384823,-0.0014610254,-0.0004699994,0.0047336323,0.0115185417
5.0871276855,-0.0007718394,0.0066799084,0.0004338658,0.0101461587,0.0101960422,0.0157252718
5.0971260071,0.0010446270,0.0088048950,-0.0015237295,0.0197693594,0.0102264024,0.0104057398
5.1071128845,0.0039193891,0.0090332348,-0.0034728609,0.0198359378,0.0037778243,0.0061979457
5.1170759201,0.0058426671,0.0052769096,-0.0005022251,0.0017319014,0.0003921476,0.0019844256
5.1270618439,0.0068528764,0.0032824636,0.0014691389,-0.0131346630,-0.0061991760,-0.0053991885
5.1370887756,0.0059694313,0.0011568284,0.0014817751,-0.0173620321,-0.0105276117,-0.0085586291
5.1470956802,0.0051317178,-0.0009829906,-0.0004512632,-0.0151867596,-0.0158456787,-0.0074632713
5.1570682526,0.0052259378,0.0067460835,0.0005201137,-0.0013287356,-0.0146445921,-0.0042925118
5.1698460579,0.0004831364,0.0077236043,0.0004972852,0.0093382895,-0.0145439245,-0.0021758312
5.1780428886,-0.0042807050,0.0058155647,0.0004813707,0.0124541875,-0.0038350881,-0.0022458725
5.1870150566,-0.0081541575,-0.0000302268,0.0024349128,-0.0004022224,0.0035107094,-0.0065340945
5.1975288391,-0.0090999343,-0.0059976852,0.0004919803,-0.0196163971,0.0033642352,-0.0065207789
5.2074999809,-0.0033031742,-0.0091641406,0.0034719743,-0.0388401598,0.0053349747,-0.0086449161
5.2174668312,-0.0004251639,-0.0085943704,0.0005483663,-0.0420245007,0.0021253326,-0.0064986744
5.2272758484,0.0024167111,-0.0030650559,0.0005407369,-0.0270948187,0.0022771331,-0.0022605199
5.2369232178,0.0033294817,0.0036338428,-0.0004696214,0.0049348860,0.0004131865,0.0009170307
5.2468118668,0.0042701624,0.0087010376,0.0004937685,0.0316093713,0.0006467457,0.0040840618
5.2568078041,0.0053470097,0.0022107798,-0.0004299247,0.0348866582,-0.0078900168,0.0030760551
5.2668199539,0.0054813884,-0.0043202802,-0.0003843271,0.0210139863,-0.0080063967,0.0020241067
5.2768249512,0.0036556681,-0.0100808451,-0.0013321006,0.0017785076,-0.0060058306,0.0030856428
5.2868318558,0.0027196070,-0.0139878029,0.0025935208,-0.0100347418,0.0014116055,0.0062329667
5.2968258858,0.0036904027,-0.0111533552,-0.0003524983,-0.0132278726,-0.0017740676,0.0115678106
5.3068528175,0.0066000335,-0.0023871870,-0.0013352000,0.0027958350,-0.0069123707,0.0211514607
5.3169860840,0.0075658225,0.0036217845,0.0006111300,0.0198898669,-0.0068223560,0.0158254057
5.3269248009,0.0037208458,0.0038298648,0.0025440489,0.0220401026,-0.0058005010,0.0083805397
5.3369669914,0.0008480807,0.0010439570,0.0015567577,0.0103058154,-0.0038159131,0.0020053317
5.3469772339,0.0028831323,-0.0047874977,0.0016084349,-0.0110159852,-0.0050950297,-0.0032834401
5.3568849564,0.0049315505,-0.0108196307,0.0016620791,-0.0281074867,-0.0051943650,-0.0000864484
5.3669648170,0.0069279484,-0.0071464241,0.0006971991,-0.0227263011,-0.0125888977,0.0052697016
5.3768968582,0.0060336553,-0.0023711796,-0.0012834632,-0.0014170194,-0.0133678727,0.0201344006
5.3869690895,0.0032033285,0.0026531070,-0.0032633506,0.0337705314,-0.0119542666,0.0285997894
5.3969578743,0.0003305783,0.0031129497,-0.0032687748,0.0518512614,-0.0043237782,0.0296000745
5.4069461823,-0.0016311596,0.0075186393,-0.0003784263,0.0401290916,-0.0055104825,0.0264287814
5.4169301987,-0.0006118903,0.0048666256,0.0035653745,0.0038291411,-0.0036760974,0.0243195575
5.4269089699,0.0014058014,0.0029750690,0.0065360703,-0.0099473903,-0.0113641098,0.0126927290
5.4369840622,0.0014875045,0.0037050187,-0.0003068411,-0.0323862545,0.0010723189,-0.0128708202
5.4469799995,-0.0034690837,0.0072251190,-0.0003775918,-0.0345716439,0.0043253698,-0.0054536499
5.4569048882,0.0053299181,0.0089284442,-0.0032424293,-0.0227089934,-0.0084508788,-0.0106924875
5.4669542313,0.0073229633,0.0117490748,-0.0012755358,0.0029138131,-0.0093124108,-0.0096424026
5.4768037796,0.0044662468,0.0157529730,-0.0032446347,0.0252927542,-0.0079981415,-0.0011672922
5.4869222641,0.0026754399,0.0140869608,-0.0012826287,0.0371203870,-0.0196361560,0.0020870904
5.4968919754,0.0019054224,0.0095833642,0.0056175627,0.0318156369,-0.0228995923,-0.0000138772
5.5068459511,0.0021764745,0.0039880322,0.0115489401,0.0148158791,-0.0284658652,-0.0105898231
5.5169029236,-0.0013851861,-0.0028589540,0.0106182732,-0.0096925264,-0.0308541879,-0.0169282798
5.5268440247,-0.0039468445,-0.0109519502,0.0087274350,-0.0311054066,-0.0235291645,-0.0158984344
5.5368180275,-0.0077242739,-0.0094097899,0.0057725348,-0.0323692076,-0.0031557158,-0.0075322473
5.5468587875,-0.0097852387,-0.0038448803,0.0057140030,-0.0133225480,0.0131143341,0.0029728578
5.5568752289,-0.0041703172,0.0059780991,0.0086215176,0.0197413955,0.0123910196,0.0135788973
5.5668110847,0.0024723967,0.0122327432,0.0105841197,0.0474672988,0.0158118494,0.0135373510
5.5767726898,0.0042871796,0.0117856450,0.0096007027,0.0549896620,0.0146917244,0.0007909299
5.5868139267,0.0032305231,0.0034149787,0.0096058883,0.0304776635,0.0144022396,-0.0108763780
5.5968818665,0.0051167421,-0.0023635880,0.0115889944,-0.0184910782,0.0032204245,-0.0245822053
5.6068391800,0.0062092505,-0.0144935409,0.0146014132,-0.0642838627,-0.0078671137,-0.0297902822
5.6168670654,0.0034225991,-0.0211196505,0.0146167912,-0.0760650262,-0.0057632169,-0.0234227963
5.6267910004,-0.0024432281,-0.0169471409,0.0086792745,-0.0453065783,0.0117207021,-0.0065593943
5.6368508339,-0.0055910386,-0.0044941069,0.0027025973,0.0058062724,0.0197575893,0.0124775460
5.6468429565,0.0009281894,0.0095430128,0.0007007158,0.0601739064,0.0224519093,0.0283579752
5.6567778587,0.0016151925,0.0112620275,0.0026253497,0.0771788508,0.0311420690,0.0293525327
5.6667919159,-0.0005957971,0.0041136118,0.0016099251,0.0483304299,0.0393603221,0.0165706929
5.6767621040,0.0010977646,-0.0112666721,0.0035973825,-0.0134529108,0.0312339496,-0.0024547975
5.6867151260,0.0057581477,-0.0184707511,0.0036298670,-0.0688192248,0.0189399999,-0.0150851049
5.6968078613,0.0105384402,-0.0182584785,0.0046374239,-0.0921254829,-0.0005279746,-0.0213194322
5.7067699432,0.0085676722,-0.0113103045,0.0026266612,-0.0739917532,-0.0014020241,-0.0149520803
5.7166910172,0.0026859751,-0.0001368039,-0.0023601020,-0.0153454849,0.0013008182,-0.0022631832
5.7266788483,-0.0012824873,0.0048376666,-0.0063347183,0.0421822555,0.0083129210,0.0157118216
5.7367677689,-0.0033236782,0.0064071161,-0.0073397718,0.0720321611,0.0096887099,0.0252463389
5.7468180656,-0.0073442198,0.0022771247,-0.0064038001,0.0708158985,0.0236644484,0.0357804708
5.7566618919,-0.0085398890,-0.0078334967,-0.0083618127,0.0397610441,0.0351906084,0.0367895439
5.7667460442,-0.0049829818,-0.0075075668,-0.0064330660,0.0024687983,0.0284530781,0.0326097123
5.7767181396,0.0044853352,-0.0035511968,-0.0054343306,-0.0240538865,0.0142275365,0.0178464781
5.7867069244,0.0091820024,0.0040415986,-0.0005671346,-0.0335278176,0.0054404358,-0.0012129655
5.7966537476,0.0091369860,0.0076205013,0.0023473538,-0.0344801657,-0.0042795697,-0.0117718671
5.8067197800,0.0091935806,0.0092395199,-0.0015497768,-0.0237731934,-0.0053291214,-0.0192092769
5.8166551590,0.0082848184,0.0119864661,-0.0005902016,-0.0088124853,-0.0094418414,-0.0138817560
5.8267798424,0.0083856396,0.0119184358,-0.0025268162,0.0018039402,-0.0060716108,-0.0043495037
5.8365621567,0.0045503937,0.0090361452,-0.0015587771,0.0102560148,0.0025863261,-0.0001648786
5.8466777802,-0.0003461281,0.0052567935,-0.0015811884,0.0166095179,0.0079976032,0.0019203764
5.8566298485,-0.0013516138,0.0005495729,-0.0025546516,0.0176911615,0.0058793249,0.0040616915
5.8666191101,-0.0003907273,-0.0022387723,-0.0015678370,0.0049351519,-0.0006321042,0.0041128239
5.8765168190,-0.0013643245,-0.0061653447,0.0023516451,-0.0121727288,0.0003567276,0.0094268955
5.8866786957,-0.0024244676,-0.0043517412,0.0052572526,-0.0175778791,0.0057224645,0.0168326125
5.8966970444,-0.0016338865,0.0053263130,0.0081254877,0.0005586464,0.0069344686,0.0178775061
5.9066920280,0.0020931771,0.0161830038,0.0051636733,0.0229912512,0.0070625674,0.0125490520
5.9167537689,0.0048854016,0.0223396681,0.0041721500,0.0336790495,0.0112921996,-0.0023587905
5.9266419411,0.0028110405,0.0216014106,0.0060900487,0.0166228339,0.0142395189,-0.0172394700
5.9366579056,-0.0001898894,0.0147196669,0.0031359829,-0.0121563496,0.0149548445,-0.0331625119
5.9466819763,-0.0011500160,0.0006688056,0.0022053753,-0.0472823791,0.0060601532,-0.0415794291
5.9567661285,0.0027908345,-0.0086963633,0.0042299069,-0.0664500743,-0.0015266599,-0.0362037048
5.9666147232,0.0008740833,-0.0073988331,-0.0026339854,-0.0461988710,-0.0023389240,-0.0245262776
5.9765768051,-0.0020090232,-0.0028133392,-0.0075553618,0.0029196721,-0.0093262596,-0.0107023409
5.9866027832,-0.0029336850,-0.0007030820,-0.0095148049,0.0391535759,-0.0057578902,-0.0011892633
5.9967870712,-0.0038815329,-0.0003093691,-0.0085480772,0.0476309508,-0.0023935190,0.0094061233
6.0065917969,0.0000264903,-0.0047490587,-0.0065356456,0.0315848738,0.0017575502,0.0093904100
6.0165610313,0.0010205319,-0.0104193678,-0.0006300175,0.0006530555,0.0004131865,0.0051711644
6.0265860558,0.0029048284,-0.0105129322,0.0023084914,-0.0239500254,0.0087278411,-0.0001775285
6.0367860794,0.0037961861,-0.0068868366,-0.0006483161,-0.0334902667,0.0042971405,-0.0097036557
6.0465927124,0.0076544248,-0.0022373637,-0.0045603476,-0.0153200524,0.0022819266,-0.0118280593
6.0565462112,0.0115354471,0.0035328907,-0.0025861822,-0.0024359450,-0.0061831973,-0.0139087867
6.0665450096,0.0125760697,0.0045021060,-0.0015965664,-0.0002763877,-0.0104144271,-0.0106956828
6.0767059326,0.0098125301,-0.0013762082,0.0003789699,0.0018751808,-0.0135785285,-0.0074887043
6.0865678787,0.0080662929,-0.0091774613,-0.0005454981,-0.0002910346,-0.0114213685,-0.0032516152
6.0965628624,0.0043274574,-0.0111350538,-0.0015299284,0.0007639760,-0.0134714702,0.0063236472
6.1065168381,0.0014976074,-0.0111250365,-0.0034843050,0.0017365627,-0.0027578394,0.0083782766
6.1167097092,-0.0024124424,-0.0120975589,-0.0025388561,-0.0025898758,0.0004954783,0.0179223791
6.1265530586,-0.0005301277,-0.0081267534,0.0023424067,0.0016783727,-0.0026052401,0.0264386348
6.1364870071,0.0033489277,-0.0040891129,0.0033348836,0.0123234261,0.0006864268,0.0253415462
6.1465001106,0.0022838821,0.0048657600,0.0032721199,0.0219510198,-0.0013857788,0.0242858697
6.1565070152,0.0012474020,0.0090524843,0.0032523312,0.0315687582,0.0007535385,0.0168330129
6.1664590836,0.0032014062,0.0064383750,0.0042572655,0.0145530244,-0.0016337191,0.0030492905
6.1765441895,0.0052429996,-0.0032292488,0.0092082061,-0.0131182838,-0.0083342325,-0.0053865383
6.1864957809,0.0053555481,-0.0064065871,0.0092368163,-0.0344837606,-0.0063618952,-0.0053844079
6.1965007782,0.0005654951,-0.0087533714,0.0062865056,-0.0323915817,-0.0020513027,-0.0032895652
6.2064809799,-0.0033500532,-0.0050828727,0.0062261857,-0.0111150537,0.0014377045,0.0104840379
6.2164731026,-0.0043797381,0.0027790167,0.0003174579,0.0218912326,0.0060918448,0.0242391303
6.2264428139,-0.0083785988,0.0070398566,-0.0026728474,0.0485305637,0.0106003098,0.0273784660
6.2365951538,-0.0094686337,0.0055937977,-0.0026937092,0.0474426672,0.0127374968,0.0284282826
6.2464928627,-0.0047064610,0.0012077549,0.0012537277,0.0303819235,0.0104679512,0.0284549147
6.2564210892,0.0000462344,0.0024509202,0.0012652314,0.0047841510,0.0112645030,0.0199692845
6.2663717270,0.0057805143,0.0064129806,0.0071623363,-0.0110850930,-0.0007330379,0.0062470818
6.2764158249,0.0097202472,0.0082528247,0.0062090792,-0.0184505992,-0.0094338516,-0.0043139504
6.2864360809,0.0107824616,0.0110078994,0.0052492060,-0.0130984439,-0.0062950500,-0.0170867369
6.2964301109,0.0060028844,0.0137768025,0.0003199017,-0.0013589635,-0.0051536192,-0.0192271210
6.3064012527,0.0002230963,0.0107555483,-0.0006816351,0.0007127095,0.0013024161,-0.0160832573
6.3163471222,-0.0027009288,0.0068370965,0.0032103099,0.0007361462,-0.0039852904,-0.0086085638
6.3264846802,-0.0016767720,0.0039414498,0.0032436287,0.0071285316,-0.0049501536,-0.0022324235
6.3363847733,-0.0016120563,-0.0008291063,0.0013089216,0.0134736458,0.0004821623,0.0019760367
6.3466029167,-0.0045974739,-0.0007387734,0.0012844241,0.0134297032,0.0058257948,0.0019414157
6.3564062119,-0.0037298540,-0.0015805998,0.0022583045,0.0144355800,0.0133151365,0.0018921469
6.3663511276,0.0000478586,-0.0024817924,-0.0006646478,0.0005804840,0.0110613033,0.0008540468
6.3763909340,0.0038372686,-0.0015393008,0.0013021863,-0.0089951772,0.0088143945,-0.0033747866
6.3863868713,0.0066586845,-0.0006929052,0.0032577550,-0.0164653454,0.0097981654,-0.0065631233
6.3964009285,0.0105082057,0.0020847707,0.0032686628,-0.0142364111,0.0001553926,-0.0118163414
6.4064521790,0.0115181319,0.0058541880,0.0003317035,-0.0034993449,-0.0062015727,-0.0149697904
6.4163970947,0.0106413923,0.0048363735,-0.0035631023,0.0039672260,-0.0061291349,-0.0128489826
6.4263801575,0.0058886372,0.0009176441,-0.0045409761,0.0007930044,-0.0083185202,-0.0160197411
6.4362998009,0.0011664589,-0.0060320022,-0.0016075933,-0.0141077815,-0.0148200952,-0.0127796065
6.4463291168,0.0003669968,-0.0130673349,0.0023532547,-0.0237702616,-0.0105651617,-0.0064261034
6.4564142227,-0.0005469660,-0.0142408172,0.0033400096,-0.0153196529,-0.0029469240,0.0020183811
6.4663338661,-0.0044915564,-0.0084460173,0.0023011004,0.0049070558,-0.0016036254,0.0158066321
6.4763107300,-0.0006807784,0.0015285915,0.0032593645,0.0294009484,0.0029138951,0.0210685041
6.4862947464,-0.0007540623,0.0028592222,0.0032500066,0.0379046872,0.0093470262,0.0157088935
6.4963140488,-0.0027994851,-0.0007557143,0.0042063035,0.0165497307,0.0133835804,0.0071988953
6.5063509941,-0.0019563178,-0.0045816009,0.0081210174,-0.0079585426,0.0109928604,-0.0002052255
6.5162820816,0.0008987000,-0.0066655581,0.0081366934,-0.0239365771,0.0097393105,-0.0065569980
6.5260968208,0.0027529111,-0.0059465650,0.0061823763,-0.0271438211,0.0086820358,-0.0022983369
6.5361051559,0.0007069369,-0.0022820991,0.0002617872,-0.0165031608,0.0119888829,-0.0002024290
6.5462961197,0.0005854776,0.0005707859,0.0012054479,0.0005736928,0.0100322580,0.0051085795
6.5563011169,0.0014676412,0.0006816388,0.0041398443,0.0112658860,0.0048374957,0.0125700925
6.5663199425,0.0004885902,-0.0010853995,0.0041370429,0.0240802169,0.0017847145,0.0189552866
6.5763311386,-0.0014786909,-0.0008557074,0.0002081430,0.0218889676,0.0081922803,0.0210432056
6.5863552094,-0.0035491029,0.0003165246,0.0031056439,0.0144188013,0.0091760522,0.0178548694
6.5962886810,-0.0017112533,0.0024454501,0.0040681399,0.0101418979,0.0102066947,0.0167868063
6.6062288284,-0.0008896033,0.0054747425,0.0010974443,0.0090231039,0.0197445415,0.0082266089
6.6162052155,-0.0001196156,0.0074927541,-0.0008875096,0.0048110485,0.0164238438,-0.0013104375
6.6262478828,0.0046000592,0.0075124749,0.0010867751,-0.0079715913,0.0152107747,-0.0066056005
6.6362447739,0.0074302815,0.0035269477,0.0020900404,-0.0122018903,0.0108924592,-0.0076363767
6.6462159157,0.0073697530,0.0053153727,-0.0008674824,-0.0121773891,0.0087368963,-0.0097471979
6.6562089920,0.0073348098,0.0042163380,-0.0018498861,-0.0088881198,-0.0019240036,-0.0096811522
6.6662292480,0.0054921620,0.0002538607,0.0001318491,-0.0034789722,-0.0114831543,-0.0074981591
6.6762819290,0.0046493672,-0.0017161097,0.0001515782,0.0018669236,-0.0125108678,-0.0074950964
6.6862568855,0.0008905490,-0.0047006668,-0.0027764402,0.0007486623,-0.0071573816,-0.0054042488
6.6962308884,-0.0029739330,-0.0047164713,-0.0028152431,0.0060013486,-0.0016662097,0.0073063537
6.7060971260,-0.0030117373,-0.0026921721,-0.0018424356,0.0069917780,0.0048177885,0.0147003550
6.7161970139,-0.0021676461,0.0013462111,-0.0018746817,0.0154571682,0.0134427017,0.0157009047
6.7261900902,-0.0003994594,0.0025139812,-0.0018877351,0.0165173728,0.0155612463,0.0124992523
6.7361598015,0.0033413430,0.0036840707,0.0000707543,0.0101490887,0.0122796996,0.0093371477
6.7462148666,0.0061437450,0.0047206660,0.0000672973,-0.0015435200,0.0099699395,-0.0002012306
6.7561779022,0.0070012920,0.0046674502,0.0010418332,-0.0111324983,0.0098498315,-0.0055054482
6.7661709785,0.0069981180,0.0005819889,-0.0038363896,-0.0206620879,0.0032997869,-0.0128930565
6.7761287689,0.0070307665,0.0032689860,-0.0038436020,-0.0216136351,-0.0095603522,-0.0159961730
6.7863259315,0.0071529858,0.0030599358,-0.0018675291,-0.0172598995,-0.0181133598,-0.0201933142
6.7961020470,0.0025038829,-0.0020041743,-0.0028279983,-0.0097895991,-0.0201421566,-0.0138093177
6.8061428070,-0.0001860449,-0.0089642927,-0.0018216931,-0.0077141970,-0.0157873556,-0.0064022681
6.8161358833,-0.0029815326,-0.0080285911,-0.0008355343,0.0028943717,-0.0134419091,0.0084492490
6.8261032104,-0.0049332716,-0.0020470787,-0.0018525088,0.0219042823,0.0060614846,0.0221205857
6.8361597061,-0.0070216395,-0.0007724313,-0.0038586222,0.0346086249,0.0168893654,0.0262884330
6.8461251259,-0.0003788660,0.0035703962,-0.0018843376,0.0346698761,0.0115004582,0.0210113786
6.8561367989,0.0063282363,0.0039387876,0.0020511185,0.0187304597,0.0080545945,0.0082997130
6.8660926819,0.0062634014,-0.0008522032,0.0040213503,-0.0047160108,0.0088239815,-0.0054999888
6.8761062622,0.0072017722,-0.0029874048,0.0069600381,-0.0302372165,-0.0010398342,-0.0117961019
6.8860778809,0.0082091205,-0.0003676699,0.0050147213,-0.0269841626,-0.0063768090,-0.0138885472
6.8961100578,0.0092542581,0.0032894658,0.0030604042,-0.0152453501,-0.0062788045,-0.0128340684
6.9060621262,0.0064144395,0.0022301683,0.0020809805,0.0071491711,-0.0060511045,-0.0064768367
6.9160819054,0.0026737710,0.0003630410,-0.0047680698,0.0210339613,-0.0111955330,0.0041700820
6.9260540009,0.0008239856,-0.0013641408,-0.0027977787,0.0220752563,-0.0100732772,0.0094740335
6.9360527992,-0.0030036459,-0.0030776444,0.0010909474,0.0209583268,-0.0057693422,0.0136959422
6.9460191727,-0.0039254613,-0.0048491014,0.0040448345,0.0124173025,-0.0047847712,0.0115707405
6.9560031891,-0.0038883130,-0.0057461830,0.0030718483,-0.0004064832,-0.0017066897,0.0083734822
6.9660940170,-0.0009864906,-0.0067255595,0.0050509013,-0.0068286955,0.0024734079,0.0030389042
6.9760661125,0.0008582582,-0.0028822203,0.0060170926,-0.0068747681,0.0078234328,0.0040679500
6.9862070084,0.0046463721,0.0019925963,0.0030728616,0.0048596514,0.0079323556,0.0061838310
7.0018539429,0.0045631789,0.0079446305,-0.0008752906,0.0155602330,0.0048060706,0.0051310835
7.0088157654,0.0054976158,0.0061730449,0.0010858810,0.0155881960,0.0026414532,0.0019579271
7.0161027908,0.0045509748,0.0004499538,0.0011136568,0.0049117161,0.0025660857,0.0030291835
7.0261831284,0.0006690582,-0.0034727799,0.0020738875,-0.0036048070,0.0013950941,-0.0012068404
7.0358467102,0.0016849597,-0.0044914028,0.0030723251,-0.0078163296,-0.0071568489,0.0020368900
7.0457677841,0.0027278324,-0.0035375406,0.0050390996,-0.0014186176,-0.0091813840,0.0094822897
7.0558700562,0.0008500030,-0.0005663285,0.0040470399,0.0103050163,-0.0079976087,0.0126550458
7.0664510727,-0.0040405281,0.0035033929,0.0030103959,0.0262000933,0.0049781110,0.0157469772
7.0813798904,-0.0060958154,0.0057289810,0.0019884147,0.0336304456,0.0114192320,0.0125137642
7.0862441063,-0.0033589641,0.0070821033,0.0068740882,0.0303963050,0.0177524965,0.0061006076
7.0960359573,-0.0006000737,0.0034482698,0.0078648962,0.0154654253,0.0176030919,0.0018612545
7.1060161591,0.0031299999,0.0006651095,0.0117873587,-0.0037215855,0.0163404867,-0.0034291151
7.1159858704,0.0049020760,0.0054669743,0.0068616904,-0.0026679058,0.0195211004,-0.0077012246
7.1258897781,0.0046944283,0.0083371364,-0.0010033810,0.0048107826,0.0195607822,-0.0098314872
7.1359629631,0.0055474453,0.0044829310,-0.0019752944,0.0070012328,0.0121121872,-0.0076588802
7.1460132599,0.0045124702,-0.0003349116,-0.0000219309,0.0038009123,0.0110368021,-0.0055248896
7.1559281349,0.0035102030,-0.0032575312,0.0019242800,-0.0004040869,0.0003780328,0.0019848249
7.1659760475,0.0025291552,-0.0032276721,0.0019235051,0.0102490904,0.0005149193,0.0083508454
7.1759347916,-0.0004142115,-0.0011166157,-0.0010573232,0.0272632279,0.0060439082,0.0146779846
7.1859331131,-0.0005778859,0.0070293043,-0.0030592047,0.0410445556,0.0168566089,0.0167230256
7.1959939003,-0.0007872919,0.0123441964,-0.0060534440,0.0442490019,0.0189663656,0.0103318375
7.2059230804,0.0019275357,0.0107963979,-0.0050838552,0.0293313041,0.0198289640,-0.0002872508
7.2159461975,0.0047241114,0.0041811154,-0.0001682603,0.0112749403,0.0131817125,-0.0108534759
7.2259807587,0.0085564069,0.0022975253,0.0018181241,-0.0024768244,0.0012459570,-0.0192656014
7.2359352112,0.0075798742,0.0051198942,0.0018083489,-0.0055895280,-0.0094714016,-0.0202581622
7.2459149361,0.0057920478,0.0020890711,0.0008395946,-0.0076838378,-0.0148224914,-0.0191596076
7.2558860779,0.0020812710,-0.0009770840,-0.0020797814,-0.0055631623,-0.0158139858,-0.0117166061
7.2659091949,-0.0016848634,-0.0039448268,-0.0020765625,0.0071544973,-0.0071107759,-0.0054075774
7.2758932114,-0.0055464394,-0.0038565123,-0.0050348602,0.0198390000,0.0058612153,-0.0001900455
7.2858791351,-0.0066456534,-0.0007011891,-0.0080141388,0.0314858034,0.0145652248,0.0071821171
7.2959260941,-0.0028999189,-0.0013219346,-0.0079967342,0.0304104183,0.0145772090,0.0093065212
7.3058958054,-0.0001096318,-0.0029623336,-0.0040847026,0.0208355561,0.0102370558,0.0104037430
7.3158607483,0.0036950221,-0.0027596932,-0.0011371934,0.0091758370,0.0026142891,0.0051521221
7.3258581161,0.0056212507,-0.0007396350,-0.0001475775,0.0017669229,-0.0017908455,-0.0033132676
7.3358201981,0.0085533522,0.0041800793,0.0018162167,0.0029376484,-0.0104176234,-0.0128178233
7.3458409309,0.0067471825,0.0041316445,-0.0030622445,0.0019051405,-0.0126086064,-0.0181148499
7.3558998108,0.0069191419,0.0031269104,-0.0030357204,-0.0044760592,-0.0158579275,-0.0180924796
7.3660840988,0.0041893832,-0.0028195926,-0.0000771248,-0.0066193715,-0.0168978926,-0.0127722826
7.3758592606,0.0033791771,-0.0038888664,0.0019043720,-0.0066376142,-0.0168507546,-0.0074615404
7.3858718872,0.0005786081,-0.0038698134,0.0048429407,0.0072001712,-0.0145516479,-0.0011117654
7.3959879875,0.0006868204,-0.0037564905,0.0038839018,0.0167468041,-0.0090911025,0.0041594291
7.4057941437,-0.0002583901,-0.0025674510,0.0068051852,0.0188062266,-0.0015572864,0.0083587021
7.4158110619,-0.0022665004,-0.0034059929,0.0077564754,0.0091168471,0.0090434263,0.0072359126
7.4257650375,-0.0033700208,-0.0043787155,0.0057794489,-0.0080126049,0.0163652543,0.0040132217
7.4357800484,-0.0005836228,-0.0044889143,0.0057866015,-0.0218380075,0.0119412113,-0.0012621009
7.4457721710,0.0002540162,-0.0066748192,0.0077328719,-0.0250577684,0.0140538970,-0.0012735524
7.4557552338,0.0050275289,-0.0058668647,0.0057928003,-0.0143498620,0.0088191880,0.0019404837
7.4658012390,0.0068827979,0.0029044766,0.0018473304,0.0134412888,0.0026576989,0.0062105958
7.4757680893,0.0059129260,0.0070107020,-0.0040426813,0.0326967426,-0.0025341338,0.0062292386
7.4857921600,0.0040053092,0.0044564535,-0.0020862783,0.0348176844,-0.0024814033,0.0104769804
7.4958181381,0.0011286696,-0.0001170584,0.0008454955,0.0219872408,0.0016590132,0.0062091313
7.5057740211,-0.0037232379,-0.0068679391,-0.0020925365,0.0027371123,0.0068359324,0.0040642209
7.5157561302,-0.0038288275,-0.0068801488,-0.0001545512,-0.0079649342,0.0099651460,0.0051155039
7.5257759094,-0.0009712467,-0.0001017577,-0.0040827356,-0.0068203071,0.0014054803,0.0030454290
7.5357661247,0.0028758307,0.0047494937,-0.0040846430,-0.0057430593,0.0003428791,0.0030526195
7.5457391739,0.0018686315,0.0066692410,-0.0031258427,0.0060105366,-0.0006440884,0.0019884205
7.5557999611,0.0038035919,0.0077471850,-0.0031115375,0.0113424519,0.0025458457,-0.0054756212
7.5658340454,0.0038373878,0.0087618558,-0.0060358606,0.0018482823,-0.0103712836,-0.0075100102
7.5758690834,0.0068908297,0.0038713426,-0.0049974881,-0.0109338257,-0.0115854191,-0.0128046405
7.5857572556,0.0070695393,-0.0031415797,-0.0029904209,-0.0247732066,-0.0149260880,-0.0159604866
7.5957570076,0.0052448772,-0.0034293998,-0.0000503623,-0.0279973652,-0.0138472421,-0.0117150079
7.6057367325,0.0034654548,-0.0036960738,-0.0010143482,-0.0151638575,-0.0179959126,-0.0085098939
7.6157360077,0.0016624441,0.0001213988,-0.0010142290,0.0040150303,-0.0167128034,-0.0010960528
7.6257581711,-0.0021140764,0.0011966671,-0.0010389053,0.0220976286,-0.0101329312,0.0020358248
7.6356410980,-0.0040175207,0.0004421067,-0.0000552499,0.0262901075,-0.0025770108,0.0072975648
7.6456651688,-0.0011294375,-0.0012068106,0.0038757361,0.0240746252,0.0059834542,0.0104307737
7.6556429863,0.0017820557,-0.0049217860,0.0019567048,0.0091269678,0.0069251475,0.0093738986
7.6656451225,0.0026282629,0.0010071471,-0.0000414812,0.0038022432,0.0058060875,0.0083224820
7.6756391525,0.0084735714,-0.0008857507,-0.0009620154,-0.0014535049,-0.0017684750,0.0019998718
7.6856379509,0.0104859732,-0.0009487938,0.0029725470,-0.0162761286,-0.0137034319,-0.0053491211
7.6956119537,0.0067236386,-0.0021606572,0.0049356855,-0.0269239768,-0.0159468781,-0.0085161524
7.7056341171,0.0039977394,-0.0063823368,0.0059275664,-0.0301173739,-0.0170403719,-0.0085068308
7.7156128883,0.0032361110,-0.0037801811,0.0020434891,-0.0257926695,-0.0234245006,-0.0084660845
7.7256002426,0.0014915874,-0.0059663607,0.0010848677,-0.0130784689,-0.0147122368,-0.0010947210
7.7355999947,-0.0023057947,-0.0059808954,0.0020490920,0.0103187319,-0.0080314307,0.0094713699
7.7456121445,-0.0052554496,-0.0018923418,0.0020015275,0.0304591544,0.0050406950,0.0199964494
7.7556071281,-0.0063561238,0.0024323105,-0.0000024402,0.0485101938,0.0137945060,0.0273636840
7.7656021118,-0.0035708586,0.0010422603,0.0009928382,0.0495986268,0.0116562536,0.0263144001
7.7756042480,-0.0017641673,0.0035032979,0.0009679234,0.0400189683,0.0104642222,0.0199518409
7.7855987549,0.0010532101,0.0028948435,0.0039097704,0.0208756365,0.0059501645,0.0093705691
7.7956018448,0.0039459132,0.0039901780,0.0029441155,-0.0025037229,-0.0018217382,-0.0033111370
7.8056111336,0.0040096752,-0.0000682422,0.0039578713,-0.0291012432,-0.0085310396,-0.0138729680
7.8156199455,0.0080041699,0.0015480318,0.0059484281,-0.0386264399,-0.0171836503,-0.0169967227
7.8256196976,0.0111330412,0.0021407460,0.0030697023,-0.0321781300,-0.0224777479,-0.0169668943
7.8356189728,0.0075247996,-0.0001178901,0.0001682675,-0.0140185645,-0.0255100224,-0.0127090327
7.8455867767,0.0008360406,0.0027073245,0.0020750202,0.0071596904,-0.0113065867,0.0041823322
7.8556079865,-0.0049425401,0.0028180578,0.0030183829,0.0220259875,-0.0047168606,0.0104998834
7.8656048775,-0.0059012510,0.0011703917,0.0088816918,0.0284023955,-0.0025027085,0.0136682456
7.8756079674,-0.0058866329,-0.0044037276,0.0098818578,0.0250972789,0.0092452941,0.0157198124
7.8855237961,-0.0050467439,-0.0051477989,0.0088939108,0.0164577179,0.0230364725,0.0113868490
7.8955202103,-0.0043607689,-0.0010892074,0.0059019960,0.0153333312,0.0294533595,0.0134734353
7.9055252075,0.0030943712,0.0040091136,0.0068737902,0.0121644363,0.0262043029,0.0113719348
7.9155406952,0.0087247305,0.0061356490,0.0049144663,0.0111797322,0.0176129472,0.0071773236
7.9255261421,0.0095474534,0.0062267710,0.0068592466,0.0027159397,0.0100295944,0.0029828446
7.9355268478,0.0095371120,0.0032632831,0.0058912076,-0.0046393126,0.0002549947,-0.0086355954
7.9455242157,0.0056531243,0.0001921542,0.0068520345,-0.0174009129,-0.0031045829,-0.0149792451
7.9555249214,0.0057389848,-0.0019811806,0.0039329566,-0.0184741654,-0.0041437484,-0.0107229808
7.9655246735,0.0028416028,-0.0021839654,0.0019685661,-0.0131774051,-0.0008600708,-0.0064984080
7.9755191803,-0.0010754953,-0.0013201456,-0.0000317061,0.0006316165,0.0046521397,0.0008939942
7.9855270386,-0.0060464330,-0.0031990907,0.0038286485,0.0154736796,0.0133990264,0.0103884302
7.9955291748,-0.0071904846,-0.0019863816,0.0037837066,0.0314193591,0.0189240202,0.0177810974
8.0056495667,-0.0064172633,0.0013006236,0.0017965472,0.0378168002,0.0189916641,0.0199009739
8.0154342651,-0.0036800245,0.0017056786,0.0027711429,0.0335490853,0.0189527832,0.0188402385
8.0254449844,-0.0019092003,-0.0009535892,0.0037430562,0.0143777896,0.0166033413,0.0114321224
8.0355176926,-0.0011145810,0.0000882982,0.0027354395,-0.0048109526,0.0174379759,0.0018805624
8.0455160141,-0.0002757499,-0.0020103496,0.0007702148,-0.0207624882,0.0129758501,-0.0055161011
8.0554151535,0.0044667684,-0.0002615140,-0.0021482671,-0.0239604115,0.0129382992,-0.0076410375
8.0654201508,0.0043556057,0.0034106048,-0.0031699501,-0.0185691081,0.0076087811,-0.0107974159
8.0753889084,0.0023179313,0.0042244662,-0.0051516257,-0.0090079606,0.0109401299,-0.0044496381
8.0852651596,0.0022286286,0.0022337656,-0.0061303340,0.0038045072,0.0089379651,-0.0001960373
8.0954208374,0.0031737944,0.0013261330,-0.0080944858,0.0113160862,0.0026156208,0.0030243900
8.1053743362,0.0051410161,-0.0004617451,-0.0070859753,0.0124292867,-0.0037703733,0.0051898067
8.1154012680,0.0052196942,-0.0032846308,-0.0051075779,0.0028427066,-0.0070338110,0.0073429723
8.1254301071,0.0032996198,-0.0032518958,0.0036794578,-0.0046375813,-0.0081150541,0.0126671623
8.1353960037,0.0023478528,-0.0023002541,0.0066188015,-0.0046691392,-0.0017578223,0.0062520080
8.1453609467,0.0022709181,0.0055031381,0.0085235275,0.0038154260,0.0057712002,0.0040724771
8.1553440094,0.0031163653,0.0085115219,0.0094825067,0.0123122409,0.0122224409,0.0008375356
8.1655902863,0.0049200468,0.0135012697,0.0065166391,0.0112744076,0.0110911308,-0.0055287508
8.1753377914,0.0048339628,0.0086771697,0.0075035729,0.0037915907,0.0152451294,-0.0129873324
8.1859817505,0.0008227488,0.0017512259,0.0055202879,-0.0143930065,0.0214809217,-0.0172646362
8.1953182220,-0.0003200213,-0.0033515743,0.0045245327,-0.0218573138,0.0193123091,-0.0140579231
8.2056579590,-0.0004976580,-0.0065373159,0.0015764273,-0.0197345093,0.0183144230,-0.0076785879
8.2153072357,0.0013178845,-0.0047146357,-0.0033314787,-0.0037021451,0.0121076591,0.0019118544
8.2253227234,0.0031768342,-0.0026917374,-0.0082308613,0.0197933279,0.0070271469,0.0114899129
8.2352752686,0.0001143029,0.0005126255,-0.0053511821,0.0335946269,0.0146507118,0.0156809296
8.2455120087,-0.0049410053,0.0017652651,-0.0054286085,0.0250501409,0.0156443380,0.0146180624
8.2553129196,-0.0030915032,-0.0048387912,0.0004548467,0.0069571566,0.0101363873,0.0114776623
8.2652931213,0.0017265340,-0.0038172710,-0.0014636480,-0.0068436097,0.0025117574,0.0072871787
8.2752704620,0.0026309004,0.0000163000,-0.0014854633,-0.0068123173,0.0034747566,-0.0054692295
8.2855377197,0.0035584976,0.0009209648,-0.0034464560,-0.0068370849,0.0077224984,-0.0086839311
8.2952804565,0.0044539534,0.0027867150,-0.0034568871,-0.0110928165,0.0076553868,-0.0118642785
8.3052787781,0.0062852763,0.0027829246,0.0004492438,0.0070273313,0.0047253771,0.0040779365
8.3152341843,0.0092012696,0.0038082306,-0.0063794814,0.0081097726,0.0088761793,-0.0118873138
8.3254051208,0.0043001138,-0.0020722612,-0.0054292046,-0.0036448874,0.0046372260,0.0030218600
8.3352603912,0.0082470588,-0.0049937530,-0.0024464692,-0.0067390809,-0.0092642084,0.0052396073
8.3452806473,0.0083429925,-0.0070093716,0.0005154646,-0.0098959925,-0.0114988666,-0.0032428268
8.3552389145,0.0035767367,-0.0042433320,0.0004930532,-0.0120157357,-0.0136456406,-0.0021641136
8.3653459549,0.0027463546,-0.0063237855,0.0014928615,-0.0120402370,-0.0114900777,-0.0000532921
8.3752431870,0.0008412709,-0.0063910144,0.0034420528,-0.0014421865,-0.0038891502,0.0041390564
8.3854341507,0.0008307805,0.0024434249,-0.0005045497,0.0156081691,-0.0015924401,0.0072994288
8.3952312469,-0.0011744837,0.0045864321,-0.0024985636,0.0240333453,0.0092279837,0.0146582760
8.4052104950,-0.0002958367,0.0009409338,-0.0024918877,0.0207906812,0.0145377936,0.0135637168
8.4152326584,0.0015497168,-0.0037466348,-0.0005178415,0.0037644263,0.0090415617,0.0114876498
8.4252910614,0.0043728314,0.0001800363,0.0004484094,-0.0121484930,0.0002954749,0.0030563478
8.4352025986,0.0073227398,-0.0029022768,0.0034287013,-0.0270169228,-0.0062899897,-0.0032633331
8.4451951981,0.0074623935,-0.0071348217,0.0024884974,-0.0386757106,-0.0160083976,-0.0042545618
8.4551811218,0.0046820007,-0.0036216634,0.0044292249,-0.0333005190,-0.0212971680,-0.0031638644
8.4652061462,0.0019168367,0.0000393805,0.0044182576,-0.0109288990,-0.0178723447,0.0021102601
8.4752044678,-0.0028466622,0.0019561197,0.0034161843,0.0113793360,-0.0069605741,0.0083998470
8.4852685928,-0.0048426129,0.0099727642,0.0014008320,0.0336771831,0.0050231181,0.0146809118
8.4952077866,-0.0048771389,0.0064480742,-0.0025091732,0.0346814618,0.0125177857,0.0156958438
8.5051965714,-0.0001325200,0.0029186397,0.0004555023,0.0239933990,0.0145636257,0.0146276494
8.5151357651,0.0026748439,0.0021244232,0.0024171509,0.0005795518,0.0089715207,0.0061783721
8.5251779556,0.0035711934,0.0010984894,0.0043750443,-0.0153544070,0.0023719415,-0.0012044434
8.5351486206,0.0025938561,-0.0010764473,0.0043739118,-0.0238538869,-0.0009354382,-0.0054271519
8.5452251434,0.0016237607,0.0006718384,0.0043638386,-0.0131730111,-0.0008709897,-0.0075598112
8.5551624298,0.0015842428,0.0083916672,0.0053141154,0.0017733146,-0.0007610012,-0.0075682001
8.5651502609,0.0035922637,0.0065345177,0.0082680620,0.0114328656,-0.0091912374,-0.0022083221
8.5751333237,0.0046552382,0.0076388605,0.0073204674,0.0188781321,-0.0090655368,0.0052201659
8.5851449966,0.0018580963,0.0048815496,0.0014565027,0.0198805444,-0.0015671401,0.0062332326
8.5951366425,-0.0079613961,0.0040023727,0.0013670957,0.0154674221,0.0144605627,0.0093182391
8.6051292419,-0.0121055879,0.0050441180,0.0032357015,0.0036677541,0.0239339583,0.0028906993
8.6151151657,-0.0064941533,0.0061159437,0.0081448592,0.0005400041,0.0153489923,0.0018868209
8.6251573563,0.0002179405,0.0061807088,0.0091485418,0.0016966145,0.0078037251,-0.0065641883
8.6351089478,0.0030256768,0.0081415959,0.0062130727,0.0059463545,0.0141641535,-0.0161682125
8.6451721191,0.0019054969,0.0100708697,0.0022643243,0.0016959496,0.0130352387,-0.0193450972
8.6550712585,0.0047419481,0.0090594692,0.0022793447,-0.0099561801,0.0022544959,-0.0192657355
8.6651983261,0.0076987110,0.0040417132,0.0023258366,-0.0174069032,0.0000501977,-0.0203086287
8.6750926971,0.0028404554,-0.0050334986,0.0023189224,-0.0271142609,0.0117422743,-0.0193159357
8.6850919724,-0.0001171569,-0.0092915371,-0.0016002619,-0.0292258821,0.0064364579,-0.0129057076
8.6950635910,0.0017505696,-0.0046207751,-0.0016208255,-0.0121564837,0.0034542498,-0.0022750343
8.7050590515,0.0016129722,0.0012621516,-0.0016673171,0.0133542027,0.0133433668,0.0061421525
8.7151422501,-0.0034740011,0.0053434786,-0.0056713186,0.0314089730,0.0241792370,0.0071220621
8.7250909805,-0.0007907043,0.0067041963,-0.0017895066,0.0346585587,0.0188513156,0.0060919523
8.7350378036,0.0049164258,0.0050875992,0.0011755264,0.0198384672,0.0079560578,-0.0044500381
8.7450218201,0.0078322552,-0.0007011784,0.0002492702,-0.0046208026,0.0012542129,-0.0160758011
8.7550487518,0.0069156252,-0.0067237080,0.0041772760,-0.0237397701,-0.0085536772,-0.0213130396
8.7651576996,0.0069712959,-0.0070397048,0.0022361313,-0.0344611220,-0.0032835472,-0.0202773362
8.7750577927,0.0031437536,-0.0064427592,-0.0016900861,-0.0238086097,-0.0020984407,-0.0160417128
8.7849998474,0.0021437665,-0.0037031067,-0.0036739074,-0.0036050724,0.0045341616,-0.0086620934
8.7950181961,-0.0008853565,0.0012318008,-0.0017762744,0.0187449735,0.0080149136,0.0029852418
8.8049945831,-0.0019225518,-0.0004324346,-0.0027707184,0.0411165915,0.0114397388,0.0082593653
8.8150100708,-0.0029758851,-0.0039046817,-0.0037537180,0.0400661081,0.0072037149,0.0135986041
8.8250436783,-0.0030752013,-0.0064461282,-0.0008288586,0.0283071864,0.0092503540,0.0135935452
8.8349885941,-0.0031965415,-0.0072024749,0.0011014974,0.0112094264,0.0123063307,0.0114608854
8.8449993134,-0.0023579190,-0.0061565400,0.0010924971,-0.0048052259,0.0142837288,0.0072096805
8.8549804688,0.0013629308,-0.0022731056,0.0010687745,-0.0090524368,0.0131462924,0.0029701944
8.8650312424,0.0061197095,0.0015698723,0.0010834968,-0.0089698788,0.0035186987,0.0019701775
8.8749456406,0.0070261024,0.0064065973,0.0010644234,0.0017273743,0.0024949794,-0.0022795615
8.8849658966,0.0050827973,0.0083654504,-0.0018971526,0.0081597073,0.0003798970,-0.0054575116
8.8949632645,0.0060760491,0.0065320055,0.0000734961,0.0070875194,0.0003833593,-0.0043957094
8.9049816132,0.0031982621,0.0026800488,0.0010532177,0.0060480875,-0.0017895140,-0.0075680669
8.9147996902,0.0042406283,-0.0041275076,0.0050140060,-0.0056759464,-0.0050598755,-0.0032843722
8.9250249863,0.0023393889,-0.0051660421,0.0050054826,-0.0036111977,0.0014142687,0.0019841595
8.9349441528,-0.0025655369,-0.0051933774,0.0010440386,0.0080820760,0.0058122128,0.0051321490
8.9449520111,-0.0036920796,-0.0001906096,0.0000151432,0.0165386777,0.0155058540,0.0061257742
8.9549465179,-0.0019348154,0.0000063027,0.0048831142,0.0154379942,0.0176771283,0.0114259971
8.9649982452,0.0027324220,0.0040858877,0.0068361796,0.0101343086,0.0144115593,0.0093260948
8.9749221802,0.0035690030,0.0041928575,0.0029020344,0.0079929940,0.0175487641,0.0029319783
8.9849176407,0.0044056140,0.0012867176,-0.0000449979,0.0005454635,0.0174275897,-0.0044987737
8.9950590134,0.0042482428,0.0041691312,-0.0010611379,-0.0068653142,0.0119814258,-0.0097705014
9.0048675537,0.0080419295,0.0050836396,-0.0010467732,-0.0099814786,0.0023200100,-0.0118304566
9.0148963928,0.0070891790,0.0020421264,-0.0020083750,-0.0078316424,-0.0008406297,-0.0086252084
9.0248928070,0.0042164735,0.0009734188,-0.0039842688,-0.0003055492,-0.0061536361,-0.0117831845
9.0351629257,0.0023716947,0.0000090566,-0.0049448572,0.0103839803,-0.0102961827,-0.0064540664
9.0448474884,0.0005671789,-0.0028273682,-0.0049405061,0.0135829691,-0.0123545397,-0.0000686052
9.0548677444,-0.0023063610,0.0002098293,-0.0000714028,0.0113752084,-0.0038116523,0.0020065298
9.0648765564,-0.0042559393,-0.0016620881,0.0009022391,0.0049165101,0.0015096100,0.0051637068
9.0749187469,-0.0014052431,-0.0006042435,0.0009059942,0.0037604314,0.0111433286,0.0072241952
9.0846824646,0.0003960093,0.0033644098,-0.0010714495,0.0069711385,0.0121915489,0.0019031991
9.0946626663,0.0041629635,0.0053889523,-0.0000989997,0.0006139064,0.0088815056,-0.0044452441
9.1055984497,0.0089688115,0.0063712592,0.0028688945,-0.0110230418,-0.0008933604,-0.0118094170
9.1149778366,0.0099883489,0.0052338620,0.0009220279,-0.0163060874,-0.0052598789,-0.0181537326
9.1248140335,0.0080936067,0.0040358021,-0.0000453555,-0.0152056692,-0.0063837329,-0.0255839508
9.1348209381,0.0043365471,-0.0010796278,-0.0000408256,-0.0151675865,-0.0117113870,-0.0234235954
9.1448249817,0.0035149117,-0.0021985522,0.0009638703,-0.0076779779,-0.0158832278,-0.0180898160
9.1547937393,0.0027166565,-0.0061859353,-0.0009503925,-0.0023999922,-0.0104597006,-0.0138802910
9.1647930145,-0.0010626058,-0.0081707742,-0.0009615385,0.0039452557,-0.0081640566,-0.0011509138
9.1747732162,-0.0000086168,-0.0100645591,0.0000407136,0.0039323387,-0.0091744596,0.0062948847
9.1847629547,0.0019464155,-0.0080293296,0.0020142829,0.0049227686,-0.0026904615,0.0136888856
9.1947937012,-0.0010089169,-0.0070147621,0.0029581226,0.0038046399,0.0037075165,0.0125843380
9.2048835754,0.0008295586,-0.0040437984,0.0039198436,-0.0004950333,0.0089819068,0.0083035734
9.2147798538,0.0036153605,-0.0000904357,0.0058710612,0.0038148933,0.0068191541,0.0019422148
9.2247943878,0.0065030418,0.0018926193,0.0029338039,0.0017520087,-0.0007056075,-0.0011947227
9.2347831726,0.0064947270,-0.0000134823,0.0068563856,0.0017458834,0.0003556622,-0.0022647809
9.2447938919,0.0026033183,-0.0020030807,0.0029292740,0.0017160559,0.0035708966,-0.0012232189
9.2547903061,0.0025994589,-0.0009832908,0.0009571946,0.0028055552,-0.0006611326,0.0030538181
9.2647943497,0.0045811199,-0.0018456201,0.0029476320,0.0113713462,-0.0058934451,0.0083937217
9.2748079300,0.0017230024,-0.0026822160,0.0009695924,0.0145410411,-0.0026481170,0.0094302250
9.2851839066,-0.0041270591,-0.0045190766,0.0009366310,0.0123431338,0.0037748949,0.0125772823
9.2947368622,-0.0061108954,-0.0063573015,0.0018888748,0.0091304295,0.0037775580,0.0157665499
9.3047800064,-0.0043015219,-0.0013287342,0.0048031248,0.0122710951,0.0112834107,0.0157156829
9.3182001114,-0.0015461037,0.0056796665,0.0047640838,0.0165370796,0.0134174023,0.0114494339
9.3251972198,0.0022103002,0.0058740661,0.0028136410,0.0144337155,0.0112272184,0.0072155399
9.3348445892,0.0099514537,0.0060383030,0.0058116950,0.0028439052,-0.0049445610,0.0020189134
9.3447551727,0.0080396645,0.0020880108,0.0087463297,-0.0110623240,0.0002555274,-0.0022546609
9.3801593781,-0.0007701109,0.0018494488,0.0047562756,-0.0164716020,0.0087680556,-0.0023080574
9.3802461624,-0.0057277717,0.0026421188,0.0017637647,-0.0100866752,0.0120056607,-0.0044582938
9.3803052902,-0.0009451995,0.0026379772,0.0037509834,0.0006486615,0.0035626409,-0.0012224198
9.3934221268,0.0009722521,0.0036851619,0.0047234334,0.0112946471,0.0058098161,0.0019427470
9.4007644653,-0.0020554701,0.0057726833,0.0027211346,0.0208271667,0.0144435186,0.0029422313
9.4047489166,-0.0031742940,0.0040455009,0.0036680137,0.0208290294,0.0133929010,0.0050738249
9.4147777557,0.0025818010,0.0022986443,0.0027301942,0.0101970267,0.0079707056,0.0051144389
9.4248113632,0.0073471032,0.0014199358,0.0076432265,-0.0047536939,0.0099654133,0.0019247707
9.4347772598,0.0033685525,-0.0046050143,0.0046913661,-0.0197314452,0.0162145216,-0.0034160656
9.4445657730,-0.0016599635,-0.0049285381,0.0026642717,-0.0325527042,0.0192854125,-0.0076765907
9.4546794891,0.0000165811,0.0006315666,0.0026142036,-0.0283068232,0.0214724001,-0.0055681663
9.4645214081,0.0047044270,0.0013836282,-0.0012810194,-0.0176448580,0.0205405597,0.0008047784
9.4744949341,0.0064199977,0.0081379749,-0.0042741857,0.0015814342,0.0175157394,0.0039953785
9.4845609665,0.0062956475,0.0082326131,-0.0062528811,0.0208523348,0.0122844931,-0.0002337212
9.4944591522,0.0052662753,0.0035642819,-0.0052776895,0.0209307633,0.0026694164,0.0008937281
9.5044479370,0.0043184571,0.0017784326,-0.0033237303,0.0146140112,-0.0059752041,-0.0043577594
9.5144844055,0.0034202298,-0.0020506508,-0.0033007823,0.0018212507,-0.0071616424,-0.0064656511
9.5244884491,0.0005784442,-0.0050356952,-0.0032876097,-0.0067354850,-0.0050902357,-0.0064731082
9.5344667435,-0.0023018608,-0.0041760537,-0.0042878948,-0.0078409631,-0.0029072426,-0.0001118816
9.5445318222,-0.0033502320,-0.0003155447,-0.0033461414,0.0016830331,0.0067946534,0.0008809448
9.5544414520,0.0004548987,0.0007316735,-0.0033311211,0.0070014987,0.0079304911,0.0040576970
9.5644426346,0.0012961288,0.0028055063,-0.0033532344,0.0133566000,0.0143833309,0.0029490225
9.5744152069,0.0031273623,0.0029447651,-0.0033606850,0.0123339463,0.0090277139,0.0019194442
9.5844135284,0.0079423450,0.0021148860,-0.0013720357,0.0070654145,0.0014872395,-0.0001527611
9.5943851471,0.0079849474,0.0001933542,-0.0023467506,-0.0014116932,-0.0039693112,-0.0054226243
9.6045598984,0.0041494332,-0.0038213697,-0.0003982150,-0.0163200684,-0.0083597982,-0.0053837420
9.6145534515,0.0052172206,-0.0040392303,-0.0003647768,-0.0248123556,-0.0127305780,-0.0085353265
9.6246175766,0.0034288873,-0.0062441151,-0.0013155305,-0.0205286629,-0.0148259532,-0.0074623395
9.6345682144,0.0025765558,-0.0073866188,-0.0003308022,-0.0077758497,-0.0103976494,-0.0011256139
9.6445789337,0.0006874313,-0.0035146871,-0.0042564236,0.0092326952,-0.0059001027,0.0094572557
9.6545314789,-0.0012802819,-0.0003886927,-0.0023328031,0.0251706485,-0.0003575323,0.0179079976
9.6646280289,-0.0004078785,0.0029089744,0.0044923462,0.0346983746,0.0072431294,0.0231640134
9.6745538712,0.0014683267,0.0042854897,0.0044930018,0.0325790308,0.0071850722,0.0178520717
9.6845035553,0.0053148828,0.0016703573,0.0074552931,0.0187500343,0.0038172388,0.0115092210
9.6945486069,0.0062793903,0.0017650588,0.0084289350,-0.0025181044,-0.0017844540,0.0009376700
9.7045345306,0.0042994879,-0.0003406308,0.0094023384,-0.0271073375,0.0064939819,-0.0086603630
9.7145318985,0.0003729274,-0.0026839464,0.0074131526,-0.0388299040,0.0063549648,-0.0139617845
9.7245273590,0.0003066024,-0.0020564212,0.0064282455,-0.0270936191,0.0054132715,-0.0097143082
9.7345361710,0.0012363305,0.0016582417,0.0034794249,-0.0046652770,0.0013687288,-0.0033307113
9.7445468903,-0.0007629136,0.0027036197,0.0034552254,0.0219287835,0.0080870846,0.0082934536
9.7545032501,-0.0027920196,0.0049417480,0.0014551914,0.0368544683,0.0082511362,0.0146592073
9.7645807266,-0.0057907142,0.0014276984,0.0014336145,0.0378851108,0.0114927357,0.0178246405
9.7744941711,-0.0039702244,-0.0030951486,0.0024083294,0.0239531845,0.0188507829,0.0156606901
9.7845687866,-0.0031693170,-0.0028972751,0.0023906268,0.0069150790,0.0154762920,0.0114449058
9.7944984436,0.0034928133,-0.0008953610,0.0043643154,-0.0111925527,0.0120978057,0.0072277905
9.8045463562,0.0052997880,0.0048472439,0.0023794211,-0.0143230986,0.0066569680,-0.0012338713
9.8144626617,0.0052296184,0.0027468852,0.0014017856,-0.0132875284,0.0119782295,-0.0044545652
9.8245086670,0.0051288418,0.0035910797,0.0003961957,-0.0110965455,0.0055733272,-0.0054769525
9.8344659805,0.0070126764,0.0074323728,0.0013666785,0.0006716978,0.0024568962,-0.0054644356
9.8444585800,0.0060120486,0.0064894580,-0.0005938971,0.0102641378,0.0046595968,-0.0065478096
9.8544712067,0.0031167825,0.0016656467,-0.0054852329,0.0113180839,0.0047032726,-0.0022988694
9.8644762039,-0.0018144737,-0.0011946051,-0.0045515262,0.0091308290,0.0090069408,0.0029867066
9.8744497299,-0.0019248615,-0.0001200014,-0.0045720898,0.0101403007,0.0143953152,0.0072004925
9.8844537735,-0.0020559917,-0.0019491441,-0.0055761300,0.0154948514,0.0122991409,0.0072103469
9.8944406509,0.0007433405,-0.0017719916,-0.0055704080,0.0144148069,0.0144142238,0.0050706300
9.9044208527,0.0035178473,0.0013141693,-0.0055788122,0.0123013221,0.0101590240,0.0093492642
9.9144811630,0.0063575767,0.0034419908,-0.0075497590,0.0187459067,0.0059214025,0.0083114300
9.9244174957,0.0101685636,0.0046121464,-0.0055792890,0.0102645364,0.0004755046,0.0041031037
9.9343767166,0.0091721825,0.0046619321,-0.0006949269,-0.0024974644,-0.0018385162,-0.0054364726
9.9443979263,0.0092498176,0.0006697527,-0.0036029185,-0.0099202273,-0.0062074317,-0.0096525233
9.9544038773,0.0074102096,0.0034459741,-0.0055649839,-0.0108926799,-0.0158744399,-0.0138367489
9.9643983841,0.0056652389,0.0023204987,-0.0055417381,-0.0118636694,-0.0255465079,-0.0190853048
9.9743804932,0.0069104992,0.0002712481,0.0004001296,-0.0107663134,-0.0308453999,-0.0148022780
9.9843778610,0.0023390462,-0.0038128435,0.0013975537,-0.0107889501,-0.0297404546,-0.0105598615
9.9944391251,-0.0013011287,-0.0058870460,0.0004482901,-0.0001982236,-0.0221184883,-0.0031774463
10.0043659210,-0.0020979980,-0.0077672652,0.0014531052,0.0135974828,-0.0155263655,0.0052693021
10.0145854950,-0.0040565915,-0.0016642478,0.0043442287,0.0315707587,0.0007495437,0.0168350097
10.0243568420,-0.0041095950,-0.0013132631,0.0013984478,0.0346957110,0.0093422337,0.0189018901
10.0344276428,-0.0012874196,-0.0019350802,0.0023828184,0.0240161680,0.0092729907,0.0199700836
10.0443372726,0.0044756643,-0.0016549821,0.0043647923,0.0133928191,0.0059208702,0.0125625012
10.0543384552,0.0054110698,-0.0045181890,0.0024287140,-0.0026107812,0.0089166602,0.0029952286
10.0643901825,0.0053257458,-0.0007036958,0.0043454207,-0.0142591819,-0.0008289118,-0.0011830050
10.0743560791,0.0044036023,0.0001095770,0.0043569840,-0.0173780099,-0.0104850009,-0.0032456231
10.0843200684,0.0055006854,-0.0019383156,0.0063479580,-0.0045620790,-0.0124962199,-0.0000543573
10.0943136215,0.0017126908,0.0019584759,0.0004478729,0.0135446191,-0.0091158701,0.0041618263
10.1043186188,-0.0011253098,0.0060618161,0.0004183090,0.0295504816,-0.0100245411,0.0084061064
10.1143999100,0.0009071489,0.0034982604,0.0024119650,0.0316574425,-0.0078436779,0.0115777981
10.1244335175,-0.0009684602,-0.0001122035,0.0034082569,0.0220157355,-0.0036430741,0.0115572922
10.1342544556,-0.0009469280,0.0010550437,0.0053504147,0.0081386678,-0.0037485352,0.0115667451
10.1442728043,-0.0019546489,0.0011154679,0.0063207187,0.0016392237,0.0089994846,0.0083014444
10.1542520523,-0.0020865093,0.0040365872,0.0033550896,-0.0005108798,0.0121606560,0.0050959303
10.1642780304,0.0007334759,0.0060199085,0.0023769175,0.0027437694,0.0078652436,-0.0001904448
10.1742820740,0.0006468107,0.0090211639,0.0023481287,0.0123523213,0.0068886625,0.0019340920
10.1843566895,0.0044614486,0.0101751890,0.0043190755,0.0188056938,0.0026270722,-0.0022923448
10.1949253082,0.0034808030,0.0123008322,0.0003762281,0.0262785237,0.0037274905,-0.0054923994
10.2049379349,0.0045059137,0.0076718316,-0.0015492403,0.0263432376,-0.0016704707,-0.0118317883
10.2141437531,0.0055527650,0.0039283377,-0.0015136563,0.0082489233,-0.0071736267,-0.0139077213
10.2246971130,0.0046372972,0.0009526568,0.0043755211,-0.0162873119,-0.0073997295,-0.0181386862
