0.0000000000,-0.0034215697,0.0185128022,0.0006244775,0.0205987189,0.0100573227,0.0060047461
0.0095959902,-0.0074903802,0.0138479164,-0.0013198856,0.0172556527,0.0237808581,-0.0003583449
0.0200359821,-0.0077974708,-0.0074080853,0.0026302333,0.0011421964,0.0342510752,-0.0003490238
0.0298070908,-0.0081499685,-0.0250988342,0.0056024785,-0.0479482263,0.0338445455,0.0028471688
0.0397490263,-0.0056001642,-0.0345720947,0.0007749792,-0.0907289535,0.0430419706,0.0060475562
0.0499780178,-0.0030340501,-0.0259716120,-0.0041034226,-0.1280155927,0.0363358669,0.0039300770
0.0601819754,0.0005083657,-0.0109414859,-0.0012074116,-0.1653238833,0.0317376517,-0.0003096756
0.0703730583,-0.0017154054,-0.0001678912,-0.0002759102,-0.2111219913,0.0216908753,-0.0151682496
0.0800840855,-0.0067653456,0.0032526788,0.0015991923,-0.2728986144,0.0082727391,-0.0374569781
0.0900959969,-0.0126602594,-0.0016173858,0.0083501935,-0.3165209293,-0.0060132565,-0.0544418208
0.1001080275,-0.0030020350,0.0001024690,0.0083176494,-0.3101931512,0.2004534304,-0.2943072021
0.1102310419,-0.0535557531,0.0032353618,0.0002449747,-0.2523708642,0.4869933128,-0.5277745724
0.1204620600,-0.1056496277,0.0091696447,-0.0185527802,-0.1413695812,0.2891925573,-0.2550177872
0.1305910349,-0.0577537753,0.0230322853,-0.0174572468,-0.0132883014,-0.0156144835,0.0198033825
0.1404830217,0.0085452106,0.0389398634,-0.0035855179,0.0695953444,0.0201046318,0.0166150462
0.1505750418,-0.0212814528,0.0281671770,0.0061150785,0.1001617759,0.0586126074,0.0229973122
0.1605610847,-0.0008332268,0.0102573065,-0.0026228430,0.0895028189,0.0575075932,0.0304313246
0.1706340313,0.0132601801,-0.0111931516,-0.0075151329,0.0426306501,0.0497604571,0.0442427434
0.1807240248,0.0246287789,-0.0286978185,-0.0083562732,-0.0329389423,0.0288634356,0.0325717069
0.1907920837,0.0389770344,-0.0301196426,-0.0157585740,-0.0881414786,-0.0014609154,0.0123963989
0.2009069920,0.0537487492,-0.0082283644,-0.0227771997,-0.1327677220,-0.0221789088,-0.0130845262
0.2109490633,0.0500169620,0.0179554950,-0.0213820934,-0.1208897606,-0.0370550603,-0.0322073549
0.2209880352,0.0396624357,0.0220099818,-0.0202380419,-0.0472636335,-0.0364169702,-0.0332893990
0.2309889793,0.0380196944,0.0197293554,-0.0144353509,0.0189409535,-0.0388835892,-0.0120714596
0.2412320375,0.0348787606,0.0131369391,-0.0083797574,0.0467092283,-0.0395999141,0.0038496493
0.2512770891,0.0311052818,0.0009091583,0.0026698108,0.0402329527,-0.0322149657,0.0059785806
0.2612490654,0.0218634102,-0.0047105374,0.0059527154,0.0359942131,-0.0354487076,0.0038540438
0.2713299990,0.0206873287,-0.0013355154,0.0004009005,0.0380469784,-0.0268935710,0.0112903882
0.2813900709,0.0189790074,0.0142984940,0.0015323159,0.0294025168,-0.0163648948,0.0102359094
0.2915080786,0.0092553925,0.0197829809,0.0015581247,0.0111010075,-0.0006152282,0.0091866245
0.3015099764,0.0048106513,0.0138736730,-0.0061984663,-0.0125871981,0.0203991774,0.0092037348
0.3115720749,0.0034198924,0.0022003960,-0.0090984106,-0.0265030153,0.0245150924,0.0081475256
0.3216950893,0.0081231277,0.0008182761,-0.0100281835,-0.0221681073,0.0182210431,0.0134522095
0.3317160606,0.0101063009,0.0043278234,-0.0031740074,-0.0317317843,0.0138654439,0.0092052668
0.3418020010,0.0085705388,0.0093062976,0.0133943558,-0.0253389459,0.0138395438,-0.0035392246
0.3518570662,0.0080041196,0.0086513804,0.0037004347,0.0151448315,0.0205182210,-0.0099169631
0.3619340658,0.0132559631,0.0133836539,-0.0030773287,0.0343516544,0.0217864178,-0.0035482794
0.3719950914,0.0139921885,0.0111487815,-0.0030755999,0.0365631431,0.0144126564,0.0017564712
0.3821290731,0.0101008061,0.0004194129,0.0027799602,0.0399444811,-0.0035889139,0.0028078207
0.3921450377,0.0093199629,-0.0030458446,0.0066896672,0.0390557833,-0.0216699131,-0.0025099793
0.4022020102,0.0114207584,0.0001952697,0.0027877684,0.0264152493,-0.0376488790,0.0049183755
0.4122980833,0.0154794622,0.0040278072,-0.0011113290,-0.0001745503,-0.0463283882,0.0112915868
0.4223370552,0.0108238813,0.0074096816,-0.0001779798,-0.0215846896,-0.0401688293,0.0081139691
0.4323899746,0.0060478500,0.0060133869,0.0046529765,0.0028804420,-0.0325828157,-0.0003828460
0.4424589872,0.0058792992,0.0009207625,0.0007638928,0.0369046144,-0.0194969736,0.0081093088
0.4525250196,0.0143596921,0.0018904035,0.0046997066,0.0250921641,-0.0109660700,0.0304143485
0.4626370668,0.0102172662,0.0000150401,0.0066656466,-0.0091373660,-0.0027492195,0.0346749388
0.4726530313,0.0051261126,-0.0098081594,0.0115385056,-0.0325918272,-0.0062619289,0.0155667597
0.4827280045,0.0049037165,-0.0100755868,0.0105634928,-0.0261736326,-0.0084468536,-0.0024854117
0.4927870035,0.0085585732,0.0051884362,0.0037317274,-0.0154938241,-0.0094423424,-0.0067358166
0.5028849840,0.0094056595,0.0185097922,-0.0011684302,0.0004746476,-0.0061243097,-0.0078021460
0.5129380226,0.0064072921,0.0145797329,-0.0031196480,0.0131624797,0.0056516556,-0.0088612856
0.5229890347,0.0013434491,0.0088005485,-0.0031100516,-0.0050490666,0.0129400622,-0.0056666909
0.5329869986,0.0019194051,-0.0050238548,-0.0030681496,-0.0306234043,0.0095956642,0.0038943239
0.5431770086,0.0075810119,-0.0131606637,-0.0030254130,-0.0465355515,-0.0000999067,0.0028315228
0.5532159805,0.0104933102,-0.0124084158,-0.0049852137,-0.0529090315,-0.0033734641,-0.0024774887
0.5632580519,0.0105284508,-0.0019807022,-0.0050110226,-0.0560688116,-0.0076735374,-0.0067256303
0.5733330250,0.0045629120,0.0090963254,-0.0099398494,-0.0348013416,-0.0000670168,-0.0077890302
0.5834250450,-0.0014594183,0.0066301124,-0.0128960609,0.0132141197,0.0014826767,0.0028175414
0.5934660435,0.0013640798,0.0037506532,-0.0099449158,0.0463297293,-0.0001772717,0.0293532778
0.6036480665,0.0062765121,0.0050245868,-0.0060296659,0.0420945026,-0.0022056685,0.0495281890
0.6136040688,0.0072431802,0.0015926037,-0.0079503059,0.0218057428,-0.0013563863,0.0442247689
0.6236870289,0.0041544079,-0.0057913242,-0.0088899136,0.0003811978,0.0057730293,0.0272453856
0.6338059902,0.0009684242,-0.0065475171,-0.0098627806,-0.0060428781,0.0066396217,0.0060114702
0.6438280344,0.0017403937,-0.0016493301,-0.0108276010,0.0078493673,0.0046536359,0.0081295492
0.6539280415,0.0015677600,0.0060817273,-0.0069470410,0.0152255250,0.0142956115,0.0123796873
0.6639569998,-0.0034921006,0.0080500999,-0.0001344088,0.0194014143,0.0239092223,0.0166310258
0.6739890575,-0.0047229142,0.0013350334,0.0028094645,0.0129784020,0.0259891525,0.0187572930
0.6840810776,-0.0011275099,0.0013536413,0.0057532783,0.0119568668,0.0217347518,0.0187564921
0.6942820549,0.0044693290,0.0014424894,0.0038462277,0.0162344370,0.0206902605,0.0155694885
0.7042200565,0.0091220792,0.0007589024,0.0029214020,0.0194179006,0.0217320211,0.0081353411
0.7142860889,0.0109266695,-0.0018869031,0.0097568631,0.0056166011,0.0141422795,0.0017642610
0.7243560553,0.0088512059,-0.0047676368,0.0107393265,-0.0060941977,0.0107729137,-0.0109753031
0.7346220016,0.0048860474,-0.0040064370,0.0058521028,-0.0113590015,0.0032508157,-0.0184103176
0.7445180416,0.0059744320,-0.0023036476,0.0068154926,-0.0070027094,-0.0051368098,-0.0088602202
0.7547590733,0.0120967906,0.0035001051,0.0068030949,0.0027298126,-0.0165785477,0.0134293726
0.7646319866,0.0162531342,0.0073988857,0.0048555727,0.0091507211,-0.0174938105,0.0272308718
0.7749780416,0.0144213568,0.0035976369,0.0116722584,0.0091613736,-0.0185548142,0.0272303391
0.7848150730,0.0095141437,0.0017266322,0.0145894289,0.0079862271,-0.0079535684,0.0272353999
0.7948260307,0.0063737868,0.0056704367,0.0135929585,-0.0018389728,0.0142782340,0.0325579904
0.8048790693,0.0041554919,0.0037604359,0.0077633257,0.0013285642,0.0174471959,0.0261884443
0.8151280880,0.0077871396,0.0009036635,0.0097458363,-0.0029942794,0.0227010790,0.0240685679
0.8250010014,0.0094002914,0.0008760367,0.0156179667,-0.0136882020,0.0246876646,0.0177021474
0.8350679874,0.0031392141,0.0054513002,0.0107129812,-0.0308101997,0.0287132990,0.0070905164
0.8451460600,-0.0022214749,0.0107851261,0.0019286271,-0.0383039340,0.0307496190,0.0039077061
0.8552720547,0.0003027185,0.0104127573,-0.0039104228,-0.0211180225,0.0203579627,0.0145161422
0.8652750254,0.0089669656,0.0102268467,-0.0058179502,-0.0112529546,-0.0037819268,0.0421090871
0.8753370047,0.0178368744,0.0119953053,0.0029597278,-0.0110255200,-0.0260145292,0.0495305173
0.8855149746,0.0161767732,0.0080000209,0.0010056492,-0.0024419399,-0.0312923826,0.0420920439
0.8953490257,0.0096227545,0.0012093980,0.0029313560,0.0062112035,-0.0429026969,0.0399604514
0.9055510759,0.0030824891,-0.0006145488,0.0058206315,0.0137193473,-0.0459586754,0.0495137423
0.9157130718,-0.0004140310,0.0062454874,0.0047977562,0.0104913292,-0.0427343845,0.0601341575
0.9257910252,-0.0019697943,0.0138811665,0.0028071995,-0.0056425780,-0.0301709250,0.0558984019
0.9358140230,-0.0047529214,0.0146162482,0.0125092268,-0.0175668821,-0.0122987153,0.0463541634
0.9458919764,-0.0079208296,0.0085272351,0.0271243453,-0.0104535539,0.0227316394,0.0389367938
0.9559299946,-0.0085094627,0.0025308107,0.0242458582,0.0127670811,0.0483938567,0.0378819183
0.9659500122,-0.0063254968,0.0054187225,0.0145290494,0.0083226385,0.0664558187,0.0474483930
0.9760249853,-0.0021691383,0.0033206616,-0.0029439335,-0.0257993788,0.0640978515,0.0570120700
0.9860839844,-0.0008228109,0.0037982774,-0.0048894291,-0.0662551150,0.0542375669,0.0633868128
0.9961770773,0.0046300194,-0.0008083831,-0.0029171114,-0.0575172827,0.0329328105,0.0389525779
1.0062620640,0.0093590152,0.0006022651,-0.0097349286,-0.0147566888,0.0246432573,0.0123938685
1.0162349939,0.0131716896,0.0071897889,-0.0175344944,0.0055443216,0.0215542540,-0.0003544167
1.0264130831,0.0131458435,0.0023411710,-0.0136276484,0.0119793974,0.0184341613,0.0007041232
1.0364140272,0.0170429479,-0.0110980039,-0.0164886117,0.0248089097,0.0164586306,0.0060088737
1.0465070009,0.0160435010,-0.0109132184,-0.0164957047,0.0152581483,0.0110839047,0.0081318794
1.0565590858,0.0120992381,-0.0021255377,-0.0145710707,-0.0070812451,0.0034057451,-0.0003606752
1.0666090250,0.0043038740,-0.0042459099,-0.0146093965,-0.0219224561,-0.0062534073,0.0028240660
1.0766789913,0.0014687753,-0.0084547875,-0.0116972327,-0.0473668277,-0.0223021470,0.0166258980
1.0867910385,-0.0003459476,-0.0070973029,-0.0000560287,-0.0728945583,-0.0298137255,0.0378639437
1.0968170166,-0.0031112903,-0.0048759086,0.0076893563,-0.0557736270,-0.0338532105,0.0463519692
1.1069380045,-0.0040160739,-0.0003458734,0.0232334137,-0.0143329268,-0.0154184094,0.0516600497
1.1169470549,-0.0092403237,0.0027963121,0.0359025002,0.0246341787,0.0357853919,0.0410577394
1.1270630360,-0.0198022891,0.0012853940,0.0320152640,0.0369452015,0.0846125185,0.0272764787
1.1371070147,-0.0218833666,-0.0080599552,0.0184660554,0.0366027206,0.1185438484,0.0241081156
1.1471940279,-0.0094432067,-0.0233761203,-0.0067237620,0.0151018742,0.1343146265,0.0304916464
1.1572680473,0.0059201024,-0.0272995811,-0.0329024196,-0.0286509339,0.1339255422,0.0294407643
1.1673830748,0.0095899943,-0.0171741601,-0.0358107090,-0.0968251154,0.1204496175,0.0071554976
1.1773490906,0.0076006255,-0.0105588762,-0.0299959183,-0.1425481290,0.1017832458,-0.0278815832
1.1874240637,0.0038252971,-0.0080449721,-0.0173943639,-0.1413456053,0.0868296027,-0.0448800065
1.1975259781,0.0081466492,-0.0033984806,-0.0028125052,-0.1037351117,0.0617609955,-0.0342840888
1.2075849771,0.0157272127,-0.0011999037,0.0108324885,-0.0491142087,0.0443856046,-0.0056373957
1.2176340818,0.0136791002,-0.0003250975,0.0088625550,0.0043652607,0.0332567841,0.0060232552
1.2277899981,0.0076938733,0.0000887115,-0.0018392209,0.0333192796,0.0197427738,0.0102566816
1.2377780676,0.0046492829,-0.0049565723,0.0040415521,0.0613352023,-0.0064845695,0.0187308621
1.2478920221,0.0087039452,-0.0156590026,0.0216526985,0.0702541843,-0.0445913412,0.0208322275
1.2579060793,0.0081174802,-0.0158463549,0.0460209250,0.0500794053,-0.0554546416,0.0091521358
1.2680259943,0.0017556450,-0.0153032197,0.0518400073,0.0434920490,-0.0387357846,-0.0216295458
1.2780160904,-0.0060329498,-0.0118841259,0.0381911397,0.0641299486,0.0302566011,-0.0460217036
1.2881150246,-0.0115617719,-0.0043896316,0.0099563003,0.0902679935,0.0846139193,-0.0438768603
1.2981719971,-0.0096667390,0.0032026928,-0.0084838271,0.0803533122,0.1164778396,-0.0258078445
1.3080800772,-0.0021459837,-0.0040725796,-0.0161597133,0.0257770494,0.1320145875,-0.0109211747
1.3181450367,0.0034401654,-0.0218653325,-0.0209546089,-0.0861644000,0.1204327643,-0.0098367352
1.3282489777,0.0082346406,-0.0386572666,-0.0209130049,-0.1776162833,0.0866223425,-0.0278809834
1.3384350538,0.0124781113,-0.0415247306,-0.0121871233,-0.2273003459,0.0383922905,-0.0353267156
1.3486390114,0.0173250176,-0.0125559298,-0.0084336996,-0.2225371748,-0.0103711197,-0.0342890173
1.3585730791,0.0158567838,0.0272698682,-0.0018237833,-0.1943018138,-0.0589349270,-0.0343204401
1.3686670065,0.0039759851,0.0433361381,0.0194275379,-0.1204050854,-0.0848234519,-0.0354142673
1.3786830902,0.0011270321,0.0397009961,0.0290947556,-0.0476246253,-0.1053750664,-0.0301340166
1.3887770176,0.0021984181,0.0259836856,0.0378592610,-0.0027404260,-0.1101361960,-0.0067882808
1.3988720179,0.0111628789,0.0138408625,0.0427743196,0.0475605614,-0.1233942136,0.0080575105
1.4088879824,0.0142443459,0.0119060697,0.0457145572,0.0827114135,-0.1166919693,0.0122981947
1.4189699888,0.0123011190,0.0151152508,0.0457254052,0.1071349978,-0.1048480943,0.0059271147
1.4290519953,0.0092346054,0.0093855122,0.0282170177,0.0919738859,-0.0826912522,0.0070044966
1.4390810728,0.0079152938,0.0010486331,0.0106998086,0.0384922847,-0.0703906491,0.0123332152
1.4491140842,0.0095214080,-0.0118926307,0.0067890878,-0.0276821274,-0.0687785745,0.0229700822
1.4592320919,0.0101606790,-0.0165832583,0.0067449207,-0.0639884695,-0.0670081005,0.0176711902
1.4693530798,0.0079153385,-0.0077792509,0.0046944614,-0.0734781623,-0.0799330920,0.0006766260
1.4793649912,0.0057285852,0.0088820131,-0.0012616519,-0.0627871677,-0.0819826573,-0.0025125092
1.4894270897,0.0035203486,0.0169038866,-0.0081729293,-0.0574666783,-0.0797664449,0.0049207062
1.4996349812,0.0062332689,0.0104448544,-0.0082179308,-0.0488060825,-0.0912798196,0.0176543444
1.5096189976,0.0060966848,0.0021906097,-0.0072835092,-0.0381435044,-0.0900978446,0.0218993556
1.5197020769,0.0030348129,0.0096125538,-0.0102798939,-0.0328030661,-0.0911884084,0.0102176666
1.5297859907,0.0028406470,0.0094783204,0.0013511177,-0.0168431960,-0.0868599042,0.0017213176
1.5397530794,0.0035542450,0.0017757800,0.0081579685,-0.0019971374,-0.0771526843,0.0059695924
1.5498470068,0.0012388318,-0.0040071933,0.0023064015,0.0032071592,-0.0632302016,0.0187170785
1.5599030256,0.0066273748,-0.0127096465,0.0032934542,0.0127223674,-0.0535072722,0.0325229056
1.5700700283,0.0079719666,-0.0147082163,0.0100935102,-0.0098542608,-0.0366713032,0.0410311706
1.5800319910,-0.0006165378,-0.0102078384,0.0071068997,-0.0409266949,-0.0253813621,0.0240559168
1.5901380777,-0.0073229321,-0.0078827804,0.0011982914,-0.0688069537,-0.0129887406,0.0092041343
1.6001579762,-0.0042957724,-0.0009125459,-0.0066418056,-0.0730973035,-0.0109109422,0.0081444625
1.6102499962,-0.0002605267,0.0022495177,-0.0164174438,-0.0506328195,-0.0159780737,0.0145064211
1.6202419996,0.0038502044,0.0038008590,-0.0193606019,-0.0281224549,-0.0252690427,0.0240522549
1.6303780079,0.0089916456,0.0064850831,-0.0164554715,-0.0301942863,-0.0305532869,0.0304230694
1.6404190063,0.0082659218,0.0043648044,-0.0135627389,-0.0259188488,-0.0316254757,0.0229888558
1.6505010128,0.0065578721,-0.0015069160,-0.0145366788,-0.0045822412,-0.0314867236,0.0155501142
1.6604809761,0.0068704649,0.0005241197,-0.0155226588,0.0071439231,-0.0303439610,0.0123623107
1.6706050634,0.0042936630,0.0065500634,-0.0155598521,0.0167866703,-0.0345239937,0.0091715110
1.6807570457,-0.0022152201,0.0077352719,-0.0107132196,0.0210029874,-0.0291678440,0.0112967137
1.6907910109,-0.0019994290,0.0021457982,-0.0019392971,0.0208999496,-0.0185448285,0.0134265097
1.7008529902,-0.0009143897,0.0003184427,-0.0116698742,0.0122446753,-0.0069622067,0.0113108940
1.7109180689,-0.0038991706,0.0060855234,-0.0224103928,-0.0092683667,0.0098345494,0.0123863462
1.7209839821,-0.0040688948,0.0087238522,-0.0272829533,-0.0370451361,0.0127821360,0.0134566706
1.7310540676,-0.0052716569,0.0082785683,-0.0292489529,-0.0499714315,0.0242999084,0.0070947781
1.7411119938,-0.0045608119,0.0009908315,-0.0341129899,-0.0488808639,0.0222149193,0.0113406554
1.7511930466,0.0001241989,0.0062001022,-0.0302317142,-0.0690641627,0.0136398077,0.0251448844
1.7612270117,0.0009875237,0.0141816298,-0.0263929963,-0.0776086524,0.0146677876,0.0315183625
1.7713270187,-0.0011383989,0.0153943384,-0.0244887471,-0.0648437738,0.0190016162,0.0283331536
1.7813950777,-0.0023261108,0.0129090408,-0.0235330462,-0.0499343313,0.0223358944,0.0315164290
1.7914290428,-0.0045451731,0.0134299407,-0.0079720616,-0.0488664284,0.0223876238,0.0378861129
1.8014870882,-0.0038649575,0.0091060037,-0.0001884106,-0.0297859441,0.0352874435,0.0378877074
1.8117340803,-0.0022756332,0.0059318962,-0.0099036694,-0.0117553594,0.0460502766,0.0368254445
1.8216570616,0.0011771447,0.0106815742,-0.0108659267,-0.0117670773,0.0470974334,0.0347023718
1.8317240477,0.0026819608,0.0114929015,-0.0079260468,-0.0159582552,0.0396392494,0.0357623063
1.8418049812,0.0052641346,0.0015870493,0.0018416044,-0.0147254765,0.0226102006,0.0261972994
1.8519290686,0.0089945365,-0.0083561046,0.0135663152,-0.0231129434,0.0076672025,0.0240689013
1.8620420694,0.0099548791,-0.0105361706,0.0184342265,-0.0144811049,-0.0018211077,0.0219383724
1.8719940186,0.0119918790,-0.0087551316,0.0174455643,-0.0048504751,-0.0037970403,0.0314912647
1.8820370436,0.0110755581,-0.0049371114,0.0135332942,0.0047334423,-0.0015772954,0.0336135365
1.8921179771,0.0071897670,-0.0029606509,0.0125428438,0.0079423916,-0.0026305756,0.0304262657
1.9021980762,0.0052293367,-0.0020380493,0.0096112490,-0.0048871199,-0.0006550427,0.0251215156
1.9123110771,0.0032718121,-0.0012765813,0.0076313014,-0.0187524967,-0.0018858225,0.0176919624
1.9223320484,0.0013125031,-0.0034136761,0.0134624243,-0.0208457410,-0.0061692507,0.0145049570
1.9323860407,-0.0006131478,-0.0016319926,0.0192936659,-0.0239991099,-0.0115430439,0.0081315460
1.9424610138,-0.0015404173,0.0040725851,0.0173158050,-0.0112042185,-0.0103701875,0.0081288833
1.9525340796,-0.0044293613,0.0089237290,0.0085273385,0.0037294300,-0.0091376100,0.0144969672
1.9625769854,-0.0033858479,0.0128781581,0.0065766568,0.0059654200,-0.0185918324,0.0261714663
1.9729750156,-0.0013058358,0.0100394981,0.0104802847,0.0070234416,-0.0174864866,0.0314803459
1.9825670719,0.0017330027,0.0033330184,0.0056458707,0.0143942721,-0.0079137553,0.0251124594
1.9927970171,-0.0001876638,-0.0043185754,0.0027383561,0.0068837330,-0.0037143491,0.0283019952
2.0028491020,0.0027362718,-0.0024475891,0.0066241021,-0.0208994299,0.0003496348,0.0378672704
2.0129370689,0.0056583486,-0.0046886718,0.0066224332,-0.0326645859,0.0034780502,0.0453049466
2.0229139328,0.0085373949,-0.0088967448,0.0095492005,-0.0273193531,0.0024498035,0.0431794785
2.0332770348,0.0104901511,-0.0053095138,0.0085552335,-0.0219516456,-0.0007150972,0.0389301367
2.0431749821,0.0085506495,0.0011284661,0.0075416560,-0.0337023102,0.0002226019,0.0357481912
2.0531890392,0.0046365499,0.0007154692,0.0133443475,-0.0379445404,-0.0030241241,0.0314991884
2.0632638931,0.0017463281,0.0003318425,0.0113654733,-0.0346808359,-0.0093829539,0.0283097848
2.0733430386,-0.0001492001,0.0019542549,0.0113283992,-0.0304452386,-0.0062050037,0.0219403021
2.0834131241,0.0008335612,-0.0021498564,0.0093778372,-0.0166588519,0.0023903486,0.0198174957
2.0934519768,0.0046541407,-0.0042648455,0.0006306168,-0.0188566800,0.0087447176,0.0208829623
2.1035380363,0.0084517654,-0.0015967216,-0.0022926335,-0.0380447507,0.0064410833,0.0187630858
2.1136109829,0.0103187989,-0.0009799812,-0.0042643552,-0.0401200727,-0.0000058305,0.0092041343
2.1236569881,0.0122868773,-0.0052367738,-0.0032960181,-0.0325473770,-0.0105990861,0.0017643278
2.1337540150,0.0134369079,-0.0083855530,0.0025393961,-0.0185234919,-0.0253398158,0.0006925385
2.1438179016,0.0108229984,-0.0065616583,0.0093211532,-0.0119880931,-0.0379536115,0.0102407690
2.1538600922,0.0073267869,0.0010789123,0.0082879663,-0.0109023219,-0.0400511175,0.0123617118
2.1639270782,0.0018588654,0.0078116963,0.0062814946,-0.0055672126,-0.0400114357,0.0112985773
2.1739811897,0.0032384335,0.0097905258,0.0033369060,0.0104766292,-0.0430350564,0.0144795906
2.1840438843,0.0065248325,0.0089978362,0.0004347559,0.0274979565,-0.0375739783,0.0155397952
2.1941399574,0.0077931485,0.0044313939,-0.0073400144,0.0295301080,-0.0280325375,0.0112953819
2.2042720318,0.0020863130,-0.0011861089,-0.0053966646,0.0080905976,-0.0186837781,0.0091818972
2.2143411636,-0.0037456066,-0.0030801098,-0.0015211109,-0.0080661355,-0.0039906520,0.0060082744
2.2243309021,-0.0067899884,-0.0031652253,-0.0093157887,-0.0104283588,0.0182163827,-0.0024744261
2.2344470024,-0.0099579785,-0.0023131210,-0.0151700974,-0.0083542103,0.0246281438,0.0017760455
2.2444720268,-0.0062807077,-0.0005845341,-0.0132205486,-0.0264256224,0.0181798302,0.0134572033
2.2546060085,-0.0045058788,-0.0039009068,-0.0034900312,-0.0466365889,0.0116365105,0.0134592662
2.2646410465,-0.0055603073,-0.0015234340,-0.0015684370,-0.0507580973,-0.0032825177,0.0092056654
2.2746858597,-0.0025978149,0.0028385383,-0.0006400350,-0.0410825424,-0.0106245195,0.0091984086
2.2848000526,0.0014088056,0.0084127346,0.0022676585,-0.0165108852,-0.0124490513,0.0219328459
2.2949690819,0.0054638959,0.0113140801,0.0022597904,0.0069748387,-0.0121831344,0.0314846709
2.3049480915,0.0055973246,0.0075266371,0.0003234741,0.0154852364,-0.0088563142,0.0421021618
2.3165800571,0.0017350442,-0.0000449780,0.0091044903,0.0186060350,-0.0014347495,0.0367948823
2.3251271248,-0.0021887445,-0.0037477750,0.0052120681,0.0195639729,0.0091499835,0.0314909294
2.3350870609,-0.0042281547,0.0002326530,-0.0035493975,0.0045856368,0.0132691618,0.0325598568
2.3451061249,-0.0004032426,-0.0017195258,-0.0103486776,-0.0007287012,0.0111005493,0.0325601250
2.3553400040,0.0044081858,-0.0067144400,-0.0112996101,-0.0198549926,0.0024529994,0.0336211249
2.3654990196,0.0053957715,-0.0108903935,-0.0064376001,-0.0293345153,-0.0104044750,0.0272463188
2.3756761551,0.0094282981,-0.0112586683,-0.0025615697,-0.0270712506,-0.0231823232,0.0176853035
2.3852539062,0.0076741590,-0.0056773191,0.0012879964,-0.0164260641,-0.0210294239,0.0081274845
2.3953280449,-0.0009922632,-0.0029096890,-0.0065539484,-0.0090924120,-0.0082718171,0.0017593342
2.4053900242,-0.0087825563,-0.0058503961,-0.0075482135,0.0004307861,0.0003554937,0.0102556171
2.4155189991,-0.0088397581,-0.0057992851,0.0021894572,0.0057229139,0.0057890080,0.0229997747
2.4257609844,-0.0059543611,0.0001055833,0.0012205836,0.0110596223,0.0058494620,0.0251220483
2.4358260632,-0.0001490213,0.0031886261,0.0002886649,0.0164111368,0.0037333141,0.0187480375
2.4458470345,0.0037211939,0.0053396979,0.0003038641,0.0111143757,-0.0006057743,0.0113146231
2.4559121132,0.0075672581,0.0025489938,0.0013064143,0.0035913456,0.0045983754,0.0060111373
2.4659619331,0.0074641868,-0.0032763619,0.0071690674,-0.0092477528,0.0076487600,0.0028305242
2.4760429859,0.0063941455,-0.0062847501,0.0120483637,-0.0167570971,0.0107265096,-0.0035383587
2.4862289429,0.0063376143,-0.0054787463,0.0081346631,-0.0167688131,0.0117736645,-0.0056614312
2.4962310791,0.0092572216,0.0021626886,0.0071511264,-0.0124112694,0.0033500185,-0.0014189488
2.5061800480,0.0092636365,0.0079034576,0.0071288343,-0.0059637567,-0.0008103717,0.0028245319
2.5163609982,0.0053854450,0.0098516801,0.0051608081,0.0121692009,0.0004082241,0.0028214029
2.5263671875,0.0014774515,0.0051188851,-0.0006744269,0.0186183117,-0.0037313933,0.0102502909
2.5364370346,0.0044542975,0.0013788131,-0.0035642986,0.0155066485,-0.0121565033,0.0240493938
2.5464940071,0.0045600063,0.0014323529,0.0051902528,-0.0121827694,-0.0176692456,0.0293626655
2.5565981865,0.0056690178,0.0012363058,0.0119894743,-0.0313949473,-0.0178996753,0.0198115725
2.5667049885,0.0018661483,-0.0019541222,0.0100138783,-0.0207934342,-0.0115166120,0.0081322789
2.5767560005,0.0038797534,-0.0001944069,0.0031812186,-0.0091352351,-0.0028709262,0.0166282952
2.5867691040,0.0067892014,0.0103764618,0.0051117535,-0.0069961846,-0.0027899658,0.0261839814
2.5968949795,0.0068280823,0.0123089710,0.0051086540,0.0144199710,-0.0100657884,0.0208665151
2.6069169044,0.0059472970,0.0066689784,0.0031797288,0.0272100680,-0.0089552505,0.0113076316
2.6169860363,0.0099633541,0.0001113128,0.0051581855,0.0198115408,-0.0164890662,0.0049349540
2.6269760132,0.0091640968,-0.0056459298,0.0061464901,-0.0026002908,-0.0167125054,0.0006933374
2.6371550560,0.0064457818,-0.0096696680,0.0041758413,-0.0174628347,-0.0253922138,-0.0088645481
2.6471881866,0.0037537641,-0.0079002669,0.0051133628,-0.0228208452,-0.0233306605,-0.0109857563
2.6572680473,0.0029811761,0.0005817350,0.0050561423,-0.0335635878,-0.0159837306,-0.0088550262
2.6673212051,0.0001169495,0.0070493082,0.0098813772,-0.0283328705,-0.0053063203,-0.0056656254
2.6774311066,-0.0008435905,0.0010086384,0.0089053512,-0.0038185539,-0.0018812953,-0.0014228770
2.6874289513,0.0010984107,0.0019429710,0.0089040995,0.0004760604,-0.0039037000,0.0081312135
2.6974601746,0.0011423468,0.0058071027,0.0069478150,-0.0047594747,-0.0134368185,0.0176837724
2.7075848579,0.0051857731,0.0038230133,0.0108445287,-0.0099806013,-0.0251890812,0.0123702325
2.7176570892,0.0044656037,0.0027571109,0.0059598680,-0.0131001491,-0.0337465480,0.0059958906
2.7277431488,0.0048628538,0.0056033069,0.0030074115,-0.0033905301,-0.0442865416,0.0038645631
2.7377800941,0.0072750053,0.0115323747,0.0010395643,0.0254323296,-0.0450744368,0.0070415810
2.7478299141,0.0067185997,0.0157590378,0.0010260340,0.0477791801,-0.0384988263,0.0091627883
2.7579500675,0.0011649258,0.0133376876,-0.0009093884,0.0498019606,-0.0267898403,0.0123549867
2.7679991722,-0.0025291764,0.0011057567,0.0030109282,0.0262644067,-0.0205873381,0.0187348556
2.7780609131,-0.0023646266,-0.0066005280,0.0030229683,-0.0015312713,-0.0166113731,0.0144947032
2.7881169319,-0.0002633281,-0.0077582737,0.0010659691,-0.0260549895,-0.0189616121,0.0123761585
2.7982521057,0.0028436645,-0.0042324876,-0.0009180907,-0.0399191417,-0.0201714858,0.0081318794
2.8082261086,0.0040295213,0.0049893493,-0.0019531848,-0.0516229346,-0.0234224070,0.0134422220
2.8183941841,0.0032090037,0.0083604390,-0.0010342005,-0.0399551988,-0.0158871245,0.0145060224
2.8283729553,-0.0006508328,0.0118805775,-0.0020530825,-0.0208864324,-0.0019401512,0.0123845479
2.8384461403,-0.0016692528,0.0116816396,-0.0049930220,-0.0060366467,0.0078155398,0.0240654387
2.8485579491,0.0011984310,0.0106926421,-0.0069125895,0.0025147628,0.0068775751,0.0314953923
2.8585839272,0.0040763929,0.0087350691,-0.0069112782,-0.0113164438,0.0025199114,0.0325579271
2.8686962128,0.0031024865,0.0047148401,-0.0010625127,-0.0197490752,-0.0081923874,0.0283075217
2.8787450790,0.0032111681,-0.0003405426,0.0008714196,-0.0217886865,-0.0177809652,0.0251179859
2.8889241219,0.0014320253,0.0033631411,0.0018105503,-0.0078611514,-0.0229440369,0.0282972679
2.8989310265,0.0036276183,0.0091271633,0.0017946955,0.0039005121,-0.0249357484,0.0325404182
2.9089009762,0.0038451231,0.0072115520,0.0027608867,0.0124524552,-0.0258667879,0.0410321727
2.9190449715,0.0040833517,0.0014146131,0.0008148547,0.0060068597,-0.0216715112,0.0420974344
2.9290649891,0.0033237687,-0.0034880775,-0.0011364821,-0.0035482962,-0.0271158107,0.0336027518
2.9391760826,0.0064955330,-0.0055363690,0.0037245746,-0.0077892188,-0.0304128062,0.0219229273
2.9490151405,0.0038381084,-0.0036646116,0.0007610318,-0.0025015138,-0.0261914283,0.0113057010
2.9592661858,0.0010989807,0.0002031934,0.0007342693,-0.0015549464,-0.0145525495,0.0049404134
2.9693140984,-0.0027634972,0.0001143378,-0.0051305299,-0.0092181927,0.0044594915,0.0017664582
2.9794721603,-0.0058315271,-0.0000641186,-0.0051363115,-0.0167921167,0.0150318416,0.0060209911
2.9894490242,-0.0040406422,-0.0031736705,-0.0080537796,-0.0135768820,0.0140403463,0.0123904739
2.9996528625,0.0027021035,-0.0023508433,-0.0129091740,-0.0102978637,0.0066686501,0.0166334882
3.0114340782,0.0066280863,0.0043140659,-0.0119432807,-0.0197102763,-0.0125133004,0.0166262984
3.0216350555,0.0067872009,0.0070647681,-0.0090494156,-0.0185501240,-0.0220875647,0.0113121588
3.0299649239,0.0060381978,0.0050413916,-0.0061382060,-0.0003460841,-0.0283089746,0.0091808327
3.0403552055,0.0033999919,0.0041657472,-0.0042104726,0.0167623293,-0.0313365906,0.0102374405
3.0504920483,0.0007906645,0.0053284029,-0.0090954900,0.0231704265,-0.0312114190,0.0208538659
3.0602269173,0.0000639721,0.0065533379,-0.0052014594,0.0283874534,-0.0195074938,0.0187346563
3.0697960854,-0.0026833811,0.0059250453,-0.0052026515,0.0411264151,-0.0130642420,0.0134256436
3.0798480511,-0.0036156275,0.0053671384,-0.0022487645,0.0388942361,-0.0035331212,0.0134302378
3.0899040699,-0.0055968859,0.0008148339,-0.0041791205,0.0271036215,0.0016832126,0.0155594349
3.0999431610,-0.0056924582,-0.0068130931,0.0016928312,0.0067691370,0.0079130791,0.0219391044
3.1100490093,-0.0038577006,-0.0116738295,0.0075713391,0.0014478751,0.0068539395,0.0293725207
3.1201500893,0.0008821539,-0.0068605160,0.0075771208,-0.0018709842,0.0184757747,0.0261942372
3.1303329468,0.0035943105,-0.0040275147,-0.0001970533,-0.0072519016,0.0226385631,0.0208886880
3.1404659748,0.0043948120,-0.0013182897,-0.0060583954,-0.0232165661,0.0182477422,0.0198288169
3.1504979134,0.0082565155,-0.0035793025,-0.0070229177,-0.0304196198,-0.0083356649,0.0208791662
3.1604261398,0.0123284925,-0.0047857678,-0.0041186218,-0.0121267643,-0.0241605006,0.0102476273
3.1704969406,0.0107271243,-0.0018618989,-0.0021997099,0.0136537002,-0.0409266986,0.0081091095
3.1806459427,0.0101721343,0.0061259428,0.0016668435,0.0210785139,-0.0366521254,0.0028004304
3.1906499863,0.0007208638,0.0093133012,0.0016219016,0.0273406710,-0.0228308514,-0.0014414524
3.2007021904,-0.0060143159,0.0018586305,0.0035746093,0.0281929895,-0.0016292939,-0.0056781424
3.2109651566,-0.0070376755,-0.0037338722,0.0045840140,0.0142260408,0.0078193359,-0.0024844795
3.2210290432,-0.0032407255,-0.0017509076,0.0026558633,-0.0050460855,0.0140388822,0.0007083843
3.2310330868,0.0005012132,0.0001135480,0.0036363001,-0.0103955762,0.0150117343,-0.0056605656
3.2411689758,0.0032411790,0.0029015925,0.0055900211,-0.0210747980,0.0159999002,-0.0024715632
3.2512159348,0.0020942590,0.0045780623,0.0046057100,-0.0317093320,0.0127859972,0.0070857229
3.2612361908,0.0039100102,-0.0006320167,-0.0002616647,-0.0305970088,0.0086072981,0.0155771449
3.2710950375,0.0058090477,0.0009913754,0.0036242004,-0.0272400938,-0.0061356951,0.0283105187
3.2814159393,0.0059335283,0.0056462670,0.0104066730,-0.0100014815,-0.0218819678,0.0314848050
3.2914910316,0.0062231026,0.0125193754,0.0084294081,0.0284875873,-0.0290011317,0.0272242799
3.3015220165,0.0094659682,0.0178032983,0.0074644084,0.0530964471,-0.0351175442,0.0325233713
3.3116278648,0.0127211455,0.0125429416,0.0055646296,0.0648023710,-0.0318389274,0.0314602368
3.3217639923,0.0100257415,-0.0014240432,0.0056069489,0.0572531074,-0.0245394688,0.0219096094
3.3317651749,0.0072494610,-0.0117029464,0.0085694790,0.0240725204,-0.0153278615,0.0144900428
3.3418321609,0.0044316142,-0.0174755361,0.0124572515,-0.0090490021,-0.0113806576,0.0134395594
3.3518719673,0.0015737019,-0.0157614779,0.0124232769,-0.0304693412,-0.0041816006,0.0070778001
3.3619251251,-0.0013646581,-0.0074143102,0.0026335714,-0.0380364209,0.0053026481,0.0070839920
3.3725461960,0.0005259044,0.0009115052,0.0016179677,-0.0358781889,0.0032339045,0.0123914052
3.3821580410,0.0004485972,0.0034731415,0.0035506482,-0.0177141018,0.0013409299,0.0230025053
3.3921298981,0.0033649965,0.0052447775,0.0064687724,-0.0101243593,-0.0102302385,0.0283037927
3.4022300243,0.0063739098,0.0080727870,0.0064594741,-0.0079258401,-0.0166204274,0.0219305158
3.4122610092,0.0075445375,0.0041623721,0.0015808340,-0.0035678428,-0.0262152646,0.0091830287
3.4223818779,0.0088191908,-0.0045239842,-0.0022910838,0.0050830357,-0.0378176570,0.0081122387
3.4324259758,0.0102180783,-0.0063642776,-0.0061958437,0.0104943132,-0.0451842286,0.0102307834
3.4424901009,0.0038623004,0.0025419530,-0.0033447151,0.0148497531,-0.0536426939,0.0091644526
3.4525589943,-0.0015346953,0.0095435539,0.0024534459,0.0254209042,-0.0440558456,0.0006721653
3.4625968933,-0.0089529250,0.0069071883,-0.0004940632,0.0327735171,-0.0323408693,-0.0025087143
3.4726650715,-0.0107142646,0.0023216766,0.0073074098,0.0208662599,-0.0154465716,0.0006881442
3.4827599525,-0.0106571522,-0.0024219665,0.0141454339,0.0047335755,-0.0028124033,0.0070689451
3.4927959442,-0.0067581930,-0.0072981259,0.0044282074,-0.0006755712,0.0045818635,0.0091976095
3.5028939247,0.0000599302,-0.0024915177,-0.0053051715,-0.0038017482,-0.0028448934,0.0134413568
3.5130240917,0.0059960834,0.0052090893,-0.0092031956,-0.0100628398,-0.0166523177,0.0198068433
3.5231499672,0.0061751916,0.0060659060,-0.0062936549,-0.0110226972,-0.0272719394,0.0198020507
3.5330801010,0.0074492781,0.0030350771,-0.0024122598,-0.0035000658,-0.0325186327,0.0187357198
3.5431740284,0.0067934333,0.0010569778,-0.0034099822,0.0007256512,-0.0282372683,0.0187367201
3.5532011986,0.0032034307,0.0030105722,-0.0112368464,0.0092546903,-0.0270670746,0.0240441337
3.5632920265,0.0034890338,0.0069595585,-0.0102882385,0.0039138282,-0.0260119308,0.0304176100
3.5734682083,0.0027304157,0.0070218900,-0.0083456039,0.0070379823,-0.0185915660,0.0251115281
3.5834519863,0.0018981709,-0.0006309587,-0.0063933735,0.0176538471,-0.0132139120,0.0219259206
3.5933210850,-0.0009636976,-0.0043830862,-0.0073645120,0.0165451728,-0.0089653702,0.0240519233
3.6035661697,0.0019913628,-0.0033230099,-0.0102739334,0.0068627466,-0.0016280287,0.0229951143
3.6136331558,0.0009637750,-0.0004283253,-0.0112478137,-0.0028074579,0.0046264054,0.0187534988
3.6236400604,-0.0011216910,-0.0004913125,-0.0073551540,-0.0114513598,0.0151050780,0.0102679338
3.6337680817,-0.0022432231,-0.0045321053,-0.0073567037,-0.0167790130,0.0139628481,0.0049597216
3.6438579559,-0.0024169409,-0.0095880097,-0.0024792554,-0.0221265610,0.0149634648,0.0028379145
3.6538739204,-0.0015439563,-0.0069277724,-0.0054190760,-0.0241830554,0.0075593446,0.0092055323
3.6639690399,0.0013534478,0.0016384583,-0.0054291491,-0.0080685606,-0.0028899009,0.0123814186
3.6740388870,0.0023701354,0.0113499919,-0.0015573505,0.0026352173,-0.0059727766,0.0134389596
3.6840829849,0.0014373451,0.0115243280,0.0052553411,0.0272410698,-0.0121308034,0.0123673044
3.6941590309,0.0004944630,0.0031555456,0.0140637755,0.0388825461,-0.0024930900,0.0102455635
3.7042388916,-0.0014880844,-0.0023669291,0.0140860081,0.0162990727,0.0142314956,0.0017655927
3.7143020630,-0.0046038278,-0.0043012192,0.0033893581,-0.0083583370,0.0245371293,-0.0120263863
3.7243518829,-0.0038328976,-0.0034515399,-0.0092671514,-0.0147611089,0.0244812015,-0.0120247882
3.7344400883,0.0047766841,0.0012816426,-0.0053433781,-0.0146710947,0.0160554945,-0.0024728281
3.7445189953,0.0066410205,0.0041463980,0.0043905969,0.0025533782,0.0013572415,-0.0014224775
3.7545452118,0.0047005615,0.0042158077,0.0063304896,0.0122001469,-0.0028028823,-0.0014270049
3.7646410465,0.0008585319,-0.0005818147,0.0053549404,0.0037365947,-0.0102613978,0.0049406798
3.7747089863,-0.0010177852,0.0013166007,0.0131260157,-0.0122431703,-0.0124470536,0.0166234355
3.7847461700,-0.0018046857,-0.0026659060,0.0033767219,0.0038643470,-0.0218223799,0.0219243895
3.7948420048,0.0053439788,-0.0005662504,0.0053375955,0.0221370943,-0.0343474895,0.0293460879
3.8049020767,0.0076594814,0.0054826075,0.0092210174,0.0232342631,-0.0375560708,0.0240354780
3.8149540424,0.0021424307,-0.0010115046,-0.0005258325,0.0488080643,-0.0342185944,0.0134126609
3.8250451088,0.0014357506,-0.0044321259,-0.0034251814,0.0423333645,-0.0268057548,0.0197886024
3.8351120949,0.0016914955,0.0054290155,-0.0063741212,-0.0014284998,-0.0261130668,0.0219236575
3.8451771736,0.0019316054,-0.0082153743,-0.0063610678,0.0017893175,-0.0282978565,0.0081190960
3.8552150726,0.0080737155,-0.0227024611,-0.0043734913,0.0146140354,-0.0303357057,0.0038676257
3.8652980328,0.0083654914,-0.0167388972,-0.0004922751,0.0049826084,-0.0283452608,-0.0035623275
3.8752920628,0.0007553115,-0.0021241147,0.0033243890,-0.0004435824,-0.0199730806,-0.0141747585
3.8852691650,-0.0069482052,0.0056753838,0.0062019224,0.0057962309,-0.0040507731,-0.0216007829
3.8953151703,-0.0069700130,-0.0010101113,0.0032976265,0.0206518769,0.0045815976,-0.0194766466
3.9053990841,0.0017921082,-0.0143282106,-0.0034384136,0.0302975774,0.0016071127,-0.0003681986
3.9157450199,0.0125788245,-0.0112880832,0.0034323926,-0.0058386410,-0.0124130985,0.0134376278
3.9257709980,0.0136866476,-0.0084622940,0.0102221966,-0.0121996021,-0.0178980120,-0.0056765443
3.9358460903,0.0069964095,-0.0074525243,0.0043418403,0.0058776694,-0.0125730215,-0.0269144550
3.9458651543,0.0021851598,0.0004850339,0.0072457786,0.0111288903,-0.0040529035,-0.0290344656
3.9559259415,-0.0036221654,0.0025312838,0.0052660103,0.0047106724,-0.0019106567,-0.0173519757
3.9660549164,-0.0055406974,-0.0004198316,-0.0015571717,-0.0017083455,0.0001963035,-0.0109778335
3.9760880470,-0.0035118521,-0.0043347245,-0.0044615869,-0.0069885943,-0.0051276218,-0.0067319549
3.9861199856,0.0005320474,0.0014398929,0.0003930327,-0.0132427886,-0.0200373959,-0.0067380136
3.9961609840,0.0007524058,0.0130130360,0.0022956128,-0.0099694971,-0.0274710767,-0.0120515525
4.0062761307,-0.0010122829,0.0178426448,0.0042184587,-0.0015192609,-0.0189363770,-0.0162964314
4.0164780617,-0.0047853314,0.0188789237,-0.0045710807,0.0175915826,-0.0092403423,-0.0194818377
4.0264291763,-0.0047237747,0.0161635745,-0.0055233245,0.0165000334,-0.0059412844,-0.0003682653
4.0363540649,-0.0027235546,0.0191399995,0.0003209111,-0.0027242610,-0.0039178147,0.0102556171
4.0465488434,-0.0017169886,0.0113960067,0.0032635326,0.0090253670,-0.0048764860,0.0102523537
4.0566082001,0.0032369024,0.0008237299,0.0023220177,0.0122294156,-0.0048139016,0.0155605664
4.0666742325,0.0091615301,0.0037369218,0.0023341174,-0.0112356711,-0.0060234428,0.0240591802
4.0767192841,0.0112062898,0.0006298211,-0.0025343900,-0.0080321543,-0.0059677823,0.0283055902
4.0869159698,0.0093072634,0.0014832926,-0.0122921467,0.0047641760,-0.0047812113,0.0304266661
4.0969290733,0.0132768657,0.0082997987,-0.0093666911,0.0090326900,-0.0047439272,0.0304256007
4.1069850922,0.0143270325,0.0064191977,-0.0083910227,0.0123061147,-0.0122132283,0.0198040493
4.1169538498,0.0125238169,0.0045334930,-0.0093725920,0.0091627855,-0.0186833777,0.0081218258
4.1270999908,0.0068390458,0.0046008462,-0.0025929217,0.0059766853,-0.0209165718,-0.0046199351
4.1371579170,-0.0017553405,0.0075922692,-0.0074962978,0.0134343356,-0.0198110938,-0.0078066741
4.1472020149,-0.0055394233,0.0126543799,-0.0065463786,0.0250927769,-0.0111797219,-0.0014337960
4.1572742462,-0.0054575638,0.0100600282,-0.0055544977,0.0421636365,-0.0098726423,0.0134277083
4.1673979759,-0.0024409429,0.0026885059,-0.0064798598,0.0421925336,-0.0118835289,0.0304151475
4.1774368286,0.0015135198,0.0000943329,0.0003713962,0.0261669606,-0.0098667163,0.0357292183
4.1875329018,0.0024906485,-0.0055546900,0.0013745424,0.0175622888,-0.0036237347,0.0283019301
4.1975297928,0.0033949702,-0.0073844856,-0.0015275482,0.0132165421,0.0037313835,0.0229977109
4.2077221870,0.0062256991,-0.0092944419,-0.0044168239,0.0003246590,0.0121079572,0.0230047684
4.2176752090,0.0031188815,-0.0104163280,-0.0034544473,-0.0243082494,0.0203331299,0.0155825382
4.2277650833,-0.0010075555,-0.0126784733,0.0023658271,-0.0318138897,0.0233668704,0.0028453048
4.2376990318,-0.0012429790,-0.0090997508,-0.0005679730,-0.0243706219,0.0254848823,-0.0077735176
4.2479352951,-0.0053602927,0.0071656564,0.0032728906,-0.0318194553,0.0221622568,-0.0194548741
4.2580308914,-0.0075684697,0.0127366120,0.0032560227,-0.0222712234,0.0275165420,-0.0247636195
4.2680721283,-0.0078091384,0.0038957682,0.0013439652,0.0023197932,0.0235422384,-0.0162773915
4.2780461311,0.0008292474,-0.0047160825,0.0052974815,0.0099947574,0.0046825311,0.0102562169
4.2882151604,0.0096374359,-0.0027172703,0.0121494532,-0.0068894448,-0.0134071894,0.0251171198
4.2982721329,0.0098483581,0.0010889035,0.0092023015,-0.0077919895,-0.0304687303,0.0134290401
4.3081889153,0.0062477677,0.0050108815,0.0159725547,0.0050507849,-0.0347056873,-0.0025023893
4.3183369637,0.0055969409,0.0042389864,0.0140284896,0.0337748416,-0.0260075368,-0.0088761328
4.3284740448,0.0038825660,0.0026490849,0.0052648182,0.0454005003,-0.0141715165,0.0006828845
4.3384399414,0.0020942702,-0.0077010980,0.0014016625,0.0315549895,-0.0163385309,0.0123651074
4.3485531807,0.0071712523,-0.0105022704,0.0014127489,-0.0057706768,-0.0187165346,0.0229903869
4.3586139679,0.0072990297,-0.0077614402,0.0072349305,-0.0325575508,-0.0083672246,0.0187551621
4.3686871529,0.0034159436,-0.0022819031,0.0071808095,-0.0337330960,0.0021416759,0.0049591218
4.3787178993,0.0023684516,0.0081323842,0.0081133246,-0.0177948773,0.0085851941,-0.0045978976
4.3888401985,0.0041794344,0.0022754904,0.0042457576,0.0194543581,0.0184904896,-0.0003575460
4.3988718987,0.0118851010,-0.0023563865,-0.0054322486,0.0334186442,0.0102067264,0.0123763587
4.4089121819,0.0147776771,0.0027871069,-0.0112535954,0.0271168575,0.0006284009,0.0166214369
4.4190440178,0.0089850668,0.0030637321,-0.0112565160,0.0251541082,-0.0175519343,-0.0024995264
4.4291081429,0.0072342618,-0.0024547416,-0.0132018924,0.0316701718,-0.0292225722,-0.0110012693
4.4391231537,0.0056133433,-0.0041225916,-0.0083403587,0.0126024708,-0.0431557000,-0.0067561897
4.4492387772,0.0011448725,-0.0002574239,-0.0103367567,-0.0119531266,-0.0422944985,-0.0046266597
4.4592761993,-0.0043244795,-0.0012997899,-0.0094055533,0.0050895074,-0.0389554277,-0.0035675205
4.4693717957,-0.0069123642,0.0065996917,-0.0075129275,0.0167491473,-0.0302960258,0.0070522339
4.4794101715,-0.0106550809,0.0184242446,-0.0017023686,0.0144359246,-0.0122499131,0.0113090305
4.4894609451,-0.0145334359,0.0127124982,-0.0046256189,0.0153884571,-0.0005633633,0.0123771578
4.4997501373,-0.0126900803,0.0020976749,-0.0036073332,0.0035451138,0.0099649113,0.0155708203
4.5095558167,-0.0050074370,0.0001170460,0.0003352162,-0.0135634858,0.0129925925,0.0145141445
4.5194759369,0.0006973982,-0.0039196936,0.0032801027,-0.0178644899,0.0161313936,0.0134550054
4.5295739174,0.0034276261,-0.0041185534,-0.0006085638,-0.0168842357,0.0246222168,0.0123967985
4.5395479202,0.0002441868,-0.0013538960,0.0003587004,-0.0137020238,0.0267998837,0.0166442730
4.5497021675,0.0009372100,0.0081838602,-0.0054911380,-0.0138624515,0.0426867045,0.0124055874
4.5595407486,-0.0005238563,0.0128400857,-0.0123067498,-0.0171927344,0.0553769358,0.0102891726
4.5698633194,-0.0059810900,0.0019691524,-0.0151960254,-0.0119550433,0.0649306253,0.0039222203
4.5799179077,-0.0036376328,-0.0001712132,-0.0093148947,-0.0353194848,0.0541916937,0.0156025784
4.5900497437,-0.0021530562,-0.0006781134,0.0033427472,-0.0682120025,0.0347845033,0.0124152405
4.6000580788,-0.0004476071,-0.0071195876,0.0082147121,-0.0552051254,0.0147234472,0.0102783199
4.6101288795,0.0063616610,-0.0055760285,0.0091825724,-0.0261185840,-0.0114815915,0.0208767038
4.6201858521,0.0153326672,0.0060045058,0.0140472054,0.0007385937,-0.0281138308,0.0378503576
4.6302909851,0.0147312265,0.0168215577,0.0110736489,0.0361301675,-0.0458629355,0.0346459784
4.6402730942,0.0122636091,0.0124541381,0.0013451573,0.0755718499,-0.0424666069,0.0144634787
4.6504821777,0.0078506861,0.0035172042,-0.0015475157,0.0767095536,-0.0499611422,0.0027803234
4.6604261398,0.0025509088,-0.0065432331,-0.0034966473,0.0490600839,-0.0597525202,0.0027824542
4.6705589294,0.0012015640,-0.0178790670,-0.0044599180,0.0223780833,-0.0600197688,-0.0025202991
4.6805858612,-0.0002353549,-0.0206508506,0.0032939310,-0.0002036588,-0.0432602242,-0.0056915912
4.6907157898,-0.0008233622,-0.0147852218,0.0081224442,0.0050635943,-0.0368460044,-0.0056913253
4.7006921768,0.0003781408,-0.0107480166,0.0090935230,0.0272517204,-0.0143414941,-0.0014385229
4.7107877731,-0.0006231279,-0.0056611625,0.0149356723,0.0196101535,0.0036980936,0.0091918837
4.7208547592,-0.0027336390,-0.0007126767,0.0178491473,0.0077364501,0.0174301509,0.0155725516
4.7309432030,-0.0030068443,-0.0045636846,0.0032715197,0.0150554553,0.0323216170,0.0113310674
4.7409901619,-0.0013263361,-0.0024868723,-0.0064335470,0.0161992833,0.0249316096,0.0155742820
4.7510700226,0.0102466363,0.0063649872,-0.0112668276,0.0014027599,0.0110703893,0.0251273066
4.7610940933,0.0150593761,0.0044348249,-0.0063647036,-0.0070543746,0.0024385515,0.0145071531
4.7711992264,0.0101059917,-0.0073440848,-0.0005102757,-0.0220279433,0.0054276837,0.0049573248
4.7813053131,0.0022352948,-0.0085763251,-0.0025070314,-0.0327375792,0.0084343925,-0.0077800425
4.7913179398,-0.0036982731,-0.0030758816,0.0023123617,-0.0369866565,0.0062757675,-0.0077807079
4.8013801575,-0.0086230543,0.0073175961,0.0051780338,-0.0241688583,0.0053473897,-0.0045990292
4.8114600182,-0.0066604749,0.0130361700,0.0061318274,0.0025972947,-0.0028374367,0.0060071428
4.8215651512,-0.0066180737,0.0151100913,0.0100419521,0.0197485853,-0.0100807026,0.0113081653
4.8315639496,-0.0025911764,0.0114849033,0.0120183229,0.0336974747,-0.0173302256,0.0197944604
4.8416662216,0.0054278462,0.0040263990,-0.0005888942,0.0402094387,-0.0278497115,0.0250965487
4.8517627716,0.0125617553,-0.0033768143,-0.0015144352,0.0307061337,-0.0374701843,0.0272191539
4.8617711067,0.0139512587,-0.0080247698,0.0043288465,0.0062782890,-0.0493694544,0.0250958148
4.8718662262,0.0125122536,-0.0080727553,-0.0005885366,-0.0075998427,-0.0495740511,0.0123579828
4.8819918633,0.0071575581,-0.0072327955,-0.0094153881,-0.0065945005,-0.0443704985,-0.0046284571
4.8921990395,-0.0013146461,0.0014339734,-0.0133941174,-0.0036825454,-0.0157090276,-0.0067387461
4.9022331238,-0.0081144106,0.0023691219,-0.0046587591,-0.0007043332,0.0066069313,-0.0056665577
4.9122929573,-0.0122130718,-0.0054297326,0.0021697278,-0.0040807677,0.0246423259,-0.0014080964
4.9223423004,-0.0076361657,-0.0094579859,0.0012363788,-0.0255799368,0.0404124968,0.0049760332
4.9325780869,-0.0041372017,-0.0050008995,-0.0016748909,-0.0490382314,0.0380793028,0.0039182259
4.9426107407,-0.0035339729,-0.0006354365,-0.0046097045,-0.0457739905,0.0317273997,0.0017906263
4.9525833130,0.0000944674,0.0019451391,-0.0007074479,-0.0285588149,0.0181252360,0.0081500551
4.9626078606,0.0028607710,0.0056556026,0.0051338072,-0.0145982578,0.0097930040,0.0134513434
4.9726729393,0.0047645657,0.0104039172,0.0119329095,-0.0080683986,-0.0029326444,0.0060118032
4.9828062057,0.0029026209,0.0094077894,0.0060836072,0.0090397475,-0.0071383086,-0.0109834261
4.9928178787,0.0010483502,0.0075909579,0.0070604677,0.0111887576,-0.0092820199,-0.0173570365
5.0028939247,-0.0026760162,0.0009178829,0.0051048989,0.0134194214,-0.0188054852,-0.0163005609
5.0129790306,-0.0023851679,-0.0115450537,-0.0016914014,0.0242471434,-0.0334764384,-0.0025071166
5.0230560303,0.0029014139,-0.0142754754,0.0022143121,0.0051623974,-0.0452321656,0.0102334460
5.0332188606,0.0042801439,-0.0016690854,0.0138397813,-0.0108906580,-0.0411338285,0.0091767041
5.0431141853,-0.0002730102,0.0050839642,0.0186649561,0.0038744397,-0.0240826719,0.0006870790
5.0532331467,-0.0040591420,0.0080769593,0.0127892494,0.0206933133,0.0015019177,-0.0035506762
5.0632963181,-0.0012095706,0.0063462788,-0.0008135441,0.0312096030,0.0175724961,0.0060108714
5.0733747482,0.0025205477,0.0016613540,-0.0114676356,0.0130303875,0.0217275601,0.0166352857
5.0834312439,0.0062685027,-0.0041489406,-0.0114397407,-0.0103612216,0.0130344704,0.0166368838
5.0934929848,0.0091377813,-0.0081858179,-0.0085008740,-0.0230680965,0.0022229021,0.0028309901
5.1036128998,0.0061564236,-0.0045446446,-0.0017107133,-0.0348150320,0.0020095829,-0.0141549176
5.1136541367,-0.0026898966,0.0009940502,-0.0017720464,-0.0231295601,0.0073814453,-0.0194631312
5.1236839294,-0.0057258592,0.0017897573,-0.0066573624,-0.0082909605,0.0181912165,-0.0088435085
5.1337990761,-0.0039582537,0.0055708149,-0.0066511636,-0.0061626947,0.0193687994,0.0060207248
5.1438541412,0.0017731204,0.0055142725,-0.0046789651,-0.0027972581,0.0035371054,0.0145063549
5.1539802551,0.0057103126,0.0045481706,-0.0046640639,0.0069616558,-0.0123420581,0.0070628864
5.1639609337,0.0088407118,0.0027571928,-0.0026994948,0.0188460127,-0.0271351207,0.0006816860
5.1741189957,0.0120572764,0.0029992398,-0.0017274622,0.0221129656,-0.0334666520,0.0017398931
5.1840820312,0.0064939572,-0.0006355036,0.0040949578,0.0221033767,-0.0323918015,0.0038640304
5.1941680908,0.0018862872,-0.0024480808,0.0060213800,0.0071091950,-0.0272168797,0.0038700225
5.2041940689,-0.0027896152,-0.0043800315,0.0079448223,-0.0036808690,-0.0156598259,0.0006931376
5.2143111229,-0.0006983266,-0.0015438038,-0.0008392337,-0.0038108043,-0.0029626051,-0.0046092826
5.2243537903,0.0012241318,0.0003285643,0.0011108514,-0.0135337375,0.0086037694,-0.0077864337
5.2344899178,0.0001238450,0.0011012864,0.0011063215,-0.0264041275,0.0148582701,-0.0077803750
5.2445120811,0.0009360924,-0.0041421941,-0.0008444194,-0.0466667898,0.0136478636,-0.0035286387
5.2546358109,0.0027687266,-0.0056394404,-0.0028064852,-0.0530121736,0.0083281323,0.0028414431
5.2646479607,0.0075949742,-0.0022061232,0.0010740753,-0.0390414931,-0.0010720273,0.0070803966
5.2747697830,0.0075789331,0.0111204246,0.0107573271,-0.0219443478,-0.0030241911,0.0102605438
5.2847609520,0.0046351268,0.0159343798,0.0126926303,0.0099826930,0.0057226950,0.0070714084
5.2948522568,0.0016057505,0.0112911398,0.0136883855,0.0291520730,0.0101474039,0.0091932826
5.3049001694,0.0004797294,0.0095837051,0.0078720450,0.0237450562,0.0175693668,0.0155691560
5.3149609566,0.0003066897,0.0029895019,0.0010936257,0.0247993506,0.0186262429,0.0134454183
5.3250470161,0.0030647903,-0.0025966975,-0.0027531986,0.0248270482,0.0153878387,0.0049494016
5.3351311684,0.0039328872,-0.0004794735,-0.0056633358,0.0078149848,0.0088377949,-0.0003582784
5.3451709747,0.0077956258,0.0013899889,-0.0105151534,-0.0188227519,0.0043330574,-0.0046009603
5.3552341461,0.0067967265,-0.0037768248,-0.0037150984,-0.0390237048,-0.0032994952,-0.0088461060
5.3653011322,0.0029409169,-0.0071146702,0.0020954604,-0.0400167964,-0.0107427631,-0.0099113705
5.3753719330,0.0001853346,-0.0006909508,0.0020287032,-0.0292396247,-0.0212380160,-0.0067347512
5.3854250908,0.0003747284,0.0088085243,0.0010100600,-0.0121810129,-0.0188907050,0.0049418784
5.3955578804,-0.0014077039,0.0126435691,0.0058463807,0.0027584685,-0.0187245235,0.0102460962
5.4056501389,-0.0042140470,0.0117594982,0.0058279629,0.0122699486,-0.0090500591,0.0166193061
5.4156389236,-0.0041985125,0.0021885198,0.0068426724,0.0196718574,-0.0015245648,0.0219315812
5.4257707596,-0.0003163651,-0.0035095725,0.0068690772,0.0100165680,0.0037242596,0.0261838511
5.4358620644,-0.0033038468,-0.0034693766,0.0039468403,0.0057600117,0.0026255057,0.0261848494
5.4458980560,-0.0043121264,-0.0005346227,-0.0009305481,0.0014568763,0.0057366109,0.0208784994
5.4560050964,-0.0024204836,0.0014234867,0.0039546485,0.0003612516,0.0078305211,0.0176924281
5.4660577774,0.0013927384,-0.0004827816,0.0107967854,0.0099510280,0.0089269448,0.0102579473
5.4761238098,0.0032213642,-0.0052723428,0.0118008852,0.0055961204,0.0173425339,0.0049547944
5.4861130714,0.0031047552,-0.0063117957,0.0049878354,-0.0061433595,0.0172261521,0.0028341194
5.4962482452,0.0039523109,-0.0113229072,0.0030491347,-0.0188801661,0.0107536735,0.0038974530
5.5063219070,0.0059183999,-0.0125379777,0.0020704863,-0.0314513519,-0.0127002541,0.0038889309
5.5163311958,0.0090875644,-0.0108993268,-0.0028293733,-0.0280937981,-0.0286145061,-0.0003675994
5.5262117386,0.0094972942,-0.0053281998,0.0019921060,-0.0225371141,-0.0508835912,-0.0056891278
5.5365133286,0.0051634251,0.0023303267,0.0058057900,-0.0043389620,-0.0571242422,-0.0110073937
5.5465340614,0.0037810071,0.0043365965,0.0018666383,0.0191059113,-0.0537361689,-0.0110116545
5.5566291809,-0.0016562776,0.0017230597,0.0037793512,0.0327751189,-0.0323698968,-0.0067545921
5.5666890144,-0.0053352774,-0.0008107710,0.0106053352,0.0347394645,-0.0153682753,-0.0056848004
5.5767750740,-0.0032773376,-0.0004711289,0.0047801728,0.0303031169,0.0004696767,-0.0120482910
5.5868549347,-0.0003912285,-0.0012093398,-0.0068703298,0.0141768781,0.0119732004,-0.0162856467
5.5968918800,0.0043806746,-0.0050703874,-0.0117111206,-0.0114328247,0.0117276572,-0.0194635969
5.6069192886,0.0062387525,-0.0082071712,-0.0087750554,-0.0433827676,0.0050820056,-0.0194588024
5.6169710159,0.0023706048,-0.0038575891,-0.0049518351,-0.0571155734,-0.0099539356,-0.0290206168
5.6270709038,0.0005777493,-0.0014436159,-0.0079252124,-0.0420809612,-0.0193863194,-0.0311527438
5.6372141838,-0.0011228085,0.0070001641,-0.0060396199,-0.0206379071,-0.0275368579,-0.0078014135
5.6471719742,0.0011665612,0.0156513024,-0.0031554108,-0.0002559368,-0.0367703028,0.0134247784
5.6573219299,0.0034743561,0.0186973307,-0.0041477685,0.0253231935,-0.0333137885,0.0208512712
5.6673231125,0.0057775988,0.0141755724,-0.0099771023,0.0434499979,-0.0321427956,0.0134146586
5.6773557663,0.0060761734,0.0078104446,-0.0128814578,0.0423276089,-0.0269104149,0.0038623661
5.6874790192,0.0052875294,0.0042888829,-0.0109042525,0.0230303444,-0.0186386369,-0.0035611955
5.6976108551,0.0014885231,-0.0013829607,-0.0099403262,0.0057800920,-0.0018665814,-0.0120433643
5.7076492310,-0.0015349225,-0.0062926402,-0.0099375248,-0.0179353580,0.0212150365,-0.0205202047
5.7177448273,-0.0048449398,-0.0036331478,-0.0060385470,-0.0342493765,0.0518507734,-0.0194384959
5.7277402878,-0.0063769729,-0.0011129070,-0.0031285887,-0.0428487249,0.0581629984,-0.0162477624
5.7378692627,-0.0020691589,0.0032691222,-0.0040801172,-0.0439315401,0.0603661649,-0.0024434668
5.7479438782,0.0022568940,0.0086788246,-0.0089342594,-0.0321020447,0.0520568378,0.0092291683
5.7580022812,0.0076404824,0.0132588232,-0.0050158505,-0.0255768467,0.0404825397,0.0155932577
5.7680101395,0.0093178172,0.0188578535,-0.0050116186,-0.0135923550,0.0161958430,0.0177016817
5.7780470848,0.0082135294,0.0159482975,-0.0059803133,0.0121439816,0.0036813156,0.0166263655
5.7882127762,0.0102412794,0.0190363396,-0.0049961214,0.0187209249,-0.0131903430,0.0240488611
5.7982821465,0.0074520274,0.0192523766,0.0008345839,0.0241314825,-0.0205637701,0.0251055360
5.8082571030,0.0086566675,0.0127278203,0.0008683797,0.0337345749,-0.0204937290,0.0229795352
5.8183798790,0.0088198800,0.0023389470,0.0038205381,0.0262349248,-0.0173696410,0.0240453985
5.8284101486,0.0089293960,-0.0033552039,0.0047985311,0.0069190189,-0.0069412342,0.0219319146
5.8385300636,0.0079601053,-0.0034337330,0.0009039041,-0.0091768857,0.0013656305,0.0155691560
5.8483581543,0.0058949231,-0.0016714546,-0.0000928644,-0.0189664010,0.0192634054,0.0070861890
5.8586931229,0.0027029081,0.0019720506,0.0028066034,-0.0243669990,0.0255618487,0.0039055091
5.8686752319,-0.0005400986,0.0046082670,0.0057216282,-0.0265641045,0.0319230743,0.0060328422
5.8787269592,0.0001045853,0.0023686152,0.0067013497,-0.0212174896,0.0309227891,0.0081543159
5.8888158798,0.0007451191,0.0079758251,0.0028036828,-0.0169441812,0.0310223922,0.0177094731
5.8988838196,0.0033735200,0.0136379162,0.0008603927,-0.0115357544,0.0236710683,0.0219502226
5.9089927673,0.0012108102,0.0135435844,-0.0001076463,-0.0050253905,0.0131308101,0.0240669027
5.9190149307,0.0001036912,0.0115744779,0.0106064677,-0.0059583234,0.0004298624,0.0304327235
5.9290680885,-0.0018189461,0.0076797763,0.0154839754,0.0059212395,-0.0132260295,0.0357318819
5.9391188622,0.0032368316,0.0057977671,0.0096504688,0.0134826461,-0.0215870216,0.0452825092
5.9492859840,0.0073920875,0.0078668604,0.0038170214,0.0231432617,-0.0267666038,0.0516482629
5.9592962265,0.0075667738,0.0071265111,0.0028446908,0.0315477178,-0.0139867608,0.0474043824
5.9693241119,0.0017476096,0.0015606296,0.0087006688,0.0239878036,-0.0056262994,0.0378542878
5.9794187546,-0.0022319914,-0.0031725604,0.0155158639,0.0078282766,0.0090180244,0.0272483826
5.9895267487,-0.0052950145,-0.0071186936,0.0057889814,-0.0008259322,0.0206144936,0.0272563715
5.9997148514,-0.0005905018,-0.0062693050,0.0019043681,-0.0125275441,0.0173770208,0.0346907191
6.0096340179,0.0031544953,-0.0016390074,-0.0000367168,-0.0210661720,0.0172816794,0.0315074436
6.0196871758,0.0019941195,0.0020176333,-0.0020086768,-0.0178476069,0.0151464231,0.0251344312
6.0297532082,-0.0001235143,0.0018341106,-0.0000581149,-0.0124501772,0.0087993126,0.0208826941
6.0398249626,-0.0011562244,-0.0012149129,0.0009130832,-0.0080853896,-0.0006698899,0.0272466503
6.0498847961,0.0057450547,-0.0090365252,-0.0010002259,0.0027398271,-0.0153684076,0.0367927551
6.0600137711,0.0118415672,-0.0070728874,-0.0000222925,0.0060949298,-0.0301747844,0.0399709716
6.0700073242,0.0121750701,-0.0031194228,-0.0020074253,0.0125781288,-0.0386692025,0.0304088891
6.0800890923,0.0076457127,0.0018705588,-0.0049665575,0.0146631990,-0.0344895720,0.0176687911
6.0901613235,0.0000977531,-0.0009313363,-0.0011039976,0.0049583735,-0.0250867493,0.0081197619
6.1001968384,-0.0056103379,-0.0106465360,0.0057038064,-0.0047618449,-0.0135000004,0.0081284167
6.1103549004,-0.0064981938,-0.0175533127,0.0076441760,-0.0133713130,-0.0061198492,0.0123814857
6.1203398705,-0.0025489912,-0.0138915991,0.0017990466,-0.0230212770,-0.0019514696,0.0134464838
6.1303977966,0.0003920287,-0.0024996612,-0.0001870993,-0.0272913873,-0.0020095264,0.0102621419
6.1405258179,-0.0005742073,0.0031405252,0.0007597205,-0.0133750420,-0.0061683189,0.0049488693
6.1505680084,-0.0044366033,0.0021024507,-0.0031679275,0.0015988480,-0.0091931373,0.0091907522
6.1606431007,-0.0073022605,0.0002115976,-0.0002403263,0.0069484729,-0.0101518091,0.0176829733
6.1705160141,-0.0072296248,-0.0064932099,0.0017136928,0.0111786379,-0.0058151176,0.0261784568
6.1807632446,-0.0023086132,-0.0074056974,0.0036838646,0.0015355181,-0.0015851520,0.0368004106
6.1909008026,0.0035228147,-0.0074111586,-0.0021251445,0.0003480148,0.0100350194,0.0304357186
6.2008590698,0.0023950948,-0.0064345440,0.0017739531,-0.0039889431,0.0162799992,0.0176990200
6.2109961510,-0.0007475600,-0.0045516482,-0.0040728454,-0.0030246126,0.0257483348,0.0039001163
6.2210321426,-0.0059457035,-0.0065449318,-0.0070004468,-0.0041704373,0.0331248268,-0.0024670358
6.2310681343,-0.0033048377,-0.0105443588,-0.0059957509,-0.0191081092,0.0330220275,0.0017839018
6.2412319183,-0.0006510675,-0.0137532195,0.0008352395,-0.0413775928,0.0190681946,0.0070912489
6.2512359619,0.0041001006,-0.0190797430,0.0018195506,-0.0455305278,0.0073391008,0.0039010483
6.2613878250,0.0080241878,-0.0165592860,0.0037432308,-0.0368374363,-0.0085498504,-0.0035416880
6.2713680267,0.0081662778,-0.0032576236,0.0085483789,-0.0292428993,-0.0212581884,-0.0099207573
6.2814359665,0.0045086606,0.0024460566,0.0075313444,0.0027896557,-0.0231494326,-0.0173620284
6.2914738655,0.0008413136,0.0045169974,0.0045797820,0.0208791774,-0.0176651850,-0.0141784865
6.3015389442,-0.0019124732,0.0008789834,0.0065377350,0.0230155364,-0.0176117234,-0.0088702068
6.3115777969,0.0002282500,-0.0028190750,0.0084906220,0.0070112711,-0.0177169181,-0.0035572010
6.3217039108,0.0023655235,-0.0095281815,0.0075388546,0.0059661129,-0.0198769420,-0.0078042103
6.3317317963,0.0035329624,-0.0075098714,0.0026661153,0.0048233503,-0.0124730859,-0.0099238204
6.3418397903,0.0026917174,-0.0025771621,-0.0012579564,0.0037325202,-0.0103666596,-0.0109849563
6.3519783020,-0.0040884749,0.0003786396,-0.0012904409,-0.0005770065,-0.0061391578,-0.0077963537
6.3619561195,-0.0050120340,0.0022675556,-0.0061638956,-0.0070122955,-0.0030118739,-0.0077933581
6.3720302582,-0.0029949457,0.0021355536,-0.0110417604,-0.0155594451,-0.0020185150,-0.0067288927
6.3820929527,-0.0009974823,0.0019922343,-0.0071504717,-0.0134154130,-0.0030747913,-0.0088534961
6.3923902512,-0.0009821118,-0.0000411112,-0.0032681827,-0.0070366096,-0.0009314790,-0.0141630396
6.4023060799,-0.0009865151,0.0018954438,-0.0013158921,0.0003934484,0.0033839075,-0.0131001724
6.4123029709,-0.0010583461,0.0038864922,0.0016060468,0.0035330495,0.0098055881,-0.0088505661
6.4223580360,0.0007778644,0.0058789337,0.0045453305,0.0035349932,0.0098333508,-0.0046034236
6.4324302673,0.0036091744,0.0040084207,0.0055494304,0.0088509293,0.0120227356,-0.0014182830
6.4425110817,0.0054580956,-0.0017071131,0.0075316424,0.0131627461,0.0078299884,0.0007019927
6.4525642395,0.0044454350,0.0003199514,0.0114138722,-0.0017120736,0.0013473217,0.0028261298
6.4624819756,0.0015613227,0.0041281069,0.0075009461,-0.0058611454,-0.0103689227,0.0017605326
6.4725852013,0.0027047782,0.0031031978,0.0006677505,-0.0004424108,-0.0188380405,-0.0024922693
6.4825968742,0.0029465943,0.0060402164,-0.0042124991,0.0113945408,-0.0282499194,0.0028090193
6.4929051399,0.0042481511,0.0080593759,-0.0120230913,0.0135424072,-0.0292364210,0.0113019058
6.5029530525,0.0055097654,0.0081776613,-0.0178763866,0.0210035723,-0.0280752815,0.0166093204
6.5129852295,0.0077166422,0.0015704494,-0.0285723805,0.0273205899,-0.0195382517,0.0155501803
6.5230541229,0.0097793136,-0.0030945677,-0.0197811723,0.0058901603,-0.0112285912,0.0166204385
6.5329980850,0.0069035082,-0.0021567035,-0.0100718141,-0.0155014144,-0.0072540897,0.0038862678
6.5432462692,0.0009834333,-0.0013263735,-0.0052264337,-0.0093512712,0.0171009172,-0.0120299812
6.5532269478,-0.0012454302,0.0006171998,-0.0042479043,0.0053728148,0.0384168588,-0.0173320696
6.5633158684,-0.0007599429,0.0085011208,-0.0061584716,0.0179276206,0.0640194938,-0.0130742732
6.5733842850,0.0024501695,0.0125131095,-0.0041511063,0.0039628036,0.0734958127,-0.0056334012
6.5834503174,-0.0012484030,0.0076492885,0.0036794539,-0.0110019771,0.0754744112,-0.0077531445
6.5934782028,-0.0029846416,0.0045448178,0.0115108490,-0.0301362574,0.0678726807,-0.0088138813
6.6036200523,-0.0006782771,0.0051945979,0.0154343247,-0.0428021178,0.0539958179,-0.0045707333
6.6136441231,0.0056907921,0.0125967646,0.0232488513,-0.0383690223,0.0381803699,0.0049764328
6.6237611771,0.0063793748,0.0170901213,0.0193371773,-0.0317922905,0.0213159025,0.0134604648
6.6337862015,0.0091541354,0.0197402183,0.0164163113,-0.0188738294,0.0109008122,0.0261935722
6.6439218521,0.0120273549,0.0215173159,0.0173841715,-0.0123268468,-0.0027743201,0.0357416049
6.6538972855,0.0131087471,0.0203407872,0.0095692277,-0.0175048299,-0.0187636726,0.0314877369
6.6639981270,0.0104223657,0.0190607253,0.0056270356,-0.0344198719,-0.0348702706,0.0251140576
6.6740431786,0.0108730141,0.0118577192,-0.0031694178,-0.0268125515,-0.0486119129,0.0229816660
6.6840229034,0.0094402526,0.0039096707,-0.0051530008,-0.0021616938,-0.0589578971,0.0304016322
6.6941699982,0.0079961885,0.0048801461,-0.0061796312,0.0073641669,-0.0502959676,0.0442069247
6.7042679787,-0.0004266933,0.0107354904,-0.0013670329,0.0082672443,-0.0332772993,0.0495255254
6.7143821716,-0.0080900844,0.0087551484,-0.0101810098,0.0058512245,-0.0057721734,0.0399836861
6.7244000435,-0.0091458019,0.0039087618,-0.0160021186,0.0109938420,0.0133658350,0.0389298722
6.7344498634,-0.0025418014,0.0000344675,-0.0208194852,0.0055106594,0.0281940494,0.0421240665
6.7445969582,0.0059076189,-0.0009859938,-0.0246596932,-0.0030845329,0.0333906747,0.0368190520
6.7545652390,0.0084328298,-0.0011226970,-0.0246419311,-0.0127797704,0.0417186469,0.0251458846
6.7646842003,0.0098858718,-0.0071364036,-0.0216786265,-0.0213934220,0.0490220338,0.0177197251
6.7747149467,0.0063973307,-0.0113344630,-0.0119183064,-0.0427706130,0.0519840010,0.0124176377
6.7847671509,-0.0000202790,-0.0127907759,0.0026629565,-0.0577445552,0.0549732670,0.0028676752
6.7948627472,-0.0054805041,-0.0133842370,0.0113968253,-0.0630919188,0.0559738167,0.0007459348
6.8049831390,-0.0079824086,-0.0081621995,0.0133227110,-0.0620027147,0.0539035387,0.0071145515
6.8148360252,-0.0094735380,-0.0029046822,0.0210761428,-0.0576202162,0.0434277281,0.0219733920
6.8251352310,-0.0099142846,-0.0014879096,0.0230166912,-0.0468907356,0.0382924229,0.0336475596
6.8351321220,-0.0064228424,-0.0029417041,0.0278871655,-0.0511251651,0.0350998268,0.0378942341
6.8452520370,-0.0018854388,-0.0063088378,0.0405650735,-0.0467504114,0.0245058369,0.0347029008
6.8552360535,0.0027267872,-0.0076593375,0.0395919085,-0.0307141896,0.0214280225,0.0293882973
6.8653249741,0.0055113113,-0.0031350243,0.0269160271,-0.0274356529,0.0140351541,0.0304463059
6.8753852844,0.0044360436,-0.0043707332,0.0181468725,-0.0188155323,0.0055939984,0.0261927061
6.8854389191,-0.0004511610,-0.0026208821,0.0142121315,-0.0208471250,-0.0050475276,0.0240633078
6.8956260681,-0.0062358030,-0.0038113880,0.0200017691,-0.0229020212,-0.0136303622,0.0123797543
6.9056320190,-0.0099720526,-0.0117866462,0.0199908614,-0.0153597342,-0.0210055895,0.0102501577
6.9156470299,-0.0058094398,-0.0168099385,0.0160884261,-0.0163704045,-0.0262783822,0.0166185740
6.9258561134,-0.0025414960,-0.0140931224,0.0160533786,-0.0237212609,-0.0380153283,0.0166152455
6.9358482361,-0.0031434395,-0.0085036894,0.0189239979,-0.0258278232,-0.0412723795,0.0081197619
6.9460082054,-0.0037039057,-0.0077358996,0.0178901553,-0.0151548851,-0.0423223265,-0.0046259938
6.9560089111,-0.0042240792,-0.0068389839,0.0178567171,-0.0001389170,-0.0495980829,-0.0014480439
6.9660520554,0.0002121791,-0.0077081611,0.0178458095,0.0169963930,-0.0546999015,0.0070407824
6.9760313034,0.0008228287,-0.0074954769,0.0071175094,0.0341045409,-0.0577060804,0.0112821329
6.9861769676,-0.0024772570,-0.0071444204,0.0012487766,0.0383869298,-0.0586953759,0.0165897459
6.9961791039,-0.0009017870,-0.0106767630,-0.0026510363,0.0319868214,-0.0587166809,0.0219003558
7.0063109398,0.0015892251,-0.0201371666,0.0002918836,0.0180888493,-0.0567428805,0.0176570080
7.0163259506,0.0050636544,-0.0287862327,-0.0006816987,0.0030814037,-0.0505558252,0.0102313152
7.0264482498,0.0045418902,-0.0259269606,-0.0046211486,-0.0098793237,-0.0358897299,-0.0014379238
7.0365109444,0.0048958152,-0.0202427935,-0.0124639273,-0.0185292698,-0.0254373550,-0.0141720949
7.0465149879,0.0061030178,-0.0136273941,-0.0144470930,-0.0228816457,-0.0181510113,-0.0300948024
7.0566000938,0.0062811910,-0.0148047721,-0.0222685933,-0.0229732618,-0.0097460765,-0.0428321697
7.0668768883,0.0054793595,-0.0160419550,-0.0242524147,-0.0378324166,-0.0184341073,-0.0534504578
7.0767250061,0.0067134066,-0.0125098741,-0.0223457217,-0.0494989306,-0.0259982832,-0.0587602668
7.0868692398,0.0060500740,-0.0080968952,-0.0185277462,-0.0526415966,-0.0324473269,-0.0672574192
7.0968399048,0.0044695004,-0.0093820086,-0.0137119889,-0.0270283744,-0.0321959257,-0.0630166009
7.1069717407,0.0067501827,-0.0084772548,-0.0098360777,-0.0078784628,-0.0255929492,-0.0524001084
7.1170339584,0.0108767468,-0.0006984386,-0.0049851541,-0.0090819458,-0.0117815305,-0.0481457077
7.1271128654,0.0069878860,0.0070339674,-0.0030839448,-0.0146133304,0.0071930932,-0.0598139502
7.1369109154,0.0039392947,0.0031548080,0.0008291599,0.0001922464,0.0199725367,-0.0725529119
7.1471862793,0.0077577843,0.0032926884,-0.0030416255,0.0120061357,0.0126548372,-0.0714976415
7.1573171616,0.0155389924,0.0053300792,-0.0069051390,-0.0028239433,0.0019558540,-0.0651284233
7.1673960686,0.0136739034,0.0082236687,-0.0069140201,-0.0165793281,-0.0098150522,-0.0619459450
7.1773967743,0.0099205989,0.0110285813,-0.0030584936,-0.0154919606,-0.0119415857,-0.0640708804
7.1875720024,0.0003159284,0.0129235620,0.0007689592,-0.0069218287,-0.0150575507,-0.0651358142
7.1975507736,-0.0033484236,0.0265212301,0.0026572938,-0.0111136446,-0.0224941615,-0.0608912632
7.2076601982,-0.0060441704,0.0332462639,0.0035797355,-0.0111223264,-0.0214125179,-0.0577051938
7.2176847458,-0.0047960342,0.0244800765,0.0045660730,0.0028201211,-0.0275812000,-0.0460320264
7.2277870178,0.0013844534,0.0149025628,0.0016731616,0.0210387781,-0.0336299688,-0.0216178279
7.2378320694,0.0066341027,0.0170561317,0.0084967613,0.0168975629,-0.0452067330,-0.0014483768
7.2478718758,0.0071005016,0.0230970923,0.0113783479,0.0222536586,-0.0472533703,0.0027953705
7.2579150200,0.0055726632,0.0223940630,0.0094163418,0.0328498445,-0.0397400595,0.0017346335
7.2680811882,0.0039780899,0.0178263206,0.0084527135,0.0274075158,-0.0291836876,0.0006796221
7.2780942917,0.0032512858,0.0140666524,0.0016265508,0.0101955058,-0.0155328587,0.0017526097
7.2881841660,0.0043165251,0.0100812698,-0.0003238324,-0.0155656254,-0.0009093082,0.0007045227
7.2982840538,0.0062806844,0.0049316892,-0.0012927655,-0.0347835273,-0.0000022356,0.0028334537
7.3082699776,0.0091809426,0.0074371481,-0.0022991898,-0.0401272923,0.0010326026,0.0060210577
7.3183898926,0.0131047461,0.0128150741,-0.0042878990,-0.0411294401,-0.0053288899,0.0081417328
7.3285169601,0.0141596589,0.0201905239,-0.0062765484,-0.0271718130,-0.0136743039,0.0113187507
7.3383369446,0.0152924228,0.0248191673,-0.0043689017,-0.0121664973,-0.0198890567,0.0144972336
7.3483719826,0.0135819037,0.0208668951,-0.0024393802,0.0061284332,-0.0345222652,0.0240414049
7.3584961891,0.0168933813,0.0161042679,0.0004849430,0.0201113597,-0.0449626520,0.0314652324
7.3687310219,0.0173306931,0.0134411464,0.0014482137,0.0340259746,-0.0490567982,0.0357058495
7.3787631989,0.0167945046,0.0147721777,0.0014438626,0.0404047817,-0.0469134860,0.0303963069
7.3888902664,0.0142607857,0.0189431179,-0.0024825935,0.0242925230,-0.0364650376,0.0272212178
7.3987340927,0.0066776066,0.0132154012,-0.0093252659,0.0091673657,-0.0186138712,0.0187395830
7.4089422226,0.0018707230,-0.0052619418,-0.0112557411,-0.0048309555,-0.0059895543,0.0208734404
7.4190502167,0.0008761748,-0.0074550724,-0.0073845987,-0.0369135253,0.0012340038,0.0325649865
7.4291429520,0.0008016169,-0.0012022841,-0.0025563841,-0.0668450594,0.0062704412,0.0315139666
7.4391331673,-0.0032594935,0.0038846668,-0.0036121611,-0.0722696483,0.0146633927,0.0240869448
7.4492321014,-0.0034398348,0.0099992016,0.0002201792,-0.0551751107,0.0127121620,0.0272661597
7.4590301514,0.0022803484,0.0114773745,0.0021616216,-0.0262593050,0.0035117390,0.0421194062
7.4693479538,0.0061540767,0.0113558182,0.0070344801,0.0026975349,-0.0099605937,0.0527235158
7.4795131683,0.0072566136,0.0094956169,0.0089998841,0.0231231824,-0.0246236920,0.0548346043
7.4894990921,0.0026221811,0.0058881799,0.0080114603,0.0349546745,-0.0341189913,0.0473945960
7.4995799065,0.0000676155,0.0071354443,0.0070148106,0.0265081935,-0.0438118316,0.0367739089
7.5099058151,-0.0014383406,0.0054154927,0.0079753399,0.0190748572,-0.0481971949,0.0250937510
7.5197048187,-0.0048842789,-0.0022643495,0.0011293885,0.0094174370,-0.0429760665,0.0250988118
7.5298337936,-0.0084238704,-0.0061575314,-0.0047391062,-0.0003031278,-0.0313465074,0.0314770155
7.5398521423,-0.0121379998,-0.0082630133,0.0010580417,-0.0260580257,-0.0166469254,0.0421088897
7.5499153137,-0.0150290858,-0.0086481785,0.0117296576,-0.0453898087,-0.0040557659,0.0463680811
7.5600051880,-0.0121723097,-0.0110894656,0.0126873851,-0.0413034484,0.0140047269,0.0442524664
7.5700178146,-0.0074510560,-0.0105391806,0.0048876996,-0.0285530090,0.0194151383,0.0431896634
7.5801339149,-0.0017706887,-0.0059784865,0.0009875294,-0.0188689567,0.0121412463,0.0538015626
7.5901780128,0.0030413358,-0.0032415974,0.0009947416,-0.0069840671,-0.0026448905,0.0484821647
7.6002130508,0.0031316518,-0.0013261277,-0.0009659532,0.0059770057,-0.0185034815,0.0399765596
7.6103210449,0.0013857274,-0.0041071391,-0.0009718541,0.0210259706,-0.0301407650,0.0251015406
7.6203708649,0.0007606983,-0.0067376783,-0.0029132371,0.0317792818,-0.0385771245,0.0187238026
7.6304578781,0.0002056002,-0.0073972633,-0.0058469181,0.0328528285,-0.0396913216,0.0091669830
7.6405067444,-0.0023471252,-0.0099579757,-0.0087768435,0.0349103846,-0.0322733596,0.0049229697
7.6505842209,-0.0050115571,-0.0164883491,-0.0146166682,0.0219893418,-0.0207147710,0.0049326238
7.6606121063,-0.0058246390,-0.0222303700,-0.0107185245,-0.0079302080,-0.0166971274,0.0102512231
7.6707129478,-0.0027350397,-0.0253294166,-0.0078021889,-0.0324727260,-0.0168977957,0.0123810861
7.6807560921,0.0003396585,-0.0217507612,-0.0029726033,-0.0292867869,-0.0158711467,0.0028245985
7.6908397675,-0.0004754499,-0.0141718229,-0.0059441929,-0.0047893291,-0.0114682755,-0.0056736814
7.7008571625,0.0044726669,-0.0014208097,-0.0059398417,0.0207397323,-0.0027149976,0.0006950019
7.7109889984,0.0024970858,0.0027483788,-0.0127477050,0.0387632623,0.0091431262,0.0049426109
7.7210831642,0.0023688539,-0.0017201367,-0.0146432519,0.0365634896,0.0154697318,0.0017609322
7.7310881615,0.0002473309,-0.0052978983,-0.0126529336,0.0151712485,0.0194231272,-0.0141583132
7.7411651611,0.0010720058,-0.0110309264,-0.0135934949,0.0013134908,0.0170968566,-0.0268975440
7.7512521744,0.0009864657,-0.0158550646,-0.0194098353,-0.0007821238,0.0127502447,-0.0396399051
7.7612810135,-0.0020344690,-0.0100330403,-0.0135933161,-0.0167331267,0.0073400331,-0.0343295597
7.7714829445,-0.0050164373,-0.0004316855,-0.0038990383,-0.0166931786,0.0031111995,-0.0322094187
7.7813549042,-0.0060200752,0.0053471262,-0.0009889606,0.0014075274,0.0075413678,-0.0279646069
7.7915477753,-0.0031017647,0.0093545625,-0.0029293899,0.0228199810,0.0014094400,-0.0205397122
7.8015570641,0.0008242219,0.0067451606,-0.0009393099,0.0314070769,-0.0026630661,-0.0056787413
7.8117160797,0.0008628383,0.0021868807,0.0010508295,0.0292860046,-0.0037222719,-0.0024930018
7.8216972351,-0.0000559897,-0.0024222645,0.0020411012,0.0165209398,-0.0081058349,-0.0067391456
7.8317580223,0.0009929999,-0.0042370846,0.0020605321,0.0026222486,-0.0061388914,-0.0120443618
7.8418469429,-0.0019076453,0.0035286334,0.0068928595,-0.0091832783,0.0000830521,-0.0184090510
7.8519172668,-0.0048595578,0.0054450044,0.0088295341,0.0014259033,0.0065558655,-0.0162846483
7.8619542122,-0.0059391768,0.0074608037,0.0059140320,0.0130588571,0.0172822792,-0.0141586456
7.8720808029,-0.0061274529,0.0056451941,0.0069149132,0.0109089408,0.0194690004,-0.0014156864
7.8821020126,-0.0033468888,0.0018738371,0.0098796487,0.0109840417,0.0120489020,-0.0003576126
7.8935108185,0.0024227663,0.0039315606,0.0099112988,0.0120820627,0.0088613639,-0.0024830813
7.9023289680,0.0082537550,0.0099145258,0.0011718866,0.0174326189,0.0067028715,-0.0152271064
7.9124021530,0.0082083289,0.0091253752,-0.0066035395,0.0206089187,0.0088186199,-0.0205362514
7.9223699570,0.0051800921,0.0024883908,-0.0094971061,0.0109440414,0.0151422955,-0.0141598443
7.9324407578,0.0060575320,-0.0072207591,-0.0094733834,-0.0082034217,0.0097308196,-0.0046004942
7.9425201416,0.0099264327,-0.0073847389,-0.0016732815,-0.0229898244,-0.0051983288,0.0038901959
7.9526062012,0.0109644625,-0.0046792692,0.0051226015,-0.0251138266,-0.0063205184,-0.0024796193
7.9626369476,0.0081123579,-0.0009825442,0.0041106935,-0.0091207474,-0.0051612444,-0.0088538947
7.9727048874,0.0052311360,0.0019092944,0.0031133289,0.0047309399,-0.0028541484,0.0006983308
7.9828310013,0.0081688929,0.0000845056,0.0099552274,0.0175652448,-0.0047673630,0.0155593026
7.9928369522,0.0102158803,-0.0026367295,0.0080265403,0.0251175705,-0.0131891444,0.0155521790
8.0036277771,0.0093724746,-0.0023395333,0.0080396533,0.0347590111,-0.0174185093,0.0049296278
8.0175924301,0.0075881719,0.0009535712,0.0060878987,0.0379555263,-0.0174812935,-0.0088738687
8.0234565735,0.0038316636,0.0032191139,0.0099751949,0.0176529158,-0.0156125538,-0.0205475707
8.0563230515,-0.0009875805,0.0004554179,0.0138705969,0.0131851435,0.0033157305,-0.0407102294
8.0564403534,-0.0059076012,-0.0091303429,0.0060890312,0.0056092497,0.0138674406,-0.0396412387
8.0564670563,-0.0031002373,-0.0101473248,-0.0016830567,-0.0168196261,0.0158712026,-0.0279560834
8.0719003677,-0.0012500272,-0.0035573232,-0.0036437516,-0.0284669623,0.0073568108,-0.0162775908
8.0740680695,-0.0003319145,0.0059318477,0.0002173182,-0.0199025273,0.0053214235,-0.0141553832
8.0837659836,-0.0023206533,0.0107444087,0.0021525021,0.0036462070,-0.0019351575,-0.0194739830
8.0938110352,-0.0022888915,0.0157041047,0.0050716395,0.0111525133,-0.0049975929,-0.0109829595
8.1035032272,-0.0041978047,0.0148618603,0.0070153470,0.0165259726,-0.0080578318,0.0006939366
8.1139965057,-0.0030632303,0.0120997215,0.0041017528,0.0176499337,-0.0133121144,0.0070619541
8.1238107681,-0.0018959553,0.0102920914,0.0050900574,0.0124133602,-0.0228662062,0.0134293064
8.1338167191,0.0013087629,0.0114019448,0.0080074668,0.0135865090,-0.0334311649,0.0187315941
8.1437110901,0.0045466213,0.0076698149,0.0031457539,0.0252839103,-0.0290638451,0.0219162013
8.1537895203,0.0018735691,0.0059842328,0.0021544097,0.0316474810,-0.0247295517,0.0272260122
8.1638851166,0.0030334904,0.0062589506,0.0021763442,0.0305073820,-0.0172910765,0.0304154139
8.1739234924,0.0031487360,0.0016239595,-0.0026824477,0.0261393450,-0.0077993716,0.0272351317
8.1838693619,0.0042119413,-0.0000888992,-0.0114259124,0.0303684436,-0.0046760165,0.0123704327
8.1940374374,0.0051989420,0.0001610156,-0.0152963996,0.0249109901,0.0068931547,0.0038830719
8.2041521072,0.0031554936,0.0003650572,-0.0133371353,0.0174160562,0.0089014443,-0.0035466147
8.2141723633,0.0040356158,-0.0043934276,-0.0094172955,0.0003217831,0.0108810384,-0.0024792864
8.2241363525,0.0038876026,-0.0093780747,-0.0035586958,-0.0242328309,0.0117276572,-0.0024726284
8.2343149185,0.0027884631,-0.0067700734,-0.0006591085,-0.0360022150,0.0147935553,-0.0045909733
8.2443695068,0.0036301776,-0.0022595439,0.0002855655,-0.0285110101,0.0127367964,-0.0045939027
8.2544860840,0.0025397479,0.0023946476,0.0080577135,-0.0166966934,0.0054545151,0.0017695874
8.2644128799,0.0074222251,0.0071044201,0.0148792267,-0.0154735036,-0.0093001965,0.0155652948
8.2746162415,0.0075488403,0.0118249664,0.0158193111,-0.0100299241,-0.0198427849,0.0187439770
8.2846860886,0.0097498614,0.0098712081,0.0138630867,0.0124729881,-0.0292306934,0.0134245781
8.2947092056,0.0100445915,0.0071954885,0.0158101916,0.0306999814,-0.0375675894,0.0123543870
8.3047761917,0.0074658482,0.0055309394,0.0128748417,0.0264320001,-0.0375979468,0.0134172551
8.3148603439,0.0019747331,0.0008645218,0.0099312067,0.0168083217,-0.0355391204,0.0166061893
8.3250827789,-0.0006169066,-0.0029383737,0.0060058828,0.0061594052,-0.0377404913,0.0187313929
8.3351106644,0.0016751005,-0.0019996304,0.0030637379,-0.0066668587,-0.0357376635,0.0176742524
8.3451147079,0.0000146120,-0.0039988151,0.0040108557,-0.0014079139,-0.0282917321,0.0134294396
8.3552484512,-0.0016819895,-0.0011260870,0.0020198224,-0.0036229435,-0.0209167041,0.0081234239
8.3653841019,-0.0025062100,0.0047164569,0.0000413057,0.0155092049,-0.0133426758,0.0049369512
8.3754186630,0.0004839465,0.0039692530,-0.0047972207,0.0313845500,-0.0005121643,-0.0014316654
8.3853931427,0.0024500354,0.0042276392,-0.0086672306,0.0217883810,-0.0016916781,-0.0067388127
8.3956031799,0.0034854799,0.0014437300,-0.0067089801,0.0069340123,-0.0103173908,-0.0078008818
8.4056491852,0.0075681522,-0.0052778935,-0.0095996857,0.0102179563,-0.0188120753,-0.0131149534
8.4157638550,0.0097801033,-0.0070921248,-0.0066829924,0.0135679729,-0.0325025208,-0.0014413195
8.4256696701,0.0101389606,0.0017667946,-0.0047668819,0.0051092412,-0.0399556421,0.0059896987
8.4358825684,0.0056028604,0.0047108391,-0.0067756181,0.0093016420,-0.0324765556,0.0081150346
8.4459114075,-0.0009951130,0.0048382292,-0.0097305775,0.0176666304,-0.0154467057,0.0049360194
8.4559602737,-0.0057999478,0.0079397047,-0.0097547770,0.0196838696,-0.0037499689,0.0060030147
8.4660301208,-0.0106922667,0.0071315626,-0.0107179284,0.0163860768,0.0057641738,0.0049468051
8.4761152267,-0.0117937680,0.0053184265,-0.0106984377,0.0109555721,0.0152448937,0.0017684555
8.4861621857,-0.0100047942,0.0014514786,-0.0155482292,-0.0061610956,0.0193397701,0.0017748470
8.4962291718,-0.0082769673,-0.0025570306,-0.0135712624,-0.0189638715,0.0192838442,0.0102719283
8.5062799454,-0.0036032111,-0.0008055333,-0.0047825580,-0.0199857261,0.0150651317,0.0155790756
8.5163669586,0.0030994727,0.0019946110,-0.0008749965,-0.0050241388,0.0130947912,0.0187592898
8.5264034271,0.0068847998,0.0077945823,-0.0028027897,0.0056812353,0.0100326883,0.0230022389
8.5365447998,0.0058001964,0.0069228793,-0.0057157879,0.0227754805,0.0080602188,0.0229965113
8.5464448929,0.0106342230,0.0012897786,-0.0144356489,0.0249763168,0.0017474613,0.0283017959
8.5566577911,0.0086920653,-0.0053509390,-0.0105203390,0.0101523884,-0.0101034055,0.0208679140
8.5666885376,0.0058921813,-0.0111240065,-0.0095514655,0.0027501332,-0.0176856928,0.0070626200
8.5767946243,0.0041293441,-0.0100871911,0.0001678463,0.0038285004,-0.0198943838,-0.0078048762
8.5867938995,0.0013526171,-0.0060993945,0.0021004076,0.0122009460,-0.0039670831,-0.0173552372
8.5968990326,0.0013321578,-0.0000861574,0.0021005271,0.0195141472,0.0119836535,-0.0215944592
8.6069984436,0.0001673936,-0.0017727602,-0.0027306085,0.0321359336,0.0300979428,-0.0268976111
8.6170663834,-0.0001933039,-0.0053541726,-0.0104720592,0.0309300534,0.0439031050,-0.0237056781
8.6268959045,-0.0035688863,-0.0041722497,-0.0123727918,0.0106780436,0.0416316949,-0.0194544755
8.6371917725,-0.0029655159,-0.0050942888,-0.0142765045,-0.0041574938,0.0308990888,-0.0183952693
8.6472606659,-0.0031693936,-0.0051793298,-0.0113530755,-0.0231820531,0.0127288727,-0.0130905192
8.6573266983,-0.0002965689,-0.0034115675,-0.0055050855,-0.0187617112,-0.0020603929,-0.0088516315
8.6672668457,0.0017083599,0.0003928479,-0.0016246442,0.0004940107,-0.0060743098,0.0006976650
8.6775112152,0.0017813533,0.0082857097,0.0012755987,0.0261533801,-0.0100183841,0.0123689016
8.6875753403,0.0028449758,0.0115858102,0.0032489295,0.0464213677,-0.0087387357,0.0187351871
8.6976289749,0.0019159256,0.0140048275,0.0032650228,0.0495669618,-0.0034261951,0.0155513128
8.7076129913,-0.0019837976,0.0096075321,0.0042728181,0.0420789495,-0.0025273780,0.0006884771
8.7177639008,-0.0049023614,0.0022223976,0.0052760239,0.0313397795,0.0037112762,-0.0046151415
8.7277898788,-0.0049519003,-0.0004387710,0.0082266927,0.0174601823,0.0046995757,0.0028214692
8.7378616333,-0.0030373917,-0.0022639099,0.0063022966,0.0110331774,0.0079021603,0.0145051572
8.7476396561,0.0017368211,-0.0002434987,0.0043803449,0.0099197095,0.0132878702,0.0283115171
8.7579631805,0.0054920106,0.0027264890,0.0014832016,0.0099025844,0.0154368421,0.0325605236
8.7680664062,0.0052926033,0.0037674617,0.0015038248,0.0119798500,0.0207120329,0.0251300372
8.7781457901,0.0051221862,0.0028514501,0.0015217658,0.0067145415,0.0131758843,0.0155716194
8.7880725861,0.0050456463,0.0048348391,0.0054197903,0.0057683201,0.0003445083,0.0017620639
8.7982425690,0.0089951400,0.0010671106,0.0083689690,0.0165013652,-0.0059488742,-0.0014294017
8.8083343506,0.0091011245,-0.0035740349,0.0064387317,0.0261502638,-0.0100813014,0.0028132801
8.8183679581,0.0082337577,-0.0033132348,0.0084004998,0.0218688864,-0.0090639070,0.0017524764
8.8284301758,0.0004095599,-0.0031698409,0.0103317499,0.0078785028,0.0024790317,0.0006999953
8.8385734558,-0.0025524185,-0.0031726945,0.0073914523,-0.0017164676,0.0013275474,-0.0003602757
8.8485660553,-0.0006191716,-0.0080614006,0.0103341937,-0.0048853625,-0.0018765018,0.0007007276
8.8587055206,0.0023790761,-0.0071527427,0.0113157630,-0.0058729965,-0.0092861485,0.0049454737
8.8686065674,0.0034653856,-0.0052779978,0.0083740354,-0.0058847144,-0.0082389936,0.0028224015
8.8788280487,-0.0013880939,-0.0062728217,0.0083551407,0.0014987132,0.0003004996,0.0007011272
8.8888349533,-0.0063399733,-0.0013790193,0.0112592578,0.0046361834,0.0066944831,0.0007035240
8.8989753723,-0.0093730520,0.0044665048,0.0024831886,0.0044829715,0.0214930698,-0.0077833706
8.9089527130,-0.0106174555,-0.0012682739,-0.0033295159,0.0182081051,0.0364890657,-0.0045939693
8.9191055298,-0.0060747475,-0.0021374587,-0.0003510121,0.0001234580,0.0310955625,0.0060251858
8.9291229248,-0.0004695788,-0.0041665426,-0.0032342081,-0.0147513626,0.0246128961,0.0081493231
8.9392576218,0.0042266636,-0.0091796210,-0.0041756635,-0.0146444375,0.0139956055,0.0070825270
8.9491567612,0.0080455635,-0.0064197695,-0.0012500290,-0.0145075498,0.0001817888,0.0038901961
8.9593830109,0.0071127801,0.0051487321,0.0035738940,-0.0069657695,-0.0072074845,-0.0003628057
8.9693727493,0.0052817850,0.0051890844,0.0025905366,0.0165520720,-0.0112672076,-0.0035562022
8.9795217514,0.0044028698,0.0006013301,0.0055299993,0.0357396416,-0.0089776209,-0.0035597309
8.9894771576,0.0045287400,-0.0058332523,0.0075145955,0.0368392617,-0.0121443858,-0.0024997927
8.9995765686,0.0066462918,-0.0083849719,0.0055890675,0.0326347128,-0.0185619369,-0.0046251281
9.0096406937,0.0048876791,-0.0071265465,-0.0002627376,0.0261834729,-0.0144500174,-0.0163012240
9.0197658539,0.0011192574,-0.0030296806,0.0016619560,0.0101610441,-0.0135769006,-0.0237297136
9.0296983719,-0.0036639855,-0.0039096242,0.0045728679,0.0036911601,-0.0073083518,-0.0300957337
9.0396032333,-0.0026442544,-0.0058424687,-0.0022323136,0.0003785081,0.0043966412,-0.0205324553
9.0497417450,-0.0006983713,-0.0039850986,-0.0032126312,-0.0177142099,0.0000703360,-0.0088502336
9.0597429276,0.0041866093,-0.0032154683,-0.0061404114,-0.0230455901,0.0000791245,-0.0003544833
9.0701360703,0.0080790464,-0.0015095461,-0.0061402326,-0.0240933560,-0.0020799669,-0.0046024248
9.0801200867,0.0110364128,0.0012103107,-0.0012742880,-0.0197955482,-0.0052603139,-0.0099140992
9.0901794434,0.0110985953,0.0059065605,-0.0022830968,-0.0187305510,-0.0052786898,-0.0141615756
9.1002502441,0.0062690168,0.0087006474,-0.0003743771,-0.0069933888,-0.0051899399,-0.0162881762
9.1103067398,0.0004843562,0.0135470191,-0.0023644569,0.0025883988,-0.0029978920,-0.0184131116
9.1203813553,-0.0034140558,0.0204534549,-0.0043252711,0.0142309405,0.0066536702,-0.0184112471
9.1305170059,-0.0064549209,0.0187060107,-0.0023664241,0.0173492357,0.0151973572,-0.0141605772
9.1405639648,-0.0066821040,0.0101216147,0.0015820857,0.0097675631,0.0269008186,0.0007116466
9.1506080627,-0.0060081319,0.0004357781,0.0103942752,-0.0115691507,0.0267905630,0.0123967985
9.1607007980,-0.0033742995,-0.0036363069,0.0182142258,-0.0275412183,0.0234880447,0.0155850677
9.1706771851,0.0003157124,0.0028322276,0.0113915801,-0.0253851246,0.0213916041,0.0166452732
9.1808786392,0.0069568991,0.0084552923,0.0016618964,-0.0061558774,0.0194375087,0.0166392811
9.1908369064,0.0146274213,0.0084047550,0.0007246133,-0.0007121097,0.0088948533,0.0198180284
9.2009601593,0.0126326252,0.0064066956,0.0026767845,-0.0027424227,-0.0017400146,0.0187507011
9.2109861374,0.0107183401,-0.0004871923,0.0046182866,-0.0101446789,-0.0093223006,0.0049454067
9.2211236954,0.0069323792,-0.0045101112,0.0055596228,-0.0154188303,-0.0157838613,-0.0024886073
9.2310276031,0.0051492020,-0.0037052396,0.0045574899,-0.0164215118,-0.0221522786,-0.0014297345
9.2412567139,-0.0005042091,0.0000401151,0.0025482771,-0.0111397430,-0.0167862084,0.0006946024
9.2512607574,-0.0052528218,0.0028318998,0.0025124545,-0.0143848043,-0.0125840064,-0.0014260728
9.2613401413,-0.0090700965,0.0085051293,0.0063524242,-0.0154741984,-0.0104638636,-0.0003634716
9.2713041306,-0.0128922593,0.0054924646,0.0063387151,-0.0016313531,-0.0071319840,0.0038818736
9.2815494537,-0.0099210870,0.0035541293,0.0024619696,0.0068799239,-0.0026913621,0.0229969118
9.2915306091,-0.0021114410,0.0006751951,-0.0023687487,0.0025757235,0.0016053818,0.0368035361
9.3016605377,0.0046789213,-0.0042414656,-0.0003861192,-0.0101878755,-0.0027217888,0.0410508141
9.3116416931,0.0066163926,-0.0082798516,-0.0003801588,-0.0123599507,0.0003664128,0.0293731187
9.3217563629,0.0056330352,-0.0094219958,0.0005697605,-0.0166255869,-0.0008429287,0.0123850806
9.3318309784,0.0017349659,-0.0076327836,-0.0023712520,-0.0113187069,0.0012287444,-0.0024804182
9.3418588638,-0.0002110735,-0.0068172356,-0.0053272848,-0.0176911205,-0.0020309649,-0.0056658252
9.3519077301,-0.0001627043,-0.0021861333,-0.0053482656,-0.0283208601,-0.0063820370,-0.0077888975
9.3619918823,-0.0020815418,-0.0072977608,-0.0043920879,-0.0209088568,-0.0010670335,-0.0162826497
9.3721294403,-0.0040307031,-0.0113130575,0.0014380213,-0.0134283043,-0.0020627896,-0.0162850469
9.3821392059,-0.0010837526,-0.0065802848,0.0043565030,-0.0187856518,0.0000198686,-0.0152211804
9.3919258118,-0.0040195049,-0.0028504345,-0.0005505685,-0.0134936860,0.0042966390,-0.0173439868
9.4022655487,-0.0050542862,-0.0049094846,-0.0083474517,-0.0071382094,0.0097052529,-0.0099095060
9.4124021530,-0.0041734935,-0.0059429323,-0.0093064308,-0.0092575531,0.0086810011,-0.0014150871
9.4222879410,-0.0002840668,-0.0050774058,-0.0102722645,-0.0102166915,-0.0019317623,-0.0003580121
9.4323654175,0.0007211506,-0.0002747018,-0.0054140692,-0.0069897389,-0.0051698997,-0.0131020360
9.4427280426,-0.0001625777,0.0055663446,-0.0015459064,0.0015680362,-0.0084166266,-0.0343420096
9.4526348114,-0.0010565729,0.0028057632,-0.0005658272,0.0207220223,-0.0029576784,-0.0364677459
9.4626684189,-0.0000530616,-0.0027466330,-0.0015067462,0.0312850252,0.0077675367,-0.0332808755
9.4725418091,0.0008868068,-0.0092100864,-0.0014647249,0.0249099508,0.0056726942,-0.0205387138
9.4828147888,0.0037707030,-0.0061643859,-0.0004749898,-0.0017536720,0.0044199433,-0.0141615095
9.4929485321,0.0008218526,-0.0033293504,0.0014573928,-0.0166412741,-0.0010294169,-0.0162840486
9.5029373169,-0.0001530782,-0.0005376029,0.0063135619,-0.0144841392,-0.0031048846,-0.0120386360
9.5128974915,-0.0001271054,0.0032709700,0.0072668190,-0.0038426816,0.0001990327,-0.0077924924
9.5230712891,0.0027964725,0.0062078917,0.0053322907,0.0089368690,0.0035415667,-0.0003606752
9.5331602097,0.0056817993,0.0033919748,0.0024297829,0.0131776873,0.0068172547,0.0081342757
9.5432062149,0.0105178226,0.0005675491,-0.0053220396,0.0121333282,0.0046925182,0.0091956118
9.5531806946,0.0163641740,-0.0012534696,-0.0052820449,0.0100800311,-0.0038695447,0.0006974653
9.5633268356,0.0164197627,-0.0012095708,-0.0023688080,-0.0005715471,-0.0072552217,-0.0162916370
9.5734691620,0.0135708842,-0.0031286839,-0.0004372600,-0.0005928529,-0.0063327029,-0.0375271514
9.5834827423,0.0067868023,-0.0011608812,-0.0024075510,-0.0017784126,0.0052654305,-0.0470759831
9.5934524536,0.0008670851,0.0026986834,-0.0082774758,-0.0051108263,0.0179279633,-0.0534396060
9.6036138535,-0.0051712678,0.0085115964,-0.0053828363,-0.0083556483,0.0221656505,-0.0502521321
9.6137514114,-0.0093045589,0.0094415108,0.0062988992,-0.0125772906,0.0179397464,-0.0417587794
9.6237401962,-0.0055279345,0.0103265652,0.0072955485,-0.0093017900,0.0117118787,-0.0247733407
9.6337108612,0.0002445742,0.0064079324,0.0063555832,0.0014137058,0.0087813362,-0.0003561478
9.6438779831,0.0070239245,0.0054737786,0.0063925381,0.0047183167,-0.0006142966,0.0187499020
9.6539936066,0.0109484065,0.0074504325,0.0122358203,-0.0016088216,-0.0080833975,0.0208713766
9.6640081406,0.0100474451,0.0131938541,0.0131849051,-0.0079720467,-0.0124605019,0.0091920169
9.6739845276,0.0081697199,0.0092725912,0.0083103180,0.0037040515,-0.0071706655,-0.0088588893
9.6841545105,0.0082907844,0.0073838020,0.0053921933,0.0069454112,-0.0113786608,-0.0078011481
9.6942787170,0.0093837548,0.0083641047,0.0034312601,-0.0027008252,-0.0072116121,-0.0067348182
9.7042961121,0.0036093011,0.0063489238,0.0024271009,-0.0101826023,-0.0062367623,-0.0099176951
9.7140989304,-0.0032368437,0.0042797709,0.0043548937,-0.0145384688,0.0021862837,-0.0141595779
9.7244129181,-0.0051973821,0.0060274983,0.0053018327,-0.0262614358,0.0010850665,-0.0046009603
9.7345523834,-0.0022755549,0.0076930309,0.0091723800,-0.0283573437,-0.0020334949,0.0081396019
9.7445783615,0.0036085113,0.0083710188,0.0072270627,-0.0262070857,-0.0030137380,0.0176949576
9.7546167374,0.0094859619,0.0130755166,0.0130718946,-0.0037750108,-0.0049261539,0.0198119041
9.7646827698,0.0124364216,0.0111548165,0.0208663940,0.0090324506,-0.0047794138,0.0251174532
9.7747478485,0.0104871113,0.0161077697,0.0208570361,0.0186318140,-0.0047578425,0.0155588361
9.7848625183,0.0085870791,0.0133890668,0.0121133924,0.0271429308,-0.0026236516,0.0060016168
9.7947845459,0.0076714545,0.0106911371,0.0004408356,0.0228840038,-0.0037357877,0.0038785446
9.8050222397,0.0097278226,0.0088190595,-0.0063645248,-0.0026087854,-0.0156309288,0.0038794768
9.8150167465,0.0079395864,-0.0000320885,-0.0034570696,-0.0132161565,-0.0220901594,0.0038789441
9.8251543045,0.0052681654,-0.0070245927,0.0013737675,-0.0259203427,-0.0316747464,0.0155570386
9.8351240158,0.0016714572,0.0032926810,0.0071310992,-0.0440050699,-0.0370966755,0.0219297167
9.8451833725,-0.0029179365,0.0116329351,0.0080072880,-0.0313000046,-0.0274483748,0.0198064446
9.8552665710,-0.0047118948,0.0143166417,0.0070018168,-0.0037448099,-0.0080871927,0.0229945146
9.8653936386,-0.0008039609,0.0113939280,0.0089683533,0.0036378177,0.0015666995,0.0293701887
9.8753252029,0.0030344962,0.0036392596,0.0119196773,0.0046772491,0.0048144246,0.0378659368
9.8855705261,0.0068880855,-0.0051212972,0.0090398192,-0.0005998835,-0.0016460712,0.0304308608
9.8955574036,0.0118320305,-0.0032442946,0.0041805501,-0.0111587849,-0.0134726372,0.0208714437
9.9056463242,0.0139386747,-0.0004949111,0.0031803842,-0.0175078940,-0.0199905243,0.0060036140
9.9157724380,0.0073315739,-0.0026306051,-0.0036853557,-0.0142878648,-0.0221191887,0.0006927382
9.9258012772,-0.0002969787,-0.0028302062,-0.0057001119,-0.0228627101,-0.0179372262,0.0028219353
9.9358425140,-0.0059934617,-0.0050799092,-0.0047767763,-0.0345638432,-0.0211535264,0.0134412907
9.9459056854,-0.0058258758,-0.0015599567,-0.0038571958,-0.0335152782,-0.0189591479,0.0229975767
9.9558525085,-0.0047015757,0.0000777330,-0.0019389394,-0.0196963996,-0.0135398824,0.0219349768
9.9662551880,-0.0036488087,0.0019133699,0.0019344684,-0.0058529954,-0.0102082007,0.0261805207
9.9762468338,-0.0026443289,0.0009049338,0.0038828845,0.0037005628,-0.0047846735,0.0314898007
9.9863996506,-0.0006615579,-0.0010004330,0.0009708997,0.0111936592,-0.0068492224,0.0304259323
9.9962453842,0.0052241175,-0.0008960131,-0.0009446744,0.0132709248,-0.0015740329,0.0229954477
10.0062885284,0.0032818629,-0.0027845341,-0.0097120404,0.0047147740,-0.0006628328,0.0113173518
10.0163669586,0.0003754660,-0.0047394251,-0.0106906295,-0.0070183147,-0.0018956098,0.0007017264
10.0264263153,-0.0034959973,-0.0087843006,-0.0116829872,-0.0230047908,-0.0041784714,-0.0024804850
10.0362834930,-0.0044146092,-0.0080865687,-0.0107477307,-0.0304406043,-0.0073990314,0.0017669908
10.0465869904,-0.0014139251,-0.0064148521,-0.0029802923,-0.0271930099,-0.0115807941,0.0070734061
10.0566692352,-0.0023058192,-0.0017542976,-0.0020418765,-0.0144066429,-0.0093192374,0.0113184843
10.0667200089,-0.0002901018,0.0059252689,-0.0020537379,-0.0027110791,-0.0049583782,0.0134408241
10.0767574310,-0.0012023957,0.0107888738,0.0008386370,-0.0016002739,-0.0091792224,0.0155620314
10.0868129730,0.0028315200,0.0088874185,0.0027993317,0.0112752048,-0.0164998509,0.0144918412
10.0969505310,0.0059838160,0.0003375199,0.0008756515,0.0337898359,-0.0269349180,0.0112955151
10.1071367264,0.0043505444,-0.0012263197,-0.0059405570,0.0435008667,-0.0375038683,0.0049182428
10.1170587540,-0.0040163980,0.0050256038,-0.0137676597,0.0424774140,-0.0417433567,0.0070399833
10.1271743774,-0.0114786755,0.0073650042,-0.0206165314,0.0423625223,-0.0300375652,0.0123547204
10.1372337341,-0.0122506525,0.0009578255,-0.0225415826,0.0368468501,-0.0120332651,0.0144887120
10.1473045349,-0.0112850945,-0.0085010966,-0.0176407099,0.0142363207,0.0079579530,0.0187514331
10.1571159363,-0.0105480682,-0.0143519258,-0.0146772861,-0.0116746379,0.0374215692,0.0155873317
10.1674308777,-0.0090821739,-0.0126460483,-0.0068603163,-0.0353594609,0.0573277660,0.0081700291
10.1775035858,-0.0068310336,-0.0081821671,-0.0009927753,-0.0440605395,0.0731128529,-0.0003142696
10.1875848770,-0.0046465159,-0.0027606625,-0.0019376877,-0.0376725756,0.0752955750,0.0007491306
10.1975641251,0.0015179603,-0.0050332239,-0.0067430143,-0.0236614197,0.0616237111,0.0007387443
10.2075557709,0.0108274687,-0.0041982746,-0.0105738044,-0.0041882526,0.0353096165,0.0070897844
10.2177085876,0.0194471423,0.0035565135,-0.0056793694,-0.0028074048,0.0034126693,-0.0046062865
10.2278070450,0.0175642688,0.0065491209,0.0011227723,0.0112582939,-0.0167570487,-0.0247938465
10.2378396988,0.0099827442,-0.0009620178,0.0020837183,0.0273334011,-0.0241273455,-0.0375432000
10.2479839325,0.0043737530,-0.0045275679,0.0010951158,0.0273080729,-0.0208755601,-0.0269231107
10.2580442429,-0.0002949223,-0.0052433973,0.0040094848,0.0166431777,-0.0208856799,-0.0141788200
10.2681112289,-0.0001166448,-0.0031983021,0.0039877887,0.0059033427,-0.0135184433,-0.0088622179
10.2780294418,-0.0000282959,-0.0011713270,0.0059393044,0.0089960713,-0.0029081437,-0.0131048998
10.2882289886,0.0019068285,0.0009114605,0.0039998288,0.0163425356,0.0088090319,-0.0162879769
10.2982549667,0.0017418950,0.0049580494,0.0050014849,0.0129856206,0.0247515123,-0.0077847689
