0.0000000000,-0.0125695197,-0.1399830878,0.0228351653,0.1966544241,0.1011566147,0.2067374289
0.0093510151,-0.0094896881,-0.0985183343,-0.0045748651,0.1750880182,0.1214323267,0.2225572765
0.0174299479,0.0030626324,-0.0490910634,-0.0183648765,0.1751061231,0.1151105165,0.2332221717
0.0269979239,0.0196324848,-0.0101682767,-0.0143077075,0.1892648339,0.0810159296,0.2334346920
0.0390900373,0.0279352926,0.0033688918,-0.0040567815,0.1908427626,0.0263561476,0.2146649957
0.0475280285,0.0300254487,-0.0037603900,0.0124090016,0.1743198335,-0.0316999629,0.1895533800
0.0575799942,0.0190186165,-0.0220670030,0.0251111090,0.1363191903,-0.0718026459,0.1590306312
0.0674510002,0.0063996580,-0.0340977237,0.0240503252,0.0874192938,-0.0852542669,0.1304687709
0.0774480104,-0.0042469832,-0.0290462598,0.0129753053,0.0499859005,-0.0707078129,0.1155270934
0.0867999792,-0.0072449180,-0.0144596025,0.0085394681,0.0264458191,-0.0613270998,0.1091092825
0.0968539715,-0.0033704969,0.0038546398,-0.0047321022,0.0115635423,-0.0668315887,0.1038434133
0.1082760096,-0.0052681300,0.0142013207,-0.0151102245,0.0073196618,-0.0679799393,0.0974756554
0.1168270111,-0.0080918400,0.0128626898,-0.0058985054,0.0020668423,-0.0766072497,0.0932857096
0.1266529560,-0.0098045794,0.0007248595,0.0063389242,-0.0159650221,-0.0916828737,0.0976502299
0.1367340088,-0.0192249753,-0.0116434023,0.0047504604,-0.0384767205,-0.0821924359,0.1029163674
0.1466759443,-0.0279885866,-0.0084308311,-0.0000081361,-0.0441704243,-0.0457470752,0.1196797639
0.1566939354,-0.0284461714,0.0066661015,-0.0186972320,-0.0287850779,0.0156201469,0.1575171649
0.1667050123,-0.0207349993,0.0329531208,-0.0395612419,0.0048682224,0.0632140264,0.1933073848
0.1766560078,-0.0104213087,0.0393558219,-0.0388509929,0.0537185892,0.0820247382,0.2239606380
0.1866649389,0.0027976301,0.0345922783,-0.0300244987,0.0965266377,0.0632374659,0.2378627360
0.1966959238,0.0083663734,0.0279298499,-0.0259734094,0.1051699296,0.0609396920,0.2113118172
0.2066829205,0.0061778692,0.0258145407,-0.0123200715,0.0679699630,0.0612797774,0.1592764407
0.2165939808,0.0042810109,0.0182049647,0.0100486577,0.0053798151,0.0315477140,0.1138301343
0.2266639471,0.0018831162,0.0020449534,0.0333708823,-0.0689583272,-0.0003492332,0.0758428052
0.2366030216,-0.0119358627,-0.0003707633,0.0348830521,-0.1253968477,-0.0021814881,0.0376480147
0.2466470003,-0.0198665000,0.0191325918,0.0234448612,-0.1552033424,-0.0015758851,0.0111078825
0.2566009760,-0.0160555579,0.0433318391,0.0041870177,-0.1605075598,-0.0006570945,-0.0016430665
0.2666629553,-0.0092144338,0.0558578745,-0.0061633885,-0.1454820037,-0.0070316368,-0.0111755850
0.2766230106,-0.0041871998,0.0577478781,-0.0075611770,-0.1304228902,-0.0176757593,-0.0196162071
0.2866449356,-0.0038289758,0.0558280423,-0.0077781975,-0.1073703021,-0.0986451805,-0.0095451977
0.2965530157,-0.1292147934,0.0334872678,-0.0227094591,-0.0989424661,-0.4155187309,0.1752350330
0.3065749407,-0.1845865548,0.0068176463,-0.0009739102,-0.1049394980,-0.2998478115,0.0831236243
0.3165919781,-0.0546898581,0.0302784219,0.0252344906,-0.1075635105,-0.0615388229,-0.0448444672
0.3265479803,0.0172615908,0.0325866416,0.0444287360,-0.1253529042,-0.0814339668,-0.1052585393
0.3364959955,-0.0243695118,-0.0035276935,0.0353747904,-0.1541805565,-0.0868646875,-0.0892673209
0.3465800285,-0.0223866440,-0.0092224702,0.0156357586,-0.1640599370,-0.0548524223,-0.0862796530
0.3565930128,-0.0236893632,0.0046392754,-0.0092814863,-0.1504064500,-0.0322022364,-0.0747497678
0.3665419817,-0.0135032861,0.0179423764,-0.0203771293,-0.1195156425,-0.0307524130,-0.0588477664
0.3765469790,-0.0052172872,0.0256078616,-0.0274097621,-0.0982380584,-0.0220374838,-0.0589191392
0.3867110014,-0.0008694860,0.0285202935,-0.0256256759,-0.0876035243,-0.0155755905,-0.0621527508
0.3966870308,-0.0015282364,0.0314285532,-0.0161481798,-0.0886410922,-0.0187990796,-0.0631935149
0.4066859484,-0.0041631791,0.0284379497,-0.0047651827,-0.1068256870,-0.0104716420,-0.0727960765
0.4167000055,-0.0116564361,0.0290231779,0.0015312731,-0.1388731003,-0.0001950361,-0.0919633806
0.4266809225,-0.0152234165,0.0292789117,0.0086555183,-0.1751171201,0.0014912775,-0.1121352240
0.4366569519,-0.0127551882,0.0234239474,0.0167674720,-0.2005998492,-0.0105624562,-0.1237255633
0.4467619658,-0.0091653792,0.0154117122,0.0219316185,-0.2164547145,-0.0267805755,-0.1310460567
0.4567199945,-0.0142723648,0.0131173506,0.0163026750,-0.1983686537,-0.0202097557,-0.1289765090
0.4666500092,-0.0166465975,0.0218460038,0.0028435886,-0.1495543718,0.0060141236,-0.1068726853
0.4766429663,-0.0183246471,0.0331022814,-0.0144201219,-0.0751219466,0.0313900523,-0.0815918297
0.4866479635,-0.0134422509,0.0344228819,-0.0255253017,0.0046632923,0.0515390001,-0.0467162691
0.4966540337,-0.0028580162,0.0218897238,-0.0255171955,0.0654169172,0.0491022058,-0.0116839828
0.5066360235,0.0038145450,-0.0008874462,-0.0213530958,0.0952935964,0.0409960747,0.0138474759
0.5167369843,0.0054893759,-0.0215254948,-0.0181639493,0.0940672010,0.0529067963,0.0328941382
0.5266269445,0.0020318297,-0.0285391435,-0.0132810771,0.0682898015,0.0667190179,0.0455671884
0.5366759300,-0.0025028917,-0.0425256118,-0.0085638463,0.0467930362,0.0805378929,0.0561165027
0.5466059446,-0.0003975364,-0.0438069925,-0.0049359500,0.0382249802,0.0815935731,0.0624906458
0.5566669703,0.0055498746,-0.0285189971,-0.0062123239,0.0372454710,0.0708980486,0.0625606850
0.5666049719,0.0057527092,-0.0103387460,-0.0064819157,0.0395168811,0.0559167042,0.0584064201
0.5766140223,0.0031898883,-0.0058253631,-0.0027107894,0.0428455658,0.0409702435,0.0574386269
0.5865759850,-0.0031639668,-0.0051689669,0.0109179318,0.0419419557,0.0227563530,0.0533083305
0.5966569185,-0.0074460837,-0.0055480227,0.0177830756,0.0334659107,0.0162507817,0.0501692630
0.6065839529,-0.0136410920,0.0007678046,0.0177438557,0.0238890499,0.0150552895,0.0448752977
0.6166819334,-0.0140185086,0.0138746873,0.0196485817,0.0143346945,0.0127529865,0.0342729874
0.6265969276,-0.0103870360,0.0268236771,0.0137394965,-0.0005276082,0.0071936380,0.0215665158
0.6365879774,-0.0065345499,0.0336983576,0.0117934048,-0.0183982179,-0.0198097508,0.0047558439
0.6465740204,-0.0053531262,0.0316207781,0.0187310874,-0.0310013629,-0.0424069390,-0.0014629037
0.6566389799,-0.0137751428,0.0293177441,0.0119502842,-0.0321111009,-0.0360299982,-0.0046906550
0.6665599346,-0.0253106095,0.0368311182,0.0011178553,-0.0110100778,-0.0101201041,0.0068150000
0.6765649319,-0.0274079777,0.0466918126,-0.0067884624,0.0292127095,0.0234961789,0.0267543532
0.6865309477,-0.0249003507,0.0540674701,-0.0146259367,0.0737893656,0.0475123003,0.0446264260
0.6965689659,-0.0166713931,0.0482445136,-0.0144709051,0.1088858396,0.0575300455,0.0594104342
0.7065789700,-0.0094413487,0.0387428775,-0.0142187774,0.1269901395,0.0598704293,0.0668197498
0.7165739536,-0.0080858795,0.0215036049,-0.0110541880,0.1290652752,0.0663174093,0.0689012781
0.7265110016,-0.0106860129,0.0061716512,-0.0069844425,0.1194427311,0.0673304796,0.0710259452
0.7365590334,-0.0083815781,-0.0140434131,0.0049431026,0.0992415994,0.0554628968,0.0764289647
0.7465239763,-0.0070014927,-0.0295374021,0.0060404837,0.0863846540,0.0607181154,0.0774654672
0.7565339804,-0.0077110264,-0.0276198611,0.0020752251,0.0767024606,0.0702532977,0.0763480067
0.7665029764,-0.0037460062,-0.0139501318,-0.0000588596,0.0734021440,0.0809426904,0.0794683024
0.7765029669,0.0050345925,0.0026580468,-0.0032024086,0.0669556931,0.0851861686,0.0815700665
0.7865929604,0.0119621428,0.0113395825,-0.0092705190,0.0553592257,0.0732152611,0.0678478628
0.7964910269,0.0132235559,0.0159395710,-0.0123997033,0.0469915718,0.0580602810,0.0530785024
0.8064810038,0.0009374885,0.0183877125,-0.0116827190,0.0448354781,0.0643719733,0.0424120091
0.8164499998,-0.0203202106,0.0246097222,-0.0180877149,0.0315819904,0.1187689006,0.0410061255
0.8264739513,-0.0509550907,0.0215974227,-0.0331551731,-0.0391229391,0.2827407718,0.0314945132
0.8365359306,-0.0877155960,-0.0083047375,-0.0839570463,-0.0811841041,0.5777750611,0.0731687248
0.8464789391,-0.1076953113,0.0041340664,-0.1270334423,-0.0955370814,0.8679097295,0.1414136887
0.8564870358,-0.0759559572,0.0565654114,-0.1504907310,-0.0557872728,0.9466841221,0.1929322779
0.8664549589,0.0113514932,0.0897049382,-0.1526568830,0.0270839110,0.8566490412,0.2136442214
0.8766869307,0.0919268429,0.1049451604,-0.1340578496,0.1151400059,0.6680445075,0.2020570636
0.8864369392,0.1193940341,0.0959781483,-0.0878192484,0.2053355426,0.4867647588,0.1702358723
0.8964350224,0.0932845175,0.0733640268,-0.0555848777,0.2731127143,0.4189678729,0.1801897138
0.9064359665,0.0451125763,0.0420577601,-0.0152311623,0.2969341576,0.3816625774,0.1708534658
0.9164179564,-0.0054959389,0.0067257062,0.0068353117,0.2899830341,0.3290017545,0.1435776353
0.9264359474,-0.0270796753,-0.0347467288,-0.0115980208,0.2548993826,0.3199968040,0.1224135011
0.9364399910,-0.0225034095,-0.0612532124,-0.0764945447,0.1442538053,0.4109211266,0.1059652865
0.9464190006,-0.0115790693,-0.0554673597,-0.1491299570,0.0663337111,0.4375082552,0.0357292034
0.9564739466,0.0186989568,-0.0502376482,-0.1918197572,0.0084717460,0.4867945910,-0.0229815114
0.9662410021,0.0471354388,-0.0485988185,-0.2397217453,-0.0467032269,0.4468114972,-0.0237451736
0.9763779640,0.0698503554,-0.0401578769,-0.2571651638,-0.0931586102,0.3687752783,0.0171641763
0.9863449335,0.0733676255,-0.0463298783,-0.2391464412,-0.1341723502,0.2737739384,0.0688023418
0.9963729382,0.0579088591,-0.0768044218,-0.1942420900,-0.1698073000,0.1734766215,0.1215347946
1.0062109232,0.0327648185,-0.0859398171,-0.1365777552,-0.2794246078,0.1163539439,0.1655403376
1.0163669586,0.0164464973,-0.0641897246,-0.0916859806,-0.3719068766,0.0445743017,0.2298138589
1.0264049768,0.0171271823,-0.0227824077,-0.0912518203,-0.3231392205,-0.0615494736,0.2750898600
1.0363929272,0.0487931632,0.0372060314,-0.1147540510,-0.1607244611,-0.2162192166,0.2897905111
1.0462379456,0.0893439949,0.1004544869,-0.1451230943,0.0766792893,-0.3919364512,0.2748270035
1.0563780069,0.1224223077,0.1320503056,-0.1479175985,0.3342290819,-0.5472751856,0.2501570582
1.0663620234,0.1185556352,0.1394428909,-0.1374722421,0.5475481153,-0.6494427919,0.2336719781
1.0763499737,0.0812622607,0.1271450520,-0.1143748462,0.6750184894,-0.6925135851,0.2062400877
1.0861959457,0.0356648229,0.1072053686,-0.1007225215,0.6977766156,-0.7172897458,0.1628256440
1.0963419676,0.0099298628,0.0832137838,-0.0829510987,0.6574081779,-0.7212442756,0.1118846908
1.1065700054,0.0009733705,0.0595571771,-0.0614915192,0.5710709095,-0.7096811533,0.0428166762
1.1163300276,0.0039318469,0.0504732803,-0.0609461963,0.4890359640,-0.7002633810,-0.0315544941
1.1263329983,0.0206236504,0.0611493364,-0.0616815984,0.4496697783,-0.6946275830,-0.0868077651
1.1363419294,0.0480144881,0.0852848664,-0.0635479987,0.4613205791,-0.6765223742,-0.1049939618
1.1463890076,0.0588765405,0.1055749431,-0.0586621463,0.4956178367,-0.6902213693,-0.1134295166
1.1562799215,0.0583725236,0.1036437824,-0.0437692702,0.5438841581,-0.7166042328,-0.1175417006
1.1663539410,0.0523488782,0.0853871480,-0.0168851316,0.5686751604,-0.7390043736,-0.1344110966
1.1762689352,0.0416250490,0.0709582940,0.0070617497,0.5549244881,-0.7457142472,-0.1566682011
1.1863160133,0.0310443304,0.0601609424,0.0191261470,0.5389146805,-0.7395655513,-0.1726307869
1.1962770224,0.0193693303,0.0493375435,0.0388159454,0.5450168252,-0.7031702399,-0.1718086749
1.2063779831,0.0112895044,0.0484436229,0.0504135191,0.5670529008,-0.6570389271,-0.1721245199
1.2163499594,0.0105229290,0.0585718527,0.0518888533,0.6004793048,-0.5753885508,-0.1535542905
1.2260919809,0.0191191100,0.0672991052,0.0091957152,0.6969934106,-0.5186418891,-0.1051221937
1.2361229658,0.0333230756,0.0685918108,-0.0194949210,0.8208980560,-0.5471920371,-0.0561535805
1.2462409735,0.0477385782,0.0457148924,-0.0035973489,0.9077370763,-0.5956214070,-0.0484634340
1.2564200163,0.0499108694,0.0055230334,0.0135103166,0.9090657234,-0.6172097921,-0.0738193914
1.2664009333,0.0366913937,-0.0245430097,0.0215111077,0.8259492517,-0.6203134060,-0.1119891480
1.2762860060,0.0166814588,-0.0390176997,0.0162772238,0.7266663313,-0.6105840802,-0.1342931241
1.2863370180,0.0112861665,-0.0452822968,-0.0078080595,0.6764344573,-0.6045280695,-0.1300455183
1.2961360216,0.0282768868,-0.0340442881,-0.0318904817,0.6467074752,-0.6250469089,-0.1277669221
1.3064079285,0.0550638102,-0.0090484247,-0.0471375287,0.6437249184,-0.6570197940,-0.1148113012
1.3162059784,0.0714001954,0.0121898428,-0.0495749414,0.6557661295,-0.7016343474,-0.0932825729
1.3263319731,0.0713901222,0.0200068429,-0.0314148366,0.6654371023,-0.7215968966,-0.0612868220
1.3362050056,0.0568924211,0.0122795776,-0.0113890469,0.6429895759,-0.7269147038,-0.0378640555
1.3462569714,0.0406673811,-0.0034898147,-0.0011996925,0.5865333676,-0.7496151924,-0.0164292026
1.3562049866,0.0331595205,-0.0204712078,0.0205732882,0.5307343006,-0.7199934125,-0.0017088465
1.3662309647,0.0223700665,-0.0232373700,0.0311206281,0.4684779644,-0.6840085387,0.0129746255
1.3762019873,0.0160919093,-0.0146731064,0.0295239985,0.4296181798,-0.6361134648,0.0243774820
1.3862769604,0.0222218893,-0.0033389106,0.0071693957,0.4047704637,-0.6062439084,0.0401374064
1.3962069750,0.0398845337,0.0147943869,-0.0162795484,0.3908945918,-0.6084434390,0.0454733148
1.4061809778,0.0567960404,0.0212840959,-0.0210309327,0.3934471309,-0.6597154140,0.0468657464
1.4161829948,0.0673183799,0.0133091137,0.0018133819,0.4055804908,-0.7077082396,0.0482308827
1.4261629581,0.0596422516,0.0014027132,0.0236675441,0.4152765274,-0.7193713188,0.0504242592
1.4361599684,0.0383746587,0.0020055994,0.0355615318,0.3950679302,-0.7270364165,0.0473009050
1.4461899996,0.0220666192,0.0034175590,0.0405390561,0.3812134862,-0.7282468677,0.0430679433
1.4561549425,0.0175462626,0.0028680637,0.0485112369,0.3737747669,-0.7294367552,0.0356441177
1.4661970139,0.0178115331,0.0072182789,0.0534504950,0.3789402246,-0.7080315351,0.0344401039
1.4761040211,0.0229533575,0.0183431879,0.0377689898,0.3768299520,-0.7102035880,0.0323308818
1.4861619473,0.0379790030,0.0275998488,0.0270619094,0.3706010580,-0.7316271663,0.0324738920
1.4961290359,0.0502906106,0.0222267285,0.0349710286,0.3558175862,-0.7520304322,0.0347413048
1.5061579943,0.0491446219,0.0106983855,0.0398269594,0.3216755986,-0.7596521378,0.0496896282
1.5161190033,0.0391347967,0.0017581804,0.0483488142,0.2755658925,-0.7416757941,0.0687282979
1.5261509418,0.0191783868,-0.0016698019,0.0575323999,0.2380414307,-0.7300282121,0.0899270624
1.5361219645,0.0048867431,-0.0003647582,0.0734266341,0.2154562175,-0.7140710950,0.1015256643
1.5461559296,-0.0018976362,0.0048861578,0.0862327516,0.2257863581,-0.6743955612,0.1076376215
1.5561009645,-0.0079109995,0.0122205839,0.0950078070,0.2427538931,-0.6603790522,0.1064724848
1.5661029816,-0.0041380259,0.0197203681,0.0970130265,0.2652171254,-0.6603335142,0.0905166939
1.5761029720,0.0065244404,0.0234696493,0.0853601396,0.2842925489,-0.6389099956,0.0786781386
1.5860869884,0.0092115076,0.0243401900,0.0637565553,0.3064540327,-0.6066988111,0.0763318911
1.5961129665,0.0068070856,0.0204919353,0.0429946482,0.3254210651,-0.5766258836,0.0761236325
1.6061190367,0.0031439629,0.0187157020,0.0318675339,0.3252989650,-0.5585291386,0.0675068423
1.6161159277,0.0023745862,0.0149050429,0.0207006037,0.3103621006,-0.5565706491,0.0600678325
1.6260999441,0.0044990745,0.0110397711,0.0212170184,0.2997279465,-0.5630312562,0.0643676370
1.6360930204,0.0018544464,0.0100602135,0.0236444771,0.3008262515,-0.5746069551,0.0846273676
1.6460739374,-0.0067316028,0.0092980936,0.0240344703,0.3347181678,-0.5548265576,0.1174103469
1.6560469866,-0.0214751996,0.0177742019,0.0242751539,0.3813146949,-0.5252636075,0.1575569659
1.6660879850,-0.0296465494,0.0317483619,0.0245138705,0.4238420427,-0.5224025249,0.2031895667
1.6760610342,-0.0270842053,0.0423801318,0.0268282592,0.4483902752,-0.5347566605,0.2361866683
1.6860419512,-0.0135532347,0.0465157852,0.0293105543,0.4581131935,-0.5579914451,0.2607681751
1.6960719824,-0.0008377763,0.0458278731,0.0327879488,0.4495783150,-0.5643430948,0.2756887972
1.7060250044,-0.0007548960,0.0460131988,0.0439307392,0.4389545619,-0.5729246140,0.2810610831
1.7160539627,-0.0075503620,0.0470568016,0.0578801930,0.4333648384,-0.5451155901,0.2883213758
1.7260249853,-0.0195111670,0.0547467396,0.0539683402,0.4266372919,-0.5056284070,0.2870061696
1.7360459566,-0.0268088914,0.0613954738,0.0431441963,0.4190931022,-0.4939935803,0.2794992328
1.7459689379,-0.0242306925,0.0601684079,0.0441252887,0.3969197571,-0.5146674514,0.2573408186
1.7559989691,-0.0145430295,0.0518250614,0.0442158282,0.3683451116,-0.5364459753,0.2362541854
1.7660340071,-0.0085927574,0.0499587655,0.0520337522,0.3290875852,-0.5551463962,0.2098432183
1.7759979963,-0.0044685635,0.0553704724,0.0607437789,0.2779974937,-0.5653332472,0.1897595227
1.7860519886,-0.0051882002,0.0601659045,0.0634732544,0.2320309430,-0.5498222113,0.1705689132
1.7960029840,-0.0040262672,0.0635630414,0.0582762063,0.2009792775,-0.5341212749,0.1598648578
1.8060029745,-0.0027124914,0.0597619042,0.0472115576,0.1703252196,-0.5665194392,0.1484087557
1.8159660101,0.0010890929,0.0440159366,0.0450992882,0.1473677158,-0.6276818514,0.1413846612
1.8259919882,-0.0053264531,0.0223584846,0.0576805770,0.1615696847,-0.6723489165,0.1544113904
1.8359500170,-0.0261222459,0.0047279373,0.0662592351,0.1861474663,-0.6858261228,0.1810413897
1.8460040092,-0.0450994559,-0.0009704903,0.0718150437,0.1889777333,-0.6597298384,0.2308042943
1.8559669256,-0.0548546053,-0.0035536662,0.0723733604,0.1870067269,-0.5758069754,0.2971921265
1.8659759760,-0.0638431162,0.0066776872,0.0657480657,0.1867462844,-0.4426555634,0.3685688078
1.8759379387,-0.0594227500,0.0229966715,0.0491169989,0.1910275817,-0.3331876397,0.4167259634
1.8859670162,-0.0352027304,0.0308723375,0.0374204218,0.2099453360,-0.3029842079,0.4324553907
1.8959289789,0.0007229862,0.0303759575,0.0502903759,0.2328024507,-0.3478875160,0.4104204178
1.9059280157,0.0239865743,0.0122029856,0.0603894889,0.2231688648,-0.4604939520,0.3750359118
1.9159519672,0.0378552191,-0.0297060460,0.0697607696,0.2090538442,-0.5527101159,0.3533335328
1.9258909225,0.0297703706,-0.0583111942,0.0682025850,0.1963309944,-0.5645372272,0.3566059172
1.9359369278,-0.0011854054,-0.0512785092,0.0622622669,0.1489285827,-0.5166991353,0.3690774739
1.9459149837,-0.0252035893,-0.0212878883,0.0609799922,0.0937411040,-0.4325445890,0.3855679035
1.9559299946,-0.0373941101,0.0113125294,0.0546697080,0.0663113445,-0.3450520039,0.3924564123
1.9658800364,-0.0335259028,0.0262870081,0.0445100367,0.0563705638,-0.3013756275,0.3847452700
1.9759099483,-0.0161407925,0.0257767960,0.0511204302,0.0596893951,-0.3068846464,0.3624684513
1.9858609438,0.0023425189,0.0202899203,0.0538541973,0.0545239225,-0.3094671369,0.3146793544
1.9958820343,0.0122548910,0.0105128400,0.0428521931,0.0292470641,-0.3210135400,0.2372173220
2.0058429241,0.0175242238,-0.0066352263,0.0367246568,-0.0172212347,-0.3477753699,0.1492436528
2.0158619881,0.0181980692,-0.0185727924,0.0315354764,-0.0637282804,-0.3733893931,0.0708252713
2.0258350372,0.0131447883,-0.0213268399,0.0311446488,-0.0976411104,-0.3795183897,0.0103348996
2.0375180244,0.0070931134,-0.0089948550,0.0189125240,-0.1348041892,-0.3813650310,-0.0469962992
2.0737791061,0.0090287300,0.0020501018,0.0126039684,-0.1610971838,-0.4129237533,-0.0892703906
2.0743250847,0.0159747116,0.0197502747,0.0082667768,-0.1640940309,-0.4218514562,-0.1306436509
2.0743479729,0.0182938986,0.0383039936,-0.0107569993,-0.1594940871,-0.4488239586,-0.1634028107
2.0759568214,0.0248765461,0.0472535007,-0.0111095011,-0.1526425779,-0.4949107766,-0.1843565553
2.0859329700,0.0259843878,0.0533066839,-0.0046024621,-0.1395776421,-0.5195345879,-0.2012055665
2.0958659649,0.0223693065,0.0555706322,-0.0000862778,-0.1245590150,-0.5248441696,-0.2107431442
2.1058759689,0.0206619911,0.0521921143,0.0064009130,-0.0980532318,-0.5001180172,-0.2183599323
2.1196799278,0.0197020583,0.0471985154,0.0030874312,-0.0471503697,-0.4601607621,-0.2165298015
2.1259918213,0.0184583627,0.0416926444,-0.0119876564,-0.0014742296,-0.4330812097,-0.2156735957
2.1362271309,0.0209265165,0.0366932452,-0.0123949349,0.0391919762,-0.4435000122,-0.2209463865
2.1458139420,0.0216639079,0.0193669461,-0.0019780695,0.0659916326,-0.4571881592,-0.2208758295
2.1559648514,0.0145283611,0.0129584335,-0.0004812182,0.0914186910,-0.4428973496,-0.1976136416
2.1655158997,0.0082068117,0.0155061856,0.0019398630,0.0956161022,-0.4437221587,-0.1731775403
2.1755108833,0.0047873748,0.0201157033,0.0053351820,0.0976121426,-0.4412512779,-0.1360112578
2.1855080128,0.0013517855,0.0228900537,0.0087138116,0.1134764552,-0.4365614355,-0.1020568833
2.1956169605,-0.0002324389,0.0279200226,0.0169771612,0.1379317343,-0.4392608106,-0.0648727715
2.2055730820,0.0012319653,0.0312149674,0.0194104612,0.1540092379,-0.4560438097,-0.0424662642
2.2155799866,0.0018584548,0.0288450010,0.0306481421,0.1658318043,-0.4687143266,-0.0349556170
2.2255549431,-0.0012917029,0.0168334953,0.0370211303,0.1849474460,-0.4588976204,-0.0286559071
2.2355449200,-0.0123602403,0.0107229874,0.0344694555,0.1912162602,-0.4407159388,-0.0330277532
2.2455611229,-0.0196970440,0.0007077418,0.0348533094,0.1686893702,-0.4228200614,-0.0448146388
2.2555630207,-0.0261870138,-0.0147536434,0.0332712233,0.0853888914,-0.4066179395,-0.0746084824
2.2658858299,-0.0250918455,-0.0291279629,0.0414290726,-0.0140065327,-0.3798621893,-0.1055215225
2.2757229805,-0.0262790136,-0.0347471125,0.0347991884,-0.0964638591,-0.3421505094,-0.1205819696
2.2857089043,-0.0280604623,-0.0195362009,0.0426431000,-0.1533292681,-0.3073110282,-0.1197057888
2.2957038879,-0.0301263221,-0.0017634184,0.0416364372,-0.1631914824,-0.2837103605,-0.1007288992
2.3056979179,-0.0245888755,0.0182524510,0.0377483070,-0.1121694520,-0.2660250962,-0.0785686076
2.3157019615,-0.0170422979,0.0311561897,0.0349082053,-0.0351966396,-0.2866603434,-0.0614902899
2.3256859779,-0.0082069216,0.0254037865,0.0478429496,0.0386205912,-0.3137162030,-0.0422425568
2.3356919289,-0.0059215124,0.0075691976,0.0598483980,0.0930638611,-0.3206313848,-0.0252374746
2.3457000256,-0.0076019536,-0.0069712959,0.0688845217,0.1163717136,-0.3043072522,-0.0126123605
2.3557169437,-0.0144627569,-0.0097097680,0.0777992308,0.1214559525,-0.2764156759,-0.0053600403
2.3658030033,-0.0207094438,-0.0104535930,0.0779028833,0.1348796189,-0.2249290645,0.0038587577
2.3756580353,-0.0265147910,-0.0023131706,0.0691496432,0.1451777965,-0.1820340753,0.0110101439
2.3855929375,-0.0239392519,0.0079970658,0.0633876026,0.1630603969,-0.1498329937,0.0107893683
2.3956649303,-0.0185735971,0.0184600390,0.0517770350,0.1769450456,-0.1487022191,0.0054603834
2.4056320190,-0.0092304265,0.0164099894,0.0558839142,0.1824302226,-0.1657799929,0.0034431717
2.4156470299,-0.0045257504,-0.0003433713,0.0600335896,0.1621672958,-0.1680743098,0.0034722001
2.4256548882,-0.0096468078,-0.0155791640,0.0699305236,0.1076254994,-0.1567191333,0.0055603851
2.4357328415,-0.0189608205,-0.0265478529,0.0758287609,0.0549558885,-0.1132877693,0.0074403100
2.4456558228,-0.0278056152,-0.0205022916,0.0738051236,-0.0008610357,-0.0762977973,0.0093663083
2.4556198120,-0.0312670656,-0.0039993078,0.0766422451,-0.0086278794,-0.0421201140,0.0133996652
2.4656600952,-0.0271017235,0.0155351758,0.0560693443,0.0243083648,-0.0257802904,0.0185788479
2.4766499996,-0.0180395357,0.0336018428,0.0375106633,0.0788672119,-0.0434551574,0.0271544922
2.4857699871,-0.0106587475,0.0396046303,0.0356398523,0.1367357075,-0.0697506741,0.0251623169
2.4955930710,-0.0108277509,0.0352992192,0.0308422744,0.1752125174,-0.0727230310,0.0177179798
2.5055928230,-0.0177997705,0.0203149114,0.0211605728,0.1601924300,-0.0569523238,0.0006278111
2.5156040192,-0.0210772809,0.0021391455,0.0212725699,0.1109923944,-0.0340645872,-0.0281708147
2.5255970955,-0.0207077339,-0.0146147199,0.0213930309,0.0543062128,-0.0101525951,-0.0559105650
2.5355701447,-0.0216364656,-0.0211976543,0.0175238550,0.0029085344,0.0170659758,-0.0762366056
2.5455839634,-0.0179586112,-0.0124943517,0.0135954916,-0.0077951094,0.0233369209,-0.0826419145
2.5557060242,-0.0172238052,0.0049268715,0.0037311614,-0.0012764893,0.0094930110,-0.0825566947
2.5655779839,-0.0114189973,0.0167663954,0.0046958029,0.0245207530,-0.0169236828,-0.0707189441
2.5755858421,-0.0081700599,0.0171815120,0.0037684143,0.0598792732,-0.0400092937,-0.0525332801
2.5856180191,-0.0036930270,0.0091084987,0.0028987229,0.0780984908,-0.0557469763,-0.0343827717
2.5955610275,-0.0010109836,-0.0037607886,-0.0008961857,0.0812892243,-0.0609209649,-0.0173531864
2.6055679321,-0.0022552735,-0.0098333098,-0.0037761629,0.0705901086,-0.0609361492,-0.0088439872
2.6155481339,-0.0036389562,-0.0082253963,-0.0027863681,0.0555413887,-0.0503191911,-0.0035903698
2.6255431175,-0.0081023918,-0.0047896150,0.0010966955,0.0479235500,-0.0364007093,0.0058855573
2.6356558800,-0.0079256212,0.0016592814,0.0088969767,0.0648508668,-0.0191418305,0.0089489911
2.6455550194,-0.0098022455,0.0072830562,0.0039875805,0.0945873186,0.0013517278,0.0034824531
2.6555500031,-0.0116453869,0.0061376039,-0.0165158808,0.0935649350,0.0012257603,-0.0103271026
2.6655139923,-0.0116400095,0.0012344884,-0.0213498771,0.1052568778,0.0119034387,-0.0220904164
2.6755199432,-0.0128041310,0.0081497878,-0.0330971777,0.1158234999,0.0258613303,-0.0243130922
2.6855289936,-0.0101473676,0.0220024362,-0.0350793302,0.1148779467,0.0098464126,-0.0220868234
2.6955180168,0.0025538024,0.0262361281,-0.0281297266,0.1173277870,-0.0317449719,-0.0133196954
2.7055230141,0.0119090127,0.0138006527,-0.0172055066,0.1027102321,-0.0724497885,-0.0098559894
2.7154941559,0.0117847575,-0.0028098477,-0.0004820526,0.0750788748,-0.0844838172,-0.0171953943
2.7255029678,0.0057266694,-0.0041218344,0.0014503300,0.0642837435,-0.0664715245,-0.0258032642
2.7355189323,-0.0024774815,0.0042890906,-0.0074395835,0.0865911841,-0.0482384637,-0.0386857726
2.7454681396,-0.0088175917,0.0120171271,-0.0260796249,0.1292717904,-0.0405475199,-0.0525752231
2.7554759979,-0.0102577275,0.0076161381,-0.0445947945,0.1825954765,-0.0316483006,-0.0601069108
2.7654609680,-0.0117057925,-0.0003106483,-0.0660395920,0.2103380263,-0.0293183010,-0.0633310676
2.7754859924,-0.0063943393,-0.0050457474,-0.0727925003,0.2093534470,-0.0410463288,-0.0590047613
2.7855048180,0.0019001464,-0.0068512661,-0.0668217838,0.1966641545,-0.0623710603,-0.0407944657
2.7954509258,0.0085049691,-0.0077757630,-0.0569600165,0.1829773784,-0.0953915939,-0.0150733879
2.8054549694,0.0133631425,-0.0039336924,-0.0373777449,0.1735035777,-0.1250954270,0.0191198699
2.8154621124,0.0136479111,0.0027187013,-0.0178410709,0.1640757173,-0.1559635997,0.0426992290
2.8254330158,0.0152056804,0.0054301750,0.0056162179,0.1588862836,-0.1804423034,0.0598606393
2.8354368210,0.0111882919,0.0020640283,0.0183129013,0.1418452561,-0.1879920959,0.0673582405
2.8454389572,0.0043387576,-0.0046311440,0.0222013891,0.0905940458,-0.1862535924,0.0673840716
2.8554189205,-0.0026555839,-0.0089572016,0.0319322646,0.0200788677,-0.1761655360,0.0609935485
2.8654398918,-0.0069612148,-0.0051230397,0.0445770323,-0.0323850065,-0.1520940214,0.0491902865
2.8754100800,-0.0144636622,0.0032261917,0.0425250232,-0.0412061960,-0.1116842777,0.0329985321
2.8854739666,-0.0234115422,0.0173755791,0.0414010584,-0.0339992791,-0.0743342414,0.0189379752
2.8954348564,-0.0258143283,0.0269012805,0.0403508246,-0.0021713115,-0.0463902280,0.0081106275
2.9053950310,-0.0236147456,0.0338959433,0.0364139378,0.0371246934,-0.0215173699,0.0057947431
2.9154119492,-0.0235180408,0.0393018164,0.0383494794,0.0637603030,-0.0149076693,0.0046708891
2.9253900051,-0.0233916268,0.0410549156,0.0354154408,0.0925225765,-0.0061671748,0.0014094489
2.9353971481,-0.0271520000,0.0341456681,0.0226982534,0.1010140628,0.0013437384,-0.0028947522
2.9453890324,-0.0280905645,0.0273489654,0.0217443407,0.1031841412,0.0023131291,-0.0167145617
2.9553859234,-0.0220363121,0.0176187865,0.0091470182,0.1001446769,-0.0117318500,-0.0314948373
2.9653680325,-0.0178004932,0.0107326694,0.0052935779,0.0822683424,-0.0408111736,-0.0408543870
2.9755539894,-0.0093497112,0.0007674461,0.0054089129,0.0686342865,-0.0666494295,-0.0502388328
2.9856238365,-0.0066574910,-0.0035080547,0.0083784759,0.0537456162,-0.0742285177,-0.0480542406
2.9954438210,-0.0108982716,0.0037776772,0.0034134090,0.0589177422,-0.0570242330,-0.0407326780
3.0053510666,-0.0152078802,0.0101527870,-0.0142643750,0.0758834109,-0.0440487787,-0.0387041494
3.0153520107,-0.0167635288,0.0110016847,-0.0094082654,0.1014798507,-0.0417041294,-0.0376748368
3.0253458023,-0.0163664669,0.0053221360,-0.0025425851,0.1237924770,-0.0318522975,-0.0313827209
3.0353960991,-0.0122122057,0.0057057999,0.0003969371,0.1439483464,-0.0177748296,-0.0283009093
3.0453639030,-0.0100533543,0.0061085988,-0.0083849132,0.1353713721,-0.0135563808,-0.0261932835
3.0553288460,-0.0088929171,0.0014580077,-0.0083762705,0.1087179184,-0.0159364492,-0.0304088015
3.0653629303,-0.0037039095,-0.0122888908,-0.0092626512,0.0629345924,-0.0280961767,-0.0366750844
3.0753221512,0.0044248695,-0.0205157623,-0.0003612340,0.0342097320,-0.0390244573,-0.0387089439
3.0853409767,0.0047491291,-0.0105039924,0.0064233840,0.0140099227,-0.0508947000,-0.0333045907
3.0953021049,0.0052111209,0.0091316309,0.0082806647,0.0109667284,-0.0764330849,-0.0172009878
3.1053240299,0.0060559758,0.0151155535,0.0131269395,0.0111400997,-0.1030308679,-0.0032188590
3.1153330803,0.0032534082,0.0083056577,0.0150736868,0.0004400508,-0.1019994244,0.0020938814
3.1252961159,-0.0035732617,0.0023606867,0.0081863701,0.0054835454,-0.0666811168,0.0029237219
3.1352181435,-0.0118007185,0.0042046346,-0.0114407241,0.0030619334,-0.0293465313,-0.0036910372
3.1453349590,-0.0106977271,0.0101569295,-0.0075523555,0.0104078632,-0.0132740866,-0.0059260949
3.1552968025,-0.0038328292,0.0104895383,0.0003155767,0.0349470302,-0.0088726804,-0.0134085128
3.1653089523,-0.0037889960,0.0159348231,0.0032179654,0.0723342150,-0.0117960321,-0.0144795030
3.1751151085,-0.0065850220,0.0147925876,0.0002537667,0.0979639441,-0.0126756737,-0.0155540891
3.1852898598,-0.0073877187,0.0069380645,-0.0065738857,0.0947047621,-0.0041836523,-0.0187911596
3.1952860355,-0.0013928436,0.0000341850,-0.0133547485,0.0840729028,-0.0085592261,-0.0208801441
3.2052609921,0.0056214058,-0.0001653657,-0.0162425935,0.0618847683,-0.0354720652,-0.0238801949
3.2151708603,0.0080711637,-0.0015332849,-0.0093937218,0.0461287126,-0.0665889755,-0.0236674082
3.2252459526,0.0068837651,-0.0050134640,-0.0015985072,0.0377500057,-0.0858966261,-0.0235341191
3.2352881432,-0.0020242739,0.0001295525,-0.0017069280,0.0313368477,-0.0848774388,-0.0235362463
3.2452669144,-0.0119322520,0.0022957791,-0.0125730932,0.0429787263,-0.0698864982,-0.0310789850
3.2552149296,-0.0171665940,0.0017457380,-0.0282793939,0.0715746805,-0.0387520157,-0.0408623740
3.2652189732,-0.0158168674,0.0005375835,-0.0478205383,0.0916621089,-0.0150837041,-0.0410296209
3.2752089500,-0.0069075371,0.0055276807,-0.0497590601,0.1152553111,-0.0266942885,-0.0452203713
3.2852621078,0.0031244201,0.0117719267,-0.0370431244,0.1294056177,-0.0597209446,-0.0450143740
3.2952389717,0.0097000012,0.0034723282,-0.0213612020,0.1328578740,-0.0938139334,-0.0352341831
3.3051700592,0.0107203862,-0.0079062544,-0.0057130158,0.1148000509,-0.1098695993,-0.0213053189
3.3151829243,0.0040152320,-0.0068879575,-0.0019186438,0.0945270061,-0.1142289266,-0.0127637610
3.3252191544,-0.0017732860,-0.0012472124,0.0028439462,0.0656428859,-0.1101012975,-0.0042728051
3.3353548050,-0.0056378427,0.0032816343,0.0125093162,0.0655486137,-0.1035802811,0.0084336698
3.3452069759,-0.0085887453,0.0069510862,0.0065592825,0.0952388644,-0.0861030221,0.0252970718
3.3551669121,-0.0106759230,0.0128095485,0.0015781224,0.1143561006,-0.0804749653,0.0411830917
3.3651900291,-0.0138153946,0.0160938464,-0.0034171045,0.1676478088,-0.0714905262,0.0442774184
3.3753428459,-0.0169335082,0.0168014579,-0.0240548551,0.1942605078,-0.0616836958,0.0420704596
3.3852210045,-0.0172423013,0.0099918582,-0.0211726725,0.2017538548,-0.0606370755,0.0324961282
3.3951380253,-0.0136374636,0.0041563399,-0.0290369689,0.1952810436,-0.0531874150,0.0345771238
3.4051749706,-0.0081414813,0.0108670071,-0.0320460498,0.1645063609,-0.0769031346,0.0390022285
3.4153330326,0.0005765097,0.0124376081,-0.0203405917,0.1295776665,-0.1135032251,0.0403263532
3.4251549244,0.0038438034,0.0028780960,-0.0096066296,0.1009963527,-0.1425860077,0.0394701511
3.4351489544,0.0004624804,-0.0021390356,0.0000807940,0.0712003708,-0.1514213085,0.0331739038
3.4451329708,-0.0039516720,0.0033630021,0.0116522610,0.0573671162,-0.1526847035,0.0236331280
3.4551479816,-0.0074060350,0.0068611801,0.0183710754,0.0701486915,-0.1431029141,0.0076261987
3.4651269913,-0.0099698035,0.0095171742,0.0143416226,0.0828254670,-0.1227915213,-0.0042036958
3.4750981331,-0.0127341850,0.0161468945,0.0102965534,0.0806390196,-0.1111697555,-0.0180886202
3.4851059914,-0.0087207546,0.0140137523,0.0151505768,0.0699757189,-0.1081414744,-0.0287223551
3.4951181412,-0.0026584486,-0.0000080020,0.0151910484,0.0465074107,-0.1125436798,-0.0223030709
3.5051050186,-0.0054796073,-0.0064382032,0.0229612887,0.0314787924,-0.1061630100,-0.0127736153
3.5150840282,-0.0133671528,0.0015565975,0.0179085433,0.0247852057,-0.0772211105,0.0029792490
3.5250821114,-0.0195657909,0.0095954910,0.0148477256,0.0362787433,-0.0576585978,0.0304669328
3.5349888802,-0.0122303432,0.0227957852,0.0108778775,0.0661141351,-0.0593837909,0.0517051108
3.5451178551,-0.0086296489,0.0285180919,0.0176430047,0.0918884724,-0.0836481154,0.0656552836
3.5550940037,-0.0047405283,0.0206917971,0.0273986757,0.0898697972,-0.0986086950,0.0678784922
3.5650589466,-0.0046050358,0.0087451823,0.0342136323,0.0589700714,-0.1010833010,0.0562288873
3.5750699043,-0.0113879358,0.0022549890,0.0399813950,0.0173177011,-0.0898394361,0.0338748470
3.5850789547,-0.0164198875,0.0030832365,0.0340475738,-0.0307824500,-0.0701640025,0.0040365239
3.5951049328,-0.0157520473,0.0065141842,0.0349915326,-0.0595086403,-0.0706313923,-0.0246249493
3.6050360203,-0.0111292629,0.0069906823,0.0350209773,-0.0487199053,-0.0781705305,-0.0415839590
3.6151208878,-0.0182924047,0.0153320506,0.0300227702,-0.0200411230,-0.0587558150,-0.0470418409
3.6250569820,-0.0296196863,0.0260549933,0.0102984607,0.0649636537,-0.0121180080,-0.0452808253
3.6350088120,-0.0393415131,0.0338426791,-0.0465587080,0.1914147884,0.0530966818,-0.0330433324
3.6450290680,-0.0408719666,0.0458379574,-0.0916703045,0.2967738509,0.0840149149,-0.0120673450
3.6550230980,-0.0250271037,0.0473726541,-0.1004981101,0.3822418749,0.0687893555,0.0049699619
3.6650381088,0.0019674380,0.0273287296,-0.0935613215,0.4348261058,0.0255819671,0.0296496097
3.6750190258,0.0187144205,0.0024529174,-0.0818479359,0.4074520171,-0.0226801038,0.0352936462
3.6850118637,0.0280845501,-0.0152731463,-0.0643577874,0.3160980344,-0.0757867321,0.0325155705
3.6950259209,0.0349142551,-0.0223257616,-0.0400771201,0.2023605257,-0.1281047910,0.0169983953
3.7050261497,0.0392110087,-0.0167440325,-0.0060550869,0.1068256199,-0.1877521425,0.0025772450
3.7150669098,0.0372118466,-0.0111076236,0.0250016153,0.0314198062,-0.2311598063,-0.0055877408
3.7249031067,0.0345303454,-0.0090491548,0.0502468050,-0.0154965706,-0.2379279733,-0.0055147698
3.7350549698,0.0232744962,-0.0135027543,0.0490945280,-0.0688860267,-0.2330605090,-0.0129457889
3.7449588776,0.0079211900,-0.0195259973,0.0557740033,-0.1331178695,-0.2100563943,-0.0141107878
3.7549910545,-0.0031097787,-0.0054550692,0.0702717006,-0.1644568890,-0.1664146334,-0.0069351671
3.7649860382,-0.0155920414,0.0135190561,0.0710686147,-0.1190735549,-0.1061510295,0.0000807976
3.7749600410,-0.0295836255,0.0290786549,0.0601370037,-0.0598368719,-0.0436301306,0.0081331320
3.7848100662,-0.0402697772,0.0394845828,0.0551290214,0.0090320744,0.0157602280,0.0161983799
3.7948131561,-0.0376517065,0.0418044031,0.0453534424,0.0664554164,0.0408229716,0.0202453211
3.8047580719,-0.0351338312,0.0358679369,0.0443983376,0.1070004478,0.0443157069,0.0170071833
3.8157730103,-0.0365219824,0.0283485651,0.0443585217,0.1411730647,0.0476758182,0.0042136246
3.8250830173,-0.0407922901,0.0141377971,0.0404134095,0.1454220116,0.0529930815,-0.0021956724
3.8349671364,-0.0412239321,0.0038126037,0.0374642909,0.1294912398,0.0484766290,-0.0159663446
3.8449068069,-0.0357419215,0.0020279363,0.0325739682,0.0944585577,0.0299242511,-0.0296356864
3.8548240662,-0.0319800787,-0.0001090170,0.0315906107,0.0562760197,0.0049376744,-0.0421956852
3.8649389744,-0.0319770649,-0.0016494469,0.0286272466,0.0296637174,-0.0006866556,-0.0506388396
3.8749289513,-0.0349382497,0.0004515423,0.0246762335,0.0104522053,0.0002063023,-0.0538183898
3.8849549294,-0.0369863920,0.0044715926,0.0216940939,0.0199144166,0.0163429268,-0.0507445633
3.8949029446,-0.0391363017,0.0007644742,0.0080160201,0.0314086191,0.0411321633,-0.0371022597
3.9048349857,-0.0377507322,0.0050810426,0.0050822198,0.0535871610,0.0659767911,-0.0266549420
3.9149098396,-0.0287034735,0.0077445135,0.0002433359,0.0769316256,0.0780230686,-0.0140006663
3.9248650074,-0.0186947435,0.0037523881,-0.0055380166,0.0886235759,0.0792915374,-0.0002016306
3.9349269867,-0.0085971756,-0.0060421824,-0.0015149416,0.0790931806,0.0654233918,0.0115812588
3.9448859692,-0.0042244862,-0.0092717260,-0.0024581850,0.0503643341,0.0513666943,0.0180641916
3.9549460411,-0.0007478925,-0.0069591179,0.0034094751,0.0110219885,0.0318422578,0.0203430578
3.9648671150,-0.0000061648,-0.0021602884,0.0063426793,-0.0314937793,0.0111716017,0.0162564386
3.9748768806,-0.0000942828,0.0013422890,0.0102720559,-0.0495904908,0.0067201275,0.0120483777
3.9848439693,-0.0040009278,0.0026140362,-0.0033930838,-0.0666910484,0.0139671220,0.0003282055
3.9949040413,-0.0021873894,0.0058284029,-0.0043030083,-0.0720091164,0.0149221318,-0.0081734033
4.0049090385,0.0005651755,0.0129972100,-0.0032807887,-0.0601712316,0.0074405135,-0.0187566727
4.0149011612,-0.0015336307,0.0193514898,-0.0072043836,-0.0377759077,0.0149863139,-0.0315699391
4.0248241425,-0.0017216535,0.0181341022,-0.0159645379,-0.0090696979,0.0291010682,-0.0316807255
4.0348048210,-0.0000460068,0.0181624591,-0.0227734745,0.0101681789,0.0250019301,-0.0284804069
4.0448427200,0.0055623394,0.0174452513,-0.0168574750,0.0219880864,0.0123367347,-0.0209724233
4.0549402237,0.0054307585,0.0109701231,-0.0100114644,0.0422195904,0.0168047193,-0.0167659596
4.0648212433,-0.0015491353,0.0055191070,-0.0130004585,0.0463666618,0.0276155546,-0.0062150480
4.0747971535,-0.0048113088,0.0020291954,-0.0100890100,0.0409154370,0.0414677225,-0.0063010682
4.0848407745,-0.0042560431,0.0044253543,-0.0081533492,0.0452288277,0.0372042656,-0.0083995061
4.0948309898,-0.0016480120,0.0039784908,-0.0081513822,0.0602898039,0.0255095288,-0.0147085339
4.1048488617,-0.0008258405,-0.0002932773,-0.0179301202,0.0677940547,0.0223446283,-0.0168188233
4.1148090363,-0.0028424072,-0.0017007963,-0.0326410830,0.0593880564,0.0093814246,-0.0252280198
4.1246900558,-0.0037909332,-0.0099892989,-0.0385134518,0.0488363430,-0.0025253021,-0.0336446762
4.1348509789,-0.0056387666,-0.0154995620,-0.0492917001,0.0328344777,-0.0058100447,-0.0283002444
4.1447782516,-0.0094496822,-0.0104115903,-0.0483877361,0.0169468559,-0.0250777490,-0.0164747424
4.1548967361,-0.0072227265,-0.0073206052,-0.0445084274,0.0095515242,-0.0410215631,0.0006320719
4.1650109291,-0.0028261351,-0.0149907097,-0.0366492569,0.0053210929,-0.0537061989,0.0209021904
4.1747398376,-0.0002744528,-0.0140086785,-0.0308018625,-0.0084892605,-0.0675802007,0.0358752795
4.1847729683,0.0013661651,-0.0092203170,-0.0220531523,-0.0148048149,-0.0804105178,0.0412755050
4.1949648857,0.0011060914,-0.0014990718,-0.0123488605,-0.0009340066,-0.0792435184,0.0401958600
4.2049870491,0.0018519057,0.0015540196,-0.0153603256,0.0288341418,-0.0661543384,0.0432743393
4.2148098946,0.0026070592,-0.0030535311,-0.0241818726,0.0352206677,-0.0618751794,0.0379301757
4.2247548103,0.0033189845,-0.0095609203,-0.0261680186,0.0299348272,-0.0662318394,0.0337146595
4.2347869873,0.0039932136,-0.0123027563,-0.0291349590,0.0106514096,-0.0578306355,0.0336736441
4.2450160980,0.0025782553,-0.0044741109,-0.0214175284,-0.0053354139,-0.0642925277,0.0422249250
4.2548041344,0.0060954434,0.0101452693,-0.0078083575,-0.0105136642,-0.0877552405,0.0530046001
4.2647280693,0.0079715522,0.0140720010,0.0058125556,0.0055779549,-0.1035280824,0.0690323040
4.2747220993,0.0061403480,0.0150778666,0.0047379434,0.0130257513,-0.1054990888,0.0817885771
4.2847819328,0.0003810791,0.0131517500,0.0104841888,0.0097481981,-0.0969617963,0.0827963203
4.2947111130,-0.0025532017,0.0132076815,0.0162491500,0.0086698849,-0.0927585289,0.0753330737
4.3046789169,-0.0055131125,0.0152244046,0.0239522159,0.0066171205,-0.0971713811,0.0615538806
4.3147358894,-0.0074754017,0.0133133084,0.0287715495,0.0034141364,-0.0909196138,0.0455797091
4.3246822357,-0.0124425320,0.0122595280,0.0286754072,-0.0073164050,-0.0772602558,0.0274367891
4.3346977234,-0.0175881572,0.0120052025,0.0286036432,-0.0287300833,-0.0636586994,0.0124900630
4.3447089195,-0.0199273713,0.0096129552,0.0227306783,-0.0523113161,-0.0468525514,-0.0014164314
4.3547172546,-0.0204942338,0.0040906444,0.0218005478,-0.0726607963,-0.0353258587,-0.0099760974
4.3646821976,-0.0201188587,-0.0016304330,0.0199149549,-0.0961605236,-0.0323242098,-0.0121015664
4.3746557236,-0.0158502944,-0.0085215941,0.0200483501,-0.1228033230,-0.0368236229,-0.0141785657
4.3847050667,-0.0124133332,-0.0176363513,0.0211703479,-0.1472118646,-0.0562066399,-0.0087232133
4.3948278427,-0.0127938120,-0.0162532255,0.0251508057,-0.1652555764,-0.0691626519,-0.0075642057
4.4047117233,-0.0131742461,-0.0012747721,0.0310037434,-0.1608692110,-0.0851219073,-0.0032153968
4.4146251678,-0.0132974712,0.0099379718,0.0290313065,-0.1340839267,-0.0987727419,0.0011039842
4.4246511459,-0.0161984973,0.0115918890,0.0280379355,-0.1137933061,-0.1028236747,0.0096178446
4.4347109795,-0.0219981857,-0.0002273397,0.0261008441,-0.0905441865,-0.0758876652,0.0136765018
4.4446549416,-0.0301320888,-0.0060864612,0.0172943771,-0.0898127481,-0.0331700295,0.0091511244
4.4546360970,-0.0319640301,-0.0001969413,0.0143633783,-0.0975692049,0.0009804831,0.0099974768
4.4646129608,-0.0262400992,0.0048344806,0.0183716714,-0.0806168467,0.0129442010,0.0184056088
4.4746289253,-0.0196002312,0.0090780035,0.0155354440,-0.0583871752,0.0303349085,0.0320883989
4.4846191406,-0.0199605413,0.0163470954,0.0145743191,-0.0435472466,0.0380413011,0.0447762311
4.4946022034,-0.0164818577,0.0218873844,0.0136499703,-0.0148082776,0.0468411818,0.0478862710
4.5045800209,-0.0149183376,0.0178934708,0.0029734075,0.0138936751,0.0588749424,0.0541622750
4.5146279335,-0.0105732633,0.0201146975,-0.0018598736,0.0426662005,0.0623583607,0.0604939386
4.5246057510,-0.0072135213,0.0235608891,0.0001074373,0.0576777719,0.0560224280,0.0562764257
4.5346179008,-0.0026904824,0.0143812969,0.0031155646,0.0567051880,0.0453087986,0.0542217940
4.5445699692,-0.0039540189,0.0040438771,0.0012040436,0.0300251078,0.0471802019,0.0467897132
4.5545492172,-0.0014270799,0.0090667456,0.0012183487,0.0013298132,0.0351288654,0.0383887738
4.5645847321,0.0071064201,0.0149208009,0.0051873624,-0.0058909478,0.0082711531,0.0290065873
4.5745759010,0.0071070311,0.0168678313,0.0051715076,0.0155847827,-0.0034012157,0.0195057616
4.5845699310,0.0024297950,0.0101019666,-0.0085323155,0.0156120798,-0.0034728548,0.0110066822
4.5945630074,-0.0092489524,0.0042480007,-0.0095748603,0.0079925098,0.0156792663,0.0077006342
4.6046299934,-0.0143692149,0.0041818544,-0.0125322640,-0.0092779556,0.0390567631,0.0075622834
4.6145758629,-0.0148347421,0.0069598630,-0.0086010993,-0.0157244056,0.0433002450,0.0096640503
4.6245198250,-0.0113157062,0.0088005140,-0.0134184659,-0.0071606115,0.0380719230,0.0150019564
4.6345448494,-0.0047558355,0.0116890445,-0.0162953436,-0.0027570734,0.0189312529,0.0225597415
4.6446847916,-0.0009585055,0.0136428401,-0.0162564814,0.0016449988,0.0029320475,0.0226610731
4.6545701027,0.0000984041,0.0086836219,-0.0240505636,-0.0068486212,-0.0014360693,0.0195081569
4.6645960808,0.0021267799,0.0046511143,-0.0210681856,-0.0227082781,-0.0186872259,0.0164441913
4.6744980812,0.0072296676,0.0054205135,-0.0122291744,-0.0332067274,-0.0380521379,0.0112651419
4.6845951080,0.0047750217,0.0011159776,-0.0063711107,-0.0458941609,-0.0499713831,0.0039149504
4.6945028305,-0.0015213893,-0.0013747142,-0.0083823502,-0.0512175485,-0.0479567014,-0.0056559173
4.7045068741,-0.0079100681,0.0029428899,-0.0162648857,-0.0448391475,-0.0405206196,-0.0173973944
4.7144970894,-0.0105513064,0.0132659376,-0.0143837631,-0.0352363214,-0.0383450836,-0.0216677729
4.7245187759,-0.0093264012,0.0179861262,-0.0075707138,-0.0022014054,-0.0327183567,-0.0185401570
4.7345342636,-0.0110535501,0.0162180215,-0.0046697557,0.0360461138,-0.0152219227,-0.0069940230
4.7444982529,-0.0128158955,0.0079000443,-0.0076265037,0.0604590438,-0.0042142789,0.0088560469
4.7544550896,-0.0118381782,0.0105000213,-0.0076753795,0.0710405856,0.0013386783,0.0236861240
4.7645101547,-0.0118005080,0.0121735856,-0.0126139820,0.0753249452,-0.0028496750,0.0300850365
4.7744598389,-0.0058243903,0.0099849924,-0.0126121342,0.0679413304,-0.0156869106,0.0354853906
4.7844638824,-0.0045720371,0.0037731454,-0.0067685544,0.0530816913,-0.0285712853,0.0419528820
4.7945218086,-0.0071739065,0.0041923225,-0.0019564331,0.0381679907,-0.0319021009,0.0409225039
4.8045010567,-0.0107369302,0.0014604403,-0.0030024350,0.0156982318,-0.0235680044,0.0355707482
4.8144617081,-0.0124865351,0.0035008192,-0.0010873377,0.0124750091,-0.0214462634,0.0366216339
4.8244447708,-0.0123274354,0.0065623596,0.0037571490,0.0156504288,-0.0161228701,0.0312728062
4.8344569206,-0.0111791743,0.0047472790,0.0057041943,0.0145758437,-0.0140208360,0.0280727502
4.8444180489,-0.0061221006,0.0019052624,0.0086807311,-0.0024441518,-0.0184869580,0.0217416193
4.8545160294,-0.0039175930,-0.0039998963,0.0135988295,-0.0077353213,-0.0249224864,0.0239118282
4.8644237518,-0.0056029740,-0.0012447761,0.0106310546,-0.0141645912,-0.0238604173,0.0292225704
4.8744168282,-0.0142691536,0.0093178079,0.0134339631,-0.0078864563,-0.0109318364,0.0355086960
4.8843832016,-0.0220585056,0.0160572976,0.0123483837,0.0122313304,0.0084732864,0.0364301503
4.8947162628,-0.0222081505,0.0162842944,0.0133179724,0.0408616439,0.0280147642,0.0458449572
4.9044680595,-0.0147122992,0.0227179006,0.0152951181,0.0664034858,0.0294557996,0.0660021603
4.9144802094,-0.0061272862,0.0274287537,0.0172483027,0.0867689475,0.0147500904,0.0777695999
4.9244089127,-0.0070865932,0.0262448937,0.0103501379,0.0826020315,0.0029448308,0.0757233649
4.9344739914,-0.0118166907,0.0160795301,0.0073830187,0.0474874564,-0.0007511042,0.0502744578
4.9443221092,-0.0117272837,0.0045852661,0.0132859647,-0.0079843272,0.0039608264,0.0258447509
4.9542241096,-0.0118193356,0.0062218234,0.0152545869,-0.0528229028,0.0120009100,0.0067008832
4.9641790390,-0.0129094301,0.0103667751,0.0094275177,-0.0815907717,0.0137362257,-0.0134721622
4.9746699333,-0.0110774515,0.0124454349,0.0075497329,-0.0932101458,0.0070519578,-0.0346685275
4.9844007492,-0.0141789941,0.0164851025,0.0105066597,-0.0729558691,0.0145980241,-0.0453548618
4.9942188263,-0.0163235180,0.0207481459,0.0007525384,-0.0420522839,0.0201991852,-0.0432879813
5.0041689873,-0.0165307336,0.0204733163,-0.0050717294,-0.0068974905,0.0227443688,-0.0273929033
5.0141649246,-0.0147975935,0.0225830004,-0.0109281242,0.0389557518,0.0211249013,-0.0082913814
5.0243186951,-0.0179020353,0.0211310759,-0.0109702051,0.0666235983,0.0226042848,0.0139870252
5.0345311165,-0.0191093199,0.0140727758,-0.0051185787,0.0824579522,0.0367845520,0.0330070592
5.0464100838,-0.0136034889,0.0091407076,-0.0050852597,0.0994158983,0.0455985516,0.0488757677
5.0548501015,-0.0031698826,0.0052729994,-0.0059922636,0.0953218192,0.0262831748,0.0436919257
5.0650048256,0.0026477394,-0.0055582076,-0.0059426725,0.0762807503,0.0120914578,0.0268013589
5.0748939514,-0.0002422365,-0.0157490671,-0.0040023625,0.0412085205,0.0020103273,0.0045810072
5.0849542618,-0.0091276197,-0.0164914876,0.0076397359,0.0102233067,0.0102160592,-0.0082012340
5.0946850777,-0.0123039661,-0.0136692002,0.0066391528,-0.0230875127,0.0377289094,-0.0104811657
5.1040768623,-0.0098659573,-0.0090852603,0.0066943467,-0.0360094346,0.0494295098,-0.0052352715
5.1139869690,-0.0005596089,-0.0034780949,0.0009332597,-0.0199191496,0.0378426276,0.0001405857
5.1240229607,0.0079395147,-0.0006310568,-0.0038590729,-0.0005937880,0.0209653750,0.0087350057
5.1339950562,0.0107720764,-0.0005174131,-0.0057984889,0.0240955800,0.0009218936,0.0173468702
5.1439938545,0.0078896256,-0.0070513040,-0.0028792918,0.0368232243,0.0054154452,0.0311190076
5.1540479660,0.0019025622,-0.0038332120,-0.0010066926,0.0291487947,0.0205280855,0.0554613657
5.1640081406,-0.0022740993,0.0081444681,0.0047495663,0.0344155952,0.0228439700,0.0713778809
5.1739878654,-0.0043395865,0.0056068823,0.0096088946,0.0462062061,0.0165314786,0.0724729747
5.1839590073,-0.0103637083,0.0031025186,0.0163879097,0.0482911989,0.0250440072,0.0660417005
5.1940841675,-0.0135350404,0.0044321716,0.0114593208,0.0343074724,0.0409041978,0.0585118830
5.2040777206,-0.0129865138,0.0084699392,0.0075523555,0.0033460930,0.0459130704,0.0478794798
5.2141332626,-0.0095155193,0.0084522218,0.0056779087,-0.0072847139,0.0467634164,0.0319455191
5.2240257263,-0.0059971544,0.0162030980,0.0008067786,0.0004513692,0.0189413745,0.0214978047
5.2341289520,-0.0100089638,0.0191255361,-0.0002129973,0.0059199040,0.0050439341,0.0162721500
5.2440719604,-0.0237910561,0.0200479552,-0.0013071001,0.0110888341,0.0264379047,0.0129400035
5.2542161942,-0.0261139609,0.0212185457,-0.0032694638,0.0322348662,0.0490915552,0.0180902928
5.2641897202,-0.0207398795,0.0206752494,-0.0061554611,0.0471155457,0.0535544790,0.0265500881
5.2741117477,-0.0132701723,0.0113351271,-0.0099605620,0.0312345810,0.0384503603,0.0245343409
5.2842068672,-0.0037436332,-0.0010558070,-0.0010165870,0.0067594661,0.0286523234,0.0256767049
5.2942090034,-0.0049887630,0.0027319565,0.0048362911,-0.0262818411,0.0188593473,0.0353248045
5.3041658401,-0.0121267913,0.0248862728,0.0222927034,-0.0250711665,-0.0013758818,0.0428924449
5.3141689301,-0.0249247029,0.0267365649,0.0427020490,0.0164112933,0.0171053894,0.0416812375
5.3242001534,-0.0369348116,0.0181027949,0.0377747118,0.0426620767,0.0717800856,0.0370590538
5.3341941833,-0.0298915617,0.0273122862,0.0211842358,0.0543546826,0.0876844823,0.0114503652
5.3441710472,-0.0121685928,0.0367706940,0.0134759247,0.0620678626,0.0693323761,-0.0171220247
5.3541717529,0.0097862156,0.0531823039,0.0008551180,0.0712115616,0.0103015462,-0.0539293066
5.3642120361,0.0215676650,0.0647927970,-0.0021211803,0.0772597343,-0.0542614684,-0.1098212004
5.3741278648,0.0155444639,0.0420380533,-0.0060665905,0.0531496033,-0.0848827586,-0.1690997034
5.3839387894,-0.0021407041,0.0120063871,-0.0071129501,0.0029161256,-0.0631372482,-0.2053260207
5.3941349983,-0.0232920498,0.0038961396,-0.0111593306,-0.0444439314,-0.0080897110,-0.2247729599
5.4041900635,-0.0363338329,0.0121134818,-0.0210191309,-0.0587708056,0.0484068543,-0.2293776870
5.4141168594,-0.0323221646,0.0215761438,-0.0258410275,-0.0206335429,0.0756033212,-0.2083328515
5.4239249229,-0.0236116424,0.0355554894,-0.0189538300,0.0465417653,0.0689874962,-0.1679665297
5.4341239929,-0.0186290368,0.0462518632,-0.0160563886,0.1201065257,0.0614148006,-0.1201611906
5.4441409111,-0.0202379227,0.0339808315,-0.0170531571,0.1572491080,0.0695901662,-0.0724314824
5.4541678429,-0.0190213323,0.0092174485,-0.0169889033,0.1589503437,0.1042043418,-0.0259119198
5.4640641212,-0.0073057073,-0.0038751736,-0.0198240578,0.1321328282,0.1085253209,0.0027594052
5.4741601944,0.0113346549,-0.0122205019,-0.0108859241,0.1184926555,0.0764286369,0.0114761973
5.4840779305,0.0187669843,-0.0316017643,-0.0049143136,0.0921610445,0.0366082527,0.0043198848
5.4941029549,0.0107176388,-0.0417546630,0.0077257454,0.0239649527,0.0263617411,-0.0072523495
5.5040340424,-0.0091385348,-0.0342496261,0.0104866326,-0.0475829989,0.0332124569,-0.0168104358
5.5140829086,-0.0252871551,-0.0283092111,0.0123869479,-0.1000829637,0.0626055002,-0.0318378545
5.5241708755,-0.0290512890,-0.0139224082,0.0036401451,-0.1258714050,0.0869065747,-0.0415389501
5.5341000557,-0.0173078552,0.0035456121,-0.0050009191,-0.1011966988,0.0731758550,-0.0446543135
5.5441522598,-0.0004654931,0.0224639103,-0.0077888668,-0.0496638641,0.0341008864,-0.0359373912
5.5540890694,0.0069857915,0.0331202075,-0.0009116829,0.0103755062,0.0035429765,-0.0389683358
5.5640368462,-0.0008501815,0.0285715386,0.0009798706,0.0477741435,0.0037267348,-0.0517460480
5.5741391182,-0.0126456982,0.0134013519,-0.0039725602,0.0454018004,0.0346580222,-0.0572569296
5.5842108727,-0.0209030025,0.0058858320,-0.0069403946,0.0152907697,0.0632494539,-0.0606055856
5.5940637589,-0.0186097175,0.0029599965,-0.0136974752,-0.0253418759,0.0683517978,-0.0521111675
5.6040992737,-0.0095792143,0.0095956400,-0.0135935843,-0.0338666588,0.0630182847,-0.0435733385
5.6140518188,-0.0005540097,0.0241055563,-0.0125699341,-0.0059862891,0.0493032746,-0.0477534384
5.6242179871,0.0106964232,0.0292184055,-0.0105325878,0.0305641312,0.0217190515,-0.0560964532
5.6340427399,0.0213590115,0.0141852722,-0.0045419633,0.0606618449,-0.0016070441,-0.0612781681
5.6440181732,0.0214591697,-0.0076448619,-0.0015446843,0.0584968291,0.0057757711,-0.0708859190
5.6540012360,0.0136009725,-0.0199716166,-0.0045210421,0.0242272727,0.0225387719,-0.0794698223
5.6641092300,0.0053859917,-0.0169018134,-0.0016677082,0.0080810599,0.0394996479,-0.0816948935
5.6740689278,-0.0040228027,-0.0070885718,0.0060528815,0.0068807732,0.0502963699,-0.0679529831
5.6840171814,-0.0115087619,0.0076497048,0.0029978454,0.0227517486,0.0570602641,-0.0414488018
5.6939821243,-0.0141148893,0.0293597355,-0.0039632022,0.0398577638,0.0435252786,-0.0148131968
5.7040429115,-0.0175026469,0.0386469886,-0.0050482452,0.0708147511,0.0353930518,0.0064671915
5.7140288353,-0.0148937730,0.0404693931,-0.0070370138,0.1028477848,0.0293370243,0.0192327872
5.7239871025,-0.0122237531,0.0377426371,-0.0041742027,0.1221273392,0.0230373163,0.0150104780
5.7339878082,-0.0123453466,0.0301937312,-0.0052168667,0.1201057360,0.0174960773,-0.0062000016
5.7439908981,-0.0114270737,0.0155866519,-0.0081465542,0.0785803944,0.0158592984,-0.0348441638
5.7540049553,-0.0096307052,0.0054452643,-0.0051876605,0.0338235721,0.0205483269,-0.0709646195
5.7639980316,-0.0097927218,-0.0003366471,-0.0149393976,-0.0151037555,0.0144861713,-0.1112646386
5.7739629745,-0.0119846193,0.0022580251,-0.0139504969,-0.0533576645,0.0064181252,-0.1451821327
5.7839398384,-0.0160488188,0.0074071065,-0.0139410794,-0.0852255821,-0.0057341452,-0.1620774716
5.7939400673,-0.0211885795,0.0181807876,-0.0080757439,-0.1024138927,0.0017416145,-0.1472404748
5.8039450645,-0.0176166035,0.0467278063,0.0006878077,-0.0596053116,-0.0191383678,-0.1280125827
5.8139491081,-0.0155470064,0.0601478517,0.0045495331,-0.0018445412,-0.0482909232,-0.0896177962
5.8239040375,-0.0140687069,0.0544841811,0.0084654391,0.0301023386,-0.0562108979,-0.0439023711
5.8339638710,-0.0173218027,0.0410527661,0.0016085207,0.0235656090,-0.0496398136,-0.0195054188
5.8439369202,-0.0177979991,0.0294672549,0.0006475746,0.0020676414,-0.0337268971,-0.0142825618
5.8539628983,-0.0097957915,0.0286141708,0.0095002949,0.0020085191,-0.0178861488,-0.0366954580
5.8640727997,-0.0068055573,0.0306432247,0.0036453307,0.0073199281,-0.0000030223,-0.0761278197
5.8739199638,-0.0059482264,0.0355711058,0.0036304295,-0.0074800560,0.0005517142,-0.1228663027
5.8839359283,-0.0071250605,0.0432239994,0.0006749331,-0.0265867710,0.0043097008,-0.1653699577
5.8938899040,-0.0074523310,0.0692237169,0.0015533268,-0.0496609323,-0.0241296627,-0.2204137594
5.9039039612,-0.0112167364,0.0775031075,0.0054213703,-0.0609657839,-0.0577813685,-0.2711845338
5.9138498306,-0.0175683685,0.0631543472,0.0015740693,-0.0832804143,-0.0603095070,-0.2966499329
5.9239177704,-0.0191045329,0.0504961833,-0.0002599061,-0.1291460395,-0.0586567484,-0.3115006685
5.9338808060,-0.0178624652,0.0491512194,-0.0020978749,-0.1601468325,-0.0483175553,-0.3242947459
5.9438762665,-0.0128270639,0.0584600195,-0.0117557347,-0.1451724172,-0.0493276939,-0.3306716979
5.9538340569,-0.0078807538,0.0643477142,-0.0077656806,-0.0726284385,-0.0423901603,-0.3350169063
5.9638977051,-0.0048718075,0.0662522465,-0.0077475011,0.0319597609,-0.0363114923,-0.3446945548
5.9738521576,-0.0019070836,0.0671545491,-0.0087760985,0.1195921451,-0.0390489586,-0.3691729903
5.9838700294,0.0051001799,0.0521686971,-0.0068322718,0.1635116637,-0.0433001630,-0.4052940011
5.9938039780,0.0102354186,0.0238082856,-0.0058335364,0.1774847358,-0.0434463695,-0.4350497723
6.0038318634,0.0152965235,0.0072297901,-0.0019903481,0.1681013554,-0.0556084923,-0.4742743969
6.0138411522,0.0125117088,-0.0095822960,0.0096339285,0.1371791214,-0.0507034846,-0.4976572394
6.0238370895,0.0046283421,-0.0141020939,0.0221848190,0.0965077281,-0.0339972079,-0.5072996020
6.0337991714,-0.0075135338,0.0004097297,0.0180303752,0.0662592798,0.0043634963,-0.4937161505
6.0438461304,-0.0033625322,0.0334900990,0.0178444684,0.0749194771,-0.0147097968,-0.4819113016
6.0538101196,0.0043699485,0.0258852988,0.0139352977,0.1273904145,-0.0471641421,-0.4498657286
6.0638470650,0.0117288912,-0.0203077197,0.0062394440,0.1658090353,-0.0677618235,-0.3934521079
6.0737910271,0.0094103413,-0.0565572083,0.0081519186,0.1721156687,-0.0747768581,-0.3445410430
6.0838108063,-0.0008092033,-0.0686267838,-0.0008691252,0.1452427804,-0.0650786981,-0.3105868101
6.0937957764,-0.0083261160,-0.0741660297,-0.0059415400,0.1022931784,-0.0427845754,-0.2894535661
6.1039919853,-0.0092549948,-0.0770675018,-0.0031072199,0.0711509734,-0.0268492848,-0.2736032307
6.1138000488,-0.0074276882,-0.0733570978,0.0016958416,0.0582317114,-0.0151561424,-0.2694204748
6.1237649918,-0.0097028269,-0.0611697808,-0.0023312867,0.0218044631,-0.0004405796,-0.2652398348
6.1338138580,-0.0161190629,-0.0416103229,0.0004710853,-0.0232490338,0.0238477159,-0.2589915097
6.1437959671,-0.0179465450,-0.0097144619,-0.0064885914,-0.0564947389,0.0407337546,-0.2537643909
6.1537857056,-0.0030502151,0.0192510337,-0.0122956336,-0.0550403856,-0.0083741359,-0.2481350005
6.1637330055,0.0167305470,0.0005745366,-0.0090788901,-0.0407549217,-0.0678987131,-0.2222613394
6.1737999916,0.0195180215,-0.0299725905,-0.0079282820,-0.0576422922,-0.0999024510,-0.1997317821
6.1837539673,0.0087835575,-0.0462895557,-0.0040216744,-0.1024000496,-0.1119447351,-0.1932511181
6.1937570572,-0.0019473428,-0.0572677180,-0.0010551513,-0.1558222622,-0.1080373451,-0.1879271865
6.2037158012,-0.0118820844,-0.0538422838,-0.0000750125,-0.1442494839,-0.0928634480,-0.1731573045
6.2139577866,-0.0230174176,-0.0355643630,-0.0109284222,-0.0975083560,-0.0709988996,-0.1584582478
6.2237601280,-0.0335239284,-0.0030442551,-0.0072409809,-0.0368515253,-0.0585430302,-0.1320230514
6.2337322235,-0.0402369052,0.0184671953,0.0023512542,0.0353467688,-0.0276951045,-0.0897778571
6.2437067032,-0.0364628620,0.0474636257,-0.0007603467,0.0905805975,-0.0077333795,-0.0548852496
6.2537560463,-0.0296943597,0.0585182309,-0.0018706621,0.1460422575,-0.0103291636,-0.0336593240
6.2637181282,-0.0188251846,0.0359261557,0.0010865628,0.1842157394,0.0104986215,-0.0072604720
6.2737388611,-0.0129298447,0.0064844564,-0.0076899827,0.1572552323,0.0413396209,-0.0010672911
6.2836880684,-0.0064042094,-0.0128233060,-0.0203418434,0.0685284212,0.0640073866,-0.0202773381
6.2936859131,0.0096093575,-0.0154874995,-0.0338532627,-0.0294870883,0.0523070544,-0.0498799682
6.3037018776,0.0269488506,-0.0129263029,-0.0414805710,-0.0619191937,-0.0186858959,-0.0727686435
6.3136858940,0.0282889195,-0.0075009987,-0.0277897418,-0.0378809720,-0.0868846551,-0.0702183992
6.3237257004,0.0125431689,0.0000472291,-0.0182165205,-0.0003844639,-0.1068258733,-0.0616177209
6.3335919380,-0.0059864852,-0.0009972827,-0.0145190656,0.0144397561,-0.0938493535,-0.0574626550
6.3435277939,-0.0219137184,-0.0047899038,-0.0049296319,0.0268438272,-0.0456328243,-0.0545956306
6.3534741402,-0.0218025334,0.0073142126,-0.0069989860,0.0532056615,-0.0090263449,-0.0474146828
6.3634729385,-0.0081854565,0.0120799690,-0.0050242245,0.0947994441,-0.0086138211,-0.0368224904
6.3737611771,0.0104743363,0.0036487728,0.0028503239,0.1280297041,-0.0275499597,-0.0314108171
6.3837709427,0.0177255087,-0.0096113831,0.0037976801,0.1270914674,-0.0425368994,-0.0334385484
6.3936510086,0.0113405408,-0.0163945779,-0.0022390783,0.0887310356,-0.0430061519,-0.0535941496
6.4035768509,0.0018968551,-0.0187772438,-0.0062964261,0.0320966467,-0.0265472811,-0.0770319626
6.4137258530,0.0030384925,-0.0206095204,-0.0111860931,-0.0105962204,-0.0227022097,-0.0887133852
6.4236640930,0.0159823634,-0.0333426371,-0.0051487982,-0.0318149589,-0.0409824140,-0.0822051466
6.4336338043,0.0261509232,-0.0335031897,0.0056948960,-0.0347657390,-0.0719911978,-0.0809396133
6.4436378479,0.0258785784,-0.0386312231,0.0135169923,-0.0282300785,-0.0879714936,-0.0808410794
6.4538726807,0.0159876160,-0.0516576245,0.0193537772,-0.0357543044,-0.0837091058,-0.0755515099
6.4635791779,0.0048241434,-0.0491984487,0.0212133229,-0.0530833639,-0.0549522899,-0.0725417435
6.4736471176,0.0001832066,-0.0301176608,0.0279391706,-0.0392650180,-0.0494651161,-0.0683374107
6.4835920334,-0.0013651134,-0.0274100006,0.0171500742,-0.0041843941,-0.0404497795,-0.0450447351
6.4936108589,-0.0078735529,-0.0243754163,0.0199814737,0.0266574062,-0.0388699919,-0.0132047813
6.5035591125,-0.0172826238,-0.0269967392,0.0169126689,0.0477439165,-0.0212912671,0.0227847788
6.5135879517,-0.0249019898,-0.0391844660,0.0197739899,0.0602570437,0.0036329916,0.0512989759
6.5235819817,-0.0250131562,-0.0356496796,0.0157842934,0.0674831346,0.0262946282,0.0702712014
6.5335750580,-0.0204965733,-0.0261927620,0.0137723386,0.0577327684,0.0412368253,0.0765554681
6.5435700417,-0.0169089101,-0.0276947841,0.0108562410,0.0267375670,0.0442408733,0.0808066651
6.5535960197,-0.0143487779,-0.0286301449,0.0060058534,-0.0192815885,0.0577974282,0.0828756765
6.5635590553,-0.0109533882,-0.0162985250,0.0011592805,-0.0501054153,0.0436211526,0.0776762515
6.5735688210,-0.0014032753,-0.0090818331,-0.0055470765,-0.0711566359,0.0102621317,0.0704705417
6.5838727951,0.0047311229,-0.0235399082,-0.0053510368,-0.0986252800,-0.0252034515,0.0728450194
6.5935378075,0.0073075970,-0.0412615538,-0.0090623200,-0.1304660290,-0.0478853285,0.0740767270
6.6035518646,0.0051221368,-0.0485890806,-0.0157558024,-0.1516863704,-0.0630237982,0.0731283799
6.6135430336,0.0029050750,-0.0452405214,-0.0166646540,-0.1463802904,-0.0649932101,0.0880109221
6.6235437393,-0.0032658200,-0.0203038603,-0.0157661736,-0.1207121983,-0.0827040300,0.1189187691
6.6334762573,-0.0190784819,-0.0028417930,-0.0051981509,-0.0749827996,-0.0766794235,0.1570938528
6.6434907913,-0.0359197296,0.0031845644,-0.0024057329,-0.0561746210,-0.0367794111,0.1812568456
6.6535730362,-0.0463822521,-0.0015277789,-0.0014405550,-0.0780495629,0.0250868853,0.1861828864
6.6635017395,-0.0418809317,-0.0034053549,0.0006832182,-0.0998605862,0.0867870003,0.1719885021
6.6734719276,-0.0213887654,0.0073356181,-0.0039065182,-0.1086636707,0.1208749264,0.1664616466
6.6835289001,0.0086881341,0.0290762857,-0.0006678403,-0.0742586926,0.0953892767,0.1538501084
6.6934928894,0.0332720466,0.0454462320,0.0093026459,-0.0129609760,0.0465626158,0.1381880641
6.7035207748,0.0429189540,0.0534060001,0.0122722089,0.0346207917,-0.0184760392,0.1141422540
6.7134552002,0.0307614990,0.0449693054,0.0170234740,0.0541438907,-0.0473731980,0.0920057967
6.7235078812,0.0070965295,0.0255382136,0.0061093271,0.0209808797,-0.0286120288,0.0664112195
6.7334728241,-0.0071803476,0.0156607553,0.0060183704,-0.0164951235,-0.0055882037,0.0429154821
6.7434778214,-0.0119476942,0.0103205070,-0.0027470291,-0.0593513772,0.0143700587,0.0406908058
6.7534298897,-0.0060544829,0.0008045509,-0.0035492480,-0.0870589018,0.0025352365,0.0567227714
6.7634449005,0.0087285610,-0.0028008670,0.0044765770,-0.0644044578,-0.0313809179,0.0696750581
6.7734909058,0.0091586867,0.0064400733,0.0044558346,-0.0278893244,-0.0620118007,0.0794097111
6.7834529877,-0.0027729603,0.0032141507,0.0033652484,0.0063257706,-0.0692204386,0.0804953426
6.7934241295,-0.0186622068,-0.0085026249,0.0081253946,0.0285128318,-0.0433523580,0.0856240615
6.8034381866,-0.0300421603,-0.0063340068,0.0118735135,0.0410098508,-0.0089738807,0.0949545801
6.8134369850,-0.0379322357,0.0057134852,0.0117110312,0.0513277352,0.0286408737,0.1095769331
6.8234567642,-0.0402769223,0.0158779994,0.0126022995,0.0414053276,0.0597178303,0.1274408847
6.8334078789,-0.0399353057,0.0198899135,0.0087048709,-0.0026055397,0.0882621258,0.1304736882
6.8433871269,-0.0329698958,0.0127516910,0.0108540356,-0.0561081842,0.1101594344,0.1154987365
6.8534121513,-0.0213250406,0.0110772997,0.0101281703,-0.0849672630,0.1204970255,0.1005783752
6.8634147644,-0.0099105118,0.0328508392,0.0092760623,-0.0538764521,0.1120119318,0.0793607086
6.8734030724,-0.0050648111,0.0579301268,-0.0034174025,0.0040222690,0.0866815373,0.0646110550
6.8833990097,-0.0046564224,0.0620371327,-0.0141673386,0.0459830314,0.0537169315,0.0467359163
6.8933930397,-0.0107640056,0.0526165590,-0.0249486864,0.0365386680,0.0438067764,0.0213093869
6.9034180641,-0.0158647746,0.0350678563,-0.0239134133,-0.0231530257,0.0379004180,0.0097034648
6.9133810997,-0.0132070472,0.0346088186,-0.0208876431,-0.0699428990,0.0182548128,0.0045515792
6.9233789444,-0.0113976216,0.0475578457,-0.0130428970,-0.0771693885,-0.0138173709,0.0100755077
6.9333558083,-0.0140915764,0.0508386344,-0.0032748282,-0.0481790155,-0.0360015035,0.0144486846
6.9433779716,-0.0224240832,0.0455765575,-0.0062410533,-0.0097388159,-0.0367855392,0.0133662429
6.9533576965,-0.0259662680,0.0426349640,-0.0082285702,0.0190153345,-0.0248881318,0.0037074906
6.9633288383,-0.0227713995,0.0389104187,-0.0150649846,0.0243440531,-0.0164594930,-0.0154741928
6.9733591080,-0.0167884417,0.0361600220,-0.0101238787,0.0009287419,-0.0157715995,-0.0388349108
6.9833402634,-0.0118386252,0.0321960151,-0.0051725209,-0.0289628431,-0.0086697470,-0.0558567680
6.9933462143,-0.0089468835,0.0269630328,-0.0021558106,-0.0471572950,0.0070034880,-0.0814430937
7.0033960342,-0.0090933843,0.0235029534,-0.0128211081,-0.0525659099,0.0259729177,-0.1081221104
7.0132999420,-0.0056145149,0.0229766220,-0.0146664679,-0.0611077324,0.0332340263,-0.1262238771
7.0233139992,0.0047505391,0.0332980230,-0.0184781253,-0.0395058990,0.0024079375,-0.1260399818
7.0332150459,0.0097023631,0.0332141519,-0.0106101930,0.0024151849,-0.0398652181,-0.1077344865
7.0434050560,0.0053205905,0.0168353096,-0.0057249963,0.0376721099,-0.0553661473,-0.0779136047
7.0532288551,-0.0067785415,-0.0032866746,-0.0077495873,0.0577688515,-0.0390425660,-0.0620976239
7.0633049011,-0.0113130836,-0.0154225826,-0.0068292320,0.0533434786,-0.0240265988,-0.0515661500
7.0732908249,-0.0130907139,-0.0188806430,-0.0088375509,0.0383139327,-0.0145055326,-0.0494926125
7.0834240913,-0.0131072579,-0.0116328970,-0.0040270388,0.0382501483,-0.0091115655,-0.0442180894
7.0933980942,-0.0150751872,-0.0044486225,-0.0021590292,0.0328873396,-0.0101310238,-0.0335838236
7.1032571793,-0.0140823191,-0.0022313595,-0.0021875799,0.0232381746,-0.0059091146,-0.0304143950
7.1132798195,-0.0101662194,-0.0098003075,-0.0011529028,0.0167421922,0.0068298499,-0.0347420312
7.1232748032,-0.0083298562,-0.0136434063,-0.0030729473,-0.0036164755,0.0173344240,-0.0379837640
7.1332921982,-0.0046145129,-0.0166797563,-0.0059307516,-0.0281788092,0.0182223208,-0.0369099788
7.1432909966,0.0010027034,-0.0140292197,-0.0068337023,-0.0388490334,0.0160385296,-0.0326387994
7.1532602310,0.0047122356,-0.0006779582,-0.0058471859,-0.0365786850,-0.0020770920,-0.0282733459
7.1632537842,0.0027353060,0.0058663636,-0.0039292276,-0.0247992575,-0.0094055785,-0.0207965206
7.1732778549,-0.0020448151,0.0056452379,-0.0029695928,-0.0162494481,-0.0114588756,-0.0186643936
7.1832108498,-0.0068141217,0.0025831088,0.0009117424,-0.0119745405,-0.0103938775,-0.0229235869
7.1932959557,-0.0106900735,0.0014785527,0.0038358271,-0.0184478872,0.0012401413,-0.0314936414
7.2033009529,-0.0097986339,0.0052099898,0.0028645694,-0.0227198619,0.0033035586,-0.0368180983
7.2132439613,-0.0050019245,0.0119806677,0.0087515414,-0.0076149460,-0.0137348128,-0.0430925079
7.2232227325,-0.0019003110,0.0101258382,0.0107204616,0.0096111791,-0.0338573940,-0.0365981236
7.2332940102,-0.0015511246,0.0073778555,0.0106999576,0.0224236473,-0.0358595587,-0.0323445201
7.2432718277,-0.0070876959,0.0095328614,0.0057111084,0.0319756046,-0.0304160547,-0.0302653909
7.2532019615,-0.0097967153,0.0099597052,0.0075768530,0.0574737787,-0.0173569787,-0.0261183158
7.2631702423,-0.0106447889,0.0076734051,0.0036128461,0.0754499808,-0.0021316870,-0.0113541503
7.2731552124,-0.0145892268,0.0026523173,0.0044915974,0.0901969671,0.0194127522,-0.0051298104
7.2832326889,-0.0167952441,-0.0052994937,0.0044517219,0.0825197399,0.0428997017,-0.0010254795
7.2931852341,-0.0123561053,-0.0093933791,0.0083840191,0.0664805844,0.0470326617,-0.0031658621
7.3031730652,-0.0050166245,-0.0107006654,0.0113555491,0.0494492725,0.0425955690,-0.0063109221
7.3131408691,-0.0015498580,-0.0083094910,0.0133049786,0.0302713159,0.0381720588,-0.0062688440
7.3232398033,-0.0039038020,-0.0021810606,0.0142249763,0.0281692855,0.0338854380,-0.0062419465
7.3331708908,-0.0032526362,0.0009824036,0.0073641837,0.0238802619,0.0370404832,-0.0083841933
7.3432931900,-0.0044545638,-0.0077060983,-0.0023679435,0.0068635959,0.0315186828,-0.0136480639
7.3531551361,-0.0017884629,-0.0135851726,-0.0022875965,-0.0154813901,0.0227955021,-0.0135758920
7.3633589745,-0.0010052727,-0.0099099427,-0.0003151000,-0.0324654356,0.0098674512,-0.0102938125
7.3732137680,-0.0069581489,-0.0073485896,0.0016159117,-0.0356705487,0.0056673801,0.0014219654
7.3831138611,-0.0108937649,-0.0019221083,-0.0023114979,-0.0420564115,-0.0007047652,0.0120920539
7.3931102753,-0.0148661761,0.0074263737,-0.0013696849,-0.0389186740,0.0026257839,0.0237545688
7.4031128883,-0.0139202056,0.0100874230,-0.0013560951,-0.0165525135,0.0071105473,0.0279593002
7.4131860733,-0.0070912275,0.0061515793,0.0026369989,-0.0036612172,-0.0024179767,0.0269496962
7.4233751297,0.0008690735,-0.0016647951,-0.0021391809,-0.0025357651,-0.0056984583,0.0174091887
7.4331040382,0.0019465355,-0.0036982894,-0.0070028603,-0.0142531414,-0.0037604761,0.0046561081
7.4431056976,-0.0000615413,0.0068121254,-0.0090124905,-0.0291633811,-0.0018722949,-0.0112826442
7.4531478882,-0.0020118165,0.0065862313,-0.0001994074,-0.0237337295,-0.0093935942,-0.0207991842
7.4631128311,-0.0048004049,0.0005594789,-0.0011644663,-0.0141492784,-0.0071706539,-0.0197589528
7.4730601311,-0.0115795685,0.0022538230,-0.0070842206,-0.0206271503,-0.0007535010,-0.0134216957
7.4830708504,-0.0146125732,0.0088629425,-0.0071051419,-0.0186076760,0.0100221820,-0.0049935896
7.4931030273,-0.0137790730,0.0116892233,-0.0051490963,-0.0037371172,0.0124200918,0.0119787361
7.5030779839,-0.0070135104,0.0078578591,-0.0050713122,0.0079971701,0.0073012300,0.0279405247
7.5130848885,-0.0031235772,0.0020638034,-0.0050114095,0.0005222093,0.0051603145,0.0343339741
7.5230731964,0.0017701207,-0.0047418103,-0.0000472963,-0.0079715429,0.0018393527,0.0290511958
7.5331029892,0.0037639407,-0.0058700219,-0.0009790957,-0.0207211599,-0.0005058270,0.0163266137
7.5431041718,0.0027870727,-0.0032010600,-0.0039140880,-0.0282011814,0.0015488018,0.0131302867
7.5528559685,0.0018032646,0.0043519586,-0.0039376915,-0.0163511783,-0.0091019785,0.0068167308
7.5630269051,0.0018927275,0.0062640384,0.0028984249,0.0039919093,-0.0153835760,0.0036555587
7.5730762482,-0.0028323079,0.0043462515,0.0038302243,0.0103315637,-0.0099360803,0.0099901538
7.5830378532,-0.0086247688,0.0082376599,-0.0060214698,0.0037764595,0.0071406411,0.0130714308
7.5928101540,-0.0135456948,0.0062129796,-0.0109293163,-0.0069273170,0.0102733169,0.0141209830
7.6029987335,-0.0068244073,0.0052076727,-0.0089007318,-0.0112046208,0.0102600018,0.0162480492
7.6130208969,-0.0049526724,0.0110333934,-0.0059786737,-0.0004057689,-0.0056702290,0.0184685942
7.6230931282,-0.0029044221,0.0111457184,-0.0010955633,0.0177986696,-0.0161396470,0.0280872639
7.6328420639,-0.0055699642,0.0084573925,-0.0011342466,0.0359694175,-0.0223392192,0.0366139077
7.6429710388,-0.0111605963,0.0058678910,0.0007215440,0.0413039960,-0.0212462582,0.0344777852
7.6529798508,-0.0138532622,0.0052624419,0.0006529986,0.0434209406,-0.0170001145,0.0291368179
7.6629972458,-0.0117384745,0.0056764409,0.0035487711,0.0391283259,-0.0138357477,0.0280567724
7.6728429794,-0.0116043044,0.0020370632,-0.0013528764,0.0187753830,-0.0022999987,0.0205594413
7.6829900742,-0.0105828373,0.0030534267,-0.0023207366,-0.0099927494,-0.0047495742,0.0099708457
7.6929950714,-0.0096126748,0.0047771484,-0.0023126304,-0.0366957299,0.0013658426,-0.0006740754
7.7029800415,-0.0106710745,0.0092141926,-0.0032723248,-0.0474321321,0.0087662349,-0.0007154874
7.7129411697,-0.0107829226,0.0136421546,-0.0022605956,-0.0388647467,0.0045754844,0.0014304877
7.7229690552,-0.0088444976,0.0182801262,-0.0002960861,-0.0142053375,-0.0101608513,0.0057585239
7.7329649925,-0.0086882515,0.0172955394,0.0036185682,0.0103838947,-0.0184392873,0.0153565565
7.7429709435,-0.0113598211,0.0135041326,0.0006472170,0.0189110711,-0.0183407497,0.0196013674
7.7529420853,-0.0081050275,0.0038754269,-0.0012548268,0.0061585242,-0.0248612333,0.0185901653
7.7629480362,-0.0048229354,-0.0039276853,-0.0002318323,-0.0087273475,-0.0314032882,0.0165162291
7.7729568481,-0.0045041027,-0.0050958395,0.0027160347,-0.0300771128,-0.0305177886,0.0144006144
7.7829070091,-0.0071846205,-0.0035559461,0.0066186488,-0.0504162051,-0.0211099051,0.0079792012
7.7930798531,-0.0080211004,0.0007679685,0.0066188276,-0.0568876863,-0.0105265025,0.0015407428
7.8029589653,-0.0040420587,0.0041721165,0.0057057440,-0.0462057441,-0.0083725387,-0.0059161084
7.8129167557,-0.0049868445,0.0087086260,0.0047286451,-0.0195525642,-0.0039002923,-0.0070261136
7.8229169846,-0.0079187220,0.0105564967,0.0066595972,0.0027878946,0.0037893192,-0.0028414889
7.8330731392,-0.0110153658,0.0136440471,0.0066024363,0.0356843248,0.0233728755,0.0076324577
7.8429517746,-0.0142714037,0.0170157477,0.0045890510,0.0578833669,0.0450273007,0.0202262793
7.8529109955,-0.0167209804,0.0117492005,0.0035957992,0.0651428849,0.0676007867,0.0285739582
7.8628668785,-0.0154090999,0.0055591837,0.0016605556,0.0693145916,0.0773005486,0.0338186547
7.8730297089,-0.0092988750,0.0004491358,0.0056287944,0.0650554001,0.0772403628,0.0306348428
7.8828878403,-0.0069863121,-0.0039732829,-0.0011875929,0.0331460685,0.0662412420,0.0232921112
7.8928980827,-0.0065423320,-0.0067876130,-0.0060231984,-0.0019677123,0.0562687702,0.0138197802
7.9028787613,-0.0051439586,0.0077520758,-0.0089810193,-0.0092527904,0.0358529799,0.0075818570
7.9128561020,-0.0034948471,0.0185104832,-0.0070460141,0.0112090753,0.0114834579,0.0140999444
7.9228668213,-0.0043882835,0.0215944648,-0.0110062659,0.0306361690,-0.0171620343,0.0217097923
7.9329118729,-0.0050307061,0.0150805563,-0.0120014846,0.0392720029,-0.0288519803,0.0217795670
7.9428529739,-0.0125008551,0.0094818473,-0.0140477717,0.0274588857,-0.0172536485,0.0132107139
7.9528541565,-0.0152830398,0.0057259127,-0.0150493681,0.0113475593,-0.0035202592,0.0088833440
7.9628467560,-0.0153524755,0.0097406209,-0.0092130005,0.0101949442,0.0061065354,0.0109472936
7.9728736877,-0.0145323044,0.0157963708,-0.0072892010,0.0250718929,0.0126706958,0.0151439030
7.9828448296,-0.0137230782,0.0219250172,-0.0083175004,0.0325244851,0.0148712648,0.0161886606
7.9928050041,-0.0128677515,0.0232566372,-0.0083495080,0.0442975201,0.0106962267,0.0172699057
8.0028696060,-0.0071136984,0.0248133838,-0.0024946630,0.0614304356,0.0044101020,0.0162347332
8.0128335953,-0.0071145999,0.0215530172,0.0033296645,0.0657351688,0.0001682190,0.0162592344
8.0228433609,-0.0050451490,0.0133481696,-0.0025325716,0.0529485345,0.0000121578,0.0098961443
8.0328006744,-0.0029034573,-0.0009877608,-0.0063996017,0.0103925504,-0.0111411605,-0.0059376801
8.0428848267,0.0001995085,-0.0030093864,-0.0063682497,-0.0257536024,-0.0233048815,-0.0207069069
8.0528020859,-0.0005524563,0.0034454465,-0.0044195354,-0.0469614193,-0.0363852642,-0.0312311854
8.0627908707,-0.0061654071,0.0156598017,-0.0035208762,-0.0341433585,-0.0363112278,-0.0344288424
8.0727577209,-0.0098190261,0.0222700462,-0.0006615818,-0.0053657731,-0.0317953080,-0.0323534422
8.0827999115,-0.0076131369,0.0214115381,0.0003211796,0.0266020130,-0.0261773691,-0.0292247608
8.0927467346,-0.0064141112,0.0169699043,0.0042029917,0.0542823784,-0.0184544679,-0.0261069983
8.1028070450,-0.0052655409,0.0136116669,0.0002615749,0.0520881973,-0.0130858012,-0.0208264813
8.1127481461,-0.0090890853,0.0081341043,-0.0037080944,0.0338071957,0.0028138030,-0.0198544282
8.1227750778,-0.0111195026,0.0025514588,-0.0037162006,0.0187736526,0.0144366380,-0.0220443457
8.1327333450,-0.0103474399,0.0016817971,-0.0066321790,0.0016460642,0.0207078494,-0.0231354423
8.1427764893,-0.0086241690,0.0036730021,-0.0017388166,-0.0014635762,0.0089374753,-0.0219952092
8.1527853012,-0.0047746520,0.0056412518,-0.0007278622,0.0029378301,-0.0070603993,-0.0218945425
8.1627149582,-0.0046181004,0.0018450617,0.0031750500,0.0169575084,-0.0261523351,-0.0175317526
8.1728420258,-0.0062632221,0.0010718032,0.0011834204,0.0266101360,-0.0345644616,-0.0100472039
8.1827306747,-0.0078912629,-0.0015987830,0.0040674508,0.0244311374,-0.0313284546,-0.0047552362
8.1927671432,-0.0085344268,-0.0052993447,0.0050052106,0.0190555472,-0.0270857736,-0.0037166036
8.2026920319,-0.0092600388,-0.0042004958,0.0049766004,0.0083135534,-0.0196699351,-0.0016320145
8.2127141953,-0.0101054972,-0.0012663902,-0.0009242595,-0.0024570683,-0.0079965005,-0.0017001914
8.2227106094,-0.0120308353,0.0035618544,-0.0009689034,-0.0024537398,-0.0069583999,-0.0048923893
8.2327289581,-0.0081287129,0.0085495710,0.0048953593,0.0157287270,-0.0100513957,-0.0080722030
8.2427167892,-0.0060486379,0.0039250478,0.0039334595,0.0295792930,-0.0067394879,-0.0081025641
8.2528629303,-0.0079014255,-0.0026271269,0.0029371083,0.0274181403,-0.0035498200,-0.0081217382
8.2626962662,-0.0078153787,-0.0082546398,0.0039173067,0.0146171227,-0.0057623740,-0.0059765624
8.2727050781,-0.0127382381,-0.0033243820,0.0038312376,0.0037961667,0.0070884433,0.0066963565
8.2826862335,-0.0187650174,0.0074039772,0.0027637184,0.0068963524,0.0178372264,0.0108737908
8.2926788330,-0.0170163549,0.0123886541,0.0007935464,0.0143177835,0.0190724004,0.0236092936
8.3027095795,-0.0083579076,0.0126568973,0.0047619641,0.0229501538,0.0084383991,0.0226116739
8.3126659393,-0.0035361308,0.0100296214,0.0087049901,0.0283483807,0.0030907723,0.0173306242
8.3226604462,0.0004173299,0.0074126124,0.0067636669,0.0316183418,-0.0012437889,0.0077963746
8.3326349258,-0.0024941522,0.0124770179,-0.0021136701,0.0188335720,0.0006859376,-0.0049559055
8.3426942825,-0.0034752446,0.0135796070,-0.0011669697,0.0029101335,-0.0059432033,-0.0165913887
8.3526582718,-0.0023857015,0.0067169219,-0.0011193454,-0.0173514634,-0.0051037748,-0.0250818133
8.3626470566,-0.0022937688,-0.0033270344,-0.0039739311,-0.0387297198,0.0000390557,-0.0293500610
8.3725976944,-0.0052293870,-0.0018655510,-0.0059060156,-0.0536522120,-0.0022230332,-0.0303873625
8.3826017380,-0.0101692518,0.0063907653,-0.0020223558,-0.0450451411,-0.0107020056,-0.0303407572
8.3927049637,-0.0100970520,0.0100154281,0.0018796622,-0.0161828678,-0.0189564731,-0.0218082555
8.4026212692,-0.0118635399,0.0070359558,0.0008983910,0.0061729052,-0.0154871736,-0.0101551954
8.4125404358,-0.0147308810,0.0150168315,0.0017869769,0.0317206085,-0.0109235812,0.0004212828
8.4225797653,-0.0146684824,0.0173761696,0.0075989068,0.0434210747,-0.0096806837,0.0099656526
8.4326047897,-0.0135174086,0.0011422931,0.0066702664,0.0305018127,0.0020124582,0.0141484141
8.4426431656,-0.0115168495,-0.0124495700,0.0018598139,-0.0165715553,0.0186622739,0.0034474325
8.4525661469,-0.0117056994,-0.0109743997,-0.0068846047,-0.0677881390,0.0234466437,-0.0156708676
8.4625253677,-0.0081163002,0.0000035985,-0.0068177879,-0.0815705284,0.0168193672,-0.0283674877
8.4725990295,0.0014109282,0.0140430704,-0.0067236722,-0.0514973179,-0.0043511651,-0.0314383805
8.4825782776,0.0073355404,0.0206958801,0.0001473128,-0.0053916061,-0.0296349488,-0.0291781556
8.4926509857,0.0066607450,0.0188787207,0.0030473769,0.0234387107,-0.0315313861,-0.0270612091
8.5025367737,0.0001402652,0.0103608742,0.0059301555,0.0371983312,-0.0196177363,-0.0218386166
8.5126142502,-0.0075490656,0.0028321669,0.0019522011,0.0347809792,0.0114312600,-0.0135391410
8.5226249695,-0.0097411117,0.0080204830,-0.0039784610,0.0356430449,0.0339371003,-0.0073113386
8.5325431824,-0.0091205118,0.0153226405,-0.0050217211,0.0580796450,0.0298717842,-0.0030510798
8.5425624847,-0.0014751771,0.0102372989,-0.0010896623,0.0742647424,0.0075795301,0.0002693494
8.5525331497,-0.0013501378,-0.0027806535,0.0008666813,0.0541546792,-0.0128921885,-0.0006462452
8.5626783371,-0.0089820018,-0.0142099485,0.0037530959,0.0146718509,-0.0100870822,-0.0112582762
8.5725278854,-0.0158158429,-0.0153551251,0.0066371262,-0.0367074497,0.0087174978,-0.0155939031
8.5824184418,-0.0150890676,-0.0089845657,0.0086390078,-0.0539165288,0.0246120431,-0.0167497136
8.5925092697,-0.0056813019,0.0023583174,0.0096948445,-0.0357668214,0.0205589775,-0.0071745850
8.6025485992,0.0018652534,0.0110800490,0.0117020905,0.0112632709,0.0134326257,-0.0082238708
8.6125164032,0.0008569738,0.0132501051,0.0038332641,0.0412419438,0.0008752883,-0.0039138109
8.6226177216,-0.0020203325,0.0107620731,0.0067099631,0.0519609004,-0.0064795637,0.0014391427
8.6324739456,-0.0098205535,0.0082885846,0.0114918649,0.0432779305,0.0084708901,0.0077226050
8.6425437927,-0.0157126747,-0.0002947823,0.0036406815,0.0100234365,0.0264256559,0.0129428003
8.6524953842,-0.0139062693,-0.0150181651,-0.0021052063,-0.0252725035,0.0336614624,0.0161077008
8.6628494263,-0.0073672119,-0.0143226758,0.0009245574,-0.0486502647,0.0227478314,0.0108825797
8.6724596024,0.0002203068,-0.0001061560,0.0019617379,-0.0452725738,0.0034902464,0.0056931432
8.6824941635,0.0021173847,0.0142003372,0.0048659146,-0.0237796679,-0.0145020699,0.0068562794
8.6925039291,-0.0025828811,0.0160062164,0.0057991445,0.0008476479,-0.0228801072,0.0047686268
8.7024908066,-0.0062071267,0.0043611079,0.0067861378,0.0146717178,-0.0142701091,-0.0006078957
8.7124958038,-0.0090454919,0.0005224421,0.0018738805,0.0059844865,0.0069659376,-0.0092386678
8.7224645615,-0.0101617379,-0.0014030935,0.0009016096,0.0015760232,0.0250738356,-0.0125400554
8.7324523926,-0.0074844914,0.0024801046,-0.0039660037,-0.0101264389,0.0186068807,-0.0082403822
8.7424964905,-0.0066833938,0.0004682242,-0.0010035337,-0.0069468925,0.0176428165,0.0002590963
8.7524137497,-0.0107465563,-0.0035143718,-0.0039190948,-0.0006264122,0.0241862033,0.0097737713
8.7624197006,-0.0139779514,-0.0015571268,-0.0029754341,0.0099202385,0.0361051820,0.0192511640
8.7724637985,-0.0173431970,0.0073454082,-0.0040086806,0.0226187222,0.0459042825,0.0287402738
8.7824440002,-0.0148514090,0.0115300044,-0.0069465935,0.0322292745,0.0438789502,0.0340623334
8.7924404144,-0.0092861457,0.0099328905,-0.0098349750,0.0344713889,0.0300201252,0.0362754203
8.8023958206,-0.0016092727,0.0054219291,-0.0068399012,0.0282369293,0.0096567953,0.0353489071
8.8124141693,-0.0015608215,-0.0002016650,-0.0029288828,0.0176734999,-0.0022179733,0.0311837234
8.8224391937,-0.0054051611,-0.0020984933,-0.0029715598,0.0016645724,0.0028801160,0.0162858665
8.8324022293,-0.0113243861,0.0055724233,-0.0089128315,-0.0133074522,0.0091135111,0.0088191619
8.8423900604,-0.0114401644,0.0142116025,-0.0089389384,-0.0121785384,0.0047792159,0.0014118457
8.8524188995,-0.0115437647,0.0209872425,-0.0089605153,-0.0004353300,0.0038194128,0.0035346511
8.8623561859,-0.0096133938,0.0210361257,-0.0040648878,0.0081661483,-0.0035972244,0.0035775281
8.8724126816,-0.0114841713,0.0103423372,-0.0050023496,0.0027133254,0.0092133787,0.0066854372
8.8823566437,-0.0096278070,0.0084159449,-0.0039891303,-0.0026486833,0.0113287279,0.0087997206
8.8924026489,-0.0088261692,0.0152516440,-0.0010832250,0.0048233480,0.0092943395,0.0141196512
8.9021835327,-0.0098804487,0.0163326636,0.0008460581,0.0165717490,0.0072751306,0.0173115823
8.9122018814,-0.0099083548,0.0116345957,-0.0020718873,0.0229268521,0.0137279695,0.0162029080
8.9221677780,-0.0080326227,0.0059237182,-0.0010565817,0.0048176222,0.0124464566,0.0077247359
8.9325065613,-0.0052495333,0.0058892667,-0.0000525416,-0.0122658908,0.0154632851,0.0002773390
8.9423637390,-0.0014742272,0.0047964007,0.0039252937,-0.0186048783,0.0110613471,-0.0081863198
8.9523525238,-0.0025606859,0.0036240518,0.0039511621,-0.0185910314,0.0110251280,-0.0124356598
8.9622573853,-0.0026759165,0.0053914264,0.0000553429,-0.0164643638,0.0142006809,-0.0177687723
8.9722328186,-0.0038308608,0.0120081156,-0.0028915703,-0.0196505692,0.0109968977,-0.0145585984
8.9823246002,-0.0020096186,0.0226190016,-0.0029036701,-0.0067359703,-0.0048680850,-0.0070297089
8.9922924042,-0.0048588957,0.0227106884,0.0029093921,0.0253234301,-0.0141302925,0.0057566594
9.0023288727,-0.0105279898,0.0161802024,-0.0030113161,0.0444097705,-0.0011015761,0.0120326653
9.0122823715,-0.0182691514,0.0047824904,-0.0079372823,0.0336492695,0.0126368729,0.0034519602
9.0223379135,-0.0183951780,-0.0008635745,-0.0098905861,0.0112016192,0.0198692195,-0.0050769467
9.0325193405,-0.0127536459,0.0031155571,-0.0108303726,-0.0026201867,0.0143910972,-0.0082189441
9.0423383713,-0.0119482679,0.0079561248,-0.0069274604,-0.0078901844,0.0068535521,-0.0102926139
9.0522594452,-0.0120512499,0.0069348589,-0.0039705932,-0.0036419090,0.0111252628,-0.0145728467
9.0622711182,-0.0073248479,0.0059571117,-0.0058666766,-0.0025786413,0.0142824398,-0.0209669638
9.0722904205,-0.0045094746,0.0040181950,-0.0087585747,0.0006882576,0.0089092460,-0.0273087490
9.0822763443,-0.0016518192,0.0001631229,-0.0038270652,-0.0013690339,0.0013690382,-0.0325716883
9.0922737122,-0.0026236507,0.0020327419,-0.0057879388,-0.0141143911,-0.0072617340,-0.0303820372
9.1022405624,-0.0044839452,0.0038563609,-0.0019036829,-0.0140378242,-0.0200094860,-0.0207356680
9.1122922897,-0.0092521710,0.0076075718,0.0019476116,-0.0130260894,-0.0177641753,-0.0090646306
9.1222553253,-0.0091054393,0.0055411831,0.0000160038,-0.0099325618,-0.0080447039,-0.0006325298
9.1322460175,-0.0070734951,0.0006035715,-0.0019020736,0.0027920222,0.0006403975,0.0035518287
9.1422262192,-0.0002291309,0.0036591366,-0.0008889735,0.0103685819,-0.0100314217,-0.0006307987
9.1522464752,0.0018141574,0.0008775740,0.0010769665,0.0125086978,-0.0110745812,0.0004368625
9.1622047424,-0.0000012921,-0.0039237663,0.0020533502,0.0049748821,-0.0046971100,0.0025231827
9.1722698212,-0.0078047398,-0.0059494972,0.0010180771,-0.0089875385,0.0069243927,-0.0007296023
9.1821928024,-0.0089042587,-0.0002908186,-0.0048472583,-0.0261324365,0.0121939890,0.0056207050
9.1922492981,-0.0090563549,0.0062700137,-0.0048585832,-0.0239835326,0.0100821024,0.0066952910
9.2022132874,-0.0042265165,0.0080737695,-0.0008978546,-0.0153349172,-0.0037314477,0.0089057144
9.2122421265,-0.0021704542,0.0069830567,0.0020726621,-0.0131383408,-0.0132882018,0.0142781101
9.2221746445,-0.0029586065,0.0107486621,0.0020452440,-0.0109016867,-0.0250423290,0.0122262770
9.2321834564,-0.0095239272,0.0105526447,-0.0028964579,-0.0152032236,-0.0187173225,0.0058139181
9.2421846390,-0.0103114424,0.0055087805,-0.0058018267,-0.0131025221,-0.0123342574,0.0015262284
9.2522201538,-0.0122423684,0.0093398020,-0.0038734972,-0.0035913093,0.0026297788,-0.0070765810
9.2621545792,-0.0093706502,0.0132988021,-0.0087617338,0.0134844799,0.0038116898,-0.0102874208
9.2723503113,-0.0064904201,0.0154829174,-0.0077905357,0.0263230465,0.0006955250,-0.0113385702
9.2821779251,-0.0054833549,0.0089751258,-0.0038717687,0.0316895843,-0.0035226559,-0.0091888672
9.2921924591,-0.0073591466,0.0004524439,-0.0009430349,0.0220899526,-0.0036150676,-0.0113063464
9.3021526337,-0.0112275174,-0.0053584650,-0.0029038489,-0.0057331566,0.0026295125,-0.0060162432
9.3121604919,-0.0122786043,-0.0044860616,0.0097929537,-0.0196124855,0.0004390626,0.0003820010
9.3221788406,-0.0123292385,0.0040700659,0.0058655441,-0.0228462294,0.0015413449,0.0067494856
9.3321352005,-0.0064128446,0.0106694251,-0.0019088687,-0.0184552111,-0.0144293662,0.0100371586
9.3421573639,-0.0002598794,0.0085892454,-0.0037974417,-0.0096779643,-0.0411288850,0.0048932629
9.3521127701,0.0021875729,0.0027428493,-0.0027967393,0.0053531840,-0.0496083908,-0.0003742033
9.3620996475,-0.0012075597,-0.0021517798,-0.0038137138,-0.0032135397,-0.0433273278,-0.0078447694
9.3721380234,-0.0097383512,-0.0003253967,-0.0019436778,-0.0088104382,-0.0134080434,-0.0037853133
9.3820943832,-0.0146005033,0.0024736077,-0.0068800151,-0.0090545183,0.0133737698,0.0034777925
9.3921203613,-0.0148441372,0.0063721165,-0.0020004809,0.0057875453,0.0221206546,0.0129722292
9.4020824432,-0.0121568246,0.0104333535,0.0038560927,0.0175420716,0.0169485323,0.0225594752
9.4121074677,-0.0132753877,0.0096084699,0.0038464367,0.0142927496,0.0201842710,0.0289151073
9.4220771790,-0.0104747592,0.0057706386,0.0009655654,-0.0006605005,0.0211392809,0.0289184377
9.4320669174,-0.0067241113,0.0105396360,-0.0009667576,-0.0208286196,0.0081395926,0.0268920399
9.4420843124,0.0020524343,0.0103555024,0.0001141726,-0.0281632319,-0.0079618795,0.0259410236
9.4521512985,0.0071023074,0.0111337230,0.0060372651,-0.0215625875,-0.0272490233,0.0143751828
9.4623126984,0.0064618071,0.0119266734,0.0089540184,-0.0149809839,-0.0412572511,-0.0046609608
9.4721775055,0.0010172433,0.0088097975,0.0089209974,-0.0202926584,-0.0361359939,-0.0259382855
9.4820432663,-0.0093631586,0.0035046935,0.0039818585,-0.0459571406,-0.0236625448,-0.0440622941
9.4921226501,-0.0141708283,0.0059154555,0.0117994249,-0.0556710213,-0.0098615121,-0.0462697893
9.5020370483,-0.0210863315,0.0102824271,0.0098215640,-0.0335006043,0.0150036244,-0.0336990058
9.5120277405,-0.0223256908,0.0149063244,-0.0019068420,-0.0059512686,0.0324808843,-0.0147085348
9.5220203400,-0.0177673288,0.0160240158,-0.0028481781,0.0303593352,0.0264376402,-0.0040697390
9.5320348740,-0.0121157123,0.0115730837,-0.0047549903,0.0453263000,0.0191717371,0.0076532294
9.5420970917,-0.0093264831,0.0051502883,-0.0017975271,0.0314654782,0.0148419701,0.0140662547
9.5520019531,-0.0055391076,0.0064252019,0.0030941665,0.0187185239,0.0051696356,0.0194498338
9.5620021820,-0.0035666856,0.0007119625,0.0070331991,0.0091557782,-0.0002501636,0.0184257161
9.5720767975,-0.0005790511,-0.0031230971,0.0080488622,0.0006722789,-0.0025532653,0.0067602722
9.5820016861,-0.0014143320,-0.0051452443,0.0012113750,-0.0034436369,-0.0134455934,-0.0133516546
9.5919866562,-0.0022177654,-0.0042594448,-0.0007575453,-0.0118570961,-0.0222063288,-0.0302872285
9.6020402908,-0.0069152373,-0.0005234629,0.0001622736,-0.0161434524,-0.0190566070,-0.0324268118
9.6120719910,-0.0147424033,0.0042193457,0.0039857328,-0.0067789797,0.0067486237,-0.0230391677
9.6219682693,-0.0198456235,0.0109909400,-0.0009624065,0.0058177724,0.0283159669,-0.0125654889
9.6320610046,-0.0200614966,0.0022718757,-0.0087236464,0.0121225398,0.0359461904,-0.0009330676
9.6419811249,-0.0164822489,-0.0054103062,-0.0125609934,0.0098727010,0.0456414260,0.0096282298
9.6519260406,-0.0140744401,0.0053904727,-0.0135519803,0.0024099909,0.0424227305,0.0149662700
9.6619882584,-0.0077021713,0.0172225460,-0.0076650679,0.0089166267,0.0254749078,0.0278234798
9.6721277237,-0.0010009775,0.0145173520,-0.0037074387,0.0197176095,0.0064018802,0.0375011377
9.6819477081,0.0000648988,0.0049606189,0.0002379119,0.0166050401,-0.0043157451,0.0365087129
9.6920146942,0.0011053575,0.0041198954,0.0041438043,0.0091745537,-0.0023900135,0.0184407625
9.7019557953,0.0020954055,0.0071111098,0.0041364729,0.0081646834,-0.0015026482,-0.0017491935
9.7119531631,0.0041556028,0.0072252601,0.0031578839,0.0115157384,-0.0154618733,-0.0122849252
9.7219419479,0.0043791947,0.0023966283,0.0012051165,-0.0055037243,-0.0199311916,-0.0196813233
9.7319126129,-0.0032332200,-0.0037002638,-0.0007676781,-0.0279895924,-0.0094625698,-0.0250454620
9.7419166565,-0.0111045418,-0.0032030419,-0.0007939041,-0.0538808405,0.0213808287,-0.0199170113
9.7519454956,-0.0173033923,0.0010341926,-0.0066497624,-0.0604921430,0.0427873209,-0.0104896883
9.7619380951,-0.0109791411,0.0102909058,-0.0094816983,-0.0476779416,0.0397369340,-0.0030388292
9.7719478607,-0.0015671657,0.0198312476,-0.0054997504,-0.0122211482,0.0059368922,0.0120290704
9.7818880081,0.0043628705,0.0228647217,-0.0054805577,0.0253343489,-0.0214782190,0.0217414852
9.7919359207,0.0037814346,0.0134171993,-0.0025547445,0.0361542404,-0.0395549573,0.0229135416
9.8017024994,-0.0026135850,0.0058915988,0.0022582114,0.0286585055,-0.0332770869,0.0133141773
9.8119335175,-0.0081591969,0.0002218037,0.0002512633,0.0146606658,-0.0152885020,0.0047081732
9.8218755722,-0.0139703965,0.0031436533,-0.0037395656,-0.0036010295,0.0026534807,-0.0049547073
9.8318948746,-0.0120846061,0.0059922338,-0.0007804931,-0.0174425431,0.0024556082,-0.0155676706
9.8417062759,-0.0111893406,0.0048709437,0.0080465972,-0.0227853768,0.0034750663,-0.0166334677
9.8518924713,-0.0171545148,0.0074724331,0.0041146576,-0.0324939303,0.0162164271,-0.0177717023
9.8619241714,-0.0203213282,0.0109222531,-0.0076118410,-0.0358030424,0.0300661959,-0.0199835915
9.8718681335,-0.0138166351,0.0125551522,-0.0153247416,-0.0304607414,0.0290478040,-0.0189183280
9.8816947937,-0.0042755599,0.0134324580,-0.0142431557,-0.0057276972,0.0047081094,-0.0124018379
9.8918676376,0.0034982641,0.0175310075,-0.0054202378,0.0200463757,-0.0153723909,-0.0091024470
9.9018487930,0.0017019181,0.0168824494,0.0013731419,0.0382213853,-0.0194931012,-0.0080283945
9.9118013382,-0.0029125321,0.0035632923,0.0023303330,0.0339022689,-0.0110306395,-0.0144546023
9.9217100143,-0.0057357880,-0.0098357648,0.0082057416,0.0135573186,0.0004848689,-0.0240755379
9.9328041077,-0.0038315388,-0.0146155804,0.0111764967,-0.0003752755,0.0088911364,-0.0283698849
9.9418411255,-0.0039630490,-0.0067953989,0.0082027614,0.0081497692,0.0079470463,-0.0219974741
9.9518671036,-0.0060676108,0.0079675913,0.0041903555,0.0210027173,0.0006103038,-0.0166469179
9.9616098404,-0.0080178929,0.0082147941,0.0041477382,0.0252748281,-0.0014533796,-0.0113223251
9.9715681076,-0.0157666989,-0.0103012547,-0.0036571920,0.0004493725,0.0273119565,0.0001947810
9.9816131592,-0.0151853962,-0.0114443824,0.0003031194,-0.0360571072,0.0485077910,0.0117679471
9.9922924042,-0.0118507696,-0.0030035228,0.0052544177,-0.0425381735,0.0528418161,0.0244930629
10.0021123886,-0.0045883055,0.0084753782,0.0072612464,-0.0146709923,0.0370679125,0.0288224313
10.0116939545,0.0009883574,0.0124750808,0.0092510879,0.0239363220,0.0149309207,0.0300014112
10.0216379166,0.0039144126,0.0118787438,0.0082676113,0.0444080420,-0.0042345189,0.0205517169
10.0316867828,0.0021462706,0.0064031258,0.0033476055,0.0392055586,-0.0140392128,0.0036206711
10.0421600342,-0.0055017914,-0.0022589639,-0.0015909374,0.0017471313,0.0026659979,-0.0081449077
10.0525197983,-0.0085181100,-0.0033561364,0.0023168027,-0.0303399656,0.0120006446,-0.0124325976
10.0624713898,-0.0077897082,-0.0007186756,0.0091972649,-0.0336493403,0.0248040557,-0.0125150215
10.0724086761,-0.0070661190,0.0018866881,0.0004380047,-0.0262196548,0.0291548613,-0.0104236417
10.0822238922,-0.0113164065,0.0085019246,-0.0005654991,-0.0091622435,0.0303863101,-0.0072580753
10.0916872025,-0.0135600371,0.0134124160,-0.0035344064,0.0228915643,0.0242759511,-0.0008664887
10.1015138626,-0.0177058578,0.0117820203,-0.0055288374,0.0473700091,0.0288371462,0.0107747214
10.1115074158,-0.0179194920,0.0063368753,-0.0182463229,0.0451302901,0.0374609940,0.0213442743
10.1215267181,-0.0143294474,0.0047809333,-0.0182257593,0.0301730447,0.0352897234,0.0309301876
10.1315116882,-0.0087844683,0.0030931905,-0.0152439177,0.0131003195,0.0320057794,0.0373377539
10.1416034698,-0.0021683532,0.0022236928,-0.0112706721,-0.0048830751,0.0147096114,0.0310890470
10.1514644623,0.0016602842,0.0001766010,-0.0092551410,-0.0186052788,0.0016508008,0.0163098350
10.1614398956,0.0016994296,0.0018470808,-0.0102174580,-0.0355504416,-0.0082420437,-0.0006137546
10.1715173721,-0.0002035009,0.0111762807,-0.0102377832,-0.0461074784,-0.0159505643,-0.0175546557
10.1814489365,-0.0000859009,0.0185630023,-0.0073159635,-0.0396317355,-0.0244529732,-0.0175029896
10.1915941238,0.0001436142,0.0163254961,-0.0023946464,-0.0246775523,-0.0264567323,-0.0153756561
10.2015094757,-0.0055157798,0.0200427920,-0.0053958595,-0.0055552572,-0.0145681165,-0.0175919384
10.2115364075,-0.0122231496,0.0209252164,-0.0093657672,-0.0023863614,-0.0113190599,-0.0154904388
10.2215194702,-0.0141043393,0.0170146748,-0.0132761300,0.0060782298,-0.0037373067,-0.0112951612
