0.0000000000,-0.0142459422,-0.2164495885,-0.0171073414,-0.7606125474,0.6565952897,-2.2844953537
0.0097489357,0.0002807822,-0.1999523342,0.0121874483,-0.9559034705,0.6486992836,-2.2811205387
0.0198988914,0.0039171423,-0.1811213791,0.0366545580,-1.1257673502,0.6550940871,-2.2544836998
0.0298589468,-0.0062332903,-0.1588581502,0.0540685914,-1.2155336142,0.6609455943,-2.2406551838
0.0398730040,-0.0264380127,-0.1256900728,0.0646916926,-1.2025809288,0.6502109170,-2.2575922012
0.0498110056,-0.0411176831,-0.0858180225,0.0680231154,-1.1295591593,0.6151149869,-2.3030982018
0.0597789288,-0.0431509763,-0.0642935336,0.0510325693,-1.0133516788,0.5257331729,-2.3620970249
0.0698759556,-0.0351754576,-0.0746072829,0.0123763354,-0.9086364508,0.4084217250,-2.4262154102
0.0801599026,-0.0224821419,-0.0865814984,0.0001184614,-0.8958603740,0.3064623475,-2.4861168861
0.0897039175,-0.0093458444,-0.0881874859,0.0318373106,-1.0318199396,0.2461457402,-2.5419373512
0.0998460054,-0.0003182147,-0.1008073390,0.0752867162,-1.2214547396,0.2113121152,-2.5692021847
0.1098139286,-0.0079331249,-0.1114367545,0.1092704833,-1.4394273758,0.2290370464,-2.5489795208
0.1197639704,-0.0360765010,-0.1028062999,0.1249871552,-1.6339921951,0.2481851727,-2.5085973740
0.1300098896,-0.0708224326,-0.0815049708,0.1123963892,-1.7451890707,0.2540920675,-2.4671247005
0.1399979591,-0.1060158759,-0.0720885098,0.0598823689,-1.6713991165,0.2344296873,-2.4574832916
0.1498149633,-0.1343380362,-0.0690809786,0.0061756643,-1.4467693567,0.2024986446,-2.5201141834
0.1597899199,-0.1333938390,-0.0449275076,-0.0091670481,-1.1932867765,0.1916169673,-2.6477098465
0.1700179577,-0.1025886983,-0.0004987411,0.0159453414,-0.9782304764,0.1835766286,-2.7827315331
0.1798518896,-0.0686181635,0.0340547264,0.0427651070,-0.8381392360,0.1787432581,-2.8497283459
0.1897379160,-0.0542293936,0.0411423743,0.0747347176,-0.7923232913,0.1845414937,-2.8381116390
0.1998069286,-0.0718319565,0.0247703493,0.1046466529,-0.8470032811,0.2025332749,-2.8095057011
0.2100589275,-0.0972918123,0.0139241526,0.1399762928,-0.9528306723,0.2115336955,-2.7861175537
0.2198079824,-0.1107562035,0.0124272415,0.1633035839,-1.0464513302,0.1629384607,-2.7591760159
0.2297809124,-0.1126012504,0.0136481235,0.1340880692,-1.0394027233,0.0776438043,-2.7405672073
0.2397749424,-0.1203749478,0.0145106027,0.0894887149,-0.9282489419,-0.0606221929,-2.7609953880
0.2497689724,-0.1195525676,0.0119095156,0.0261159800,-0.7615382671,-0.1912758201,-2.8165714741
0.2597539425,-0.1053775102,0.0209551752,0.0134304436,-0.6431037188,-0.0553374179,-3.1511261463
0.2697569132,-0.1396066248,0.0435829461,0.0317365788,-0.5943793058,0.1102065369,-3.4603271484
0.2797269821,-0.2106773853,0.0596475899,0.0545576476,-0.6367276907,-0.1667704582,-3.1886537075
0.2897409201,-0.1740445048,0.0627962649,0.1103970110,-0.7626438141,-0.3975658715,-2.9405944347
0.2997179031,-0.0979149193,0.0751524866,0.1648159325,-0.9625662565,-0.3689936101,-2.9183306694
0.3097310066,-0.1292465478,0.0834215581,0.1797560155,-1.1683001518,-0.4235886931,-2.8668382168
0.3197699785,0.0237072855,0.0125599215,0.1760645807,-1.2610790730,-0.4705412686,-2.7740416527
0.3297269344,0.0049851830,-0.0020360046,0.1049679816,-1.2413742542,-0.5396516323,-2.7491722107
0.3397459984,-0.0071408306,-0.0104946187,0.0332458876,-1.0912415981,-0.6156119108,-2.7679052353
0.3497020006,-0.0064794426,0.0066351006,-0.0063684313,-0.9145815372,-0.6679486632,-2.7984986305
0.3597049713,0.0689041466,0.0258088410,0.0089108618,-0.7563236356,-0.6841995120,-2.8420608044
0.3697139025,0.0725685060,0.0773925483,0.0429880880,-0.6803511381,-0.6882866621,-2.8888325691
0.3797079325,0.0906891525,0.1164676249,0.0917716324,-0.6900632381,-0.6703079343,-2.9027545452
0.3896219730,0.1079875976,0.1380316913,0.1303472817,-0.8001141548,-0.6698269844,-2.8718714714
0.4006619453,0.1677819192,0.1153729856,0.1144231260,-0.8867565393,-0.6825656295,-2.7835516930
0.4355529547,0.1429185271,0.0953650177,0.0692778528,-0.9219105840,-0.7300796509,-2.6833541393
0.4356529713,0.1054794639,0.0708182752,0.0083738239,-0.8971880674,-0.7763531208,-2.6172029972
0.4356828928,0.0798956007,0.0707809031,-0.0214270093,-0.8747618794,-0.7803912163,-2.6097555161
0.4399079084,0.1319700778,0.0865884721,-0.0086100427,-0.8381947875,-0.7986080647,-2.6479074955
0.4496589899,0.1627118886,0.1355289519,0.0215488933,-0.7728900909,-0.8101140261,-2.6776254177
0.4597378969,0.1886676103,0.1876512468,0.0611251257,-0.7384790182,-0.8450254202,-2.6668000221
0.4694238901,0.2017633021,0.2266781628,0.0937925875,-0.7682195902,-0.8947895169,-2.5846524239
0.4839409590,0.2376545221,0.2235575020,0.0859279931,-0.8547018170,-0.9414107800,-2.4589290619
0.4911088943,0.2178319991,0.2013917863,0.0582391880,-0.9232593179,-0.9538493752,-2.3514988422
0.5014859438,0.1901443154,0.1542497575,0.0062268646,-0.8763335347,-0.9669739604,-2.3025712967
0.5098809004,0.1819045246,0.1304014623,-0.0188353397,-0.7511838675,-0.9907516837,-2.3216273785
0.5197209120,0.2342176139,0.1172176301,-0.0431467034,-0.5210251808,-1.0660225153,-2.3340542316
0.5293920040,0.2472036034,0.1445103586,-0.0318120457,-0.3400333226,-1.1456785202,-2.3134787083
0.5394510031,0.2433396876,0.1890533864,-0.0116269318,-0.3210622966,-1.2554081678,-2.2883458138
0.5494838953,0.2340239733,0.2044078410,-0.0420676805,-0.4530823827,-1.3200573921,-2.2294027805
0.5594199896,0.2238811404,0.1891928017,-0.0898574293,-0.7489639521,-1.3228306770,-2.1601197720
0.5694628954,0.1600299329,0.1783147156,-0.1193173826,-1.1361469030,-1.2421958447,-2.1295628548
0.5794279575,0.1116853207,0.1683035195,-0.1171455681,-1.5163807869,-1.0796128511,-2.1462860107
0.5896039009,0.1114423722,0.1661137640,-0.0992076099,-1.6768517494,-0.8930549622,-2.1835050583
0.5996170044,0.1673957556,0.1603244841,-0.1059338748,-1.5315603018,-0.7566531897,-2.2386748791
0.6095809937,0.2066064924,0.2049610913,-0.0956822336,-1.1640962362,-0.6461261511,-2.2704575062
0.6195619106,0.2360531837,0.2792315781,-0.0754842460,-0.7474262714,-0.5710508227,-2.2425501347
0.6295599937,0.2623438537,0.3566164076,-0.0432330705,-0.3913815916,-0.5430245399,-2.1622388363
0.6395969391,0.2775404155,0.3845555484,-0.0082578389,-0.1215529218,-0.5445382595,-2.0838017464
0.6495659351,0.2700451314,0.3755109608,0.0151218446,-0.0402122587,-0.5894495845,-2.0346972942
0.6595679522,0.2586248815,0.3570362031,0.0092018517,-0.1659428775,-0.6516575217,-1.9460278749
0.6695879698,0.2462088168,0.3190257251,-0.0144512383,-0.3721858263,-0.6641376019,-1.8438134193
0.6795248985,0.2286886871,0.2638870776,-0.0531131364,-0.4147951901,-0.7002477050,-1.7776789665
0.6895709038,0.2203624845,0.2296023071,-0.0823448598,-0.3043238223,-0.7687559128,-1.7645632029
0.6995799541,0.2255687565,0.2522004545,-0.0733282864,-0.1960990578,-0.8192129731,-1.7643154860
0.7095669508,0.2395306230,0.3049398363,-0.0541217066,-0.1170244887,-0.8386995792,-1.7398092747
0.7195179462,0.2489959449,0.3425655365,-0.0352648236,-0.0486564785,-0.8581821918,-1.7046698332
0.7295809984,0.2442306578,0.3646134138,-0.0205321647,-0.0657047033,-0.8772163391,-1.6652259827
0.7395459414,0.2273395211,0.3681356311,-0.0299169160,-0.1992110908,-0.8853528500,-1.6204577684
0.7495110035,0.1992457658,0.3473731875,-0.0628590286,-0.3981193900,-0.8670899868,-1.5545690060
0.7595078945,0.1703863591,0.3102743924,-0.1065478027,-0.5449239016,-0.8228042722,-1.4920706749
0.7694329023,0.1471639574,0.2841161489,-0.1360599101,-0.5728615522,-0.8078937531,-1.4730247259
0.7794599533,0.1449277401,0.2906491458,-0.1402417123,-0.5068290234,-0.7892225981,-1.4742543697
0.7894839048,0.1664503813,0.3497813642,-0.1252227724,-0.4344245493,-0.7735541463,-1.4574081898
0.7995289564,0.1938699782,0.4008680880,-0.0968145430,-0.3459719121,-0.7704076171,-1.4192433357
0.8094708920,0.2033344060,0.4239921570,-0.0736666620,-0.3011242747,-0.7952032685,-1.3596198559
0.8193969727,0.1913367361,0.4240376055,-0.0896855891,-0.3600708246,-0.8065357804,-1.2575198412
0.8295649290,0.1535236984,0.4013929963,-0.1249136627,-0.4600869119,-0.7467848659,-1.1792204380
0.8394860029,0.1113369614,0.3780317307,-0.1537885964,-0.4813207984,-0.6419646740,-1.1511993408
0.8495579958,0.0972865373,0.3731157780,-0.1718455255,-0.3155209124,-0.5394647121,-1.1891635656
0.8594909906,0.1132738590,0.3912383616,-0.1927327216,0.0235334337,-0.4668346643,-1.2525539398
0.8694609404,0.1428605020,0.4381054938,-0.1936973631,0.3830820322,-0.4301610887,-1.2891641855
0.8794389963,0.1680560410,0.4838237464,-0.1844319403,0.6699490547,-0.3958813846,-1.2895852327
0.8894199133,0.1754284650,0.5020972490,-0.1724078953,0.8594803810,-0.3440459073,-1.2741178274
0.8994789124,0.1727481037,0.4909172356,-0.1500456035,0.8824461699,-0.2923156321,-1.2447205782
0.9096319675,0.1642050445,0.4602788985,-0.1429036558,0.7313709259,-0.2543354928,-1.1662445068
0.9194769859,0.1540524065,0.4138726294,-0.1541833580,0.4799474478,-0.2296466380,-1.0514914989
0.9294739962,0.1432867348,0.3719604313,-0.1651805341,0.2595548928,-0.2143294662,-0.9356362820
0.9394109249,0.1434615552,0.3568966091,-0.1753857434,0.1633921266,-0.2305046916,-0.8653469086
0.9494709969,0.1534224004,0.3853578269,-0.1816148460,0.1633311361,-0.2408026010,-0.8195973039
0.9594238997,0.1672028452,0.4404007494,-0.1666081250,0.2082346976,-0.2563328445,-0.8014672995
0.9693509340,0.1842710227,0.4783441722,-0.1547856629,0.2852618694,-0.2823388577,-0.7875413299
0.9793589115,0.1942589432,0.4893383682,-0.1521380842,0.3283508420,-0.3468278646,-0.7435961366
0.9895349741,0.1848283261,0.4726035893,-0.1535077989,0.2580857575,-0.3980468512,-0.6699099541
0.9994989634,0.1593289226,0.4400404394,-0.1396648586,0.1051706374,-0.3838601708,-0.6220863461
1.0092020035,0.1327642500,0.4120983779,-0.1397053301,0.0011859154,-0.3364324570,-0.6063854098
1.0191709995,0.1262322515,0.4015170634,-0.1579398811,0.0390659198,-0.2730079591,-0.5983240604
1.0291839838,0.1424827874,0.4132007658,-0.1744513214,0.1432317346,-0.2229469121,-0.5880975127
1.0394339561,0.1700309664,0.4423336685,-0.1835826337,0.2176461816,-0.1954327375,-0.5628308654
1.0494959354,0.1413749903,0.4288497269,-0.1539348066,0.2602775395,-0.2053913623,-0.5160508156
1.0593678951,0.1165462136,0.3970634639,-0.1339522898,0.2625390887,-0.2423056960,-0.4595036805
1.0693379641,0.0870154649,0.3637104928,-0.1110578477,0.2103379369,-0.2764386535,-0.4040015340
1.0793559551,0.0633192509,0.3244281113,-0.0880171359,0.1109797880,-0.2853389084,-0.3560716808
1.0893189907,0.0394244641,0.2849132717,-0.0785541236,0.0221995898,-0.2761248946,-0.3231353164
1.0992629528,0.0211745799,0.2509261370,-0.0856910646,0.0292283352,-0.2288942784,-0.3053833544
1.1093089581,0.0153470039,0.2353310287,-0.0982274711,0.1924268454,-0.2106039673,-0.3141150773
1.1193399429,0.0232483745,0.2364939749,-0.0976017416,0.3993527293,-0.1856072694,-0.3282331526
1.1293319464,0.0334933698,0.2372853160,-0.0787235200,0.5883942842,-0.1854863614,-0.3602376878
1.1394490004,0.0427966118,0.2099566758,-0.0460597016,0.7244367003,-0.2327593416,-0.3865847290
1.1493209600,0.0445721745,0.1790951788,-0.0190214850,0.7376044393,-0.2796117961,-0.3777909875
1.1592729092,0.0294121951,0.1609317362,0.0068059834,0.6073403955,-0.2815566957,-0.3628160059
1.1693109274,0.0066358740,0.1316640675,0.0253390335,0.4542387426,-0.2250532210,-0.3662626743
1.1793009043,-0.0121094733,0.1101640463,0.0320675634,0.3220385015,-0.1243412495,-0.3434504569
1.1892799139,-0.0185296237,0.1075115502,0.0201390646,0.2784129977,-0.0260317251,-0.3068737984
1.1993749142,-0.0075607528,0.1031125188,-0.0013684956,0.3033739924,0.0323543511,-0.2509615123
1.2093369961,0.0154245570,0.1021425128,-0.0140791265,0.3299036026,0.0287838541,-0.1925253719
1.2193099260,0.0365402028,0.1017979383,-0.0097200004,0.3215048313,-0.0019759233,-0.1572613865
1.2293049097,0.0542391837,0.1046167016,-0.0028962223,0.2783243358,-0.0801775157,-0.1386634707
1.2392249107,0.0595479161,0.0861234963,0.0027768286,0.1956786960,-0.1671251953,-0.1072328463
1.2493249178,0.0517823175,0.0579244494,0.0101843150,0.0646969825,-0.2212329060,-0.0664196387
1.2592329979,0.0345830247,0.0408831537,0.0185331963,-0.0731457099,-0.2166807652,-0.0344820805
1.2692708969,0.0189763233,0.0484114885,0.0201735757,-0.1131525114,-0.1549910307,-0.0337917916
1.2792119980,0.0135485083,0.0661853552,0.0041610869,-0.0123011302,-0.0806092098,-0.0513429567
1.2892869711,0.0278040394,0.0921897888,-0.0159522630,0.1336552799,-0.0400620550,-0.0665812939
1.2993099689,0.0497660041,0.1039848626,-0.0206248499,0.2436744571,-0.0477801636,-0.0687325969
1.3092539310,0.0618172437,0.0842203796,-0.0254486538,0.3103019595,-0.1080498919,-0.0524524264
1.3192509413,0.0616285577,0.0501894355,-0.0235896446,0.2723157108,-0.1732874811,-0.0222551115
1.3292089701,0.0487901419,0.0177250504,-0.0218162872,0.1383142024,-0.2467204183,0.0112487879
1.3392239809,0.0255916491,-0.0092560640,-0.0217846371,-0.0505824760,-0.2681348920,0.0529530905
1.3493099213,0.0011428740,-0.0130360117,-0.0153916804,-0.2313309461,-0.2382654250,0.0847573578
1.3591939211,-0.0255319104,-0.0002915256,-0.0133853881,-0.3377800286,-0.1523451805,0.1044606268
1.3692089319,-0.0430886447,0.0112200687,-0.0196664650,-0.3493975401,-0.0401571281,0.1101155803
1.3791909218,-0.0459686443,0.0239295959,-0.0365796424,-0.2935664952,0.0511056706,0.1073592007
1.3890320063,-0.0374397784,0.0481136739,-0.0441322066,-0.1839632988,0.1009453982,0.0867740363
1.3992120028,-0.0173350573,0.0698625743,-0.0463688709,-0.0439562611,0.0911034197,0.0591183081
1.4091669321,-0.0011967499,0.0762321949,-0.0355159380,0.0739354864,0.0457937270,0.0285204500
1.4191609621,0.0066402028,0.0683083236,-0.0153389303,0.1138311028,0.0042641293,0.0107016414
1.4289819002,-0.0008183424,0.0514218509,0.0008324059,0.0872564912,-0.0056422967,0.0012229185
1.4393699169,-0.0140272900,0.0238449574,-0.0004043309,0.0508057997,0.0112245679,0.0064496379
1.4491299391,-0.0250273868,-0.0064789942,-0.0062728850,0.0163860396,0.0388378203,0.0169185251
1.4591829777,-0.0266433209,-0.0296817720,-0.0167734362,-0.0147507070,0.0589454845,0.0221238062
1.4690378904,-0.0201668665,-0.0351100564,-0.0319250561,-0.0585770160,0.0650465190,0.0253020208
1.4791198969,-0.0026582484,-0.0244222283,-0.0429786779,-0.0839376301,0.0359408334,0.0191329438
1.4890969992,0.0137664005,-0.0137424758,-0.0422975756,-0.0866780281,-0.0165330283,0.0099136122
1.4991029501,0.0197207406,-0.0144734075,-0.0241636969,-0.0841585398,-0.0614448413,0.0048894249
1.5091149807,0.0212531388,-0.0129945269,-0.0042049615,-0.1031452790,-0.0862375423,-0.0023732812
1.5191609859,0.0123524591,-0.0025986426,0.0135695012,-0.1267205179,-0.0757183209,-0.0002980130
1.5291439295,0.0044564824,0.0119600901,0.0195392650,-0.1355829835,-0.0372921005,0.0015837767
1.5391339064,-0.0007162769,0.0258467495,0.0068584355,-0.1199230701,0.0003516795,0.0151413977
1.5491459370,-0.0032961001,0.0311826468,-0.0077430336,-0.0966259986,0.0177506432,0.0288233887
1.5591719151,-0.0024369885,0.0345362425,-0.0203138329,-0.0817312077,0.0200851709,0.0383593664
1.5691089630,-0.0019507859,0.0427626073,-0.0260550715,-0.0677109957,0.0030838167,0.0373974331
1.5791019201,-0.0014884997,0.0531985164,-0.0269838311,-0.0377389789,-0.0063195387,0.0353116430
1.5892469883,-0.0039469753,0.0620941818,-0.0182484128,-0.0015423596,0.0046665333,0.0373399071
1.5990968943,-0.0063294177,0.0664416850,-0.0007902710,0.0484443754,0.0274882261,0.0360948816
1.6090979576,-0.0068054725,0.0690815449,0.0136992009,0.1015225053,0.0621274263,0.0390203632
1.6191549301,-0.0071790447,0.0630991161,0.0076471837,0.1696967781,0.0766136944,0.0463150293
1.6292639971,-0.0053683748,0.0427822173,-0.0032911031,0.1963861734,0.0684423149,0.0665348098
1.6391079426,-0.0005312864,0.0223602653,-0.0122281043,0.1719922870,0.0500662364,0.0645461008
1.6490958929,0.0035452242,-0.0004866414,-0.0200655181,0.1381166130,0.0176949836,0.0594677143
1.6590789557,0.0068445946,-0.0150391152,-0.0248709656,0.0956771374,-0.0125864893,0.0565064102
1.6692889929,0.0083898380,-0.0184007585,-0.0227961875,0.0542458035,-0.0385216810,0.0609530918
1.6790909767,0.0072020362,-0.0152430525,-0.0216725189,0.0308126509,-0.0482435524,0.0705955997
1.6890909672,0.0020607109,-0.0053373864,-0.0186537839,0.0317905620,-0.0385895930,0.0737194866
1.6990839243,-0.0052688052,0.0077185342,-0.0127798049,0.0508232415,-0.0139164720,0.0671727732
1.7092279196,-0.0070472290,0.0164649487,-0.0050218431,0.0699055940,0.0074889511,0.0532095544
1.7190779448,-0.0071547111,0.0100057134,0.0086164149,0.0676381737,0.0318693928,0.0307396650
1.7290639877,-0.0035544564,-0.0040222993,0.0066216262,0.0655265599,0.0401582122,0.0020028250
1.7390649319,0.0038421149,-0.0101025393,-0.0081302254,0.0677823871,0.0314936191,-0.0128138047
1.7491859198,0.0103727505,-0.0151583245,-0.0170487501,0.0604831949,0.0079781748,-0.0062818695
1.7590728998,0.0084168836,-0.0204770267,-0.0201191045,0.0339700952,-0.0177759249,0.0055889050
1.7690829039,0.0047400738,-0.0193873644,-0.0162984468,-0.0000808164,-0.0329570100,0.0110230846
1.7790719271,0.0030790265,-0.0089230230,-0.0065222709,-0.0225188807,-0.0278418753,0.0046316311
1.7889668941,0.0043090503,0.0043262551,0.0023332508,-0.0192993842,-0.0278623812,-0.0006824401
1.7989768982,0.0075727026,0.0177778304,0.0013618739,-0.0043183053,-0.0341202766,0.0035959282
1.8089749813,0.0039798166,0.0255968869,-0.0036275713,0.0105005875,-0.0200840868,0.0066817328
1.8189629316,-0.0008260165,0.0160135925,-0.0095533459,0.0198855679,0.0108975302,-0.0030851441
1.8289269209,0.0017459538,0.0113902995,-0.0144481985,0.0058685523,0.0299820099,-0.0085110683
1.8389339447,0.0121304244,0.0086675892,-0.0172943193,-0.0164408814,0.0138445860,-0.0009558138
1.8489519358,0.0179785267,0.0037778623,-0.0181786139,-0.0322334282,-0.0161311571,0.0077487286
1.8589400053,0.0131890103,0.0122755477,-0.0142971603,-0.0397021286,-0.0172419604,0.0098871142
1.8689309359,0.0013991293,0.0196672082,-0.0084603755,-0.0249053389,0.0073094540,-0.0072806883
1.8789349794,-0.0020376598,0.0290734172,0.0023256214,-0.0123376166,0.0425486676,-0.0223909318
1.8889219761,0.0020976211,0.0376029909,0.0122044357,0.0099418573,0.0629463568,-0.0321002826
1.8989249468,0.0064128111,0.0318890810,0.0093389424,0.0537768230,0.0557768568,-0.0352717116
1.9089289904,0.0059870104,0.0176728964,0.0004973682,0.0719262660,0.0538159683,-0.0310221035
1.9189449549,0.0033642645,0.0074048350,-0.0024987189,0.0580350831,0.0579305515,-0.0374140888
1.9289199114,0.0036918293,-0.0058982661,-0.0074035255,0.0357079394,0.0449777357,-0.0320025459
1.9390239716,0.0051769535,-0.0087681999,-0.0093239276,0.0070327530,0.0213704128,-0.0169563517
1.9489419460,0.0069693322,-0.0080670407,-0.0014041392,-0.0184805971,0.0052138129,-0.0083346339
1.9587899446,0.0040161158,-0.0046742251,0.0094566615,-0.0248382278,0.0008598107,-0.0114879496
1.9689480066,-0.0019197840,0.0034902103,0.0105020674,-0.0152790779,0.0062868004,-0.0104674269
1.9789309502,-0.0118590891,0.0117723653,0.0036548050,0.0006584767,0.0170603525,-0.0147973262
1.9889189005,-0.0179761946,0.0077272067,-0.0051527945,0.0208066218,0.0374324694,-0.0255674161
1.9989159107,-0.0203102380,-0.0038479560,-0.0149145452,0.0303097144,0.0513722524,-0.0288512278
2.0089168549,-0.0140221864,-0.0083537092,-0.0197999198,0.0292596295,0.0513187200,-0.0341621041
2.0189127922,-0.0078315362,-0.0060001602,-0.0178787448,0.0271998066,0.0448325947,-0.0404915065
2.0288479328,-0.0026119058,0.0002860732,-0.0159963686,0.0304019917,0.0448573604,-0.0404939018
2.0388550758,-0.0032831137,0.0075154612,-0.0102574555,0.0345341526,0.0577981956,-0.0310199726
2.0488479137,-0.0029849564,0.0098295221,-0.0044697253,0.0311862919,0.0738405436,-0.0268720984
2.0588297844,-0.0007907156,0.0159257352,0.0052624019,0.0321194641,0.0867480859,-0.0184583738
2.0688478947,0.0053078975,0.0259541273,0.0120763453,0.0309822951,0.0911052823,-0.0078619234
2.0788488388,0.0105877519,0.0273280144,0.0100845369,0.0459577814,0.0848628357,-0.0014575531
2.0889809132,0.0140102059,0.0180779696,0.0080808671,0.0556034818,0.0764688179,0.0081516653
2.0988268852,0.0165545344,0.0107195387,0.0060760053,0.0386776328,0.0539768226,0.0178699382
2.1088500023,0.0182543769,0.0060411999,0.0070559056,0.0153760370,0.0313609913,0.0190952588
2.1188519001,0.0191581845,0.0040526399,0.0109973820,-0.0036968570,0.0151583226,0.0160245020
2.1287570000,0.0151794404,0.0077398727,0.0158916377,-0.0121731665,0.0107449321,0.0075599104
2.1387639046,0.0092925504,0.0113445232,0.0110006006,-0.0068596266,0.0139865316,0.0075380723
2.1490058899,0.0032409350,0.0178775191,0.0061084898,0.0026065791,0.0290682800,0.0127456188
2.1588840485,-0.0010558594,0.0235612988,0.0051146420,0.0206400417,0.0410043001,0.0169034768
2.1688339710,0.0023138667,0.0286662877,0.0050713094,0.0483904481,0.0422695689,0.0147511112
2.1787469387,0.0097038373,0.0243817270,0.0069789561,0.0709033459,0.0285934377,0.0201366879
2.1887488365,0.0182432085,0.0144005427,0.0098644169,0.0764214098,0.0062005143,0.0213404372
2.1988301277,0.0231743529,0.0082880864,0.0107114585,0.0681652129,-0.0301598907,0.0268953908
2.2087078094,0.0255759880,0.0048696110,0.0067014964,0.0470689870,-0.0634011999,0.0335000306
2.2187190056,0.0157101229,0.0011070676,-0.0012735454,0.0258466527,-0.0837658644,0.0453299284
2.2287268639,0.0019953246,-0.0029777579,-0.0033360450,0.0012209360,-0.0743462592,0.0442236513
2.2387509346,-0.0100331903,0.0005669005,-0.0004676906,-0.0096496874,-0.0435862169,0.0270362720
2.2487390041,-0.0176303610,0.0061343024,-0.0004998175,0.0135736093,-0.0040337481,0.0065781358
2.2587161064,-0.0158547759,0.0061942944,-0.0083174435,0.0442830548,0.0282173976,-0.0000289006
2.2687089443,-0.0026944508,0.0067030499,-0.0161332823,0.0644985735,0.0358643979,0.0009697850
2.2786788940,0.0095113590,0.0054202089,-0.0171558000,0.0645674169,0.0231363550,0.0127400253
2.2886948586,0.0180576444,-0.0007843368,-0.0132899014,0.0541347526,-0.0099952333,0.0225236807
2.2986788750,0.0162143782,-0.0053085973,-0.0065383045,0.0243498236,-0.0251339730,0.0290168654
2.3086879253,0.0097759664,-0.0053178659,-0.0026923744,-0.0203979388,-0.0372004919,0.0333759300
2.3186759949,0.0015829202,-0.0058436980,-0.0055833785,-0.0695409849,-0.0374668054,0.0472251661
2.3286848068,-0.0085537657,-0.0059965244,-0.0044145910,-0.1338174492,-0.0174843092,0.0673259050
2.3386659622,-0.0159712657,-0.0076235225,-0.0050404398,-0.1703653336,0.0100948540,0.0756714568
2.3486318588,-0.0209363103,0.0013048954,-0.0056146113,-0.1716646850,0.0378825441,0.0765545592
2.3586897850,-0.0194083825,0.0144086191,-0.0101266829,-0.1290916651,0.0542213023,0.0742961913
2.3686408997,-0.0132026076,0.0222713947,-0.0117835728,-0.0768985003,0.0695517883,0.0699107647
2.3786599636,-0.0100020543,0.0209219158,-0.0077015487,-0.0267395899,0.0751894414,0.0581501164
2.3886108398,-0.0066848178,0.0131475637,-0.0027230112,0.0042710551,0.0690074414,0.0571061559
2.3986477852,-0.0023244177,0.0095299194,0.0041218074,0.0288693421,0.0669794381,0.0475400835
2.4087729454,-0.0017210174,0.0041177282,0.0079517039,0.0428434797,0.0584645160,0.0390864089
2.4186511040,-0.0039354567,-0.0002717666,0.0127234133,0.0396697931,0.0552293099,0.0391117111
2.4286460876,-0.0070545231,-0.0048304191,0.0165443681,0.0353775769,0.0563012324,0.0433573201
2.4386038780,-0.0063048531,-0.0036862784,0.0116157206,0.0332313329,0.0584056601,0.0412196033
2.4495577812,0.0012346205,-0.0006134204,0.0038187774,0.0343639776,0.0488315970,0.0455304608
2.4585919380,0.0138418153,-0.0032982819,0.0019472511,0.0356775820,0.0199600030,0.0425281487
2.4685819149,0.0257488936,-0.0069369664,0.0000486644,0.0220933296,-0.0164659172,0.0448986292
2.4786038399,0.0310932919,-0.0039325347,0.0000574263,0.0031418744,-0.0497170798,0.0483142622
2.4886031151,0.0289101750,-0.0030504458,-0.0009464948,-0.0062803887,-0.0701424628,0.0431413390
2.4987440109,0.0209552199,0.0007644601,0.0018866928,-0.0030176174,-0.0734136179,0.0325359665
2.5086078644,0.0148189813,0.0095707187,0.0017570527,0.0107927369,-0.0595396198,0.0175628755
2.5185899734,0.0095876008,0.0126135955,-0.0062017767,0.0256662257,-0.0477362201,0.0100415768
2.5286750793,0.0051880698,0.0049867937,-0.0092050163,0.0191723742,-0.0381400511,0.0131710563
2.5388231277,-0.0012458566,-0.0057925871,-0.0219403226,-0.0108277369,-0.0276187025,0.0205595996
2.5485610962,-0.0002235849,-0.0079812994,-0.0238131024,-0.0440349579,-0.0118799526,0.0162311625
2.5586590767,0.0045060585,-0.0035527938,-0.0207121707,-0.0632162467,-0.0152499173,0.0141401812
2.5685129166,0.0132379010,0.0046699950,-0.0175753571,-0.0737826005,-0.0312999897,0.0216883793
2.5786581039,0.0182793662,0.0098349759,-0.0105174510,-0.0833721086,-0.0376918428,0.0334251970
2.5885369778,0.0117785186,0.0128082940,-0.0093857972,-0.0898198932,-0.0365821011,0.0440464169
2.5985240936,0.0063167508,0.0128490338,-0.0082319109,-0.0813879222,-0.0278690401,0.0556715131
2.6085259914,-0.0011731539,0.0120387981,-0.0120059578,-0.0612480342,-0.0106125539,0.0555455461
2.6185579300,-0.0088150352,0.0114986906,-0.0148738353,-0.0378970355,0.0076892213,0.0490331836
2.6285190582,-0.0117968619,0.0102793584,-0.0128880469,-0.0124414796,0.0292256717,0.0446261838
2.6385109425,-0.0120788142,0.0073310742,-0.0138366548,0.0044811787,0.0517261885,0.0359705128
2.6486048698,-0.0077350144,0.0035714812,-0.0098838536,0.0226018578,0.0582064576,0.0274167061
2.6585049629,0.0014549118,-0.0009888702,-0.0039632050,0.0333362631,0.0497653000,0.0306516476
2.6685318947,0.0039130221,-0.0026085370,0.0018778713,0.0398072116,0.0433662571,0.0264390595
2.6784799099,0.0054641585,-0.0002610974,0.0056933435,0.0537537858,0.0411984473,0.0105084293
2.6884860992,0.0012199205,0.0021934218,0.0074819596,0.0719956383,0.0337671600,-0.0000800332
2.6984868050,0.0010159459,-0.0010897510,0.0073318155,0.0741629228,0.0316057391,-0.0053818543
2.7084908485,0.0008864995,-0.0054414859,0.0032946737,0.0571479835,0.0229419433,-0.0031890073
2.7185609341,0.0028531398,-0.0139075508,0.0013151439,0.0252150856,0.0109579843,-0.0009650018
2.7283949852,0.0029510478,-0.0178082287,-0.0006100861,-0.0109932525,-0.0031346646,0.0087131914
2.7384870052,0.0039943974,-0.0131552806,0.0023689540,-0.0344073623,-0.0118583813,0.0109160263
2.7484598160,0.0030925865,-0.0027333193,0.0043453844,-0.0279241651,-0.0193352047,0.0056480272
2.7584538460,0.0040887068,0.0127608785,0.0072353752,-0.0001351452,-0.0202643834,-0.0039300318
2.7685408592,0.0002592277,0.0217164755,0.0100313695,0.0425462723,-0.0157135725,-0.0103636961
2.7784628868,0.0003825646,0.0193541944,0.0108690532,0.0660322905,-0.0144959763,-0.0146392677
2.7884500027,-0.0014350716,0.0151769826,0.0087266834,0.0798767284,-0.0101227984,-0.0157396868
2.7984349728,0.0006159093,0.0101581523,0.0036565335,0.0777701735,-0.0133492192,-0.0157154519
2.8084230423,0.0047015543,0.0041308710,-0.0004110662,0.0660730377,-0.0208758451,-0.0103465188
2.8184978962,0.0118053183,0.0008656390,-0.0005017845,0.0427490696,-0.0413403735,-0.0070082466
2.8284177780,0.0152140856,0.0011675663,0.0003987821,0.0172937792,-0.0649690032,0.0027242755
2.8384130001,0.0148285627,0.0080216536,0.0003481777,0.0055553643,-0.0671615824,0.0059296559
2.8484089375,0.0085427612,0.0157661140,0.0031624110,0.0182866063,-0.0564024150,0.0026638214
2.8583989143,0.0051078047,0.0237512290,0.0010745199,0.0470468812,-0.0476557910,0.0004661812
2.8684189320,0.0035850774,0.0241169035,-0.0010150401,0.0491185524,-0.0411997586,0.0036100429
2.8784060478,0.0011011880,0.0147116194,-0.0030670492,0.0383484662,-0.0316190347,0.0088676559
2.8885078430,-0.0034499397,0.0041344175,-0.0070271818,0.0179571733,-0.0178915076,0.0077304859
2.8983809948,-0.0072381799,-0.0076026609,-0.0119023053,-0.0078158351,0.0032294914,0.0001708365
2.9083900452,-0.0045165052,-0.0038967722,-0.0167236049,-0.0270944573,0.0147553869,-0.0094519630
2.9183850288,0.0009956133,0.0026943393,-0.0224867798,-0.0153997177,0.0243805833,-0.0190827530
2.9283847809,0.0065037305,0.0074732611,-0.0253401734,0.0049034227,0.0234324969,-0.0233403482
2.9383621216,0.0071698795,0.0084476182,-0.0253321845,0.0187646430,0.0225334149,-0.0159069337
2.9483728409,0.0039102654,0.0046255300,-0.0185072739,0.0207835846,0.0354018100,-0.0128046172
2.9583649635,-0.0004238490,-0.0011415177,-0.0107059209,0.0100109661,0.0470792390,-0.0128747914
2.9683649540,-0.0028962796,-0.0049958518,0.0010338100,-0.0028750049,0.0555480905,-0.0107959276
2.9783411026,0.0004284825,-0.0020720654,0.0069393786,-0.0157007892,0.0596770532,-0.0161249135
2.9883260727,0.0037597711,-0.0001760416,0.0089489492,-0.0017546136,0.0533267483,-0.0214054286
2.9983210564,0.0032649557,-0.0001417391,0.0050405534,0.0186300203,0.0448469743,-0.0309235677
3.0083250999,0.0066965888,0.0000476249,0.0030796202,0.0305029228,0.0309990719,-0.0361540169
3.0184020996,0.0073141451,0.0003083058,0.0040101083,0.0349237733,0.0139047736,-0.0392331593
3.0283598900,0.0051481123,-0.0003799491,0.0058673890,0.0371251404,0.0074727060,-0.0434425510
3.0383419991,0.0020324136,-0.0010136359,0.0096661123,0.0317660645,0.0116717126,-0.0477163941
3.0483360291,-0.0000460450,-0.0026568763,0.0105585726,0.0275374949,0.0021197521,-0.0359651968
3.0583028793,-0.0020484705,-0.0053739836,0.0124489935,0.0168182719,0.0021554383,-0.0221471190
3.0683119297,-0.0051361700,0.0005709536,0.0133384140,0.0018289369,0.0084341066,-0.0243021473
3.0783190727,-0.0083214194,0.0043853531,0.0123379501,-0.0121526588,0.0232431460,-0.0297001116
3.0882999897,-0.0067410399,0.0062095234,0.0075100930,-0.0111102983,0.0295913219,-0.0382411331
3.0983390808,-0.0012492615,0.0081378827,0.0026805671,-0.0035824738,0.0190446731,-0.0286171362
3.1082739830,0.0034414674,0.0091630528,0.0017328532,0.0061543095,0.0020465155,-0.0253265332
3.1183059216,0.0014024597,0.0131503651,0.0006957920,0.0147259589,-0.0031996458,-0.0210465677
3.1282930374,-0.0045773019,0.0182156563,0.0025143893,0.0253048353,0.0096804667,-0.0243246518
3.1382870674,-0.0057569002,0.0165890157,0.0083049210,0.0326785967,0.0204521548,-0.0212122165
3.1482529640,-0.0020869081,0.0160171092,0.0131252082,0.0358671993,0.0184209626,-0.0116397496
3.1582639217,0.0036974321,0.0163936913,0.0130786570,0.0348653160,0.0035996707,0.0054532168
3.1682820320,0.0038895900,0.0097754905,0.0091348561,0.0199963562,-0.0113513153,0.0204340294
3.1782519817,0.0003268193,0.0029474206,0.0022747191,0.0052034277,-0.0285928864,0.0173685998
3.1882448196,-0.0031845500,-0.0020464354,-0.0035766093,-0.0043365471,-0.0351157673,0.0131679950
3.1982269287,-0.0028166999,0.0007508703,-0.0065108864,-0.0010812329,-0.0383656211,0.0057525560
3.2082459927,-0.0014385137,0.0036923594,-0.0055419533,0.0203351080,-0.0456997007,0.0036603764
3.2182469368,-0.0039719869,0.0117250988,-0.0076361028,0.0490887277,-0.0369397625,0.0014560784
3.2282929420,-0.0095609799,0.0180636644,-0.0078717200,0.0735035241,-0.0207099300,0.0023961740
3.2382178307,-0.0114036798,0.0148578892,-0.0041621057,0.0808069780,-0.0013884299,0.0054532168
3.2482028008,-0.0084879696,0.0047971914,-0.0003593294,0.0572209582,0.0081118643,0.0128448196
3.2582268715,-0.0035987874,-0.0006564550,-0.0033186404,0.0272994079,0.0090157418,0.0202951469
3.2682228088,0.0042553465,-0.0053400388,-0.0062008826,0.0091837887,0.0035679790,0.0245926902
3.2781879902,0.0082642511,-0.0014472895,-0.0101057617,-0.0014010780,-0.0072042411,0.0246711187
3.2882118225,0.0094335303,0.0004329987,-0.0120421378,-0.0023997640,-0.0168038718,0.0279212408
3.2981789112,0.0048569734,0.0003186472,-0.0130511252,0.0040506786,-0.0221043602,0.0268874019
3.3082139492,-0.0007042740,0.0003030606,-0.0091973869,0.0189518631,-0.0156035842,0.0236476660
3.3181679249,-0.0034776782,0.0053762803,-0.0044194786,0.0381318145,-0.0070007751,0.0129570728
3.3281619549,-0.0034928923,0.0136580775,0.0022543343,0.0626547337,0.0026718255,-0.0030586456
3.3381948471,0.0003014501,0.0182764232,0.0050093802,0.0775916055,0.0038497418,-0.0041404217
3.3481807709,0.0042412574,0.0102890739,0.0038883956,0.0797479674,-0.0024646132,0.0054605398
3.3581609726,0.0053625028,-0.0017014437,0.0008309158,0.0690828040,-0.0067523029,0.0139962370
3.3681597710,0.0084522739,-0.0050753048,-0.0031968085,0.0477982908,-0.0154491207,0.0161922798
3.3781650066,0.0077491994,-0.0086538484,-0.0062200157,0.0340272188,-0.0283803660,0.0162853580
3.3881478310,0.0100584701,-0.0103735020,-0.0023457734,0.0137696173,-0.0317343511,0.0173836462
3.3981571198,0.0084806755,-0.0084006479,-0.0023954241,0.0041966196,-0.0350356065,0.0142214075
3.4081220627,0.0048953141,0.0003291078,-0.0044299094,0.0095106913,-0.0317972004,0.0131343044
3.4181470871,0.0012669709,0.0042610476,-0.0035224287,0.0211929120,-0.0231832080,0.0109497150
3.4281399250,-0.0024017920,0.0024962730,-0.0085127084,0.0392944217,-0.0156070469,0.0055759884
3.4381079674,-0.0041557630,-0.0020009570,-0.0144959418,0.0456657633,-0.0102421092,0.0023501015
3.4481070042,-0.0031282981,-0.0025543266,-0.0165578462,0.0403197333,-0.0071224822,-0.0029783514
3.4597167969,-0.0011841807,-0.0060774675,-0.0137002198,0.0285759941,-0.0051168557,-0.0082972161
3.4689588547,0.0036509852,-0.0067884019,-0.0097962944,0.0104057798,-0.0031016413,-0.0061728130
3.4786059856,0.0055068578,-0.0037682944,-0.0039490787,-0.0045746341,0.0000163876,-0.0029955287
3.4886970520,0.0053826491,0.0010779805,-0.0020094244,-0.0036353376,0.0139543079,0.0011629972
3.4986739159,0.0032078396,0.0068983743,-0.0020484654,0.0091080219,0.0215443168,0.0021668759
3.5083670616,0.0010238212,0.0060247192,-0.0020771353,0.0229119845,0.0312520713,-0.0000304985
3.5181798935,0.0027658115,0.0033819086,-0.0050499169,0.0358384363,0.0195402876,-0.0063376627
3.5278520584,0.0075126956,0.0028021641,-0.0041315285,0.0423709042,0.0056601586,-0.0105017815
3.5378050804,0.0065243836,0.0002509363,-0.0052180020,0.0360193960,-0.0007998712,-0.0093895122
3.5477938652,0.0046410109,-0.0053564301,-0.0023478596,0.0104304142,-0.0073469863,-0.0018924475
3.5578229427,0.0007749643,-0.0053439429,0.0024946006,-0.0056143329,-0.0063392464,0.0044823615
3.5676639080,-0.0012556840,0.0014308400,0.0073541077,-0.0067554973,0.0022113649,0.0054901009
3.5776047707,-0.0004178885,0.0111728022,0.0102505358,0.0060266107,0.0076087937,0.0001342180
3.5876219273,0.0014173310,0.0171680748,0.0121699842,0.0241776519,0.0066894703,0.0011898952
3.5977997780,0.0013761219,0.0145251462,0.0130833657,0.0359408334,0.0046321787,0.0001334192
3.6078779697,0.0024189274,0.0051101753,0.0100969942,0.0381912068,-0.0061110137,-0.0082976157
3.6177768707,0.0055325921,-0.0033744865,0.0051830681,0.0255347975,-0.0264780708,-0.0039079278
3.6277971268,0.0069622542,-0.0101026883,-0.0036090938,0.0000462160,-0.0468824096,0.0079284916
3.6378698349,0.0026751379,-0.0142327538,-0.0075107543,-0.0329929590,-0.0556348898,0.0143831940
3.6478559971,-0.0035993387,-0.0127710989,-0.0084354607,-0.0543917269,-0.0504382625,0.0164892245
3.6578288078,-0.0091187283,-0.0026206665,-0.0064351289,-0.0534714721,-0.0312214270,0.0131774489
3.6678318977,-0.0100300238,0.0105773220,-0.0014792411,-0.0323067978,-0.0054793116,0.0044966089
3.6777400970,-0.0072747474,0.0221782625,-0.0005032746,0.0080769788,0.0183035154,-0.0009989568
3.6878609657,-0.0017291087,0.0293767452,0.0013786824,0.0582019314,0.0271689128,-0.0095905811
3.6978230476,0.0077135633,0.0253451169,0.0012665661,0.0945139974,0.0273955483,-0.0159918871
3.7078039646,0.0152919963,0.0137234041,0.0050282152,0.0988783911,0.0167231951,-0.0180505104
3.7176189423,0.0202751681,-0.0019720786,0.0019627484,0.0756084844,-0.0132948905,-0.0072143753
3.7278218269,0.0177940205,-0.0161179602,-0.0049971668,0.0320271850,-0.0423441157,0.0100026941
3.7378277779,0.0086137131,-0.0200278759,-0.0080271093,-0.0127823651,-0.0479737744,0.0175085478
3.7477099895,-0.0006660302,-0.0194633901,-0.0070549576,-0.0395519286,-0.0354097784,0.0110714212
3.7576239109,-0.0072832038,-0.0102471998,-0.0060433475,-0.0440128520,-0.0098452978,0.0045332275
3.7678298950,-0.0073796664,0.0059177289,-0.0079489080,-0.0185221415,0.0074162469,0.0001539255
3.7777948380,-0.0057102744,0.0156563818,-0.0050322739,0.0272561312,0.0248162765,-0.0063650934
3.7877540588,-0.0032250513,0.0171271861,-0.0022091595,0.0719860494,0.0411124267,-0.0160635263
3.7976670265,0.0011361610,0.0141190598,-0.0004339544,0.0987115428,0.0401672684,-0.0256369263
3.8080668449,0.0066089849,0.0054634819,0.0013098391,0.1073737368,0.0252711438,-0.0255463794
3.8180408478,0.0093923956,-0.0061590662,0.0010960372,0.0957758054,0.0070282239,-0.0232942756
3.8327660561,0.0054557170,-0.0072832396,-0.0001567332,0.0723671541,-0.0038044495,-0.0189581160
3.8381490707,-0.0013717193,-0.0067316284,0.0025368007,0.0456397980,0.0013277279,-0.0200370960
3.8480448723,-0.0054112230,-0.0045330217,0.0033874186,0.0220425949,0.0171317253,-0.0254350565
3.8577589989,-0.0057905917,0.0063319812,0.0052646669,0.0219043773,0.0342244245,-0.0266092438
3.8677468300,-0.0014579598,0.0202730000,0.0081066759,0.0410594270,0.0418450609,-0.0277344305
3.8783779144,0.0048434506,0.0276189148,0.0089888843,0.0656345487,0.0377866700,-0.0245378371
3.8880369663,0.0094420686,0.0244251192,0.0029723318,0.0849765539,0.0177290719,-0.0127349757
3.8979198933,0.0122856423,0.0204171538,0.0008068951,0.0883274749,-0.0045943432,-0.0009040150
3.9081168175,0.0105383024,0.0134116421,-0.0003921716,0.0777648464,-0.0227456503,0.0109073706
3.9179949760,0.0070879976,0.0051645646,0.0023737820,0.0362208635,-0.0400207750,0.0280458778
3.9278709888,-0.0010936487,-0.0035520487,0.0022900971,-0.0097186640,-0.0402671173,0.0408282503
3.9378700256,-0.0054798056,-0.0058665564,0.0033257278,-0.0472102463,-0.0266128257,0.0471424721
3.9478769302,-0.0091517866,0.0042604515,0.0014474662,-0.0516731665,-0.0031338655,0.0469933338
3.9579811096,-0.0091691539,0.0173905790,-0.0013895957,-0.0315362141,0.0141284782,0.0468644388
3.9678268433,-0.0063343351,0.0230709612,-0.0032973615,0.0111103188,0.0208620150,0.0457286015
3.9778509140,-0.0025016521,0.0184423327,-0.0081934659,0.0559591502,0.0201147310,0.0425140336
3.9878587723,0.0003661659,0.0132233510,-0.0053966967,0.0752319172,0.0138328671,0.0404165275
3.9978249073,0.0032831426,0.0022795505,0.0013144286,0.0763602927,0.0094996374,0.0330086797
4.0078148842,0.0073268185,-0.0097216060,0.0051319869,0.0540366136,-0.0034622336,0.0373578891
4.0178308487,0.0076282020,-0.0171520710,0.0060161622,0.0252900533,-0.0164259691,0.0470223650
4.0278282166,0.0001995485,-0.0191051662,0.0039750012,-0.0024515623,-0.0187599640,0.0491816550
4.0378446579,-0.0062993248,-0.0173802972,0.0000462802,-0.0110254763,-0.0124602560,0.0438354909
4.0477948189,-0.0099593997,-0.0127975335,-0.0087411134,-0.0143035604,-0.0007833595,0.0373877138
4.0578260422,-0.0138374642,-0.0090887239,-0.0107099740,0.0026844768,0.0163178630,0.0223933179
4.0678129196,-0.0111133456,-0.0070580235,-0.0126616685,0.0218227506,0.0333940536,0.0020837851
4.0778121948,-0.0036506061,-0.0038044148,-0.0175802447,0.0399958976,0.0324156061,-0.0042990129
4.0877828598,0.0038274745,-0.0023020201,-0.0147198765,0.0485547632,0.0272014029,0.0031655615
4.0977997780,0.0045285742,-0.0056861630,-0.0109274713,0.0421230942,0.0293151550,0.0063441768
4.1077809334,0.0022766734,-0.0081688454,-0.0002870290,0.0292792022,0.0334909894,0.0063260673
4.1177921295,0.0028993334,-0.0058870604,0.0093980106,0.0207565539,0.0323365107,0.0042155124
4.1277680397,0.0044939364,0.0031583316,0.0112576159,0.0239377003,0.0345077850,0.0052616019
4.1377930641,0.0032458226,0.0063557336,0.0131184133,0.0314329006,0.0334590301,0.0010143931
4.1477761269,0.0049339901,0.0076204250,0.0091244848,0.0335764773,0.0324068181,0.0010197193
4.1577811241,0.0087054968,0.0010829575,0.0032589706,0.0283490941,0.0184835456,0.0021748655
4.1677618027,0.0125485659,-0.0055672517,0.0013165148,0.0103141665,0.0044588065,0.0033407970
4.1777319908,0.0136253089,-0.0094378879,-0.0006335704,-0.0002110451,-0.0137907714,0.0034658327
4.1878180504,0.0099083409,-0.0094658425,-0.0045795171,0.0030558547,-0.0191639643,-0.0028759530
4.1977500916,0.0041536386,-0.0006029300,-0.0056931702,0.0190683752,-0.0159069188,-0.0114071229
4.2077741623,0.0002626773,0.0064920792,-0.0068216650,0.0392940193,-0.0061949030,-0.0189209655
4.2177119255,-0.0027712067,0.0098263333,-0.0060195653,0.0488043018,0.0077262390,-0.0243291799
4.2277221680,-0.0000098873,0.0083384821,-0.0061248271,0.0509268418,0.0088205319,-0.0232753679
4.2377986908,0.0056872214,0.0029570169,-0.0061635701,0.0402152091,0.0119731817,-0.0201020762
4.2477550507,0.0123662055,0.0004449792,-0.0052333800,0.0359791815,0.0066236905,-0.0168772563
4.2576909065,0.0151819736,0.0017785139,-0.0062992303,0.0307270307,-0.0051413560,-0.0125457570
4.2677178383,0.0161553323,0.0020800240,-0.0063734381,0.0275477488,-0.0083632488,-0.0114602530
4.2777099609,0.0113662928,-0.0026046031,-0.0064613549,0.0222417992,-0.0126690473,-0.0103668924
4.2877588272,0.0084977597,-0.0024427467,-0.0016465513,0.0168960355,-0.0116416002,-0.0103698215
4.2977061272,0.0046887393,-0.0014092617,0.0002311738,0.0094114877,-0.0116653023,-0.0061138240
4.3076887131,0.0028426643,0.0005368300,0.0031447085,-0.0033514444,-0.0181586202,-0.0039380211
4.3176770210,0.0019967998,0.0034002371,0.0060653957,-0.0075860042,-0.0235131737,-0.0017775320
4.3277029991,0.0012652721,0.0042440007,0.0041238340,-0.0118009895,-0.0310091730,0.0003988033
4.3376607895,0.0034188027,0.0099854479,0.0031680139,-0.0150017096,-0.0299921110,-0.0027928622
4.3476457596,0.0026946883,0.0088341543,0.0022357972,-0.0171226524,-0.0300448425,-0.0070406040
4.3576397896,0.0038944180,0.0087198922,-0.0006477563,-0.0107358573,-0.0268109646,-0.0091889761
4.3676748276,0.0030624862,0.0135404775,-0.0026409356,0.0031176396,-0.0255986936,-0.0049569467
4.3776907921,0.0022702585,0.0136439512,-0.0046353070,0.0233322307,-0.0179498307,-0.0039591934
4.3876237869,0.0023686732,0.0158951879,-0.0018125502,0.0350418836,-0.0135931643,-0.0050580138
4.3976840973,0.0033481861,0.0192684233,0.0039158138,0.0509896912,-0.0049381573,-0.0072497958
4.4076471329,0.0042674164,0.0208508670,0.0096152099,0.0669441521,0.0036992733,-0.0115665132
4.4176421165,0.0090854913,0.0166769326,0.0114226015,0.0765528455,0.0027224254,-0.0094418433
4.4276037216,0.0120828897,0.0095254192,0.0132373245,0.0584518686,-0.0090380935,0.0065829298
4.4376020432,0.0132998824,0.0001389094,0.0102452310,0.0296515133,-0.0176789854,0.0215300545
4.4476428032,0.0097821206,-0.0135091534,0.0092750462,-0.0065624174,-0.0286197849,0.0248134658
4.4576320648,0.0034620608,-0.0216192007,0.0044415863,-0.0299480334,-0.0405582003,0.0249076076
4.4675827026,-0.0001237545,-0.0103471568,0.0034896405,-0.0395186357,-0.0375893079,0.0057719965
4.4775810242,-0.0028658141,0.0010024614,-0.0004125563,-0.0139344474,-0.0226638913,-0.0219650920
4.4876232147,-0.0047136997,0.0029264099,-0.0004414050,0.0212576278,-0.0160334185,-0.0284070130
4.4975976944,-0.0028035124,0.0071660588,0.0014112862,0.0532033108,-0.0082668420,-0.0242309105
4.5075788498,0.0000632998,0.0048864791,0.0022394927,0.0788029507,-0.0038390704,-0.0295894556
4.5175619125,0.0029321457,0.0027292080,0.0030135186,0.0713972300,-0.0103422441,-0.0327263921
4.5275506973,0.0059624757,-0.0024636679,0.0009136470,0.0544368848,-0.0264690146,-0.0283604059
4.5377020836,0.0052601243,-0.0107807508,-0.0011691777,0.0352742448,-0.0340702087,-0.0251112171
4.5478057861,0.0015937086,-0.0095368614,-0.0013009040,0.0203128718,-0.0299561601,-0.0304394029
4.5575447083,-0.0012118969,-0.0035251670,-0.0024013249,0.0181646328,-0.0257539563,-0.0368385799
4.5675759315,-0.0030609821,-0.0013953142,-0.0054300157,0.0266143102,-0.0160422064,-0.0337202847
4.5777082443,-0.0040479903,0.0018295355,-0.0045635430,0.0382864140,-0.0094974888,-0.0295239426
4.5875420570,-0.0041133468,0.0070924172,-0.0056961505,0.0467659198,-0.0030009737,-0.0274472088
4.5975379944,-0.0042329584,0.0105032036,-0.0039051501,0.0520459004,0.0045123361,-0.0274951458
4.6075158119,-0.0014302734,0.0081372866,0.0018367441,0.0553061441,-0.0029349274,-0.0263867378
4.6175708771,0.0024484838,0.0087026665,0.0075792344,0.0468420871,-0.0167948157,-0.0156715102
4.6274328232,0.0065520103,0.0052433619,0.0114017399,0.0298471227,-0.0328310393,-0.0006821740
4.6375098228,0.0060663070,0.0034119792,0.0054767998,0.0064623035,-0.0520907566,0.0185840651
4.6475119591,-0.0000298921,-0.0035241537,-0.0023758737,-0.0073640300,-0.0627857447,0.0303493775
4.6575207710,-0.0100335032,-0.0057909181,-0.0082688062,-0.0244993381,-0.0554479361,0.0292524211
4.6675100327,-0.0163177252,-0.0042008152,-0.0111929504,-0.0299494974,-0.0363698490,0.0153214270
4.6774859428,-0.0180186853,-0.0015478425,-0.0091944663,-0.0151589690,-0.0118037863,-0.0007868360
4.6875081062,-0.0180942565,0.0052040527,-0.0111502139,0.0006165328,0.0161250494,0.0011458199
4.6975660324,-0.0115471929,0.0072443197,-0.0130678145,0.0143151674,0.0365656093,0.0041907448
4.7076859474,-0.0060473536,0.0036003597,-0.0140417544,0.0313146561,0.0442240611,0.0094411671
4.7174549103,0.0023397501,0.0001488038,-0.0091581075,0.0430771746,0.0400785878,0.0147750787
4.7274589539,0.0039366181,0.0006591983,-0.0034241406,0.0527274050,0.0369014367,0.0094769867
4.7374749184,0.0036626155,-0.0036512904,0.0032797726,0.0581233688,0.0326052234,0.0020639447
4.7477397919,0.0024919207,-0.0089982739,0.0070411833,0.0518223308,0.0228737667,-0.0053052884
4.7574691772,0.0014245954,-0.0134683540,0.0079025300,0.0358687937,0.0131875835,0.0011420916
4.7673640251,0.0005291100,-0.0161955059,0.0049164565,0.0167912412,-0.0050931536,0.0055235242
4.7774610519,-0.0012146834,-0.0210855603,0.0049093636,-0.0087763034,-0.0137897059,0.0109067056
4.7874841690,-0.0020506387,-0.0174120963,0.0039682062,-0.0290360358,-0.0140008945,0.0045478749
4.7974472046,-0.0010272417,-0.0089150360,0.0030528577,-0.0258190688,-0.0108756749,-0.0071579162
4.8074216843,0.0029077078,-0.0002628259,0.0001546415,-0.0033425232,-0.0160912089,-0.0124517474
4.8174180984,0.0059525664,0.0027634210,-0.0008366434,0.0158752464,-0.0180457029,-0.0082020089
4.8274307251,0.0061240639,0.0039140591,-0.0038477508,0.0180539787,-0.0233728234,-0.0081689851
4.8374261856,0.0044184173,-0.0007348351,-0.0029375283,0.0191502683,-0.0276248269,-0.0070825489
4.8474149704,0.0066325660,-0.0034341507,-0.0000496237,0.0127829174,-0.0329998843,-0.0049184640
4.8573880196,0.0040319408,-0.0062740734,0.0028369101,-0.0021306518,-0.0373735949,-0.0016873841
4.8674106598,0.0015156415,-0.0034000569,0.0027913125,-0.0137734590,-0.0502710193,0.0005291649
4.8774061203,-0.0019630943,0.0051938007,0.0007963451,-0.0191242844,-0.0502782091,0.0037167026
4.8874206543,-0.0063969051,0.0107907066,-0.0090031354,-0.0128006069,-0.0416516960,0.0068435203
4.8973770142,-0.0089734495,0.0106383869,-0.0109575717,-0.0097170658,-0.0287673250,0.0110080382
4.9073910713,-0.0077905958,0.0095779905,-0.0099400012,-0.0076967925,-0.0127651878,0.0055909026
4.9173879623,-0.0027816226,0.0105507681,-0.0098874895,0.0030167056,-0.0159236975,0.0013536797
4.9273819923,0.0031869630,0.0126434276,-0.0098912446,0.0147300866,-0.0136682652,0.0045180474
4.9373440742,0.0013891306,0.0118441293,-0.0119314520,0.0264645070,-0.0146041010,0.0098294560
4.9473528862,-0.0014089945,0.0082127759,-0.0090946881,0.0274546705,-0.0060279230,0.0118979337
4.9573669434,-0.0033386652,0.0045079002,-0.0023047058,0.0145275537,0.0067320811,0.0160747021
4.9673776627,-0.0042936211,-0.0003550641,-0.0003375141,-0.0047641192,0.0120176570,0.0266778115
4.9773268700,-0.0052635749,-0.0015091591,0.0006915601,-0.0197525211,0.0141090369,0.0341084301
4.9873328209,-0.0072785323,0.0011723049,0.0026957663,-0.0208622627,0.0204859748,0.0308806784
4.9973449707,-0.0094395578,0.0078470120,0.0017056735,0.0036587939,0.0301644374,0.0159288924
5.0073800087,-0.0058239480,0.0099678347,0.0017003091,0.0324973650,0.0313836299,0.0074017188
5.0173349380,0.0007397528,0.0094158659,0.0045858296,0.0485887192,0.0250226725,-0.0010674001
5.0272941589,0.0074329372,0.0011698015,0.0104050310,0.0540383458,0.0101289423,0.0022125489
5.0373110771,0.0104080588,-0.0022445016,0.0112761529,0.0456391349,-0.0091270432,0.0076543195
5.0473279953,0.0096723884,-0.0048593869,0.0111669572,0.0222429968,-0.0231296793,0.0162605904
5.0573120117,0.0051780785,-0.0097204736,0.0091663273,-0.0076310104,-0.0275787544,0.0226833355
5.0672879219,-0.0013072792,-0.0089730909,0.0091541680,-0.0290489532,-0.0212862380,0.0279694442
5.0773038864,-0.0089531094,-0.0015402727,0.0042527588,-0.0238824207,0.0043000821,0.0161159802
5.0873069763,-0.0110457316,0.0051069865,-0.0045513241,0.0026242891,0.0311159827,0.0031748821
5.0972838402,-0.0086002648,0.0140430639,-0.0085074631,0.0334208161,0.0537283532,-0.0054934407
5.1072521210,0.0016201731,0.0135115096,-0.0134073822,0.0472761765,0.0538900048,0.0008701829
5.1172657013,0.0080506951,0.0062292824,-0.0105257360,0.0452178195,0.0411260091,0.0105180163
5.1272668839,0.0096867681,-0.0021799796,-0.0047042100,0.0249812603,0.0356255136,0.0105678178
5.1372871399,0.0074295248,-0.0098092845,0.0040744217,0.0036329608,0.0344143063,0.0127131278
5.1472430229,0.0070838179,-0.0029387169,0.0108863385,-0.0048571965,0.0300371349,0.0084978752
5.1572341919,0.0067687626,0.0058468590,0.0157558583,0.0005349070,0.0236591324,0.0074720262
5.1672477722,0.0066818441,0.0078380713,0.0118148597,0.0176627599,0.0152957421,0.0138886468
5.1772537231,0.0037733312,0.0079387138,0.0078353556,0.0198670588,0.0057192808,0.0171371698
5.1872448921,-0.0000281636,0.0041455040,0.0028789314,0.0252881888,-0.0028254716,0.0129392287
5.1972131729,0.0001001205,0.0023977167,-0.0020790426,0.0264847465,-0.0157021210,0.0066504409
5.2072448730,-0.0007214550,0.0055398354,-0.0041267006,0.0244008247,-0.0210803747,0.0045619896
5.2172160149,-0.0005012159,-0.0000601105,-0.0061446754,0.0297312737,-0.0178875122,-0.0029035164
5.2272257805,-0.0023918306,0.0022343404,-0.0053182570,0.0435368344,-0.0071381945,-0.0082948199
5.2371816635,-0.0024461751,0.0056758532,-0.0074537126,0.0636879057,0.0090447702,-0.0084114661
5.2472009659,-0.0025712405,0.0043559978,-0.0105929701,0.0732190982,0.0166363753,-0.0042177867
5.2572011948,-0.0027719741,0.0001385220,-0.0068650572,0.0646184161,0.0240514167,-0.0042598648
5.2672071457,-0.0040232693,-0.0061495593,-0.0040726392,0.0496322811,0.0324132107,-0.0128027527
5.2771620750,0.0025247331,-0.0095690778,-0.0021760194,0.0401122756,0.0226990636,-0.0159231778
5.2871918678,0.0072521563,-0.0092521301,-0.0022164313,0.0221391357,-0.0008989408,-0.0093832538
5.2971906662,0.0112772733,-0.0091427257,-0.0041737286,0.0020301379,-0.0255560838,0.0003527305
5.3071937561,0.0066982950,-0.0053317240,-0.0061800806,-0.0064437734,-0.0352044478,0.0046707802
5.3171567917,0.0011606362,-0.0006124668,-0.0062324135,-0.0085727051,-0.0352348089,0.0036124394
5.3271450996,-0.0025242125,0.0051618526,-0.0033488004,-0.0044139139,-0.0213173963,0.0024568939
5.3371601105,-0.0053313081,0.0061114738,-0.0014263717,0.0018648887,-0.0063006300,0.0023526314
5.3471679688,-0.0024258946,0.0101093361,0.0005210312,0.0092383828,0.0044715898,0.0054648016
5.3571619987,-0.0005399142,0.0122852037,-0.0005225865,0.0283457637,0.0153559288,0.0117581179
5.3671288490,0.0003026124,0.0107318470,0.0013216408,0.0485929810,0.0187370796,0.0138468342
5.3771519661,0.0060100253,0.0074618468,0.0031635435,0.0689216852,0.0145844119,0.0096092131
5.3871850967,0.0107708573,0.0073254416,0.0088107260,0.0957413167,0.0029352121,-0.0020202794
5.3971428871,0.0147532374,0.0044319937,0.0114752324,0.1076770723,-0.0194433313,-0.0050711967
5.4071178436,0.0131853521,-0.0044240048,0.0053064497,0.0896687806,-0.0387664288,0.0014410312
5.4171319008,0.0059446837,-0.0194931626,0.0031474503,0.0437657312,-0.0411986932,0.0089271776
5.4271121025,-0.0013583902,-0.0273027420,-0.0008287160,-0.0182166770,-0.0352108441,0.0153059801
5.4370937347,-0.0088017732,-0.0268441737,-0.0046623079,-0.0578550324,-0.0225895904,0.0269369371
5.4471030235,-0.0145950913,-0.0138197830,-0.0045863120,-0.0580784753,0.0062298086,0.0225006435
5.4570131302,-0.0158654302,0.0062349746,-0.0104101030,-0.0198257603,0.0362614766,-0.0000311641
5.4671230316,-0.0076643531,0.0200293958,-0.0113927452,0.0366417766,0.0547496714,-0.0140015744
5.4771018028,0.0014748570,0.0235770643,-0.0144311516,0.0761226043,0.0550892241,-0.0097807301
5.4870977402,0.0088337660,0.0107817063,-0.0077077476,0.0847288743,0.0445223339,-0.0033438702
5.4970788956,0.0114591271,-0.0059635332,-0.0000182716,0.0634720623,0.0326145440,-0.0021915205
5.5070858002,0.0102663338,-0.0103538921,0.0057011517,0.0261680987,0.0227704346,0.0053351056
5.5170698166,0.0071971412,-0.0102417758,0.0075840028,-0.0089724455,0.0118237780,0.0075579127
5.5270848274,0.0051854993,-0.0065188101,0.0066352161,-0.0271197595,0.0106418673,0.0107654240
5.5370488167,0.0012367662,-0.0000227086,0.0057024034,-0.0302919820,0.0063547110,0.0118561219
5.5470657349,0.0031886990,0.0064807842,-0.0000855653,-0.0206502751,0.0021541070,0.0118766278
5.5569968224,0.0051731612,0.0101972530,-0.0039288728,-0.0056554787,-0.0041376110,0.0129713211
5.5670828819,0.0033654566,0.0042745778,-0.0039001433,-0.0002692351,-0.0104996357,0.0140712056
5.5770292282,0.0044521238,0.0013642318,-0.0038889972,-0.0013309037,-0.0094788466,0.0087506091
5.5870552063,0.0046074833,-0.0015238218,-0.0009569852,0.0030124458,-0.0180046912,0.0077404724
5.5971860886,0.0047883387,-0.0004609220,0.0009613307,0.0083611384,-0.0190401282,0.0066805342
5.6071028709,0.0040105875,-0.0013752871,0.0019110711,0.0030348161,-0.0212007500,0.0088230474
5.6170110703,0.0003397461,-0.0053073158,0.0058043869,-0.0076480564,-0.0191674270,0.0066942498
5.6270079613,0.0015042868,-0.0044748774,0.0058471831,-0.0183323920,-0.0192228220,0.0098892441
5.6370086670,0.0026644613,-0.0027617805,0.0049463781,-0.0268679541,-0.0172086731,0.0024423799
5.6470050812,0.0028643305,-0.0020307892,0.0001359256,-0.0182763319,-0.0214628056,-0.0028479896
5.6570959091,0.0030723508,-0.0011661046,-0.0057170121,-0.0011950834,-0.0202896819,-0.0049875733
5.6669797897,-0.0007512275,0.0017836101,-0.0057828156,0.0104546482,-0.0074103698,-0.0093287919
5.6770000458,-0.0047285263,0.0048018405,-0.0058670966,0.0124878390,0.0075126532,-0.0158006735
5.6870069504,-0.0039622490,0.0030106015,0.0009607943,0.0123930303,0.0182180293,-0.0137452446
5.6969909668,-0.0002913181,0.0051757405,0.0028790506,0.0176951177,0.0193951465,-0.0063216835
5.7070069313,0.0043282206,0.0103272209,0.0086889537,0.0208834540,0.0194561332,-0.0020747408
5.7169818878,0.0031050886,0.0144505510,0.0115357311,0.0219559092,0.0184052475,-0.0010065469
5.7269706726,0.0049468721,0.0136999497,0.0105062993,0.0209785290,0.0045669312,0.0065206112
5.7369718552,0.0070565189,0.0060193846,0.0056225928,0.0071679088,-0.0082617821,0.0182979088
5.7469358444,0.0082494169,0.0020936436,0.0037011774,-0.0098664677,-0.0137375081,0.0183453131
5.7570676804,0.0066417749,-0.0078776171,-0.0010987846,-0.0204791669,-0.0202537309,0.0162717756
5.7669620514,0.0030006166,-0.0081858030,-0.0039770929,-0.0311725568,-0.0171482190,0.0141343232
5.7769589424,0.0022028531,-0.0065793684,-0.0068203537,-0.0301423110,-0.0107694147,0.0087785721
5.7869129181,0.0002992745,-0.0039092293,-0.0048123924,-0.0184608884,-0.0021559529,0.0055273855
5.7969079018,-0.0027219807,-0.0010947280,-0.0028694598,0.0006716596,0.0117995441,-0.0041354951
5.8067531586,-0.0029927497,0.0048684189,0.0000009807,0.0251631550,0.0236458182,-0.0159157217
5.8169150352,0.0025254483,0.0081818709,0.0009233626,0.0444163419,0.0215970464,-0.0233543292
5.8269038200,0.0071930881,0.0027802892,0.0008469494,0.0412794054,0.0119899604,-0.0190402754
5.8368930817,0.0100728720,-0.0037127428,-0.0021295277,0.0243081450,-0.0030616941,-0.0136175463
5.8466701508,0.0111259818,-0.0094394973,-0.0040976135,0.0030201683,-0.0117494576,-0.0103591690
5.8569140434,0.0112239569,-0.0104586175,-0.0021128980,-0.0129420208,-0.0193202924,-0.0060483101
5.8669037819,0.0084999502,-0.0047828546,-0.0031054942,-0.0160544552,-0.0310829412,-0.0038450770
5.8768692017,0.0047973688,0.0019288666,-0.0011890857,0.0009534219,-0.0213560127,-0.0071089142
5.8867378235,-0.0010764602,0.0078715989,0.0035821470,0.0189630482,0.0011008268,-0.0221405942
5.8968858719,-0.0011801127,0.0071721384,0.0044682296,0.0435191244,0.0023213536,-0.0264143031
5.9068689346,0.0017271485,0.0066765258,0.0062990459,0.0479229279,-0.0189114958,-0.0135309938
5.9168481827,0.0068531777,0.0071006725,0.0022926005,0.0352646559,-0.0403195843,-0.0059476430
5.9268088341,-0.0004368577,-0.0044875732,-0.0046406714,0.0012291921,-0.0544953234,-0.0079567321
5.9368667603,-0.0066883569,-0.0115086427,-0.0075641600,-0.0265222788,-0.0578479767,0.0005856238
5.9468588829,-0.0101366192,-0.0089763692,-0.0075150458,-0.0511812828,-0.0452040881,0.0015832442
5.9568181038,-0.0147271454,0.0002235480,-0.0093784658,-0.0545609742,-0.0238508619,0.0014454257
5.9670400620,-0.0176299214,0.0084722349,-0.0122189252,-0.0473983958,0.0125707956,0.0043914146
5.9768738747,-0.0178986639,0.0119786868,-0.0140494434,-0.0295327157,0.0437694602,0.0116124423
5.9869308472,-0.0145000815,0.0176989138,-0.0129957525,-0.0040643737,0.0600437708,0.0168010779
5.9968280792,-0.0053647761,0.0217656791,-0.0090347258,0.0194057990,0.0623506010,0.0157089159
6.0069389343,0.0009202804,0.0191578269,-0.0021893708,0.0290437788,0.0602512322,0.0114662349
6.0187540054,0.0062630470,0.0127387354,0.0085537704,0.0333893932,0.0517208613,0.0104583614
6.0268926620,0.0078679472,0.0033593185,0.0124175819,0.0355681255,0.0463937409,0.0104913842
6.0369629860,0.0104987174,-0.0031200044,0.0162883662,0.0313893557,0.0346185751,0.0116306851
6.0469760895,0.0103461593,-0.0067584803,0.0162177961,0.0315105319,0.0207070187,0.0095960302
6.0568308830,0.0073888446,-0.0124328425,0.0161618255,0.0209533628,0.0077685826,0.0054352405
6.0668048859,0.0045497860,-0.0133532276,0.0121942433,0.0082884338,-0.0073469868,-0.0008322429
6.0768032074,0.0057732160,-0.0162989497,0.0053785713,0.0041880971,-0.0255986936,-0.0060204803
6.0867738724,0.0031138505,-0.0114506176,0.0023809345,0.0021462515,-0.0352699645,-0.0102059040
6.0967988968,0.0052968706,-0.0046176603,-0.0015527932,0.0064359382,-0.0352899395,-0.0165837742
6.1067876816,0.0055324580,0.0003646918,-0.0035829274,0.0171133503,-0.0352164358,-0.0176540986
6.1167631149,0.0076839174,0.0025632090,-0.0026762811,0.0255988464,-0.0297809243,-0.0145074418
6.1266059875,0.0059407796,0.0028491623,-0.0018188683,0.0276705194,-0.0233248882,-0.0113635799
6.1366147995,0.0031422223,0.0031175620,-0.0009736149,0.0254672877,-0.0158422031,-0.0092857825
6.1465468407,0.0032473798,0.0014086075,-0.0010444848,0.0201391000,-0.0169522092,-0.0092748627
6.1569848061,0.0004627850,0.0005536981,-0.0040654270,0.0083602052,-0.0158997290,-0.0007753845
6.1667537689,-0.0013571534,0.0044554183,-0.0060572950,-0.0087354239,-0.0159865469,0.0045490735
6.1767249107,-0.0011804703,0.0032980151,-0.0108931987,-0.0258124135,-0.0150765460,0.0013676612
6.1867499352,-0.0000584874,0.0029861636,-0.0117523996,-0.0364895575,-0.0172422286,0.0077635087
6.1967339516,0.0020564194,0.0045760581,-0.0126052229,-0.0396990664,-0.0172480866,0.0098901764
6.2067170143,0.0022128816,0.0071807811,-0.0105623929,-0.0268903263,-0.0171490163,0.0098805884
6.2166419029,0.0003569271,0.0099205086,-0.0066207377,-0.0131046064,-0.0053003468,0.0087344963
6.2267332077,-0.0015990589,0.0117952833,-0.0066201417,0.0060134279,0.0076458114,0.0054500210
6.2367200851,-0.0036590998,0.0060647437,-0.0027334420,0.0187266916,0.0194963459,0.0042996686
6.2467231750,-0.0038326387,0.0033790178,0.0011160048,0.0282893069,0.0249142796,0.0042578569
6.2566790581,-0.0011053238,-0.0012164109,0.0049919160,0.0229858868,0.0206034221,0.0053537479
6.2666420937,-0.0011695180,-0.0079571893,0.0020594271,0.0027684988,0.0140070384,0.0022234682
6.2766990662,-0.0002434406,-0.0119274845,0.0021194490,-0.0153018469,0.0053024963,0.0001659098
6.2867140770,-0.0003055934,-0.0082025817,0.0021670135,-0.0184430480,0.0019810016,-0.0104342699
6.2966547012,-0.0003776703,-0.0025117092,-0.0017214147,-0.0055536134,-0.0054500168,-0.0157051980
6.3066501617,0.0035086717,0.0004263230,-0.0026750294,0.0061754812,-0.0042814217,-0.0146585759
6.3166098595,0.0015007701,0.0034445233,-0.0007818667,0.0146683017,0.0000882929,-0.0115064587
6.3266768456,-0.0005854670,0.0065389583,0.0020585926,0.0231054612,0.0129700033,-0.0126582757
6.3366661072,0.0011522915,0.0078396806,0.0078434022,0.0348285660,0.0162464902,-0.0148113091
6.3466401100,0.0029376741,0.0072550187,0.0106699141,0.0327028297,0.0130690727,-0.0094772633
6.3566646576,0.0058005746,0.0046160528,0.0076947482,0.0178403929,0.0012371805,-0.0051423027
6.3665847778,0.0069264914,-0.0050768843,0.0008732351,-0.0023711352,-0.0106032332,0.0034477231
6.3766398430,0.0051524187,-0.0101146093,-0.0029839603,-0.0173036121,-0.0107473107,0.0002725692
6.3866577148,0.0023326571,-0.0103135696,-0.0068655340,-0.0151901282,-0.0064921118,-0.0040060654
6.3966379166,0.0013261136,-0.0055789044,-0.0097850887,-0.0077544497,0.0020257425,-0.0146908006
6.4066500664,0.0011805888,-0.0016475909,-0.0078628389,0.0114179133,0.0096011041,-0.0211276617
6.4165391922,0.0009786036,-0.0014715784,-0.0049672453,0.0231174473,0.0150312893,-0.0211689398
6.4266357422,-0.0002893213,-0.0002284936,-0.0001778929,0.0294461846,0.0246903095,-0.0222983863
6.4365749359,-0.0006651584,0.0001125343,0.0046035321,0.0401161388,0.0268725026,-0.0276356265
6.4467749596,-0.0000495020,-0.0014695816,0.0045077475,0.0326180086,0.0300208926,-0.0276508071
6.4566097260,0.0005685385,-0.0050903251,0.0083673270,0.0166389085,0.0266778246,-0.0286783874
6.4665231705,0.0032130028,-0.0098429611,0.0044719251,0.0081540765,0.0212409832,-0.0318243802
6.4765682220,0.0059089954,-0.0107336631,0.0005736621,0.0061130300,0.0105212266,-0.0338792764
6.4866228104,0.0067250128,-0.0067639938,-0.0023890464,0.0051143444,0.0009215961,-0.0306291543
6.4965839386,0.0056634094,-0.0047520390,-0.0024274318,0.0094598252,-0.0044699735,-0.0390921459
6.5065631866,0.0036178227,-0.0007309608,-0.0034774868,0.0148580521,-0.0098176012,-0.0443731956
6.5165319443,0.0015841272,0.0062206993,-0.0035878746,0.0148592498,-0.0108690169,-0.0433080643
6.5265669823,0.0054324563,0.0123368213,0.0002657445,0.0202281829,-0.0171857681,-0.0368965045
6.5365610123,0.0044726874,0.0174315870,0.0050428780,0.0212443136,-0.0159982648,-0.0241571404
6.5465750694,0.0046009715,0.0185791254,0.0039885314,0.0105692977,-0.0213067438,-0.0103041753
6.5565319061,0.0009737160,0.0147097120,0.0010085972,0.0052445731,-0.0297455024,0.0078157065
6.5665450096,-0.0083836764,0.0077774534,-0.0049034087,-0.0044179074,-0.0254905708,0.0141692106
6.5765528679,-0.0139631182,0.0047331164,-0.0088278977,-0.0055341711,-0.0170046724,0.0077412715
6.5865478516,-0.0138886273,0.0105338404,-0.0098234741,-0.0002171705,-0.0095909657,-0.0050592124
6.5965061188,-0.0109274983,0.0135182450,-0.0088570444,0.0083088065,-0.0094900317,-0.0008155983
6.6065168381,-0.0069620018,0.0116862962,-0.0049332110,0.0082582068,-0.0062204693,0.0065999739
6.6165370941,-0.0049292301,0.0088000903,-0.0029563038,0.0007094769,-0.0029410527,0.0214553531
6.6265039444,-0.0068610315,0.0077295313,0.0000051530,-0.0111967167,0.0141311418,0.0287896972
6.6364927292,-0.0059717451,0.0027381785,0.0039928230,-0.0112939226,0.0258881990,0.0287129972
6.6464881897,-0.0023142849,0.0046713660,0.0050236257,0.0035667820,0.0377235524,0.0243763067
6.6565070152,0.0013210323,0.0028758652,0.0059945853,0.0280930288,0.0421593115,0.0211441629
6.6665058136,0.0049637849,-0.0035592013,0.0088863643,0.0526918508,0.0401302502,0.0115786204
6.6764998436,0.0076076980,-0.0078583052,0.0126609476,0.0677183345,0.0348007344,-0.0000826963
6.6864581108,0.0083281100,-0.0120635917,0.0134466561,0.0763938501,0.0240527466,-0.0148925353
6.6964817047,0.0091352910,-0.0172271430,0.0152201923,0.0680176765,0.0057826638,-0.0190180372
6.7064838409,0.0101606399,-0.0225603878,0.0121331485,0.0479198657,-0.0157668367,-0.0209890436
6.7163686752,0.0084160417,-0.0242390037,0.0061577829,0.0213501733,-0.0298706703,-0.0219439194
6.7264490128,0.0057186331,-0.0202534497,0.0041138204,0.0064417976,-0.0342611596,-0.0219050366
6.7364649773,0.0019615437,-0.0134296110,0.0040257247,-0.0000029197,-0.0268826038,-0.0272565261
6.7464590073,0.0000780966,-0.0056031337,-0.0009413688,0.0095208110,-0.0150885293,-0.0315892249
6.7564897537,0.0019664015,0.0023491092,-0.0029583303,0.0169235989,-0.0075304783,-0.0295191482
6.7664608955,0.0048357691,0.0094191739,-0.0079372851,0.0275855642,-0.0084623182,-0.0231462028
6.7764320374,0.0038408781,0.0126877138,-0.0090527264,0.0361387059,-0.0115712928,-0.0199468136
6.7864580154,-0.0010299686,0.0140472958,-0.0102249114,0.0414386615,-0.0062044905,-0.0221101008
6.7966780663,-0.0030108546,0.0125143835,-0.0103915064,0.0414791442,-0.0094452910,-0.0252726059
6.8064079285,-0.0019618873,0.0119146118,-0.0153977005,0.0329650193,-0.0158512592,-0.0167259891
6.8164157867,-0.0046923165,0.0033818192,-0.0184158422,0.0222311467,-0.0126413507,-0.0071801539
6.8263921738,-0.0104991496,0.0025496490,-0.0195060689,0.0146083804,0.0044276472,-0.0040983437
6.8366928101,-0.0107061714,0.0085623870,-0.0156748034,0.0187808890,0.0172622204,-0.0073736319
6.8464088440,-0.0061083143,0.0127110491,-0.0127775399,0.0283120759,0.0248538274,-0.0031799527
6.8563747406,0.0014697012,0.0130639086,-0.0118312566,0.0347259007,0.0206968971,0.0053436272
6.8664197922,0.0042447741,0.0104365060,-0.0079707829,0.0283201970,0.0175136216,0.0138678728
6.8764238358,0.0051092650,0.0057992944,-0.0031249253,0.0250847246,0.0196662545,0.0181038976
6.8863987923,0.0040120478,0.0060125301,0.0036435993,0.0261696950,0.0175370574,0.0181169473
6.8963518143,0.0068650092,0.0053255567,0.0084720524,0.0305544585,0.0047195302,0.0150091704
6.9063930511,0.0050470079,-0.0002688758,0.0064331563,0.0327579565,-0.0048553329,0.0182568952
6.9163889885,0.0042941715,-0.0039713075,0.0063557895,0.0168413073,-0.0177729968,0.0226039737
6.9263687134,-0.0012527708,-0.0069241514,0.0033748420,-0.0013182545,-0.0178771261,0.0268668961
6.9363327026,-0.0077887033,-0.0110088577,0.0033788355,-0.0152295427,-0.0137116751,0.0257837884
6.9463281631,-0.0145135820,-0.0122289052,0.0063197287,-0.0238888115,0.0053597540,0.0139798597
6.9570698738,-0.0127418190,-0.0036498301,0.0054054530,-0.0175642036,0.0202614721,0.0021976354
6.9663867950,-0.0032594656,0.0061280141,0.0015531452,0.0101739513,0.0226045214,0.0011006794
6.9763221741,0.0043727751,0.0073841522,0.0025024088,0.0369360596,0.0100575704,0.0085961455
6.9863071442,0.0073054875,0.0029563017,0.0043667229,0.0498555824,-0.0037277506,0.0097389081
6.9963321686,0.0083627552,-0.0023813837,0.0110627683,0.0456368700,-0.0070287390,0.0033925960
7.0063281059,0.0074829007,-0.0029678636,0.0148329409,0.0307774954,-0.0157303512,-0.0007901650
7.0163331032,0.0077215875,-0.0085970452,0.0137997540,0.0137453843,-0.0222596228,0.0003234358
7.0262780190,0.0071094478,-0.0124851754,0.0079298289,-0.0064818570,-0.0330132023,0.0110312076
7.0363149643,-0.0003033582,-0.0117491772,0.0010550888,-0.0225521699,-0.0277518593,0.0163221098
7.0463099480,-0.0059106057,-0.0081757596,-0.0018616049,-0.0301243365,-0.0139524247,0.0119883474
7.0563039780,-0.0058731739,-0.0025892549,-0.0047324030,-0.0194851421,-0.0043677082,-0.0018929801
7.0662679672,-0.0029947315,0.0051242718,-0.0056839911,-0.0013657920,-0.0010211800,-0.0019273348
7.0763020515,-0.0001517240,0.0081949541,-0.0027770726,0.0210095532,0.0065773511,-0.0083657932
7.0862979889,0.0026291306,0.0114709744,-0.0009172885,0.0434299111,0.0077832304,-0.0126388352
7.0962829590,0.0053367908,0.0139721939,0.0018542083,0.0561937727,0.0142746856,-0.0148137053
7.1062488556,0.0081200451,0.0086713145,0.0046468051,0.0476287827,0.0132304598,-0.0041770400
7.1162619591,0.0090638995,0.0002705760,0.0045775445,0.0262762215,0.0088935029,0.0075505888
7.1263647079,0.0081305951,-0.0064701131,0.0006480487,-0.0015247827,0.0108977975,0.0171185285
7.1362581253,0.0041834409,-0.0056342175,-0.0003240434,-0.0154141001,0.0129170064,0.0160536636
7.1462469101,0.0050411369,-0.0009448223,-0.0022205440,-0.0196911357,0.0170864500,0.0075304825
7.1562199593,0.0058012004,0.0047559449,-0.0031662909,-0.0090185180,0.0192633178,0.0021959045
7.1663789749,0.0036382074,0.0076502869,-0.0041607944,0.0080454201,0.0236159880,-0.0042185853
7.1763968468,0.0023313458,0.0117223868,-0.0003210632,0.0314761773,0.0323000252,-0.0096021658
7.1862506866,0.0009434517,0.0121386359,0.0044138106,0.0538981259,0.0345474668,-0.0170691367
7.1962051392,0.0045018340,0.0117397020,0.0062320502,0.0539611131,0.0249696746,-0.0127597423
7.2062377930,0.0083565116,-0.0005033307,0.0051999362,0.0327458382,0.0024971219,0.0033366692
7.2162408829,0.0046510245,-0.0130848577,0.0012650164,-0.0013608653,-0.0093997512,0.0183128230
7.2263011932,-0.0010752085,-0.0132605722,0.0012625726,-0.0248422232,-0.0064476375,0.0098109469
7.2361822128,-0.0030470793,-0.0076884320,0.0013134750,-0.0270106997,0.0019889909,-0.0019299979
7.2462058067,-0.0021106456,-0.0049556186,-0.0025420515,-0.0067251362,0.0031783588,-0.0062014419
7.2561688423,-0.0001945499,0.0019067831,-0.0094075529,0.0200015493,-0.0009055986,-0.0072528580
7.2662029266,-0.0011924062,0.0031048961,-0.0124421446,0.0370535031,0.0024326737,-0.0072864140
7.2762479782,-0.0041685407,-0.0043476513,-0.0096236197,0.0412839353,0.0088423695,-0.0115807606
7.2861661911,-0.0014013204,-0.0068481257,0.0000647577,0.0306187719,0.0076910844,-0.0115658473
7.2962050438,0.0052449699,-0.0016098910,0.0097683938,0.0221497864,-0.0009266376,-0.0125699928
7.3061761856,0.0091309845,0.0045313844,0.0106691988,0.0275501460,-0.0094170617,-0.0103939231
7.3161721230,0.0082600415,0.0067382762,0.0085856589,0.0254365280,-0.0157636404,-0.0007901650
7.3261947632,0.0037229802,-0.0038908117,0.0007202299,0.0083552785,-0.0200710371,0.0109359995
7.3361606598,-0.0008553122,-0.0137271276,-0.0031878082,-0.0077130366,-0.0137689328,0.0130333714
7.3461108208,-0.0046445285,-0.0119493594,-0.0051432578,-0.0141408425,-0.0064369841,0.0013040118
7.3561511040,-0.0026851003,-0.0052119484,-0.0080537526,-0.0055777142,-0.0053890301,-0.0093345176
7.3661508560,-0.0007936959,-0.0012524717,-0.0080669848,0.0114670498,0.0000595308,-0.0125689274
7.3761501312,-0.0047905748,0.0028225190,-0.0081824390,0.0274389572,0.0055150166,-0.0136764022
7.3861351013,-0.0059903865,0.0041225264,-0.0034206240,0.0358532146,0.0215938501,-0.0159113277
7.3961191177,-0.0014261607,0.0045110891,0.0013971599,0.0315060057,0.0280379020,-0.0085139982
7.4060959816,0.0032452489,0.0009042330,0.0052840384,0.0177129619,0.0141186249,0.0011474178
7.4161539078,0.0061185355,-0.0018798106,0.0062514218,0.0027924683,0.0076713776,0.0118284244
7.4261808395,0.0042701955,-0.0078327348,0.0004238160,-0.0131569365,0.0000664550,0.0118888784
7.4360628128,-0.0024738614,-0.0080980351,-0.0073878495,-0.0206336286,0.0010654067,0.0097598145
7.4460768700,-0.0073276912,-0.0063963821,-0.0112715689,-0.0184692778,-0.0000411368,0.0033911311
7.4560890198,-0.0073746894,-0.0016400211,-0.0141908256,-0.0024936404,0.0064495197,-0.0019739401
7.4661350250,-0.0065514599,0.0052602002,-0.0122838942,0.0145913363,0.0086556822,-0.0094369166
7.4761228561,-0.0037672971,0.0084432671,-0.0094107715,0.0273839645,0.0098423865,-0.0073291576
7.4860801697,-0.0010226819,0.0087836096,-0.0026470153,0.0316237137,0.0130906440,-0.0062907911
7.4960560799,0.0017797198,0.0071635256,0.0021654041,0.0273739770,0.0067302166,0.0033132338
7.5060839653,0.0056893374,0.0025160916,0.0050878795,0.0124363070,0.0013706048,0.0150447236
7.5160880089,0.0067674811,0.0006108888,0.0060652765,-0.0003023911,-0.0093693910,0.0204346962
7.5260572433,0.0080241114,-0.0033451014,-0.0007333485,-0.0055671949,-0.0190110989,0.0226256792
7.5360388756,0.0064391787,-0.0064103892,-0.0036335317,-0.0140272593,-0.0276487973,0.0205646567
7.5460777283,0.0009560581,-0.0095833829,-0.0055753319,-0.0182691403,-0.0277542584,0.0120691750
7.5560660362,-0.0017228726,-0.0088088503,-0.0055451719,-0.0161629803,-0.0203437451,0.0013940267
7.5661096573,-0.0026663099,-0.0001231722,-0.0026272861,-0.0023435708,-0.0096306466,-0.0082466165
7.5760078430,-0.0017554465,0.0057850191,-0.0046123592,0.0135701466,0.0053887824,-0.0157902874
7.5860280991,0.0010433045,0.0079481015,-0.0036877124,0.0263229609,0.0098170871,-0.0094535612
7.5960249901,0.0058020498,0.0063261399,-0.0017835228,0.0305953380,0.0056590931,0.0001307561
7.6060299873,0.0077163125,0.0036917336,0.0020585330,0.0263436008,0.0013964376,0.0054733232
7.6159648895,0.0077237035,0.0019908554,0.0058940323,0.0221204925,-0.0029383898,0.0033839406
7.6260156631,0.0048586274,0.0021685071,0.0067684324,0.0168274604,-0.0083233016,0.0034225564
7.6361598969,0.0040277089,-0.0006799094,0.0057690414,0.0008527543,-0.0127263051,0.0023975053
7.6460099220,0.0003033426,-0.0066523841,0.0048187049,-0.0162447393,-0.0117625073,0.0055903699
7.6559910774,-0.0034740125,-0.0098480573,0.0029180916,-0.0280882157,-0.0000821494,0.0076491260
7.6659970284,-0.0055431877,-0.0023209744,0.0029716762,-0.0239155740,0.0137990452,0.0022442406
7.6760239601,-0.0058427309,0.0092424760,0.0019907625,-0.0026727384,0.0309692416,-0.0095707402
7.6859951019,-0.0004246537,0.0152096460,0.0010116966,0.0186032541,0.0386426114,-0.0064481841
7.6959748268,0.0050908471,0.0145472893,0.0029433640,0.0303761587,0.0323783197,0.0010239803
7.7059187889,0.0077899839,0.0060631046,0.0058474215,0.0239861701,0.0281082094,0.0074304803
7.7159662247,0.0086233765,-0.0015728765,0.0077927383,0.0091116168,0.0184007213,0.0106912553
7.7260050774,0.0065875496,-0.0054781428,0.0097633274,-0.0089603281,0.0097015053,0.0096978955
7.7359571457,0.0055928375,-0.0046345880,0.0097911628,-0.0153131653,0.0042867661,0.0065475097
7.7459321022,0.0007127817,-0.0028612607,0.0078255208,-0.0120603815,0.0010419709,-0.0008704592
7.7559318542,-0.0031996374,-0.0000435404,0.0058507593,0.0007479591,0.0032334861,-0.0062057031
7.7659378052,-0.0033420180,0.0058733532,0.0038487585,0.0177924559,0.0107742269,-0.0147656351
7.7759246826,-0.0015421811,0.0119709084,-0.0001610843,0.0380925350,0.0077427505,-0.0126352394
7.7859096527,0.0032039578,0.0133892903,0.0007202299,0.0455416590,0.0089054871,-0.0083984165
7.7958660126,0.0060764696,0.0070025334,0.0035666497,0.0391703174,0.0035405487,-0.0051725297
7.8059129715,0.0090149194,0.0024435229,0.0054593952,0.0199803747,-0.0018973598,0.0012504822
7.8159079552,0.0130136311,0.0016048558,0.0054485472,0.0019354625,-0.0179873817,0.0109290751
7.8259119987,0.0114479363,-0.0043639829,-0.0023386208,-0.0097174654,-0.0329498164,0.0216581523
7.8358788490,0.0021176036,-0.0065259626,-0.0062885014,-0.0140241962,-0.0287018083,0.0226974506
7.8458909988,-0.0073799198,-0.0028116398,-0.0112482039,-0.0013145264,-0.0116117727,0.0098290564
7.8557810783,-0.0112593919,0.0001452275,-0.0113160936,0.0199355036,0.0055397837,-0.0041103279
7.8658790588,-0.0065322672,0.0014392741,-0.0074596731,0.0401699319,0.0141830724,-0.0116172461
7.8758940697,-0.0028637652,0.0038786537,-0.0046701757,0.0529716164,0.0153474072,-0.0116320271
7.8858599663,-0.0030629491,-0.0014519684,-0.0028680293,0.0539391413,0.0250285305,-0.0053211339
7.8956680298,-0.0043274020,-0.0048758080,-0.0010677902,0.0463754982,0.0356681272,-0.0043229815
7.9058818817,-0.0056828414,-0.0044957688,0.0007553371,0.0325238630,0.0334052369,-0.0064234165
7.9158382416,-0.0020316546,-0.0100642433,0.0017102631,0.0165594127,0.0258389302,-0.0021148215
7.9258799553,0.0017122325,-0.0099368086,-0.0002491204,0.0070354166,0.0161370337,-0.0031076479
7.9358158112,0.0005037631,-0.0020699792,0.0016421350,0.0102502508,0.0161301102,-0.0062947860
7.9458498955,0.0002838369,0.0059088776,-0.0004191725,0.0305408742,0.0183519851,-0.0148224933
7.9558219910,0.0038802172,0.0111906538,0.0033786567,0.0497072451,0.0248967037,-0.0170040224
7.9658169746,0.0085255355,0.0068545053,0.0042380365,0.0561206676,0.0217853338,-0.0116763683
7.9758000374,0.0103081316,0.0015403635,0.0070286663,0.0539944023,0.0175642222,-0.0031473290
7.9858350754,0.0121519417,0.0001131602,0.0068736942,0.0529746786,0.0101110991,0.0011512793
7.9958267212,0.0131168216,-0.0032786422,0.0076969536,0.0456150323,-0.0027911167,-0.0019507707
8.0058012009,0.0122859627,-0.0088398745,0.0056411298,0.0190286953,-0.0158041194,0.0002769635
8.0157299042,0.0086828470,-0.0176759660,0.0017456086,-0.0182477031,-0.0278099179,0.0056958310
8.0258169174,0.0041757817,-0.0180264413,-0.0060190288,-0.0352277532,-0.0386564396,0.0025908512
8.0358057022,-0.0004015271,-0.0086646369,-0.0138249723,-0.0310167596,-0.0290608034,-0.0049147354
8.0457801819,-0.0071622436,0.0066404352,-0.0197410323,-0.0161704384,-0.0130048720,-0.0156531334
8.0559730530,-0.0101865232,0.0124236355,-0.0217215158,0.0039458834,0.0084969578,-0.0189926047
8.0657444000,-0.0094726831,0.0144742439,-0.0227280576,0.0144653693,0.0257153586,-0.0148620419
8.0759563446,-0.0068976139,0.0127259204,-0.0178653337,0.0143406000,0.0354550742,-0.0000488742
8.0857410431,-0.0053065871,0.0099818120,-0.0100601641,0.0089285243,0.0408389196,0.0094815139
8.0959892273,-0.0047399704,0.0081386575,-0.0032086698,0.0003251815,0.0472145267,0.0126323001
8.1057710648,-0.0031092172,0.0032964952,0.0017239125,0.0004026797,0.0365544260,0.0158885475
8.1157531738,-0.0003689233,-0.0015993707,0.0047257217,-0.0112226838,0.0194281675,0.0234440677
8.1257629395,0.0006249841,-0.0027425282,0.0028493674,-0.0185397193,0.0001423552,0.0246366300
8.1358880997,-0.0002025221,-0.0039504757,0.0009730728,-0.0163360871,-0.0073411278,0.0225592330
8.1457386017,-0.0020006900,-0.0011655979,0.0019626888,-0.0045300275,-0.0126482742,0.0162110552
8.1556978226,0.0000735369,0.0027578778,0.0038963826,0.0136192832,-0.0093787126,0.0076802853
8.1657476425,0.0041072364,0.0039284537,0.0019101175,0.0264735632,-0.0135817137,0.0045113894
8.1758337021,0.0052723135,-0.0006609850,0.0037874253,0.0370966457,-0.0112759480,0.0140484357
8.1856994629,0.0054405476,-0.0022717409,0.0026959451,0.0381587148,-0.0102080200,0.0129783778
8.1957263947,0.0055765356,-0.0048408797,0.0074630054,0.0349617228,-0.0102474354,0.0108543737
8.2057199478,0.0076824124,-0.0055191508,0.0073697241,0.0222003870,-0.0156991910,0.0098362472
8.2156906128,0.0088644475,-0.0102579286,0.0102985771,0.0008969624,-0.0201621167,0.0077576498
8.2257356644,0.0081541389,-0.0122643104,0.0112888487,-0.0097069461,-0.0267023072,0.0024955098
8.2356939316,0.0104000568,-0.0104309609,0.0103548439,-0.0160051882,-0.0374883786,-0.0038069938
8.2456531525,0.0107279271,-0.0067000380,0.0103900703,-0.0159543213,-0.0428501181,-0.0058970428
8.2556648254,0.0101126432,0.0000013121,0.0113604935,-0.0126988739,-0.0492387749,-0.0058573615
8.2656631470,0.0066004987,0.0028127737,0.0093779238,-0.0031221462,-0.0459492393,-0.0048229899
8.2756547928,0.0030769999,0.0056949565,0.0054170163,0.0000246437,-0.0395046584,-0.0038037980
8.2856798172,0.0014502552,0.0066816518,0.0043919357,0.0042295093,-0.0340736732,0.0025323946
8.2956562042,-0.0001574311,0.0037750907,0.0014344128,0.0031071203,-0.0297545567,0.0088804383
8.3055830002,0.0001256909,0.0008574434,-0.0005204407,-0.0012239786,-0.0223064944,0.0088351648
8.3157005310,-0.0016480688,-0.0001347355,-0.0044514863,0.0029730303,-0.0105805965,0.0013193248
8.3256645203,-0.0016247783,0.0028639145,-0.0054698912,0.0104232226,-0.0041919397,-0.0082888277
8.3355998993,-0.0026757722,0.0040178904,-0.0075076548,0.0263999254,0.0043882327,-0.0189780910
8.3456172943,-0.0008807335,0.0013571389,-0.0065899817,0.0252779350,0.0118429530,-0.0211504307
8.3556413651,0.0018357929,-0.0003580741,-0.0036857454,0.0156201161,0.0171290617,-0.0201193877
8.3656387329,0.0035345699,-0.0002226822,-0.0027264683,0.0081238504,0.0192268342,-0.0180029739
8.3756141663,0.0033123340,0.0007900603,-0.0056842295,0.0049292557,0.0170909781,-0.0147993248
8.3856000900,0.0041146423,0.0008099981,-0.0056718318,0.0006618062,0.0139151588,-0.0073390109
8.3956241608,0.0030625756,-0.0041271141,-0.0075920550,-0.0067954445,0.0106855435,-0.0019955118
8.4056282043,-0.0009677265,-0.0042576184,-0.0056234328,-0.0153367342,0.0137622934,-0.0094462372
8.4156198502,-0.0022082780,0.0005145975,-0.0036545126,-0.0046859542,0.0191320255,-0.0169286560
8.4255771637,-0.0025403504,0.0064093778,0.0011971863,0.0123761194,0.0245353132,-0.0254747402
8.4355754852,0.0000135895,0.0105557451,0.0011280449,0.0337107033,0.0268250983,-0.0276318993
8.4455881119,0.0025126482,0.0158579946,0.0029458078,0.0464739054,0.0312262401,-0.0244821776
8.4571695328,0.0070750709,0.0133984694,0.0057863863,0.0444072895,0.0184851438,-0.0116452090
8.4676399231,0.0089608878,0.0049863467,0.0066980394,0.0295628309,0.0013785947,0.0012247823
8.4762468338,0.0051790769,-0.0017353289,0.0046837004,0.0040493463,-0.0137329800,0.0066508399
8.4863185883,0.0025518383,-0.0067128232,-0.0001863567,-0.0129426867,-0.0255939011,0.0099267950
8.4960031509,-0.0010398332,-0.0059551289,-0.0040812222,-0.0214276500,-0.0299835894,0.0046509393
8.5059604645,-0.0066146855,-0.0042441478,-0.0050374595,-0.0171652623,-0.0278402772,0.0014468902
8.5154199600,-0.0064510708,-0.0004605643,-0.0069856374,-0.0033696871,-0.0139281899,-0.0092777926
8.5253286362,-0.0063708280,-0.0004583888,-0.0089468686,0.0104222912,-0.0052348333,-0.0050942330
8.5353183746,-0.0054252897,-0.0013343089,-0.0079860417,0.0092498343,0.0065339422,-0.0030463950
8.5452194214,-0.0025867377,-0.0051420620,-0.0050279228,0.0027807495,0.0118823685,0.0032977872
8.5552778244,-0.0017556105,-0.0051200977,-0.0001237718,-0.0047151167,0.0139793409,0.0054146005
8.5653095245,-0.0008850102,-0.0061599901,-0.0000819294,-0.0111562386,0.0171631500,0.0085856263
8.5752944946,-0.0010194186,-0.0072524836,0.0009468468,-0.0175506212,0.0170872491,0.0054030158
8.5853729248,-0.0031135385,-0.0094298115,0.0020050677,-0.0261318572,0.0213142186,0.0075063808
8.5953540802,-0.0042690192,-0.0077610007,-0.0018329350,-0.0261313282,0.0234047994,0.0021816564
8.6053237915,-0.0044917916,-0.0070354035,-0.0056458442,-0.0208087340,0.0276666582,-0.0042240452
8.6153488159,-0.0067392294,-0.0013040595,-0.0036906330,-0.0026102876,0.0234862939,-0.0095213391
8.6253938675,-0.0061308895,0.0065967152,-0.0017882315,0.0187354814,0.0267942064,-0.0169944353
8.6352901459,-0.0045766239,0.0127720842,0.0010280879,0.0379142389,0.0312139876,-0.0181015115
8.6456203461,-0.0000352118,0.0132884094,0.0057944329,0.0550194532,0.0239555426,-0.0074424753
8.6555776596,0.0036472525,0.0128913829,0.0124870213,0.0507733114,0.0154962773,0.0074904021
8.6654977798,0.0065450515,0.0065147588,0.0172832869,0.0316203870,0.0047328463,0.0160727054
8.6754627228,0.0077229883,0.0008326180,0.0162678640,0.0040007439,-0.0167423524,0.0300441813
8.6851997375,0.0081771910,-0.0041747978,0.0104498537,-0.0225344598,-0.0372092798,0.0355073884
8.6953487396,0.0058722193,-0.0074694147,0.0017460855,-0.0405765772,-0.0491237305,0.0334724672
8.7053060532,0.0006432678,-0.0069801798,-0.0069552390,-0.0373448320,-0.0502220169,0.0271029845
8.7156448364,-0.0066504334,-0.0035000436,-0.0098590581,-0.0299363155,-0.0395411402,0.0195922051
8.7254600525,-0.0111880153,0.0001262732,-0.0166881420,-0.0087348912,-0.0170323700,0.0077451332
8.7354545593,-0.0150914192,0.0049871216,-0.0177297331,0.0156086637,0.0108855469,0.0001081191
8.7455692291,-0.0104681998,0.0081914673,-0.0168020464,0.0336047076,0.0312864259,-0.0053486978
8.7554416656,-0.0040236865,0.0056923637,-0.0100128381,0.0409961790,0.0399203971,-0.0022222798
8.7654066086,0.0043709422,0.0012295551,-0.0041693775,0.0260582417,0.0366529636,0.0041836877
8.7754125595,0.0128843933,-0.0053512147,0.0017576488,0.0058364612,0.0258842036,0.0127653247
8.7854290009,0.0157102793,-0.0083078137,0.0027890475,-0.0186078958,0.0107774222,0.0181923155
8.7955226898,0.0128452033,-0.0105431667,0.0048310431,-0.0409303792,-0.0000951989,0.0172174647
8.8054380417,0.0090595037,-0.0119913509,0.0000685723,-0.0430092439,-0.0044409451,0.0108727496
8.8153676987,0.0012359914,-0.0016717606,-0.0038374392,-0.0227493756,0.0041365642,-0.0040693153
8.8254137039,-0.0018057082,0.0050423453,-0.0087506501,0.0081781782,0.0117665203,-0.0147643033
8.8353996277,-0.0029913788,0.0081136236,-0.0078377454,0.0220148973,0.0182510503,-0.0190661084
8.8453722000,-0.0013185445,0.0093196044,-0.0039843647,0.0208827890,0.0236407556,-0.0127259204
8.8555402756,0.0023183073,0.0085588703,0.0008772882,0.0123300469,0.0225635078,-0.0063401926
8.8655681610,0.0050297673,0.0067831287,0.0067377361,0.0123534827,0.0151820239,0.0053939614
8.8776588440,0.0068131383,0.0079136202,0.0096398862,0.0080492813,0.0183759537,0.0074997228
8.8879671097,0.0067148204,0.0079936096,0.0096123489,0.0070679067,0.0087310495,0.0054381695
8.8954191208,0.0058115120,0.0002039977,0.0066989930,0.0007293168,-0.0019466283,0.0129506802
8.9052276611,0.0040018256,-0.0057283929,0.0057421001,-0.0099148052,-0.0052444208,0.0119171077
8.9151983261,0.0022018398,-0.0098166754,0.0028816732,-0.0173375681,-0.0085664475,0.0055713281
8.9253263474,0.0002977546,-0.0070970943,0.0009485753,-0.0163074583,-0.0011404897,-0.0019142852
8.9354906082,0.0001708712,-0.0003560774,-0.0000216691,-0.0003575189,0.0095997723,-0.0104949903
8.9452409744,0.0008838471,0.0046057114,0.0028740438,0.0144872069,0.0246141404,-0.0180394594
8.9551830292,0.0053876634,0.0087442407,0.0067541869,0.0219408609,0.0268104523,-0.0180594325
8.9654493332,0.0100316256,0.0050705979,0.0077221068,0.0198524110,0.0162153319,-0.0052405735
8.9753408432,0.0128913671,0.0003663309,0.0086914571,0.0113710416,0.0044944929,0.0065268697
8.9853076935,0.0110053718,-0.0005486898,0.0076698335,0.0061429902,-0.0083805593,0.0055516204
8.9953565598,0.0082688779,-0.0024952583,0.0017724307,0.0052624168,-0.0266554374,-0.0060162190
9.0053482056,0.0055620517,-0.0005090825,-0.0021984307,0.0074406164,-0.0277982000,-0.0166342426
9.0153083801,0.0038656439,-0.0043562939,-0.0041840402,0.0106525216,-0.0277992655,-0.0198243093
9.0252532959,-0.0008239750,-0.0063051572,-0.0071723787,0.0052697407,-0.0214462932,-0.0219865292
9.0353050232,-0.0037412946,-0.0004141025,-0.0062753288,0.0062139635,-0.0054287114,-0.0242141318
9.0452938080,-0.0029459600,0.0074946890,-0.0063391058,0.0157185197,0.0074612545,-0.0253667478
9.0552940369,-0.0022476171,0.0135727534,-0.0054489104,0.0262866095,0.0193245728,-0.0222626999
9.0652770996,0.0013866272,0.0090128789,-0.0015788404,0.0326473005,0.0226255599,-0.0169765912
9.0753011703,0.0002027746,0.0005219288,-0.0016540019,0.0294636264,0.0194145851,-0.0148296840
9.0853166580,0.0009242888,-0.0001836710,-0.0017344085,0.0294511095,0.0225845464,-0.0190997962
9.0952835083,0.0006872560,-0.0028219514,-0.0047523705,0.0338212252,0.0150350174,-0.0307392757
9.1052503586,0.0015192922,-0.0112843504,-0.0067776768,0.0306821540,0.0085707270,-0.0338823386
9.1152133942,0.0023352499,-0.0129931858,-0.0029331176,0.0157876275,0.0041440213,-0.0380927958
9.1252727509,0.0011650916,-0.0118851950,-0.0000494448,0.0115686487,0.0008414350,-0.0455051735
9.1352519989,0.0019589062,-0.0088749221,0.0008904608,0.0051490995,0.0018755405,-0.0444478951
9.1452455521,0.0017978247,-0.0078999689,-0.0000879494,-0.0023714015,0.0040366957,-0.0348951370
9.1552095413,0.0005590018,0.0018658645,0.0018078359,0.0039926209,0.0083757844,-0.0328012258
9.1652345657,0.0022327001,0.0117273340,0.0017511519,0.0146561842,0.0084855063,-0.0296222121
9.1752290726,0.0030383165,0.0138545642,0.0007121833,0.0200132653,0.0053373836,-0.0274800994
9.1852226257,-0.0009397719,0.0091265151,0.0006294521,0.0146208974,0.0054409802,-0.0104787452
9.1952075958,-0.0019600843,0.0053077647,-0.0013456671,0.0028728954,0.0053677433,-0.0083450200
9.2051849365,-0.0059365188,0.0052969763,-0.0023584692,-0.0014230497,0.0085408995,-0.0083625969
9.2152118683,-0.0040859138,0.0082542310,-0.0023613898,0.0028995275,0.0021589007,-0.0093897786
9.2252044678,-0.0032051359,0.0141897509,-0.0004458157,0.0114844935,-0.0041693025,-0.0072299549
9.2351713181,0.0007400360,0.0153067419,-0.0014553992,0.0157881603,-0.0104985712,-0.0008154651
9.2452173233,0.0018483248,0.0124922404,0.0014705928,0.0061698882,-0.0136794504,0.0108981822
9.2551870346,0.0030757184,0.0075915465,-0.0014258949,-0.0066617550,-0.0158094466,0.0236707032
9.2651863098,-0.0005687777,0.0015668578,-0.0013793437,-0.0195823461,-0.0072500473,0.0363729186
9.2751760483,-0.0053125774,-0.0006379478,-0.0032875864,-0.0208004750,0.0109127117,0.0362546705
9.2851552963,-0.0082936883,-0.0008397393,-0.0061873524,-0.0070356624,0.0290887840,0.0244408883
9.2951402664,-0.0085326135,0.0001113720,-0.0071495501,0.0057347282,0.0387014635,0.0126859620
9.3051652908,-0.0030407463,-0.0016854696,-0.0032112328,0.0185482614,0.0419252217,0.0030945879
9.3151597977,-0.0004763011,-0.0053586951,0.0006773146,0.0217875969,0.0376689583,0.0020560881
9.3251247406,0.0011346486,-0.0070893457,0.0025950940,0.0207569525,0.0344273597,-0.0011093450
9.3351497650,0.0046790238,-0.0048854044,0.0084037455,0.0229707062,0.0269172452,-0.0063740150
9.3451442719,0.0073287929,0.0012450821,0.0141817601,0.0241680630,0.0119452188,-0.0084025450
9.3551568985,0.0101917982,0.0044302056,0.0131306918,0.0264260247,-0.0040475959,-0.0061773406
9.3651123047,0.0103080124,0.0017141111,0.0120867761,0.0200975537,-0.0157987941,0.0002776294
9.3751287460,0.0067404653,-0.0099587729,0.0071748169,0.0030806214,-0.0244564638,0.0035342758
9.3850765228,0.0012372729,-0.0129986694,-0.0006606309,-0.0097121382,-0.0277345479,0.0067516407
9.3951349258,-0.0033047800,-0.0121985665,-0.0094781248,-0.0107837943,-0.0256405063,0.0024887188
9.4050970078,-0.0050987606,-0.0054335883,-0.0104891388,-0.0011830991,-0.0203221738,-0.0092387777
9.4150800705,-0.0020717387,-0.0005072944,-0.0114791123,0.0052199392,-0.0192230865,-0.0113746319
9.4251146317,-0.0010218773,0.0015473969,-0.0095603792,0.0104831439,-0.0106229410,-0.0103716860
9.4350996017,-0.0000504259,0.0026533313,-0.0076509444,0.0104341423,-0.0052670576,-0.0093455706
9.4450531006,0.0009217407,0.0018032498,-0.0047421781,0.0082591390,-0.0020411706,-0.0051154047
9.4550590515,-0.0001426790,0.0038392551,-0.0038111536,0.0049453671,0.0107752923,-0.0030706299
9.4651060104,-0.0003094081,0.0077924738,-0.0028649895,0.0017202785,0.0139476499,-0.0041513406
9.4751043320,-0.0004269932,0.0078219781,-0.0048324792,0.0081322398,0.0129308542,-0.0041504083
9.4850692749,0.0004064586,0.0039969394,-0.0058212010,0.0059183533,0.0225328822,-0.0042111287
9.4950695038,0.0001842525,0.0050065229,-0.0068060486,0.0048664049,0.0214383230,-0.0063283416
9.5050716400,0.0048726941,0.0041499445,-0.0058085052,0.0113165807,0.0150936078,-0.0041669202
9.5150585175,0.0067257429,0.0023260124,-0.0028838245,0.0113513349,0.0087278541,0.0011856339
9.5250711441,0.0056618745,0.0043927142,0.0039061578,0.0081861680,0.0033775633,0.0033473221
9.5351572037,0.0046284343,0.0064451108,0.0087420018,0.0103352051,0.0023122986,0.0022923108
9.5451164246,0.0046419050,0.0094463835,0.0086933048,0.0114223082,-0.0029596947,0.0097624771
9.5550518036,0.0028180475,0.0046031186,0.0086916955,0.0018001739,-0.0050838320,0.0204083305
9.5650234222,-0.0008994494,-0.0013423853,0.0067362459,-0.0110434527,-0.0030001749,0.0257157441
9.5750083923,-0.0056537394,-0.0063982001,0.0057972344,-0.0153919961,0.0076298332,0.0224612281
9.5849943161,-0.0037907069,-0.0026512735,0.0058587464,-0.0132438894,0.0117944842,0.0075592445
9.5950927734,0.0009855028,-0.0007390372,0.0000531347,0.0028188331,0.0086463606,0.0001328865
9.6050176620,0.0058196629,0.0003415056,0.0000564726,0.0135894548,-0.0030270729,0.0002010635
9.6149883270,0.0088244826,-0.0024347298,-0.0019041030,0.0157785751,-0.0094282469,-0.0008231883
9.6249694824,0.0060113217,-0.0062335422,0.0019442113,0.0062178262,-0.0158967990,0.0013502175
9.6349964142,0.0032609995,-0.0091956845,0.0019479664,-0.0097944299,-0.0181074888,0.0077519240
9.6450252533,0.0004705187,-0.0074144294,0.0049032839,-0.0215781219,-0.0118131079,0.0045321621
9.6549701691,-0.0063188230,0.0001229353,0.0009640725,-0.0216524191,-0.0011615285,0.0002133138
9.6651153564,-0.0093189031,0.0087482641,-0.0049108593,-0.0025519636,0.0139220832,-0.0030850109
9.6749858856,-0.0114853978,0.0136818299,-0.0108484952,0.0229564570,0.0300906654,-0.0106458589
9.6849784851,-0.0089358389,0.0130027542,-0.0099413125,0.0346325561,0.0397638008,-0.0149663044
9.6949796677,0.0004119422,0.0114276418,-0.0079979030,0.0261104405,0.0344228297,-0.0074916105
9.7049350739,0.0098896623,0.0078172693,-0.0021138517,0.0123384353,0.0183570459,0.0011213189
9.7149572372,0.0117154270,0.0050623724,0.0037442716,0.0102748852,0.0076972106,0.0065044998
9.7249517441,0.0126542449,0.0071490416,0.0056525739,0.0124536175,0.0023700895,0.0065375227
9.7349481583,0.0097408742,0.0062777111,0.0085267099,0.0113618542,0.0045171296,0.0086492766
9.7448949814,0.0059296633,0.0004450388,0.0075066956,0.0060427231,0.0002462184,0.0139926430
9.7549085617,0.0021241154,-0.0035212629,0.0075072320,-0.0078421999,0.0012097501,0.0150619019
9.7649402618,0.0022332217,-0.0046706786,-0.0002580611,-0.0131075364,-0.0042475993,0.0066018384
9.7749271393,0.0032845135,-0.0057664802,-0.0021517007,-0.0088029355,-0.0043080533,-0.0050901049
9.7849063873,0.0051799114,0.0000679500,-0.0021514622,0.0019248100,-0.0054119336,-0.0189015232
9.7949056625,0.0070833559,0.0030995614,-0.0031661717,0.0190506671,-0.0085411482,-0.0252671447
9.8049116135,0.0090793669,-0.0005655281,-0.0032006828,0.0255008433,-0.0148858633,-0.0231057238
9.8149070740,0.0081541091,-0.0062123528,0.0035745772,0.0148276929,-0.0170616657,-0.0177716780
9.8249015808,0.0034134979,-0.0110581508,0.0045084031,-0.0022644754,-0.0171575397,-0.0135095557
9.8348503113,-0.0023976867,-0.0053105643,0.0034792693,-0.0098084118,-0.0086596590,-0.0124954237
9.8448448181,-0.0043691103,0.0004677184,0.0054111751,-0.0034216195,-0.0064726705,-0.0125140660
9.8549156189,-0.0083064437,0.0023911900,0.0024453672,0.0039839665,0.0010776573,-0.0115069915
9.8648815155,-0.0093491226,0.0024348206,0.0004560621,0.0092383828,0.0107465293,-0.0105109699
9.8748455048,-0.0086023957,0.0044623921,0.0014136704,0.0059441864,0.0214194134,-0.0095161451
9.8848810196,-0.0020105992,0.0055922577,0.0004462870,0.0134335272,0.0193397515,-0.0095078899
9.8948831558,0.0017163154,0.0067682574,0.0004153522,0.0199181922,0.0076767043,-0.0041239103
9.9048614502,0.0065689529,0.0050899098,0.0023272308,0.0242847092,-0.0061384439,0.0012745839
9.9148254395,0.0037545557,0.0033383078,0.0032041343,0.0200386979,-0.0114615699,0.0076868096
9.9248142242,0.0029184516,0.0025222308,0.0050935419,0.0115155187,-0.0147066321,0.0109009789
9.9348449707,-0.0017486963,-0.0033190839,0.0040957006,-0.0003170390,-0.0061930390,0.0172282495
9.9448413849,-0.0016381446,-0.0033648901,0.0041111978,-0.0067722751,-0.0008808313,0.0193230920
9.9548072815,-0.0025603031,-0.0024689131,0.0041199001,-0.0014705872,0.0044825086,0.0171615388
9.9647779465,-0.0025397544,-0.0014843934,0.0001894506,0.0102425274,0.0088301189,0.0150003824
9.9748344421,-0.0015885535,-0.0013566904,-0.0017967550,0.0199167263,0.0034984709,0.0075909365
9.9848136902,-0.0025911932,-0.0031107359,-0.0028541414,0.0284606796,0.0066892039,-0.0019972429
9.9948482513,-0.0016669634,-0.0057502082,-0.0049014417,0.0380880088,0.0067091780,-0.0083784433
10.0047874451,-0.0027612005,-0.0073436191,-0.0011251895,0.0359444283,0.0077613927,-0.0083837695
10.0147657394,0.0000493523,-0.0050267866,0.0036676796,0.0306613836,0.0013032269,-0.0094028283
10.0248012543,0.0029993649,-0.0057632616,0.0026200684,0.0157359634,-0.0051341662,0.0012732523
10.0347957611,0.0040588672,-0.0037248426,0.0006324919,0.0018680841,-0.0083986688,0.0076810839
10.0447950363,0.0002777722,-0.0028071098,-0.0023246733,-0.0055930270,-0.0105758030,0.0098251952
10.0547790527,-0.0015694503,-0.0009503357,-0.0023259846,-0.0099230604,-0.0041767592,0.0119107161
10.0646209717,-0.0015348796,0.0018720932,-0.0052365391,-0.0088647204,-0.0010075977,0.0065774703
10.0747861862,-0.0015254322,0.0057083378,-0.0101349084,0.0006981585,0.0054545626,0.0033403975
10.0847377777,-0.0015361909,0.0067465017,-0.0140701858,0.0135489758,0.0012606166,0.0012338371
10.0947475433,0.0004100647,0.0049727866,-0.0131259291,0.0188892782,0.0012952376,0.0012331717
10.1045818329,0.0013999190,0.0002671190,-0.0092453687,0.0082155960,-0.0008794998,0.0065666842
10.1147661209,0.0024060602,-0.0015998774,-0.0053457348,0.0028364100,0.0023256144,0.0107972492
10.1247758865,0.0033590491,0.0013879545,-0.0004741875,0.0039163213,-0.0008360902,0.0150665632
10.1347208023,0.0043938602,0.0063284347,0.0004633339,0.0103385355,-0.0039714295,0.0172056146
10.1446352005,0.0025800313,0.0015180118,-0.0025016991,0.0103017837,-0.0007380861,0.0203718469
10.1547307968,-0.0031572734,-0.0043376675,-0.0005783765,-0.0014540749,0.0013002977,0.0193040501
10.1648168564,-0.0070021753,-0.0093287816,-0.0005488126,-0.0111101652,0.0097214794,0.0128818378
10.1746912003,-0.0061061238,-0.0094373217,0.0004767450,-0.0100494288,0.0149774933,0.0022257317
10.1846885681,-0.0033847843,-0.0036261671,-0.0004724590,-0.0015123989,0.0181863382,-0.0052377773
10.1947107315,-0.0036581610,0.0022936768,0.0014307769,0.0155458134,0.0225525890,-0.0105921952
10.2047138214,-0.0029947613,0.0054502795,0.0013486417,0.0336947218,0.0247760620,-0.0169936363
10.2147846222,0.0005526092,0.0068872580,0.0061141523,0.0528877266,0.0291609559,-0.0212838557
10.2247524261,0.0041108723,0.0064785192,0.0108319791,0.0593221895,0.0239030775,-0.0170046873
