0.0000000000,-0.0727309436,0.2184384018,0.0500872880,0.0325071514,-0.0281761680,0.2055758238
0.0095860958,-0.0902249068,0.1792459041,0.0380524546,0.2046312541,0.0379820801,0.2868307233
0.0195339918,-0.0789009854,0.1796462089,0.0149160763,0.3305366933,0.0422167741,0.2930896878
0.0295250416,-0.0538127646,0.1802821606,0.0061861416,0.4206241071,-0.0000222938,0.2763215005
0.0395799875,-0.0476353541,0.1424821764,0.0167911779,0.4604469240,-0.0392719619,0.2744205296
0.0495150089,-0.0659936070,0.1121078953,0.0643895417,0.3357960582,-0.0460795350,0.2161202133
0.0598670244,-0.1020279825,0.0566795357,0.1055954844,0.1477193534,0.0084553463,0.1394070536
0.0722579956,-0.1432313770,0.0000887120,0.1739540845,-0.1452877522,0.1090448052,0.0433441736
0.0796670914,-0.1701087952,-0.0233258102,0.2071525007,-0.4531194866,0.2008418292,-0.0675246865
0.0896960497,-0.1668070853,-0.0393378548,0.2140160948,-0.6827750206,0.2632902861,-0.1814451367
0.0996659994,-0.1496658474,-0.0278306399,0.1842820197,-0.8131435513,0.3034512997,-0.2411059290
0.1096550226,-0.1199274138,-0.0240629110,0.1431881934,-0.8813513517,0.2900981903,-0.2409716994
0.1197930574,-0.0790830851,-0.0167592559,0.0992328674,-0.8969496489,0.2313784361,-0.2193336487
0.1296900511,-0.0484544709,0.0091608372,0.0754834563,-0.8611320257,0.1495762467,-0.1933308095
0.1397100687,-0.0395326801,0.0511914082,0.0619211942,-0.7601497173,0.0639532283,-0.1737254262
0.1496200562,-0.0414486788,0.0883902237,0.0547325760,-0.6431615949,-0.0173482876,-0.1626559943
0.1596699953,-0.0477078408,0.1288353056,0.0685848743,-0.4933937490,-0.0630739629,-0.1454646289
0.1696360111,-0.0368357897,0.1457563788,0.0724311620,-0.2735269368,-0.0676045343,-0.1243409589
0.1796460152,-0.0299638994,0.1626006514,0.0640399605,-0.1137091815,-0.0227265395,-0.1449259967
0.1896320581,-0.0423776321,0.1894141287,0.0717657954,-0.0010193810,0.0378976576,-0.1570841223
0.1996810436,-0.0512947179,0.1566635370,0.0365267545,0.1324179024,0.0085695963,-0.0826193541
0.2096620798,-0.0275772326,0.1285619587,0.0451682359,0.2514835596,-0.0715199113,-0.0566857569
0.2196640968,-0.0098348046,0.0866762623,0.0564782768,0.3295344412,-0.1183191091,0.0243036374
0.2296000719,-0.0219356790,0.0752069876,0.0652954727,0.3488649726,-0.1571701020,0.0882855505
0.2397580147,-0.0417220481,0.0943477675,0.0815749317,0.4194439650,-0.1799739450,0.1075070500
0.2495690584,-0.0559711717,0.0919008777,0.0869856030,0.5263872147,-0.2298768014,0.1746866107
0.2596590519,-0.0605663136,0.0808690712,0.0950529128,0.6417090893,-0.4515024126,0.4023351073
0.2695790529,0.1032260507,0.0857785270,0.0835274607,0.7151276469,-0.7330480218,0.5347836614
0.2796180248,0.0765602365,0.0992963836,0.0936523229,0.7095422149,-0.6247287989,0.3322297633
0.2895580530,-0.0118137756,0.0762408599,0.0966667682,0.5825187564,-0.5985128880,0.2630930543
0.2995860577,-0.0032959662,0.0523664840,0.0880431682,0.4076177776,-0.7651543617,0.3078528047
0.3095970154,0.0166577101,0.0581504591,0.0815627724,0.2405036241,-0.9649792910,0.3400746584
0.3195840120,0.0541528612,0.0147270169,0.0940952450,0.0892370120,-1.1485673189,0.3817412853
0.3297150135,0.0463659614,0.0134370681,0.1008970886,-0.0112025104,-1.2784048319,0.4134627283
0.3396580219,0.0037393861,0.0278194603,0.1590658575,-0.0793108568,-1.3045663834,0.4158056378
0.3495399952,-0.0406817645,0.0358544029,0.1946875006,-0.0613022968,-1.2873353958,0.4146189094
0.3595470190,-0.0270766914,-0.0057437811,0.1911382228,0.0727736205,-1.2381490469,0.4205810726
0.3697609901,-0.0214672536,0.0099426266,0.1558970362,0.1503115594,-1.1738030910,0.3754892051
0.3795460463,-0.0207495242,0.0563600101,0.1193924695,0.1779188067,-1.1251052618,0.2954744101
0.3895410299,-0.0093272040,0.0466429479,0.0655409247,0.2278794497,-1.0896666050,0.2697123289
0.3995270729,0.0332670808,-0.0038420057,0.0078269383,0.2190550715,-1.0597045422,0.2822752595
0.4097779989,0.0754752457,-0.0361207239,-0.0448903888,0.1430817395,-1.0493408442,0.3130704463
0.4195430279,0.1088532209,-0.0606063269,-0.0907897204,0.0438085422,-1.0574151278,0.3333763778
0.4295350313,0.1195296943,-0.0695193484,-0.1222250909,-0.0290094707,-1.0322637558,0.3407008946
0.4396600723,0.1243701875,-0.0867792144,-0.1387623399,-0.0389905982,-0.9853447676,0.3372181356
0.4495520592,0.1087240279,-0.1000308171,-0.1567275375,0.0075707785,-0.9379122257,0.3421899974
0.4595150948,0.1024605930,-0.1118315235,-0.1863823980,0.0627809018,-0.9001124501,0.3376561105
0.4694930315,0.1084280908,-0.1066972092,-0.2248208374,0.0701160505,-0.8735538125,0.3119813502
0.4794930220,0.1354330480,-0.1006835178,-0.2510116100,0.0764169544,-0.8523190618,0.2895286381
0.4894880056,0.1456856430,-0.1109087393,-0.2513443232,0.0529129580,-0.8482619524,0.2852691710
0.4994920492,0.1547952592,-0.1211589947,-0.2370628566,0.0496869385,-0.8429961205,0.2788622975
0.5094970465,0.1703794599,-0.1256377697,-0.2255967706,0.0236601327,-0.7814707160,0.2476721406
0.5194890499,0.1869162023,-0.1352729201,-0.2126699537,0.0091417767,-0.6899650693,0.2120293379
0.5294460058,0.1883961558,-0.1644158065,-0.2152631134,-0.0000365414,-0.6036543846,0.1891658306
0.5394949913,0.1930933297,-0.1857504845,-0.2332343906,-0.0046841577,-0.5472736955,0.1622448564
0.5494680405,0.2031320632,-0.1700710356,-0.2775652409,-0.0228035059,-0.5370255709,0.1271321476
0.5594540834,0.2302405238,-0.1479439586,-0.3144383430,-0.0247597322,-0.5479660630,0.0995829403
0.5695819855,0.2489453852,-0.1397708654,-0.3285170197,-0.0447361022,-0.5719246864,0.0657557398
0.5795140266,0.2619493604,-0.1385065019,-0.3309844732,-0.0594408810,-0.5946260095,0.0489137769
0.5894650221,0.2701770067,-0.1449829936,-0.3315754533,-0.0509445965,-0.5839903951,0.0350277871
0.5994950533,0.2627331316,-0.1062099114,-0.3058710098,-0.0907600522,-0.5248921514,-0.0173841547
0.6094141006,0.2341497838,-0.0864384398,-0.2769598961,-0.1109976843,-0.3749117553,-0.0842108577
0.6194350719,0.1868892014,-0.0900840983,-0.2254120559,-0.1623097360,-0.0766992271,-0.1626013964
0.6294471025,0.1302851140,-0.1327725351,-0.1926858276,-0.1329598427,0.2641281188,-0.2052029222
0.6394180059,0.1232336462,-0.1787216961,-0.2138560861,-0.0863132402,0.5815106034,-0.2551004291
0.6495690346,0.1247015595,-0.1907053888,-0.2718364000,0.0130008301,0.8523295522,-0.2983592153
0.6596060991,0.1368728280,-0.1781402528,-0.3535626531,0.1409848928,1.0038394928,-0.3206797242
0.6726490259,0.1603507400,-0.1456518471,-0.4038050175,0.2429943532,1.0738095045,-0.3552012146
0.6796920300,0.1998794675,-0.1361872703,-0.4242183566,0.3094402254,1.0558446646,-0.3912521601
0.6894540787,0.2370162010,-0.1507388353,-0.4189499021,0.3260756433,0.9894991517,-0.4152685404
0.6995400190,0.2518468201,-0.1476505548,-0.3723454475,0.3127760887,0.9282763004,-0.4382353723
0.7092280388,0.2581015527,-0.1438026130,-0.3084230423,0.2671265900,0.9063566327,-0.4603715837
0.7192150354,0.2540158033,-0.1442461312,-0.2517356873,0.2886342704,0.8956459165,-0.4826281369
0.7292940617,0.2262902856,-0.0996789560,-0.1785475463,0.2134638876,0.9851401448,-0.5734592676
0.7392020226,0.1844209731,-0.0613861643,-0.0970294923,0.1448004097,1.1859754324,-0.6480141878
0.7495660782,0.1449341774,-0.1029369310,-0.0454488844,0.0456823446,1.4319822788,-0.6633512974
0.7595490217,0.1361681521,-0.1713199317,-0.0495206565,-0.0179580189,1.6253097057,-0.6220671535
0.7692500353,0.1660727859,-0.2009128481,-0.1174617857,-0.0497809276,1.7047264576,-0.5556292534
0.7791620493,0.1912874579,-0.1662553996,-0.1742386669,0.0014254013,1.6884659529,-0.5035020113
0.7891700268,0.1941572130,-0.1164946184,-0.1976358742,0.0883392617,1.6231091022,-0.4755166769
0.7991520166,0.1938070059,-0.0906376019,-0.1879380196,0.2169989645,1.5368524790,-0.4293638468
0.8091599941,0.1954185665,-0.0808549747,-0.1589238495,0.3159535229,1.4310653210,-0.3905008733
0.8191740513,0.1919948459,-0.0724197701,-0.1159247011,0.3731467724,1.3504005671,-0.3762082160
0.8293420076,0.1745911539,-0.0665715858,-0.0666930526,0.4163594842,1.2866344452,-0.3726377189
0.8418220282,0.1569775939,-0.0612254106,-0.0171841849,0.4159716070,1.2064181566,-0.3784919977
0.8495070934,0.1556760520,-0.0622008853,0.0139122149,0.3823508024,1.1430538893,-0.3833695948
0.8593310118,0.1352086812,-0.0764632747,0.0662806183,0.3090508580,1.0986927748,-0.3798431754
0.8694419861,0.1180335879,-0.0936274156,0.1099118739,0.1969413757,1.0989580154,-0.3723298609
0.8793489933,0.0998844951,-0.1243270263,0.1511610299,0.0344359465,1.1245301962,-0.3596336544
0.8893080950,0.0895306617,-0.1388756931,0.1385972053,-0.1097044498,1.1141140461,-0.3222817481
0.8993610144,0.0911354274,-0.1261904389,0.1084439903,-0.1702474207,1.0563929081,-0.2676827013
0.9092890024,0.0904391557,-0.0709679797,0.0768991858,-0.1694351584,0.9423742890,-0.2276353836
0.9192810059,0.0934395194,-0.0428338610,0.0703079849,-0.1832344532,0.7949541807,-0.2054213136
0.9293169975,0.0958670825,-0.0486228280,0.0766939670,-0.2961042821,0.6284725070,-0.1978885531
0.9392720461,0.0922088549,-0.0849106088,0.0988283306,-0.4017508030,0.4794300795,-0.1575403214
0.9492800236,0.0839954019,-0.1074385419,0.1266680509,-0.4713301659,0.3563528657,-0.1131355837
0.9592540264,0.0689576715,-0.0506913923,0.1590213925,-0.4634256363,0.2956722081,-0.0914987326
0.9693360329,0.0409042165,0.0195510145,0.1927881390,-0.3638987541,0.2727559805,-0.1116050631
0.9792860746,0.0209274590,0.0634737238,0.2128544599,-0.2485287935,0.2765459120,-0.1478315145
0.9892560244,0.0168334320,0.0638930127,0.2212748080,-0.1034078002,0.2892888784,-0.1639513522
0.9992500544,0.0094411438,0.0123276468,0.2011770755,0.0035382193,0.2613373995,-0.1553486735
1.0092600584,0.0109672686,-0.0175270680,0.1800300032,0.0654122382,0.2504043281,-0.1149501279
1.0192570686,-0.0049612229,-0.0334344022,0.1771403104,0.0741302297,0.2050368488,-0.0530416183
1.0292470455,-0.0087726722,-0.0406115763,0.1830824167,0.0455180258,0.1655789167,-0.0166444611
1.0392570496,-0.0051202257,-0.0508258007,0.1907687336,-0.0579106249,0.1519469917,-0.0164806768
1.0492449999,0.0112838214,-0.0796008334,0.1699651629,-0.2362974137,0.1530045420,0.0186959524
1.0592100620,0.0231214762,-0.1411990970,0.1602916867,-0.3762537241,0.1365685761,0.0975140706
1.0692170858,0.0360054001,-0.1424052268,0.1377723962,-0.4294354320,0.0865141973,0.1669312268
1.0792080164,0.0498007834,-0.0936105177,0.1075174958,-0.3671775460,0.0306565240,0.2033721805
1.0892120600,0.0421671197,-0.0549382530,0.0735567361,-0.2204315066,-0.0281154476,0.1972764730
1.0992170572,0.0360754430,0.0176508185,0.0586156994,-0.0557924844,-0.1547668725,0.1119304225
1.1092200279,0.0323499665,0.0566715784,0.0905182511,0.0235651918,-0.1551247984,-0.0017985365
1.1191960573,0.0041836794,0.0215394702,0.1404509097,0.0479185991,-0.1063165143,-0.0658756495
1.1292290688,-0.0231977552,-0.0599643849,0.1678607613,0.0535224229,-0.0027363212,-0.0824871212
1.1392560005,-0.0387743339,-0.1259510815,0.1650824696,0.0410340652,0.0754647404,-0.0511153527
1.1491920948,-0.0355773643,-0.1267802566,0.1241068989,0.0174022373,0.0913592800,-0.0458899662
1.1592460871,-0.0199504197,-0.0768205896,0.0959226042,0.0050483653,0.0409208797,-0.0583026893
1.1691809893,-0.0036643974,-0.0503433309,0.0920379907,-0.0123551264,-0.0395912714,-0.0832658336
1.1791790724,0.0115071973,-0.0561996661,0.1068244129,-0.0427114367,-0.1072749868,-0.0955515280
1.1891760826,0.0204528645,-0.0779823884,0.1372715384,-0.0754640549,-0.1554696709,-0.0771554783
1.1992050409,0.0290891603,-0.0890061036,0.1522062570,-0.0859072357,-0.1938040107,-0.0514047034
1.2091410160,0.0268683881,-0.0577002428,0.1588436514,-0.1018324047,-0.2150669545,-0.0236335266
1.2191410065,0.0288442001,-0.0371572338,0.1567522436,-0.0900728256,-0.2265262753,0.0008687524
1.2291311026,0.0219536200,-0.0227208976,0.1605116874,-0.1353811771,-0.1712449193,0.0069162585
1.2391639948,-0.0010690546,-0.0009691960,0.1906964928,-0.0996604711,-0.1056813449,0.0170900673
1.2491230965,0.0222960860,-0.0135191772,0.1577992588,-0.0757181197,-0.0348830707,0.0251133721
1.2591310740,0.0239571705,-0.0379096232,0.1179518849,-0.0769807249,-0.0197400711,0.0473267958
1.2691550255,0.0256392658,-0.0564630292,0.0839449316,-0.0705236197,-0.0396975353,0.0825106204
1.2791121006,0.0325682834,-0.0407300405,0.0625488311,-0.0105545633,-0.0742555112,0.1113758236
1.2891780138,0.0287756324,-0.0191052649,0.0602970868,0.0815484673,-0.1339558661,0.1711925417
1.2991070747,0.0140847405,-0.0141923819,0.0597811490,0.1853815168,-0.1893530786,0.2235360444
1.3090810776,0.0018334383,-0.0016062504,0.0649217516,0.2507269681,-0.2354750335,0.2705347240
1.3190920353,-0.0162742808,-0.0012952781,0.0895339996,0.3246355653,-0.2847301662,0.3186111748
1.3291290998,-0.0253586918,-0.0205561910,0.1218768507,0.3803627193,-0.3340330124,0.3773234785
1.3390899897,-0.0319340304,-0.0325663500,0.1520770341,0.4264369905,-0.3832897842,0.4498519897
1.3490830660,-0.0232026875,-0.0267962907,0.1636065394,0.4332584143,-0.4512584507,0.4949084222
1.3591690063,0.0108596524,0.0081014540,0.1683584601,0.4176297784,-0.5067597628,0.5186532736
1.3691180944,0.0364130735,0.0362122692,0.1718773395,0.4352665842,-0.5844274163,0.5446420312
1.3790760040,0.0670469552,0.0389033891,0.1558236033,0.4379237294,-0.6642066836,0.5876548886
1.3890600204,0.0818139315,0.0279718246,0.1610261947,0.4820073247,-0.7201303840,0.6326071620
1.3990540504,0.0714078695,0.0053881612,0.1747234613,0.5207340717,-0.7739533782,0.6775473356
1.4090540409,0.0591640472,-0.0129959676,0.1802339703,0.5636799335,-0.8213355541,0.7224450111
1.4190810919,0.0427310914,-0.0447770171,0.1825733930,0.6194285750,-0.8686024547,0.7694587708
1.4290690422,0.0268808901,-0.0723422244,0.1855764538,0.6508658528,-0.9365532398,0.7943124771
1.4390410185,0.0201479346,-0.1008569822,0.1835562140,0.6567749977,-1.0164371729,0.8224515319
1.4490220547,0.0200433582,-0.1448925734,0.1792074591,0.6985144615,-1.1656093597,0.8393256068
1.4590830803,0.0335844159,-0.1477118880,0.1791471988,0.6793441176,-1.2868387699,0.8040031791
1.4690459967,0.0575403571,-0.0965606347,0.1736874729,0.5377992392,-1.4340524673,0.7158157825
1.4790930748,0.0726843178,-0.0803926066,0.1516863853,0.3224826455,-1.5574676991,0.6020258665
1.4890130758,0.0748767257,-0.1315988153,0.1453718096,0.1120990515,-1.6557314396,0.5507528186
1.4990800619,0.0906260014,-0.1917891055,0.1206276566,-0.1242233366,-1.7334828377,0.5471738577
1.5090100765,0.1028557420,-0.2405593842,0.0938559920,-0.3246445954,-1.7743786573,0.5709516406
1.5190800428,0.1005879045,-0.2336403877,0.0551648289,-0.5177593231,-1.7792301178,0.5530558825
1.5290120840,0.0991606712,-0.1591663808,0.0082186004,-0.6586580873,-1.7593981028,0.4999061227
1.5390650034,0.0876902640,-0.1244050190,-0.0259982813,-0.6897099018,-1.7259190083,0.4434043467
1.5487960577,0.0799497068,-0.1334086657,-0.0640897602,-0.6536117792,-1.6885317564,0.4080778062
1.5590450764,0.0876936316,-0.1512697339,-0.1088871211,-0.5737962127,-1.6485952139,0.3812029064
1.5689480305,0.1081617773,-0.1644913405,-0.1472612470,-0.5216850638,-1.6006321907,0.3181744218
1.5793600082,0.1210909784,-0.1675401628,-0.1829689592,-0.5185526609,-1.5659141541,0.2510185242
1.5898010731,0.1267260015,-0.1801476479,-0.2187708467,-0.5220171809,-1.5171487331,0.2071466893
1.5996350050,0.1307630241,-0.1935015172,-0.2433996052,-0.5438674688,-1.4427988529,0.1716194451
1.6096980572,0.1405945122,-0.2117923498,-0.2622824907,-0.5498918295,-1.3448342085,0.1338046938
1.6196110249,0.1542644799,-0.2203794867,-0.2955409884,-0.5880293250,-1.2385126352,0.1023322642
1.6291360855,0.1558405459,-0.2143827081,-0.3167936802,-0.6007816195,-1.1000130177,0.0610721707
1.6388731003,0.1528979242,-0.2003035694,-0.3272004128,-0.6053122282,-0.9250606894,0.0259464085
1.6489250660,0.1613076925,-0.2026790679,-0.3451026678,-0.5787969828,-0.7772983909,0.0324064381
1.6587669849,0.1912387311,-0.2128395736,-0.3944888115,-0.5979250073,-0.6598390937,0.0359059647
1.6687430143,0.2129829228,-0.2162882537,-0.4374235868,-0.5963422656,-0.4579336643,0.0218468700
1.6788229942,0.1935839355,-0.2483048588,-0.4747967720,-0.6966256499,-0.1813518852,-0.0414941534
1.6887470484,0.2171803117,-0.3011966646,-0.5207831264,-0.7250434160,0.0279392991,-0.0396443196
1.6987490654,0.2263686657,-0.3224577010,-0.5633589029,-0.5523440242,0.1727771759,-0.0077710748
1.7087121010,0.2434654832,-0.2476997524,-0.5894271731,-0.2168811113,0.2694075704,-0.0107567441
1.7186970711,0.2762525678,-0.1642098576,-0.5855560303,0.1823680103,0.2828389704,-0.0514937863
1.7287690639,0.2877271175,-0.1292550117,-0.5366258621,0.4928638339,0.3137800992,-0.0890949592
1.7387450933,0.2531466186,-0.1462940276,-0.4429185390,0.5799244642,0.3700548410,-0.0863319263
1.7487610579,0.2249123156,-0.2002958506,-0.3651528358,0.5511010289,0.5054507256,-0.1010008901
1.7587600946,0.1986582577,-0.2103896141,-0.3174389005,0.5082105398,0.6726109385,-0.1381762326
1.7687010765,0.1585219204,-0.1996216327,-0.2874666452,0.4739223719,0.8333976865,-0.1785034090
1.7787050009,0.1388217807,-0.2173865139,-0.2721611857,0.4035727084,0.9567005038,-0.1951911747
1.7887639999,0.1297528446,-0.2249720991,-0.2611993551,0.3142625391,1.0509599447,-0.2159254849
1.7987580299,0.1359764636,-0.2210081369,-0.2530783415,0.2530302107,1.1058902740,-0.2364239544
1.8087199926,0.1644712687,-0.2029080242,-0.2395139188,0.2101839334,1.1320970058,-0.2578118145
1.8188550472,0.1791597605,-0.1852356941,-0.2231695503,0.1633108407,1.1241720915,-0.2672895789
1.8290550709,0.1771937907,-0.1659607440,-0.1943602413,0.1537413001,1.1187722683,-0.2651230991
1.8388839960,0.1700786650,-0.1600196064,-0.1641889662,0.1434524506,1.0748074055,-0.2722670436
1.8488450050,0.1616652310,-0.1545127034,-0.1299315542,0.1603949517,1.0951638222,-0.2819724083
1.8588590622,0.1438813806,-0.1573706418,-0.0849380344,0.2164914906,1.1637703180,-0.3100815415
1.8690240383,0.1226883531,-0.1522257477,-0.0751636475,0.2353578657,1.2097926140,-0.3199546635
1.8786170483,0.1163339317,-0.1510191560,-0.0775630921,0.2864664495,1.2282984257,-0.3264824748
1.8886740208,0.1259709001,-0.1517568380,-0.0795430988,0.3303500116,1.2210018635,-0.3445264697
1.8986999989,0.1327748597,-0.1512297690,-0.0759638399,0.3339868486,1.1780602932,-0.3697479367
1.9089490175,0.1419439614,-0.1672360301,-0.0628268570,0.3248729706,1.1265027523,-0.3906534612
1.9188370705,0.1363886297,-0.1768738776,-0.0400221795,0.2988166213,1.0577254295,-0.4103744328
1.9288870096,0.1171452701,-0.1749015003,-0.0219486225,0.2716401219,0.9932603240,-0.4248109162
1.9387960434,0.0936041772,-0.1674496680,-0.0071179131,0.2178632915,0.9189552665,-0.4412912130
1.9488281012,0.0802204609,-0.1459588110,0.0134498021,0.1350869238,0.8689506650,-0.4642817378
1.9587970972,0.0629258454,-0.1535871774,0.0489773899,0.0584034659,0.8459526896,-0.4598312378
1.9688200951,0.0422145128,-0.1590095013,0.0823128968,-0.0153197572,0.8476653695,-0.4427925944
1.9787809849,0.0340370834,-0.1552933753,0.1128624827,-0.0784486607,0.8611739278,-0.4300842285
1.9887779951,0.0327517092,-0.1414643228,0.1180297285,-0.1104361489,0.8493332267,-0.4108620584
1.9988189936,0.0265994817,-0.1152260080,0.1123175770,-0.1132754833,0.8002554774,-0.3977930248
2.0089740753,0.0290486217,-0.0880355313,0.0985413939,-0.0956389606,0.7382746339,-0.4122768939
2.0189850330,0.0241931081,-0.0663980916,0.1020866781,-0.0641793087,0.6807224154,-0.4214876890
2.0295960903,0.0151042333,-0.0582070909,0.1103080064,-0.0434173048,0.6231499314,-0.4232536256
2.0387790203,0.0127554378,-0.0617324375,0.1238838583,-0.0122203706,0.5882462859,-0.4081746638
2.0487630367,0.0168886483,-0.0550707392,0.1284053475,-0.0056141326,0.5522126555,-0.3781986535
2.0587949753,0.0146285584,-0.0375731401,0.1365690380,-0.0416690707,0.5115749240,-0.3481635153
2.0687110424,0.0058935280,-0.0409830026,0.1603940278,-0.0448944271,0.5032448173,-0.3194226921
2.0788211823,0.0122562340,-0.0609978102,0.1732369214,-0.0609226599,0.4927080274,-0.2874727547
2.0887451172,0.0077696438,-0.0464645736,0.1760928184,-0.0579103604,0.5026410818,-0.2535427511
2.0987501144,-0.0044090156,-0.0329233967,0.1768906265,-0.0386075042,0.4774571657,-0.2162092328
2.1087541580,-0.0073035513,-0.0183023158,0.1590706259,-0.0170055367,0.4393111169,-0.1968539059
2.1187438965,-0.0098098526,-0.0128619466,0.1537482888,0.0013036942,0.4160183370,-0.1871528178
2.1287031174,-0.0141009549,-0.0136335883,0.1533996016,-0.0198825486,0.3966070712,-0.1880745441
2.1387300491,-0.0113637159,-0.0213717911,0.1599909216,-0.0368025452,0.3699179292,-0.1687656790
2.1487660408,-0.0031909205,-0.0332875066,0.1558605582,-0.0653186068,0.3228883743,-0.1429434121
2.1587190628,-0.0063875173,-0.0382496826,0.1582567245,-0.0611220002,0.3241568506,-0.1238333657
2.1687769890,-0.0193219930,-0.0407072417,0.1450436264,-0.0470607728,0.2976365685,-0.1130472943
2.1787040234,-0.0244901478,-0.0341282003,0.1356980950,-0.0163605213,0.3246844411,-0.1026200950
2.1887831688,-0.0447271168,-0.0476766042,0.1556338221,0.0150994007,0.3891462386,-0.0924361646
2.1986880302,-0.0437132046,-0.0519647114,0.1423089653,0.0092773326,0.4447540939,-0.0832281411
2.2086901665,-0.0316520631,-0.0508260988,0.1175766140,0.0047848457,0.4693561196,-0.0770101994
2.2186899185,-0.0252681673,-0.0441279672,0.0888539106,-0.0459397174,0.4059254527,-0.0744398460
2.2287321091,-0.0017018548,-0.0339740030,0.0720280558,-0.1157576740,0.3357594609,-0.0919967368
2.2386910915,0.0160741508,-0.0465311073,0.0795315653,-0.2291843742,0.2460274249,-0.1083341688
2.2487449646,0.0362639129,-0.0340879224,0.0532284528,-0.4328541160,0.2020908594,-0.0622241944
2.2586719990,0.0410569385,-0.0323271416,0.0631504804,-0.4213984311,0.1882882267,0.0632193461
2.2687339783,0.0663373098,0.0117974337,0.0680352002,-0.3575627208,0.1914190501,0.1215859801
2.2786679268,0.0841141343,0.0628863350,0.0685449988,-0.2533758581,0.2205108851,0.1797571480
2.2886540890,0.0606849417,0.0700900927,0.0621559769,-0.1961447895,0.2607168853,0.2049538493
2.2986459732,0.0283123404,0.0545758046,0.0654480606,-0.0843371749,0.2800634205,0.2408698946
2.3086509705,0.0271677747,0.0658343807,0.0617748052,0.0303513259,0.2295030355,0.2241194099
2.3186690807,0.0130306100,0.0550136901,0.0762378722,0.1455132067,0.2442952991,0.2250063866
2.3286461830,-0.0192124173,0.0120318588,0.1229077727,0.2755241990,0.2730441093,0.2194171995
2.3386421204,-0.0007496483,0.0022312307,0.1237329990,0.3090513945,0.2397362292,0.1686143428
2.3486299515,0.0249206498,-0.0064324532,0.1284603029,0.2863940299,0.1589654833,0.1181591600
2.3586301804,0.0208483487,-0.0428857915,0.1289770156,0.2264364213,0.0599744655,0.0954695567
2.3686699867,0.0250603631,-0.0663517788,0.1296900660,0.1750997305,-0.0496212728,0.0749682784
2.3786160946,0.0270396173,-0.0618345700,0.1468632370,0.1449593902,-0.1471520960,0.0713727474
2.3886120319,0.0278802291,-0.0536729060,0.1659236699,0.1231544986,-0.2252610028,0.0814560056
2.3986411095,0.0455930904,-0.0542936139,0.1732095629,0.1033309922,-0.2914499044,0.1084575281
2.4086132050,0.0664481819,-0.0524497740,0.1699533612,0.0703967437,-0.3266206682,0.1501418650
2.4186410904,0.0731508806,-0.0697113946,0.1637896448,0.0254905224,-0.3414107859,0.2108241171
2.4285941124,0.0645811036,-0.0867787227,0.1468440443,-0.0375827178,-0.3552389741,0.2757636905
2.4386658669,0.0603495538,-0.0614271723,0.1100887805,-0.0782328099,-0.3689137697,0.3385627866
2.4486279488,0.0617254451,-0.0098180417,0.0899991542,-0.0415538922,-0.4219335914,0.3548168540
2.4585871696,0.0578714758,0.0188549068,0.0961730629,-0.0089092618,-0.4944245517,0.3478282988
2.4685699940,0.0424148217,0.0103555378,0.1032760292,-0.0252586752,-0.5790766478,0.3377647698
2.4785928726,0.0306166932,-0.0086540077,0.1307439357,0.0132634174,-0.5884421468,0.3324860930
2.4885580540,0.0037350499,-0.0175413433,0.1531356722,0.0921241418,-0.5728600025,0.3333923817
2.4986219406,-0.0194664001,0.0017774308,0.1507621557,0.2073085308,-0.5602171421,0.3332323134
2.5085930824,-0.0104913125,0.0184640493,0.1288518459,0.3320389986,-0.5400232077,0.3319518566
2.5185720921,0.0127520403,-0.0064523909,0.1048780829,0.4749925435,-0.5408069491,0.3605402410
2.5285339355,0.0271509290,-0.0497128181,0.1012069136,0.5807624459,-0.5737090111,0.4169864655
2.5386080742,0.0321337283,-0.0757301077,0.0970511585,0.6523741484,-0.6037337184,0.4660018384
2.5485348701,0.0393918008,-0.0874847546,0.1052481085,0.7167712450,-0.6606326699,0.5035095215
2.5585532188,0.0349162370,-0.0873039290,0.1148234159,0.7494483590,-0.7415744662,0.5082623363
2.5688230991,0.0309590548,-0.0648648813,0.1036085635,0.6854144931,-0.8578355312,0.4697524905
2.5785880089,0.0419662148,-0.0598342232,0.0905128866,0.5605933070,-0.9903960228,0.4547619522
2.5885241032,0.0547603816,-0.0736759678,0.1069155484,0.3744285405,-1.0551853180,0.4213155806
2.5985140800,0.0672844499,-0.1151844934,0.1266989261,0.1375165284,-1.0613305569,0.4172719717
2.6085140705,0.0523799807,-0.1628138870,0.1379822642,-0.0623361394,-1.0580381155,0.4832584262
2.6184940338,0.0440469086,-0.1577526182,0.1318327338,-0.2300716043,-1.0537014008,0.5173442364
2.6285800934,0.0523083359,-0.1362660080,0.1122329980,-0.2908222973,-1.0742785931,0.5408927202
2.6385130882,0.0584076345,-0.1143600121,0.0738223940,-0.2604688108,-1.1348745823,0.5518884659
2.6486659050,0.0704169571,-0.0798587725,0.0564503819,-0.1723855436,-1.1994442940,0.5458713174
2.6585841179,0.0843615532,-0.0544583909,0.0228844415,-0.1157788560,-1.3232016563,0.5222023726
2.6685500145,0.1316644251,-0.0393218212,-0.0226902235,-0.1082373112,-1.4474322796,0.4868814051
2.6784670353,0.1500747204,-0.0579580031,-0.0511922687,-0.1445997208,-1.5674512386,0.4834338129
2.6885399818,0.1576184928,-0.0740289763,-0.0745524019,-0.2194968611,-1.6780710220,0.4895153940
2.6984090805,0.1604798138,-0.0865796879,-0.0465284437,-0.2501960397,-1.7155792713,0.5057155490
2.7085208893,0.1403343081,-0.1105636135,-0.0219163168,-0.2970796525,-1.7464828491,0.5590682626
2.7184481621,0.1128499210,-0.1496684551,-0.0187801588,-0.3976001441,-1.7384086847,0.5941441655
2.7285230160,0.1187196970,-0.1946704984,-0.0556592196,-0.5754442215,-1.8004692793,0.6222929955
2.7385621071,0.1346983612,-0.2248983532,-0.1615009159,-0.6870934367,-1.9913955927,0.6448563933
2.7485032082,0.1370494962,-0.2094281912,-0.2161685675,-0.5935848355,-2.2043132782,0.6599829197
2.7584409714,0.1224178076,-0.1498994827,-0.2156357616,-0.4261685610,-2.2723131180,0.5561934710
2.7685120106,0.0808313787,-0.0717642382,-0.1311913580,-0.4531855285,-2.1513905525,0.3471995294
2.7787129879,0.0273472369,-0.0792239979,-0.0645679682,-0.4852072597,-1.9532842636,0.1695817411
2.7884690762,0.0157230794,-0.1460598856,-0.0383905619,-0.3832057714,-1.6078922749,0.0950281397
2.7984230518,0.0053620036,-0.1674958616,-0.0396923274,-0.2627468705,-1.1882193089,0.0656623915
2.8084900379,-0.0054723923,-0.1699179858,-0.0808502883,-0.1717746109,-0.8252488375,0.0568707660
2.8184499741,0.0173110664,-0.1755723506,-0.1495305151,-0.1397194713,-0.5695568323,0.0551892482
2.8284430504,0.0471957624,-0.1801920086,-0.2210177630,-0.1634911150,-0.4093216360,0.0658530742
2.8383998871,0.0739679635,-0.1906273514,-0.2579746842,-0.2358864844,-0.3019531369,0.0630833879
2.8484659195,0.0833128989,-0.2039679885,-0.2715684175,-0.3142563999,-0.2470001280,0.0606569834
2.8583920002,0.0901921093,-0.2158746570,-0.2575076222,-0.3859689236,-0.2198483944,0.0509697348
2.8684589863,0.0926286280,-0.1968643814,-0.2316953987,-0.4351391494,-0.2001758814,0.0211295485
2.8783860207,0.1024039686,-0.1337556243,-0.2160497755,-0.4588435292,-0.1589938402,-0.0163047761
2.8883810043,0.1245976985,-0.1025896445,-0.2034542412,-0.3534854054,-0.1113426909,-0.0389975682
2.8983950615,0.1317676604,-0.0773127005,-0.2064221948,-0.2280558497,-0.0337078162,-0.0735861734
2.9085531235,0.1275452673,-0.0441056304,-0.2220057100,-0.0950991362,0.0386119187,-0.1113316938
2.9183900356,0.1209731996,-0.0403871201,-0.2435145229,0.0802741423,0.1339520216,-0.1205727234
2.9283990860,0.1028459966,-0.0502585433,-0.2526222467,0.2469621897,0.2442492247,-0.1224667653
2.9383611679,0.0775355995,-0.0510236137,-0.2329931110,0.3494198620,0.3848673105,-0.1446956396
2.9484310150,0.0678746402,-0.0763201937,-0.2232590169,0.4113721848,0.5177044868,-0.1657857448
2.9583458900,0.0622079074,-0.1036960557,-0.2163719386,0.4456936717,0.6270034909,-0.1643929034
2.9684009552,0.0632773936,-0.1145789251,-0.2037094086,0.4652838707,0.7073963284,-0.1553663909
2.9784569740,0.0715291798,-0.1167046800,-0.1917461008,0.4286370575,0.7488276958,-0.1524245292
2.9886169434,0.0855233967,-0.1249882653,-0.1854648441,0.3934795856,0.7421066761,-0.1566059589
2.9984068871,0.1074733436,-0.1262566000,-0.1787861437,0.3477774858,0.7192794085,-0.1596122682
3.0083770752,0.1090691686,-0.1283726245,-0.1689683646,0.3373189867,0.6851696372,-0.1391983479
3.0183382034,0.1041595042,-0.1395244002,-0.1515508145,0.3193598390,0.6521238089,-0.1124110669
3.0284090042,0.1032139063,-0.1312840134,-0.1372728199,0.3162380755,0.6456142664,-0.1208658069
3.0383369923,0.0923369825,-0.1117911115,-0.1158723682,0.3225302100,0.6689645648,-0.1454551816
3.0483560562,0.0768776834,-0.0876497403,-0.0918377489,0.3304957151,0.7573274970,-0.1938413531
3.0583181381,0.0586822331,-0.0739253387,-0.0664650053,0.3535498977,0.8245118260,-0.2325386703
3.0683240891,0.0508117080,-0.0862771645,-0.0660655349,0.3710074425,0.9153400064,-0.2512004972
3.0783100128,0.0443688035,-0.1136269346,-0.0649708360,0.3619982302,0.9740187526,-0.2558248043
3.0883510113,0.0551039279,-0.1338799149,-0.0796618313,0.3183013499,0.9693238735,-0.2653253675
3.0983080864,0.0729951262,-0.1428100914,-0.1043361276,0.2571159005,0.8853828907,-0.2774905562
3.1083412170,0.0846596360,-0.1474174112,-0.1215621084,0.1705029756,0.7913373113,-0.3225030601
3.1182870865,0.0893109739,-0.1521897912,-0.1388417333,0.0762627572,0.7049627900,-0.3378100991
3.1283521652,0.0932715237,-0.1483474225,-0.1370760053,0.0360295847,0.6577790380,-0.3194153905
3.1382799149,0.0982934833,-0.1309753358,-0.1208343953,0.0488098264,0.6495855451,-0.2896260619
3.1483459473,0.0954441428,-0.1057825014,-0.0950120538,0.0667736456,0.6648419499,-0.2716768682
3.1582741737,0.0954286456,-0.0953763500,-0.0678562969,0.0984327719,0.7068248391,-0.2645303011
3.1682860851,0.0881727338,-0.0981330052,-0.0486811250,0.1373961568,0.7670785785,-0.2532619238
3.1782488823,0.0732781589,-0.0919038430,-0.0352816433,0.1567946076,0.8856175542,-0.2837945223
3.1883380413,0.0551920831,-0.0688877180,-0.0236254800,0.1721312255,0.9763929844,-0.3067041039
3.1982541084,0.0475364029,-0.0731725171,-0.0447178930,0.2175083011,1.0523597002,-0.3380351365
3.2083110809,0.0378210843,-0.0806135312,-0.0443656296,0.2351211160,1.1333700418,-0.3800060153
3.2182412148,0.0353949070,-0.0976489857,-0.0536390394,0.2348860949,1.1674470901,-0.3951025605
3.2282700539,0.0465256572,-0.1313380450,-0.0569079965,0.2029838115,1.1522463560,-0.3939193189
3.2382512093,0.0599572659,-0.1461393088,-0.0671788901,0.1479659677,1.0951198339,-0.3998846710
3.2483000755,0.0755788386,-0.1396666318,-0.0729507059,0.1208744347,1.0157922506,-0.4025385082
3.2582240105,0.0839909613,-0.1324122399,-0.0663961023,0.1129668355,0.9377355576,-0.3988392353
3.2682771683,0.0754419267,-0.1196078733,-0.0495123118,0.0686760768,0.8700952530,-0.3941200972
3.2782170773,0.0646591783,-0.1160603538,-0.0249354709,0.0542264320,0.8111723065,-0.3969149888
3.2882170677,0.0717132688,-0.1085038856,-0.0092249373,0.0512530133,0.7812684774,-0.3914070129
3.2982070446,0.0594981611,-0.0997813717,0.0138862273,0.0650435239,0.7784617543,-0.3574030995
3.3082032204,0.0493276268,-0.0979133919,0.0330715328,0.0435512811,0.7839028835,-0.3266140521
3.3182060719,0.0496101975,-0.0873748139,0.0503724366,0.0315702558,0.8084912896,-0.3150782883
3.3282270432,0.0545578152,-0.0789730921,0.0589822680,0.0270095896,0.8385003209,-0.3014586270
3.3381900787,0.0574819148,-0.0785429850,0.0519504696,0.0407143496,0.8484661579,-0.2739128768
3.3482642174,0.0616331100,-0.0790313259,0.0359885842,0.0665384904,0.8157057762,-0.2535330355
3.3581571579,0.0671731234,-0.0616065972,0.0245338213,0.1077736840,0.7400097251,-0.2679427266
3.3682341576,0.0666496903,-0.0534782819,0.0195282828,0.1438533813,0.6522934437,-0.3088323772
3.3781809807,0.0507600009,-0.0363795869,0.0532541424,0.1283885390,0.6047288775,-0.3573829830
3.3882460594,0.0391807258,-0.0443802290,0.0869565755,0.1690491438,0.5974619389,-0.3690505624
3.3981630802,0.0405064523,-0.0716293529,0.1041252762,0.1797617227,0.5984885097,-0.3839392364
3.4082210064,0.0485859960,-0.0813423768,0.1026405245,0.1745389998,0.5845537782,-0.3838452399
3.4181530476,0.0608178079,-0.0797073916,0.0913701206,0.1045222282,0.5285014510,-0.3759975433
3.4281940460,0.0833496898,-0.0789426640,0.0783810169,0.0035042642,0.4702413380,-0.3479270339
3.4381451607,0.0896846056,-0.0890412703,0.0938820988,-0.0913699120,0.4409500360,-0.3115452230
3.4481949806,0.0807264745,-0.0847540274,0.0957604796,-0.1840388775,0.4083510935,-0.2900212705
3.4581441879,0.0818769783,-0.0645964518,0.0919144303,-0.2297486961,0.3792685866,-0.2749279439
3.4682090282,0.0814203173,-0.0416181497,0.0850390345,-0.2232066393,0.3580431938,-0.2631085515
3.4781160355,0.0812102407,-0.0115540717,0.0653093606,-0.1964219064,0.3381184638,-0.2428139448
3.4881958961,0.0817328244,0.0023268068,0.0444295555,-0.1540060043,0.2286694646,-0.2060125321
3.4981131554,0.0917464420,0.0272480752,0.0204632413,-0.1164033636,0.2011323869,-0.2101083398
3.5081801414,0.0691853017,0.0185629334,0.0607654601,-0.0536212102,0.2314080000,-0.2262843847
3.5181050301,0.0478161573,-0.0231548343,0.0620629340,-0.0601458177,0.2431743741,-0.2199845314
3.5281729698,0.0508726761,-0.0484593622,0.0391273648,-0.0710562542,0.2520762682,-0.1690398604
3.5381159782,0.0508923307,-0.0466032140,0.0258230697,-0.0827870816,0.2352291048,-0.1274842918
3.5481629372,0.0430540591,-0.0188767407,0.0202609431,-0.1257161647,0.2459664345,-0.0829035118
3.5580880642,0.0174619853,-0.0337941758,0.0286724102,-0.1372256875,0.3254530132,-0.0271058902
3.5681262016,-0.0119661996,-0.0598845594,0.0496371537,-0.0229947213,0.2938668430,0.0505737253
3.5780830383,-0.0054964279,-0.0169074330,0.0664417893,0.0382579826,0.2503859699,0.0348759852
3.5881550312,-0.0188343674,-0.0123121534,0.0937600881,0.0782568008,0.2242723256,-0.0552858636
3.5980670452,-0.0428415090,-0.0143415425,0.0935251862,0.0680707395,0.2176855356,-0.1912213266
3.6081330776,-0.0712142959,0.0118594673,0.0706490427,0.0641231388,0.2304050624,-0.3251623511
3.6180582047,-0.0960455835,0.0233436432,0.1172010452,0.1593331397,0.3661953807,-0.4057878256
3.6281230450,-0.1064480990,-0.0054898653,0.1845502406,0.2027724981,0.5155387521,-0.3547294438
3.6380491257,-0.0916280225,-0.0878437236,0.1985924393,0.2095897943,0.5748231411,-0.3030629158
3.6481170654,-0.0131986970,-0.1606215984,0.1392098218,-0.0795312375,0.5638458729,-0.3251000345
3.6580290794,0.0402604342,-0.2288634330,0.0162251126,-0.5182001591,0.6238255501,-0.1637002230
3.6680769920,0.0398966670,-0.1407477111,-0.0642561764,-0.5991616249,0.6506758332,0.0497228466
3.6780340672,0.0359124206,0.0810835287,-0.0734322518,-0.3791091442,0.6069688797,0.1146608293
3.6880280972,0.0461132228,0.1592721194,-0.0356816500,-0.0999001563,0.5458061695,0.0840531215
3.6980938911,0.0595494285,0.1337239593,-0.0155590037,0.0223922022,0.3635324836,0.0320309326
3.7080190182,0.0646232143,0.0721009299,0.0372596532,0.2838861048,0.2498618513,0.0017760913
3.7179830074,0.0381513573,0.0852318928,0.0976467282,0.3803736567,0.0835639462,-0.0343993567
3.7279970646,0.0241337195,0.1124588773,0.1402530223,0.3873729706,-0.1016557142,-0.0767611936
3.7380650043,0.0208901688,0.0640916452,0.2526161671,0.3910483718,-0.1426063478,-0.1189930737
3.7479748726,-0.0163379833,0.0048352983,0.3434557319,0.2422967404,-0.0925546214,-0.1309000552
3.7579879761,-0.0605508573,-0.0675163642,0.3456881046,0.2121012807,0.0174853262,0.0150158629
3.7679829597,-0.0166997612,-0.0386951976,0.2780212164,0.1016200483,0.0546470769,0.0860322490
3.7780461311,0.0017514633,0.0064618494,0.2055046707,-0.0084151132,0.0394018106,0.1531401873
3.7879559994,0.0094169145,0.0020928585,0.1463298947,-0.2330514193,-0.0370695256,0.1633544713
3.7979679108,0.0146377971,0.0047066417,0.1277630478,-0.4148713052,-0.1229378283,0.1608511060
3.8079600334,0.0017970459,0.0067320373,0.1289913207,-0.5449640155,-0.1483356059,0.1834168583
3.8179669380,-0.0245280899,0.0060226228,0.1420487911,-0.5612562895,-0.1404023021,0.2513715327
3.8280220032,-0.0315255523,0.0465696938,0.1403022557,-0.4963897169,-0.1361220777,0.3182291090
3.8378820419,-0.0244131461,0.0840889737,0.1403648406,-0.4126704633,-0.2046617121,0.3515478075
3.8480229378,-0.0121855820,0.0715922639,0.1296659857,-0.3211381435,-0.2918128669,0.3265516460
3.8579380512,-0.0049325866,0.0271009114,0.1304007918,-0.1659910232,-0.3417929411,0.3405764997
3.8680040836,-0.0026765510,0.0400281437,0.1508098990,0.0486893170,-0.3729018569,0.3831239641
3.8778262138,0.0155423721,0.0707685277,0.1530028135,0.2687493861,-0.4030357897,0.4097250998
3.8879690170,0.0303597003,0.0874119923,0.1615790874,0.3779925108,-0.4449880421,0.4046089053
3.8979330063,0.0332160816,0.0549125858,0.1700084358,0.4263786972,-0.4821412563,0.3910057545
3.9079871178,0.0309262872,0.0076980200,0.1490454227,0.4172523022,-0.5430786014,0.3977816403
3.9178681374,0.0387831777,-0.0063763950,0.1269264370,0.4080521464,-0.5985935926,0.4140852094
3.9278202057,0.0398910791,0.0038033032,0.1153316647,0.3900395930,-0.6116310954,0.4056832194
3.9379949570,0.0246556401,0.0045852866,0.1066410691,0.3060603738,-0.6466484666,0.3868473172
3.9478991032,0.0205130950,-0.0072990153,0.0944242626,0.1847342402,-0.6778036952,0.3531375825
3.9578499794,0.0235552266,-0.0446346514,0.0875413567,0.0749379694,-0.7020424604,0.3671796322
3.9678912163,0.0092545440,-0.0673442855,0.0952557474,0.0088811871,-0.7342448831,0.4109926224
3.9779009819,0.0193635225,-0.0530447774,0.1049252898,0.0282179993,-0.7595180273,0.4377021492
3.9878921509,0.0362549126,-0.0237392876,0.1261264831,0.0719020963,-0.7495610118,0.4376070797
3.9979538918,0.0237296075,-0.0135305021,0.1567213088,0.1625469178,-0.7319074273,0.4204324782
4.0078730583,0.0282672793,-0.0163470004,0.1373683363,0.2290532291,-0.7646709681,0.4036002159
4.0178971291,0.0679753721,-0.0124381576,0.1101497561,0.2868667245,-0.7720018625,0.3685469031
4.0278749466,0.0720019341,-0.0431107394,0.0758872181,0.2039521486,-0.8101417422,0.3582282066
4.0380783081,0.0589325577,-0.0876266435,0.0476039797,0.0919803381,-0.8363795280,0.3914117217
4.0478911400,0.0566729605,-0.1195642725,0.0225238930,-0.0330295116,-0.8370194435,0.4297492802
4.0578980446,0.0531460345,-0.1145078912,-0.0015234214,-0.0973648205,-0.8158361316,0.4657799900
4.0679011345,0.0501175523,-0.0804624334,-0.0119669894,-0.1029806286,-0.7869130969,0.4783450365
4.0780162811,0.0301658958,-0.0511595719,-0.0079352716,-0.0413055494,-0.7575877309,0.4770494103
4.0879259109,0.0077481861,-0.0440930240,0.0144567629,0.0748484880,-0.7300421000,0.4682905376
4.0978450775,0.0046090330,-0.0534900837,0.0260601174,0.1753123701,-0.7358795404,0.4438196719
4.1078610420,0.0407153517,-0.0697108284,0.0161897074,0.2172635496,-0.7698654532,0.4312620759
4.1179881096,0.0714723766,-0.0885335281,0.0088833114,0.2305025309,-0.8252674341,0.4411779344
4.1278271675,0.0833296776,-0.1143021956,0.0051174304,0.2140548378,-0.8992050290,0.4342321455
4.1379022598,0.0976333022,-0.0966760591,-0.0156355966,0.1584547013,-1.0025753975,0.3956328332
4.1478233337,0.0991831422,-0.0923595205,-0.0239075292,0.1166662425,-1.1025326252,0.3686880469
4.1579608917,0.0974471867,-0.0991811827,-0.0196348894,0.0861966088,-1.1448259354,0.3243598640
4.1677761078,0.0806653500,-0.0915130451,0.0049269339,0.0591910928,-1.0866780281,0.2740692794
4.1777892113,0.0554199815,-0.0851545706,0.0081221601,0.0243375078,-0.9962304235,0.2586351633
4.1878418922,0.0420427918,-0.0956478789,-0.0018300277,-0.0159521252,-0.9013829827,0.2622978091
4.1978588104,0.0433119833,-0.1024880484,-0.0249930490,-0.0435411409,-0.7977876067,0.2775814235
4.2079153061,0.0389595330,-0.1125062779,-0.0566877574,-0.0675910860,-0.7326954603,0.2867376506
4.2177929878,0.0283351839,-0.1199733689,-0.0804098696,-0.1029540002,-0.7200549841,0.2973054945
4.2277698517,0.0349735022,-0.1060456112,-0.0903647989,-0.1103812903,-0.7296407819,0.3079967499
4.2378649712,0.0478899777,-0.1086835638,-0.1023250669,-0.1056816131,-0.7788379192,0.2998115122
4.2477712631,0.0591644645,-0.1091013029,-0.1038733572,-0.0712549314,-0.8064692616,0.2872179449
4.2578358650,0.0765688121,-0.0995658711,-0.1095813364,-0.0804891735,-0.8483000398,0.2789983749
4.2677631378,0.1029577553,-0.0921691135,-0.1182118505,-0.1177199036,-0.8489240408,0.2397199422
4.2778282166,0.1147062778,-0.0910427943,-0.1093191355,-0.1052220836,-0.8072274923,0.2298799753
4.2877378464,0.1013692617,-0.0723011866,-0.1064895242,-0.0716436133,-0.7238833308,0.1963819265
4.2978477478,0.0831773877,-0.0608277135,-0.0917082876,-0.0211566053,-0.6200935245,0.1638025343
4.3077440262,0.0670672655,-0.0645050183,-0.0980667919,0.0302517228,-0.5023192763,0.1406926960
4.3177399635,0.0560466051,-0.0892572179,-0.1108169407,0.0519539528,-0.4113933146,0.1294633448
4.3277730942,0.0511651039,-0.1128974631,-0.1242206544,0.0492939875,-0.3504290283,0.1365066171
4.3377161026,0.0468677878,-0.1347883493,-0.1373763531,0.0212462433,-0.3195459843,0.1480097324
4.3477602005,0.0559771061,-0.1461226791,-0.1454529613,-0.0108839963,-0.3111442327,0.1596639901
4.3577222824,0.0698003471,-0.1411018819,-0.1466351599,-0.0502786748,-0.3211185336,0.1544467360
4.3677840233,0.0806635320,-0.1217555180,-0.1459288448,-0.0948019326,-0.3431839049,0.1142500341
4.3776950836,0.0955229998,-0.1103563681,-0.1412027925,-0.1340842247,-0.3586834967,0.0867540985
4.3877749443,0.1027350426,-0.1109369770,-0.1413551420,-0.1574603766,-0.3664639294,0.0730097890
4.3977012634,0.1159052253,-0.1155686751,-0.1502141804,-0.1755825281,-0.3656194508,0.0634566322
4.4077658653,0.1141348481,-0.1153181270,-0.1464522332,-0.1450017244,-0.3257103860,0.0780499578
4.4176630974,0.1041325629,-0.1070023552,-0.1417360753,-0.0857726187,-0.2663085759,0.0956812873
4.4277181625,0.0974599421,-0.0864748135,-0.1418380588,-0.0254357718,-0.2028193474,0.0909778774
4.4375009537,0.0872872770,-0.0722589567,-0.1437377185,0.0390836969,-0.1254752874,0.0776821747
4.4475669861,0.0754895210,-0.0643585399,-0.1424779743,0.0716570839,-0.0558970086,0.0602099746
4.4574871063,0.0730629265,-0.0678870156,-0.1487241834,0.0767399967,-0.0175445620,0.0408346765
4.4675540924,0.0753458440,-0.0870105401,-0.1585953683,0.0638023615,0.0025625702,0.0290270187
4.4778351784,0.0734396279,-0.0983816162,-0.1537677497,0.0402292535,0.0172608234,0.0204539057
4.4876899719,0.0723118186,-0.0981400982,-0.1488869041,0.0337455235,0.0289220046,0.0150708575
4.4976658821,0.0788156688,-0.0967854336,-0.1448820680,0.0475458913,0.0438671336,0.0000896445
4.5077219009,0.0734737515,-0.0942796245,-0.1351327747,0.0679462403,0.0405733362,-0.0285878051
4.5176458359,0.0572184920,-0.0905366018,-0.1166927069,0.0944108665,0.0737738982,-0.0447571911
4.5277099609,0.0404595435,-0.1031004861,-0.0872230381,0.1140479520,0.1529984027,-0.0474094339
4.5376358032,0.0387061834,-0.1076030806,-0.0730391592,0.1391437203,0.2173046917,-0.0499700606
4.5477018356,0.0500099957,-0.0856047347,-0.0781923383,0.1292388886,0.2629773617,-0.0746943206
4.5576667786,0.0493384898,-0.0783498362,-0.0802556127,0.1140852347,0.2916460335,-0.0833692923
4.5676288605,0.0485870242,-0.0907924548,-0.0781624168,0.0861436129,0.3107499778,-0.0739121437
4.5776243210,0.0525073707,-0.0897727385,-0.0730359405,0.0647126287,0.3160302043,-0.0622461662
4.5876722336,0.0602669716,-0.0831380859,-0.0619618744,0.0326649472,0.3148043454,-0.0515919253
4.5976090431,0.0652140379,-0.0738442317,-0.0489882082,0.0157595985,0.2922585607,-0.0482479297
4.6076231003,0.0742685795,-0.0616265945,-0.0370743722,0.0160789117,0.2579597235,-0.0597120374
4.6175990105,0.0678820312,-0.0504239909,-0.0244212616,0.0247854516,0.2408576906,-0.0670414567
4.6276750565,0.0577628613,-0.0487868302,-0.0109019140,0.0706434846,0.2423629165,-0.0575217232
4.6375908852,0.0474286377,-0.0360772423,0.0064172288,0.0928971246,0.2649188042,-0.0651215836
4.6476578712,0.0308322906,-0.0220476780,0.0237305891,0.1013129801,0.2820392251,-0.0705504343
4.6575841904,0.0348564088,-0.0322867148,0.0247501265,0.0980740488,0.2842030227,-0.0641862825
4.6676282883,0.0369865894,-0.0485077314,0.0258246195,0.0746358335,0.2744934261,-0.0534830354
4.6775450706,0.0372664630,-0.0562866144,0.0248805415,0.0375000462,0.2380661815,-0.0298478808
4.6875710487,0.0477694571,-0.0586536638,0.0073297755,-0.0122416764,0.1821858734,-0.0198892578
4.6975979805,0.0500794351,-0.0713050738,-0.0074002603,-0.0513687022,0.1338625252,-0.0110506248
4.7075419426,0.0409503281,-0.0841945186,-0.0037629467,-0.0683269203,0.1145929694,0.0007724792
4.7176260948,0.0240604877,-0.0884649530,0.0065869233,-0.0600534044,0.1394051015,0.0197276622
4.7275519371,0.0099891117,-0.0879650190,0.0160331856,-0.0721715838,0.1769008189,0.0407408029
4.7376170158,0.0112483492,-0.0825936571,0.0120713254,-0.0916868374,0.2078696489,0.0554282665
4.7475538254,0.0163477361,-0.0927928165,0.0082744500,-0.0949153826,0.2110510617,0.0554098934
4.7576069832,0.0214030445,-0.0940712765,0.0004853148,-0.0861983225,0.1960111260,0.0385025442
4.7675189972,0.0216510594,-0.1001295820,-0.0083640674,-0.0709844828,0.1661389917,0.0312488955
4.7776079178,0.0240823328,-0.1069596186,-0.0134655097,-0.0737013072,0.1146499589,0.0124628246
4.7875251770,0.0327899754,-0.1038726643,-0.0207780469,-0.0869971365,0.0555091426,-0.0168913361
4.7975912094,0.0333158970,-0.1038610116,-0.0264310706,-0.1152664647,-0.0005317567,-0.0451928824
4.8075189590,0.0304279327,-0.1070806757,-0.0312452186,-0.1500188559,-0.0490960963,-0.0682262927
4.8175110817,0.0290195942,-0.0961179510,-0.0342787355,-0.2153607011,-0.1511425674,-0.0685830265
4.8274860382,0.0427604616,-0.0699504986,-0.0373899192,-0.2534585595,-0.1888995469,-0.0746859312
4.8375010490,0.0454391241,-0.0546063595,-0.0100791315,-0.2741286755,-0.1315662116,-0.1005388275
4.8475661278,0.0316872597,-0.0355491154,0.0116086742,-0.2919835746,-0.0261388496,-0.1298945844
4.8574857712,0.0424187779,-0.0350094549,0.0047975322,-0.3174410164,0.0973511338,-0.1646728069
4.8675189018,0.0590799749,-0.0549850278,-0.0101419548,-0.3162851930,0.2160053402,-0.1643806547
4.8774828911,0.0679214597,-0.0673290864,-0.0344963521,-0.3162016869,0.3210664988,-0.1289455742
4.8875341415,0.0810408294,-0.0544816367,-0.0762694329,-0.2962698042,0.3545531034,-0.1058040336
4.8974752426,0.1105360389,-0.0169455204,-0.1054254621,-0.2640754879,0.3313433826,-0.0993017927
4.9077019691,0.1334702671,0.0100674536,-0.1210777014,-0.2263654172,0.2909754515,-0.1043783128
4.9174423218,0.1337678134,-0.0057341848,-0.1253055185,-0.1928850859,0.2431517392,-0.1019642800
4.9275293350,0.1266761720,-0.0213756952,-0.1230147332,-0.1585540175,0.2189076543,-0.0933319107
4.9374790192,0.1085110903,-0.0210301969,-0.1004432291,-0.0907616466,0.2709948123,-0.0629063696
4.9477109909,0.0828720331,-0.0094908867,-0.0740054101,-0.0507383347,0.3354592919,-0.0601651743
4.9574642181,0.0566713810,-0.0142854843,-0.0551092476,-0.0320962071,0.4092557728,-0.0723456740
4.9675040245,0.0417836905,-0.0395728163,-0.0504273027,-0.0313838124,0.4520221353,-0.0715611055
4.9774260521,0.0460530818,-0.0581170134,-0.0562072247,-0.0346937217,0.4627392292,-0.0641872138
4.9875068665,0.0528774858,-0.0561780743,-0.0541736931,-0.0103521626,0.4833435714,-0.0515891276
4.9974160194,0.0497303307,-0.0441093557,-0.0514176935,0.0589013435,0.5019891858,-0.0591971166
5.0074129105,0.0470182002,-0.0165109430,-0.0342090577,0.1449691057,0.5580596328,-0.0798062533
5.0174078941,0.0388790369,0.0050381925,-0.0131778577,0.2042974234,0.6276594400,-0.1196101233
5.0274720192,0.0308481753,-0.0268112216,-0.0075167278,0.2106392086,0.6435588002,-0.1409654766
5.0373830795,0.0257337689,-0.0662745014,0.0010395187,0.2445537597,0.6674622893,-0.1262709498
5.0473937988,0.0250149071,-0.0752248839,0.0192268025,0.2314976156,0.6941537857,-0.1179357916
5.0574011803,0.0310007036,-0.0805446878,0.0297120940,0.1738544255,0.6905814409,-0.1083099321
5.0674238205,0.0469147563,-0.0855273977,0.0296300780,0.0982749835,0.6654055119,-0.1091562808
5.0774183273,0.0531922877,-0.0688926354,0.0255409013,0.0196914896,0.6219091415,-0.1247549579
5.0873761177,0.0542178154,-0.0724862888,0.0176243912,-0.0311064422,0.5733115673,-0.1371530294
5.0973792076,0.0517648160,-0.0736914948,0.0252785217,-0.0915515423,0.5257911086,-0.1399904937
5.1073770523,0.0429147780,-0.0673492923,0.0346777588,-0.1305266321,0.4624308348,-0.1395523995
5.1173992157,0.0375618041,-0.0502370708,0.0438126475,-0.1545165330,0.3948960006,-0.1401570737
5.1273441315,0.0373935699,-0.0280192886,0.0596197993,-0.1265746504,0.3736999035,-0.1442887038
5.1374130249,0.0482568443,-0.0160872433,0.0685479790,-0.0952659920,0.3343192041,-0.1536188275
5.1473569870,0.0534542799,-0.0087427292,0.0674927384,-0.0439050607,0.3239285946,-0.1652736217
5.1573610306,0.0460710526,-0.0217348132,0.0693090111,-0.0086137848,0.3198427856,-0.1748323590
5.1673369408,0.0368191600,-0.0375468545,0.0632306486,0.0020796061,0.3167372942,-0.1726949066
5.1773319244,0.0335608721,-0.0476537459,0.0532461554,-0.0361245051,0.2865785956,-0.1650356650
5.1873722076,0.0490679890,-0.0366001837,0.0394328386,-0.0817186236,0.2509194016,-0.1690221429
5.1973471642,0.0687567443,-0.0231241379,0.0305936467,-0.1379975975,0.2152058631,-0.1698141694
5.2073202133,0.0809918195,-0.0230328832,0.0365465432,-0.2189047039,0.1847355664,-0.1599985510
5.2173380852,0.0915136039,-0.0267512295,0.0407397896,-0.2989353538,0.1798702329,-0.1567247361
5.2273211479,0.0921489447,-0.0235065613,0.0480027348,-0.3843828738,0.1835390031,-0.1503145099
5.2373762131,0.0859298110,-0.0083008502,0.0397004038,-0.4230562449,0.2058485746,-0.1313093901
5.2473020554,0.0824087411,0.0038520300,0.0363929421,-0.4213137329,0.2424462736,-0.1028633639
5.2573671341,0.0708901584,0.0121935513,0.0291253459,-0.3726365864,0.2826264501,-0.0723460764
5.2673020363,0.0580085665,0.0297698881,0.0227072965,-0.3014463186,0.3091278076,-0.0375087298
5.2773523331,0.0567755103,0.0490887947,0.0210606586,-0.2084559351,0.2865072191,-0.0172420740
5.2872920036,0.0618061125,0.0538118966,0.0181855690,-0.0822745562,0.2576023340,-0.0118307974
5.2973570824,0.0631435961,0.0530818291,0.0295227896,0.0610281453,0.2255793959,-0.0117238713
5.3072710037,0.0638886541,0.0524589904,0.0355467349,0.1606471539,0.1856903136,-0.0168467276
5.3172888756,0.0690338910,0.0360057540,0.0413832814,0.2313641906,0.1499773264,-0.0071016895
5.3272781372,0.0717748255,-0.0014921224,0.0470746309,0.2806984484,0.1194183454,-0.0005636287
5.3373398781,0.0629947335,-0.0279510412,0.0543947965,0.3235874474,0.0930983275,0.0070115998
5.3472671509,0.0494407862,-0.0308501218,0.0643675476,0.3354920447,0.0749845728,0.0028711832
5.3573322296,0.0389457047,-0.0357471816,0.0772610456,0.3164726794,0.0575981252,-0.0129374741
5.3672862053,0.0267371535,-0.0507636480,0.0863620788,0.2602072954,0.0281238556,-0.0339548737
5.3773231506,0.0226302892,-0.0625310615,0.0897876173,0.1549888551,-0.0209387615,-0.0516245514
5.3872489929,0.0266945362,-0.0656080320,0.0885780007,0.0251512360,-0.0658271387,-0.0586795285
5.3972988129,0.0361374617,-0.0718555227,0.0857526809,-0.1270219237,-0.1267836988,-0.0496789739
5.4072399139,0.0347122550,-0.0518683307,0.0937459022,-0.2085215747,-0.0835480765,-0.0445904732
5.4173121452,0.0192461908,-0.0537648313,0.1039105803,-0.2208690494,-0.0119889416,-0.0397339314
5.4272022247,0.0121981641,-0.0490017645,0.0829799920,-0.2021499574,0.0490589663,-0.0422676653
5.4372282028,0.0056154425,-0.0263953898,0.0463219434,-0.1490330696,0.0815055892,-0.0457019433
5.4472103119,-0.0060206954,-0.0087474082,0.0162646901,-0.0530197285,0.0844766125,-0.0351643488
5.4571518898,-0.0127071450,0.0040354636,0.0045596501,0.0166481622,0.0549810380,-0.0477708206
5.4672851562,-0.0006320185,0.0136364307,0.0055012843,0.0394892953,0.0132567594,-0.0730135888
5.4772639275,0.0197665840,-0.0146164987,0.0163668524,0.0260055773,-0.0276131742,-0.0897343829
5.4872069359,0.0267819464,-0.0441207699,0.0349334627,0.0165052842,-0.0467887372,-0.0736675337
5.4974622726,0.0240254253,-0.0365605764,0.0551234037,0.0368213393,-0.0603210516,-0.0502238572
5.5071930885,0.0263173580,-0.0142809544,0.0615079552,0.0603841916,-0.0781266838,-0.0288770255
5.5172262192,0.0211944580,-0.0172464345,0.0668937117,0.1106283218,-0.0904885381,-0.0203340054
5.5271558762,0.0134092858,-0.0305620823,0.0652843863,0.1770206541,-0.1114508137,-0.0319307409
5.5372400284,0.0114059588,-0.0205739234,0.0594126135,0.2881686091,-0.1161832586,-0.0606607869
5.5471758842,0.0055184807,-0.0125795398,0.0532290488,0.3716736138,-0.1350117922,-0.0882191807
5.5572290421,0.0056785638,-0.0243448708,0.0420493037,0.4198101461,-0.1464146525,-0.0903035030
5.5671238899,0.0098159006,-0.0435821526,0.0337546617,0.4121937752,-0.1387740523,-0.0648503378
5.5772342682,0.0187060535,-0.0504355542,0.0304268729,0.3512797952,-0.1369654983,-0.0488865562
5.5871572495,0.0177229792,-0.0427014641,0.0291884672,0.2242454290,-0.1337273568,-0.0551931858
5.5972223282,0.0031525784,-0.0470844619,0.0361444503,0.0653163642,-0.1446625739,-0.0645703077
5.6071462631,0.0015257889,-0.0599086694,0.0466836840,-0.1563273370,-0.1923259646,-0.0630440488
5.6172108650,0.0177088231,-0.0569135658,0.0499956757,-0.3122059107,-0.1913384646,-0.0565677732
5.6271457672,0.0139961382,-0.0434942655,0.0613715202,-0.4172798693,-0.1354959607,-0.0557941273
5.6372051239,0.0097620925,-0.0164286289,0.0496062785,-0.4946244359,-0.0804228634,-0.0444080494
5.6471300125,0.0373847932,0.0036863887,0.0109701296,-0.4835352898,-0.0137903038,-0.0119137540
5.6571378708,0.0478073508,0.0338406749,-0.0259122718,-0.4040881395,0.0438399687,0.0301495418
5.6673321724,0.0393740833,0.0639708862,-0.0485635847,-0.2454343289,0.0753656700,0.0733923540
5.6773171425,0.0427225381,0.0832703933,-0.0657396764,-0.0395499952,0.0783263072,0.1082884222
5.6875729561,0.0519898236,0.0909887478,-0.0726841539,0.1641512066,0.0928999260,0.1282370985
5.6972279549,0.0465779752,0.0954804346,-0.0685314387,0.3254701793,0.0749518126,0.1335542202
5.7069587708,0.0347454101,0.0804932043,-0.0559544414,0.3930931687,0.0357932299,0.1178250611
5.7169880867,0.0278803408,0.0419491418,-0.0560937971,0.3483729661,-0.0973152891,0.0910953134
5.7269291878,0.0151062300,0.0204463806,-0.0337838978,0.3289398849,-0.0550589152,0.0504640043
5.7373690605,-0.0221803039,-0.0130448136,0.0317270309,0.2983581126,0.0395983532,0.0233126748
5.7471961975,-0.0329110622,-0.0276466105,0.0479162484,0.2581113875,0.1374708563,0.0057078497
5.7569551468,-0.0308049321,-0.0251816306,0.0273533594,0.2234589905,0.2043843716,-0.0127634369
5.7669119835,-0.0281523466,-0.0279184673,0.0070545813,0.1901918501,0.2286457717,-0.0203342699
5.7770929337,-0.0167780668,-0.0347001664,-0.0003856283,0.1678516567,0.2146828175,-0.0074770618
5.7870502472,0.0027821057,-0.0338264517,-0.0117420414,0.1298230588,0.1631501168,0.0003204076
5.7970962524,0.0288228989,-0.0250525866,-0.0183723439,0.1304234564,0.0821024030,0.0210292805
5.8070640564,0.0449579656,-0.0187877808,-0.0195618737,0.2077755034,0.0186456665,0.0298858900
5.8170537949,0.0383310318,-0.0018487072,-0.0078583816,0.2883466482,-0.0406453535,0.0238433108
5.8270559311,0.0205991864,0.0071065631,0.0004145640,0.3869033158,-0.0795101896,0.0144649874
5.8370461464,0.0100678047,0.0032943392,-0.0003571373,0.4811500609,-0.1120311245,-0.0002682842
5.8470511436,-0.0110860029,0.0060090329,0.0013699669,0.5476140380,-0.1384094656,-0.0203290787
5.8570709229,-0.0485481173,-0.0085810516,0.0057775518,0.5469201803,-0.1759933233,-0.0392043665
5.8670320511,-0.0908411294,-0.0371055417,0.0347043425,0.4767732620,-0.2045152485,-0.0612806380
5.8770780563,-0.1391072273,-0.0674199536,0.0765818506,0.3903037906,-0.2030648887,-0.0633543134
5.8870210648,-0.1780747622,-0.0721026435,0.1138639003,0.3046520054,-0.1716726124,-0.0645604581
5.8970489502,-0.1978664398,-0.0445349328,0.1329953820,0.1879936904,-0.1393388957,-0.0530040674
5.9070200920,-0.1892961264,-0.0298755560,0.1509918123,-0.0117023867,-0.1427304298,-0.0188460946
5.9170761108,-0.1619098634,-0.0517254286,0.1573012620,-0.3161038160,-0.2686803937,0.0278689452
5.9270029068,-0.1111133546,-0.0699958280,0.1891197711,-0.5622853637,-0.1704992354,-0.0172162410
5.9370660782,-0.1223373264,-0.0804093555,0.2613604665,-0.7432948351,-0.0479240417,-0.1443126649
5.9469919205,-0.1690601707,-0.0630019978,0.2585974932,-0.8070303798,0.0978869572,-0.2843869627
5.9570569992,-0.1936663985,-0.0539095215,0.2122318894,-0.7478058338,0.2179555744,-0.4211926162
5.9668850899,-0.1882711500,-0.0520016961,0.0995673090,-0.7067278624,0.1813621372,-0.4879146516
5.9769959450,-0.1599221528,-0.0642615035,-0.0191731323,-0.6921690702,-0.0500404537,-0.4375520051
5.9869842529,-0.1262972951,-0.0849252418,-0.1304354519,-0.7451454401,-0.3760329485,-0.3886558414
5.9970388412,-0.0649809390,-0.0687448159,-0.1933190078,-0.8166478872,-0.6426111460,-0.3751932979
6.0069661140,-0.0277742743,0.0077691879,-0.1809608787,-0.8067467809,-0.8197001219,-0.3443048894
6.0170311928,-0.0458891839,0.0786400959,-0.1295602769,-0.6973767281,-0.9048606157,-0.2779622078
6.0269289017,-0.0388213247,0.0992786810,-0.0802662820,-0.4973355532,-0.8556507230,-0.2040536404
6.0370221138,-0.0370693505,0.1060105786,-0.0362841934,-0.2882478237,-0.7432008386,-0.1167469621
6.0468177795,-0.0497939289,0.1416298598,0.0050830981,-0.0787883401,-0.6829668283,-0.0121071003
6.0569353104,-0.0304358304,0.1709111780,0.0405302793,0.0161797125,-0.5956960320,0.1073077172
6.0670223236,-0.0232193470,0.1374379843,0.1155592948,-0.0958983526,-0.5048707724,0.2055993825
6.0769400597,0.0016620153,0.0228243079,0.1147154719,-0.5601203442,-0.5578576326,0.3050732613
6.0869112015,0.0680128336,-0.0432039015,0.0555545241,-1.3289799690,-0.8069537282,0.3699065745
6.0969038010,0.0948564708,-0.1555527747,-0.0185992587,-1.9328688383,-1.1431248188,0.4766202271
6.1069507599,0.0951089263,-0.1824438274,-0.0939186066,-2.1375606060,-1.4720015526,0.5755734444
6.1169161797,0.0468810499,0.0298027899,-0.0653247684,-2.1467006207,-1.5098967552,0.5269550681
6.1268939972,-0.0217557847,0.2425993383,0.0092046401,-1.8696238995,-1.4041016102,0.3985885382
6.1369071007,-0.0317648351,0.2956957221,0.0493440777,-1.3702701330,-1.0877459049,0.3186340630
6.1469330788,-0.0327309966,0.2747181952,0.0840804130,-0.8173468113,-0.7289627790,0.4019750059
6.1568980217,-0.0341597199,0.2287937701,0.0956814438,-0.3226324320,-0.4629129767,0.5688276887
6.1669449806,0.0070492323,0.1795180887,0.0745620877,-0.2033542395,-0.3549537659,0.7114670873
6.1768732071,0.0533302128,0.0731018558,0.0617184788,-0.3610329628,-0.4144674242,0.7682658434
6.1869158745,0.1208889186,-0.0661474094,0.0069496175,-0.6510460973,-0.6169446111,0.8515855074
6.1968803406,0.1538890898,-0.1097309217,-0.0356534570,-0.8325492144,-0.9260454774,0.9928923845
6.2070240974,0.1874150634,-0.0648180321,-0.0157359708,-0.9494920969,-1.3674294949,0.9799004197
6.2168679237,0.2430221140,-0.0764051527,0.0536682159,-1.1204499006,-1.7123770714,0.9185119271
6.2268671989,0.2650626004,-0.1286434978,0.1128035933,-1.2279375792,-1.8946219683,0.9527029395
6.2368931770,0.2460963428,-0.1063825116,0.1957960278,-1.3784748316,-1.9166098833,1.0177572966
6.2470331192,0.2355577648,-0.0883924961,0.2579600811,-1.4335103035,-1.8652702570,1.0716446638
6.2568960190,0.2532021403,-0.0723671988,0.2125350386,-1.4638082981,-1.8382838964,1.1299216747
6.2668209076,0.2968442738,-0.0147849675,0.1215593368,-1.4686021805,-1.9035356045,1.1282234192
6.2768049240,0.3659224212,0.0199639667,0.0217745434,-1.3749530315,-2.1147298813,1.0944674015
6.2870759964,0.4310170114,0.0568690561,-0.0683868974,-1.2429244518,-2.4360151291,1.0263408422
6.2968292236,0.4761376083,0.0710977986,-0.1434794515,-0.9369361997,-2.7757561207,1.0177075863
6.3068251610,0.4175132215,0.1014390364,-0.2510856390,-0.8560469151,-2.3900241852,0.4297721684
6.3168120384,-0.3453935087,-0.0695519820,-0.6149068475,-0.4211729765,-0.3756502569,0.1125625297
6.3270421028,-0.5474936962,-0.0839028955,-1.3218548298,1.1457033157,0.4962915778,-0.0843539983
6.3368101120,-0.1097889245,0.1527557075,-1.6766808033,1.9132363796,0.3095789552,-0.6148746014
6.3468070030,0.1544339359,-0.4217631519,-1.5745093822,1.3627667427,-0.0182787944,-0.2086554468
6.3567810059,0.4954015315,-0.8572291136,-1.2853608131,0.3899313211,-0.4370448887,0.3238119185
6.3669619560,0.5052672029,-0.6019396186,-0.8647258282,-0.1170295998,-0.6269061565,0.4539464712
6.3767881393,0.2676325142,-0.1903965026,-0.4521475434,-0.1896392256,-0.5437396169,0.2452269495
6.3868312836,0.2050655186,-0.1378132850,-0.1298506707,-0.1301468611,-0.1834799945,0.0728666484
6.3967862129,0.2021447718,-0.1584700942,0.1199624091,0.0801110268,0.3784097135,-0.0307886433
6.4069957733,0.2287243307,-0.0737817958,0.2585813403,0.4403456151,0.9159871340,-0.2385053635
6.4167661667,0.2427501976,0.0221142042,0.3053966761,0.9886014462,1.4232276678,-0.4142850339
6.4268422127,0.2356265485,0.0813603774,0.2226742059,1.4439601898,1.7764514685,-0.5178207159
6.4367651939,0.1921273172,0.0229631495,0.1031683832,1.6717624664,1.9363636971,-0.3979052603
6.4468088150,0.0844592154,-0.0935588107,0.0312258732,1.4408501387,1.9773385525,-0.3969473243
6.4567480087,-0.0389088690,-0.2480162680,-0.0312598795,1.0505585670,1.9335999489,-0.4080745578
6.4667921066,0.0476584136,-0.3580838740,-0.1174193472,0.7366224527,1.8178431988,-0.4113542438
6.4767231941,0.0926968753,-0.3503974974,-0.1641325802,0.5225411654,1.7658176422,-0.4268030822
6.4867382050,0.0740018785,-0.3192186654,-0.1678582281,0.3720800281,1.7509502172,-0.4042913914
6.4968008995,0.0773699284,-0.2519972026,-0.1503677219,0.2441248596,1.7203330994,-0.3689441979
6.5067338943,0.0904483497,-0.1698941439,-0.1107312292,-0.0192186255,1.6756716967,-0.3535971940
6.5167899132,0.0975470245,-0.1660218090,-0.0681192130,-0.1788965613,1.6252007484,-0.3616581857
6.5266981125,0.1200936139,-0.1720497757,-0.0629427284,-0.2389425933,1.5201669931,-0.3407496810
6.5367927551,0.1552716494,-0.1070316434,-0.0881730169,-0.2009014636,1.3286838531,-0.3937165141
6.5467271805,0.1735515296,-0.0546028726,-0.1056833118,-0.0242316276,1.1605814695,-0.4628676176
6.5567831993,0.1549257934,-0.0136057902,-0.0998763889,0.2598699927,1.0476268530,-0.5547611713
6.5666799545,0.1239611506,0.0500052311,-0.0910019130,0.5775846243,1.0158345699,-0.6854510307
6.5767841339,0.0940715373,0.0898044780,-0.0814747065,0.9397229552,1.0220525265,-0.7866736054
6.5876479149,0.0809439719,0.0786761492,-0.0847852081,1.3004484177,1.0417162180,-0.8136128187
6.5973758698,0.0898012221,0.0791790411,-0.0767711848,1.5031428337,1.0508980751,-0.7968093753
6.6073951721,0.1024147272,0.0751473233,-0.0524969548,1.3769599199,1.0515720844,-0.7287325859
6.6173582077,0.0953493416,-0.0094529185,-0.0241808761,1.1007093191,0.9903327227,-0.6420958638
6.6271352768,0.0911923945,-0.1191864386,-0.0239781011,0.6994183064,0.9379491210,-0.5299248695
6.6364898682,0.0749330819,-0.1246961132,-0.0054645995,0.3089283407,0.8895006776,-0.4666539729
6.6466569901,0.0392941535,-0.0732971355,-0.0075829485,0.0411690846,0.8514630198,-0.4226622880
6.6565399170,0.0164155662,0.0066224243,-0.0105826119,-0.0517359562,0.8424870968,-0.3885438442
6.6664690971,0.0013290340,0.0777944103,-0.0076675871,0.0580105186,0.8543053865,-0.3557630181
6.6765599251,0.0028962784,0.1362218708,-0.0147205452,0.3512775600,0.8771424890,-0.3253057599
6.6864748001,-0.0082242200,0.1870106757,-0.0352039784,0.7622219324,0.8740535378,-0.3085744381
6.6965513229,-0.0527238995,0.1966383606,-0.0743740052,1.1864254475,0.8217799067,-0.3064091802
6.7064871788,-0.1045098752,0.1809698045,-0.0694673508,1.3473262787,0.7362431884,-0.3304018378
6.7165079117,-0.1375133842,0.0995509252,-0.0362679213,1.2456381321,0.6455649734,-0.3424895406
6.7264690399,-0.1399685591,-0.0181293134,0.0582360178,0.8241263032,0.6273779869,-0.3378276825
6.7364692688,-0.1517167836,-0.1737959087,0.1264455467,0.3028877676,0.6483146548,-0.2929812372
6.7465062141,-0.1329127699,-0.2204101384,0.1447756439,-0.1949654222,0.6634145379,-0.2013658434
6.7564573288,-0.1340610236,-0.1582191885,0.1222795993,-0.5099306703,0.6455135345,-0.1340966523
6.7664890289,-0.0960785002,-0.0577796809,0.0826665312,-0.5771582127,0.6229848266,-0.0829088390
6.7764377594,-0.0684460253,0.0350825079,0.0545142442,-0.4488171339,0.5793902278,-0.0476580374
6.7865262032,-0.0519140959,0.1160557643,0.0335629731,-0.1900471002,0.5258052945,-0.0485536605
6.7964363098,-0.0422713608,0.1540939063,0.0148699423,0.1607938856,0.4439759254,-0.0610171184
6.8066101074,-0.0470325500,0.1650391668,-0.0145474533,0.4925853908,0.3437926173,-0.0775974244
6.8165912628,-0.0637970567,0.1574358493,-0.0027990204,0.7429832816,0.2740169764,-0.0900714025
6.8266239166,-0.0866894573,0.1036886349,0.0242309701,0.7965002656,0.2594042122,-0.0974507555
6.8365850449,-0.1206714511,0.0270714518,0.0897630006,0.4575223327,0.3274139166,-0.0859644115
6.8466463089,-0.1584198326,-0.1374833733,0.1518758684,-0.0098110083,0.3993141949,-0.0043001766
6.8565959930,-0.1551944464,-0.2163743377,0.1772035509,-0.5961644053,0.4385795593,-0.0073360475
6.8665618896,-0.1556744128,-0.1814168543,0.1738475710,-1.0609939098,0.3864708245,-0.0555435233
6.8766002655,-0.1270172298,-0.1283852160,0.1282087713,-1.3188208342,0.2371463180,-0.1595687270
6.8865327835,-0.0892052203,-0.0697523430,0.0747062713,-1.3482525349,0.0875661448,-0.2510062456
6.8966069221,-0.0980648994,-0.0061326269,0.0338260084,-1.0075265169,-0.0690101534,-0.2459804416
6.9065508842,-0.1009937525,0.1224273369,0.0285539757,-0.5576189756,-0.2224098146,-0.3430398703
6.9165782928,-0.1031949371,0.2480551004,0.1308602840,-0.1122401804,-0.1998182237,-0.4794845581
6.9265422821,-0.1386174709,0.1961901188,0.1723834425,0.3331364989,-0.0865782276,-0.5145264268
6.9366068840,-0.1544588655,0.1400154829,0.1821260005,0.8541625738,0.0077349618,-0.4560059905
6.9465417862,-0.1298681647,0.1313699037,0.1605187207,1.4333527088,0.0153694460,-0.3374721408
6.9565868378,-0.0907981098,0.1610226482,0.1504632384,1.6942639351,0.0471976809,-0.2263092697
6.9664978981,-0.1033853143,0.1058958694,0.2075520307,1.5026702881,0.0763867274,-0.1392486691
6.9766011238,-0.0819276422,0.0049463417,0.2296745926,0.9616255760,0.0216800719,-0.0471500382
6.9865179062,-0.0550462306,-0.0674371496,0.2363560349,0.3916726410,-0.0204692446,0.0395750031
6.9964079857,-0.0658951700,-0.0782782808,0.2075790316,-0.1206440479,-0.0642561391,0.1326448917
7.0063199997,-0.1077704281,-0.0212806854,0.1802007109,-0.4404233992,-0.1316716671,0.1630523354
7.0163221359,-0.1341577917,0.0427418537,0.1336892396,-0.4751089215,-0.2159660459,0.2114307880
7.0267739296,-0.1414630264,0.1136146709,0.1162914783,-0.3069944680,-0.2809016407,0.2149205804
7.0366878510,-0.1284795254,0.1554171592,0.1102802306,-0.0799762458,-0.3594933748,0.1929601729
7.0465612411,-0.1006530672,0.1428917795,0.1098259836,0.1310960352,-0.4488354921,0.1785186380
7.0564842224,-0.0944405794,0.1097028479,0.1321128160,0.3004657924,-0.5299399495,0.1651148200
7.0665211678,-0.1185616553,0.0766670927,0.1506509334,0.4346225262,-0.6270315647,0.1890233457
7.0764460564,-0.1224574447,0.0751749799,0.1608492881,0.5569248199,-0.7071866393,0.2043310553
7.0865039825,-0.1179218292,0.0901866183,0.1647005230,0.6130285859,-0.7783891559,0.2015664279
7.0964741707,-0.1361690611,0.0786103830,0.1849621087,0.5343033075,-0.8110563159,0.2028973401
7.1065411568,-0.1648083776,0.0093398597,0.2212373763,0.4058038890,-0.7701855898,0.2239698768
7.1163730621,-0.1836763620,-0.0233696196,0.2432780415,0.2286364436,-0.6495944858,0.2371222973
7.1264519691,-0.1845437288,0.0349647291,0.2334270030,0.0500264913,-0.5946204066,0.2028940171
7.1364870071,-0.1433798522,0.0861255750,0.1882313043,-0.0978232920,-0.6347691417,0.1416398585
7.1464200020,-0.0938328952,0.0756341740,0.1788377911,-0.2790420651,-0.6733970046,0.1632647216
7.1566071510,-0.0751666874,0.0497422107,0.1864887029,-0.6131694317,-0.6873993278,0.2028960288
7.1664061546,-0.0714394748,-0.0089360271,0.1910261065,-0.9493189454,-0.7330842614,0.2894807160
7.1764631271,-0.0428393781,-0.0469544642,0.1932045370,-1.1830163002,-0.7789753079,0.3844955266
7.1864261627,-0.0469094515,-0.0462016575,0.1725280434,-1.2905957699,-0.8400112391,0.4688953459
7.1967649460,-0.0607077777,-0.0261402074,0.1112865359,-1.3324910402,-0.9564220309,0.5174854994
7.2064170837,-0.0431038141,-0.0050256494,0.0535983592,-1.2920051813,-1.0842007399,0.5374088883
7.2164888382,-0.0198000669,0.0299734678,0.0165058505,-1.0987844467,-1.1953667402,0.4870005846
7.2264060974,-0.0261016190,0.1160128638,0.0298650991,-0.8996194601,-1.2048894167,0.3180030286
7.2365040779,-0.0468963981,0.1922115982,0.0904680640,-0.5965359211,-1.1406970024,0.1760785282
7.2463979721,-0.0587614775,0.1486094147,0.0858510882,-0.2505401373,-1.0091054440,0.1271759570
7.2564592361,-0.0674293339,0.0757616535,0.0527562648,0.0728894621,-0.9023915529,0.1889374703
7.2663760185,-0.0576107502,0.0309061315,0.0340817124,0.3134008646,-0.8463559747,0.2744598091
7.2764549255,-0.0541682541,-0.0015514886,-0.0466369241,0.3828728795,-0.8983443379,0.3820514977
7.2863798141,-0.0187133253,0.0181914624,-0.0543956012,0.3607297540,-0.9567453265,0.4472515583
7.2964458466,0.0359711945,0.0119910147,-0.0493625253,0.2798011005,-1.0028460026,0.5039126873
7.3064432144,0.0823439062,0.0016734356,-0.0522814244,0.1827935874,-1.0373890400,0.5520120263
7.3163981438,0.1037800908,-0.0088526253,-0.0535822362,0.1371029466,-1.0874348879,0.6161139607
7.3263630867,0.1084247828,-0.0422891341,-0.0523307174,0.1779126972,-1.1515619755,0.7046797872
7.3363900185,0.1066985130,-0.0503054075,-0.0351695865,0.2308062464,-1.2426387072,0.7551640272
7.3463468552,0.1020701826,-0.0689153448,-0.0215778816,0.2795080245,-1.3454537392,0.8121034503
7.3564043045,0.1142195463,-0.1062880829,-0.0211283434,0.2376778871,-1.4672631025,0.8543545604
7.3663291931,0.1346198022,-0.1419918090,-0.0438363999,0.0833397061,-1.6679490805,0.8993217945
7.3763589859,0.1656824350,-0.1691241562,-0.0772435516,-0.1690354198,-1.9001471996,0.9732483625
7.3863749504,0.2124729455,-0.2013433874,-0.1174001545,-0.5322269201,-2.1671729088,1.0740358829
7.3962988853,0.2574101985,-0.2073900998,-0.1512010545,-0.9856969714,-2.4799976349,1.1507499218
7.4063940048,0.2809173763,-0.2132000327,-0.1379126161,-1.4756510258,-2.7727310658,1.2347944975
7.4163150787,0.2901493609,-0.2653014362,-0.1440948695,-1.8058111668,-3.0487620831,1.3770487309
7.4263892174,0.3086977303,-0.2318798900,-0.1823020428,-1.8703778982,-2.7243843079,1.3707407713
7.4362931252,-0.0058838432,-0.1941019744,-0.2702125907,-1.8976643085,-1.0688894987,0.6269760728
7.4463729858,-1.1921244860,-0.2529806793,-0.6893888712,-0.6314561367,1.3483831882,0.6752224565
7.4562988281,-0.3859688342,0.3472637832,-1.2822258472,1.0878509283,0.9154425263,0.2369983345
7.4663710594,0.5146419406,-0.0012058488,-1.4202539921,0.9232316017,0.1150776595,0.0351371095
7.4762930870,0.3275293410,-0.7160946131,-1.2417918444,0.4667089283,-0.4488038123,0.3790786266
7.4863491058,0.4842588603,-0.5158445239,-1.0799911022,0.2819313407,-0.9909759760,0.1404982954
7.4962811470,0.4937593043,-0.2184763998,-0.7881218195,0.6149207950,-1.0716255903,0.0313587487
7.5062942505,0.3164300025,-0.1568067223,-0.4803558588,0.8980240822,-0.7071690559,0.0224233139
7.5164079666,0.2339493334,-0.1576302201,-0.2568503022,1.0102044344,-0.1840043664,-0.0203523804
7.5262098312,0.2075825036,-0.1074586809,-0.1002510041,1.0519790649,0.3709203601,-0.1610285342
7.5362610817,0.1546692550,-0.0485694371,0.0250117909,1.0379884243,0.8532329798,-0.3681257963
7.5463132858,0.1457020938,-0.0944311693,0.1109311730,0.9289175868,1.3015617132,-0.4633849561
7.5562448502,0.1875703037,-0.1911681741,0.1258220822,0.7532197833,1.7254549265,-0.3555205166
7.5662441254,0.1870001853,-0.2263559848,0.1246681362,0.5162796378,2.0498709679,-0.2012872696
7.5762481689,0.1318528354,-0.2268484235,0.0782030970,0.2258747518,2.1687846184,-0.1572375298
7.5863208771,0.0719709694,-0.2141052336,0.0046543023,-0.0058921669,2.1966459751,-0.1891280860
7.5962281227,0.0900289118,-0.2000003606,-0.0735019892,-0.0821865425,2.1339387894,-0.2035417706
7.6062917709,0.1122185290,-0.1771614701,-0.1377582401,-0.0696017742,2.0471186638,-0.2433584332
7.6162109375,0.0898316205,-0.1509309560,-0.1788219064,0.0125912363,1.9529197216,-0.3341707587
7.6263031960,0.0816937089,-0.1240784600,-0.2061543316,0.1454384923,1.8160064220,-0.4661745727
7.6362209320,0.0841936469,-0.1109790429,-0.2168918699,0.2516103387,1.6799061298,-0.6045419574
7.6462621689,0.0873469412,-0.1188882664,-0.1854568571,0.3455698788,1.5794577599,-0.6868227124
7.6562709808,0.0952129364,-0.1481418461,-0.1605486125,0.4488895833,1.4943692684,-0.7309621572
7.6665730476,0.1006264389,-0.1628457755,-0.1403846592,0.5351107717,1.4081549644,-0.7665846348
7.6762371063,0.0997211635,-0.1585059762,-0.1240166873,0.5510061383,1.3095717430,-0.8105790019
7.6862530708,0.1042160690,-0.1472855657,-0.0993777364,0.5334423184,1.2378448248,-0.8079767823
7.6962108612,0.0974136293,-0.1442410797,-0.0556484908,0.5176209807,1.1953980923,-0.7566915154
7.7061357498,0.0975469649,-0.1220093444,-0.0122145275,0.4846294820,1.1750173569,-0.7352885008
7.7162060738,0.0901181400,-0.0985738114,0.0065465108,0.4229003489,1.1531538963,-0.7361654639
7.7262139320,0.0741243958,-0.0876906589,0.0183775555,0.3365995288,1.1332480907,-0.7359761596
7.7362380028,0.0729214251,-0.0678344294,0.0272691380,0.2557909787,1.0941523314,-0.7356690764
7.7461881638,0.0877687931,-0.0534017496,0.0254049432,0.2177903354,1.0404549837,-0.7310447693
7.7562828064,0.0943152308,-0.0258596931,0.0202295315,0.1725151241,0.9631801844,-0.7262586355
7.7661762238,0.0907751620,0.0008378678,0.0235864054,0.0449630246,0.8896790743,-0.7065699100
7.7761449814,0.0805156529,-0.0239968542,0.0359770209,-0.1264574677,0.8098388910,-0.6390039325
7.7862019539,0.0656586885,-0.0839299187,0.0417083055,-0.3032410145,0.7206152678,-0.5384370685
7.7961421013,0.0414135158,-0.0551142804,0.0557800084,-0.4690450430,0.6108059287,-0.4802399576
7.8061742783,0.0299059153,-0.0235480610,0.0737737566,-0.5441046357,0.5121142268,-0.4540501535
7.8161373138,0.0192996264,-0.0011860675,0.0779372007,-0.5244590640,0.4630257785,-0.4633099437
7.8262138367,-0.0045397882,0.0435937829,0.1207725555,-0.3649998605,0.5412577391,-0.4586166739
7.8361301422,-0.0103698382,0.0832251832,0.1332863718,-0.1608793437,0.6276011467,-0.4200076461
7.8461570740,-0.0039558117,0.1069734022,0.1076145917,0.0347617865,0.7095373273,-0.3898662627
7.8561201096,-0.0107440362,0.1225139722,0.0747808367,0.2059975713,0.7731266618,-0.3585276306
7.8661928177,-0.0168231875,0.1255879849,0.0447003990,0.3050386608,0.7870360613,-0.3215033114
7.8761053085,-0.0185154229,0.0893798694,0.0282388460,0.3585793972,0.7451717257,-0.2660253942
7.8861551285,-0.0089397291,0.0647395179,0.0302265417,0.2600179315,0.6473942995,-0.2366379350
7.8960981369,-0.0099727223,0.0291019287,0.0409408957,0.1412630528,0.5398212075,-0.2092965990
7.9060950279,-0.0150134275,-0.0008439219,0.0633473545,0.0286486335,0.4580850899,-0.1661922783
7.9160809517,-0.0204454362,0.0051180478,0.0719617158,-0.0647443011,0.3827514350,-0.1412013024
7.9261450768,-0.0338843465,0.0210727807,0.0706524998,-0.0983041227,0.3024957478,-0.1215343922
7.9360699654,-0.0428431779,0.0623985864,0.0681233555,-0.0603504851,0.2311637998,-0.1232240349
7.9461479187,-0.0475636870,0.1035002097,0.0869037658,0.0294763446,0.2084177285,-0.1146401316
7.9560737610,-0.0577511638,0.1092545912,0.0967880040,0.1115182117,0.2178045809,-0.0913867429
7.9661388397,-0.0568962842,0.0989824012,0.0891084820,0.1616327763,0.2131025046,-0.0616442934
7.9761972427,-0.0532009453,0.0958348736,0.0901473314,0.1605664641,0.2130921185,-0.0616424270
7.9861130714,-0.0695348829,0.0590385236,0.0716693550,0.1254500151,0.1968521625,-0.0540758558
7.9960432053,-0.0913521200,0.0219032820,0.0531472713,0.1003314704,0.1284209043,-0.0344927013
8.0061197281,-0.0814042240,0.0450833626,0.0217899811,0.0522763282,0.0207338519,-0.0847556069
8.0160408020,-0.0787273645,0.0709916577,0.0313401371,0.0231019333,-0.0441045314,-0.1406196654
8.0260486603,-0.1066001952,0.0631469414,0.0369164497,0.0042707222,-0.0672125146,-0.2010129690
8.0360641479,-0.1354952008,0.0174573269,0.0446138531,0.0444371849,-0.0052154581,-0.2375668585
8.0460453033,-0.1473759264,-0.0249940101,0.0310035478,0.0599668734,0.0505455434,-0.2305025607
8.0560245514,-0.1514362544,-0.0279051904,0.0192194711,0.1283721626,0.1550711542,-0.1929803342
8.0660886765,-0.1594558954,-0.0103490595,-0.0287148822,0.1260831803,0.2764266133,-0.1236478761
8.0760431290,-0.1627337486,0.0406000353,-0.0035918814,0.2885904610,0.3310344517,-0.0093768276
8.0860242844,-0.1223852485,0.0751387700,0.0609230548,0.2616422176,0.3472030461,0.0309080128
8.0960102081,-0.1194809675,0.0668013021,0.0973274857,0.0481570847,0.3288352191,0.0757953227
8.1060762405,-0.0979696661,0.0064750817,0.0984282643,-0.1693805605,0.2879069448,0.1112715602
8.1160001755,-0.0886033922,-0.0030842966,0.0857888609,-0.3394636214,0.1927293092,0.1343172193
8.1260566711,-0.0927304924,0.0440105684,0.1050920039,-0.3955527246,0.1376961470,0.1240893453
8.1359901428,-0.0905290395,0.0541607030,0.1274998337,-0.3294755518,0.1478838176,0.1303500533
8.1460304260,-0.1016246378,0.0701096877,0.1593881994,-0.1784407645,0.2215665579,0.1106437221
8.1559810638,-0.1084581017,0.0838348642,0.1754094511,0.0293154903,0.2764756083,0.0952742174
8.1660556793,-0.0999022573,0.0789348409,0.1570648700,0.2128371149,0.3000400662,0.0599343404
8.1759729385,-0.1040642262,0.0657771900,0.1480872780,0.3296374977,0.2641941607,0.0112115378
8.1860332489,-0.1049144268,0.0331942029,0.1379522234,0.3988610506,0.1692708582,-0.0275297314
8.1959629059,-0.0970598161,0.0312636979,0.1235593706,0.4086620212,0.0238164607,-0.0467779972
8.2060289383,-0.0907952636,0.0392470099,0.1049217731,0.4376262724,-0.1171766147,-0.0618197955
8.2159509659,-0.0687265545,0.0459279306,0.0929390341,0.5142969489,-0.2297558933,-0.0473331325
8.2260246277,-0.0605531335,0.0728176162,0.0989568979,0.5842621922,-0.3081329763,-0.0266883075
8.2359514236,-0.0626183152,0.0903284177,0.1193584949,0.5907618999,-0.3271543682,-0.0063811708
8.2459774017,-0.0703115910,0.0857866332,0.1389439851,0.4986447692,-0.3061095178,0.0381671228
8.2558469772,-0.0797336847,0.0574499853,0.1383989602,0.3541696072,-0.2884623408,0.1072066426
8.2660112381,-0.0969609171,0.0461782105,0.1321935207,0.2439946383,-0.2918397784,0.1869848222
8.2758960724,-0.1072794646,0.0682730898,0.1338749677,0.1801934093,-0.3368916810,0.2255656421
8.2859230042,-0.1033316702,0.0849430189,0.1357495934,0.1249842197,-0.3872432709,0.2620519996
8.2957696915,-0.0909101814,0.0895474181,0.1436093003,0.0933096483,-0.4448687136,0.3017570674
8.3059167862,-0.0786692947,0.0926066563,0.1534179598,0.0119167902,-0.5448416471,0.3088365495
8.3159189224,-0.0691579133,0.0887339041,0.1632846743,-0.1088580936,-0.6663257480,0.3362700641
8.3258943558,-0.0514919609,0.0604338236,0.1850827485,-0.2040514499,-0.7896101475,0.3796316385
8.3358383179,-0.0304002315,0.0340822227,0.1833210737,-0.2627665699,-0.9423834085,0.4412192404
8.3458976746,-0.0359009504,0.0421539731,0.1700127870,-0.2602882087,-1.1374360323,0.5030387044
8.3559284210,-0.0520694107,0.0652270243,0.2175853997,-0.2134878337,-1.2523823977,0.5175607800
8.3658533096,-0.0552510023,0.0562529750,0.2405019552,-0.2010825723,-1.3293213844,0.5084894896
8.3758916855,-0.0441188216,0.0482045002,0.2143553048,-0.2070223540,-1.3671861887,0.4609327614
8.3858928680,-0.0519258678,0.0963753238,0.1914968640,-0.2844497561,-1.3889458179,0.3612631559
8.3959045410,-0.0780105591,0.0911742225,0.1618770510,-0.3492592275,-1.3891910315,0.2667594254
8.4058685303,-0.0923803151,0.0337858684,0.1385007054,-0.4412541389,-1.3632372618,0.2602810264
8.4159221649,-0.0570041239,0.0050035622,0.0977791101,-0.5264601707,-1.4187624454,0.3435657918
8.4259290695,-0.0079073319,-0.0387812965,0.0443225056,-0.6721212268,-1.5228265524,0.4303960204
8.4358549118,0.0270771682,-0.0800693557,-0.0088081220,-0.6966378689,-1.7057726383,0.5569593906
8.4459180832,0.0368551016,-0.0431038104,-0.0304483641,-0.5617301464,-1.9114941359,0.6261922717
8.4560232162,0.0364382565,0.0327070244,-0.0420420021,-0.4884010553,-2.1311051846,0.6275683641
8.4659233093,0.0408236980,0.0397123732,-0.0232577194,-0.4681152105,-2.2655255795,0.6390497684
8.4758396149,0.0587493181,0.0050420966,0.0232474934,-0.4110912085,-2.3331995010,0.6723799109
8.4858598709,0.0616090000,0.0066669490,0.0629266649,-0.3606738448,-2.2449140549,0.7015191317
8.4960231781,0.0315676928,0.0109979417,0.1103434712,-0.3445921838,-2.0155844688,0.7573934197
8.5058917999,0.0378955603,-0.0073994789,0.0962689072,-0.3262302279,-1.8023074865,0.8080547452
8.5158166885,0.0896912515,-0.0093268398,0.0330555588,-0.3645404577,-1.6976256371,0.8350247145
8.5258827209,0.0886787474,-0.0442213826,-0.0333170742,-0.5711663365,-1.7579165697,0.8461838961
8.5359659195,0.1587386429,-0.1687788814,-0.0779977292,-0.9009989500,-2.0494446754,0.9258576035
8.5457725525,0.2087242305,-0.2838304341,-0.0630531162,-1.4478468895,-2.4345073700,1.0137276649
8.5558671951,0.2168681324,-0.3927847147,-0.0245310534,-2.0407214165,-2.9301006794,1.0917218924
8.5657634735,0.2607660592,-0.4143064916,-0.0235421527,-2.3764562607,-3.2920093536,1.1962927580
8.5759038925,0.2628246844,-0.2651714087,0.0041906969,-2.1107707024,-3.1478183270,1.1941119432
8.5857744217,0.0032460981,-0.0365875550,-0.1111206263,-1.4705475569,-2.2226939201,0.5555430055
8.5958118439,-0.8691778183,0.2678537667,-0.3772540689,-0.6998437643,-0.1029004678,-0.2374745756
8.6057624817,-0.2500342429,0.1655666679,-0.7345665097,1.0469641685,1.9565616846,-0.3444774747
8.6158380508,-0.5590986013,0.1687191874,-0.9858991504,2.1444685459,2.4744846821,-0.3932232857
8.6257839203,-0.1834730208,-0.2189649045,-0.9430546761,1.5578171015,1.8103432655,-0.1569055617
8.6357994080,0.5807778835,-0.6545451880,-0.9437849522,0.1209173054,0.7918918133,0.1630436778
8.6457548141,0.5950642228,-0.6498513818,-0.8319808841,-0.4476558566,-0.0200910755,0.4683005214
8.6557264328,0.3830003440,-0.1801906824,-0.7021455765,-0.3812788129,-0.3275796473,0.1982768923
8.6657533646,0.3666184247,0.0296992715,-0.6111646891,0.3032020330,-0.1915957183,0.1066138223
8.6757431030,0.2872182429,-0.0508975051,-0.5221722722,0.9975222349,0.1157269403,0.1689427197
8.6858053207,0.2081932724,-0.0922107846,-0.3999359608,1.2630022764,0.3200611770,0.0750042349
8.6957349777,0.1991852820,-0.1383888572,-0.2997984886,1.2399754524,0.4344284832,-0.0287715644
8.7057952881,0.2117914855,-0.1875358224,-0.1794699281,1.0987036228,0.4897457957,-0.0566537939
8.7157373428,0.2107942402,-0.1654646248,-0.0709399432,0.6969942451,0.5566231012,-0.1226786226
8.7257471085,0.1782547534,-0.1602780968,0.0582377464,0.2610437870,0.7674341798,-0.1991709918
8.7356882095,0.1979444325,-0.2421450168,0.0520852357,-0.0217526238,0.9986524582,-0.1526651382
8.7457437515,0.1381188929,-0.2390446663,-0.0013922316,-0.1756934524,1.2692987919,-0.1118170470
8.7556972504,0.0819855034,-0.1958945692,-0.0674449056,-0.1752195507,1.4503901005,-0.0588088259
8.7657613754,0.0940365493,-0.1647283286,-0.1285055727,-0.1372764260,1.5209697485,-0.0890399665
8.7756872177,0.0737195909,-0.1733237207,-0.1808714718,-0.1072942838,1.5282728672,-0.1369150728
8.7857723236,0.0462769568,-0.1831661016,-0.2110562772,-0.0355247632,1.5177041292,-0.1878914386
8.7956867218,0.0546543598,-0.1573784500,-0.2308150381,0.0995819271,1.4742597342,-0.2663226128
8.8056726456,0.0668666959,-0.1218479052,-0.2306378335,0.2740711570,1.4460525513,-0.3480656743
8.8156900406,0.0683160722,-0.1003589705,-0.2094183415,0.3608303070,1.4365243912,-0.4160580337
8.8256616592,0.0805464685,-0.1390173286,-0.1615925878,0.2764581442,1.4590038061,-0.4607653320
8.8356742859,0.1004035175,-0.2037894428,-0.1125417203,0.1694620699,1.4891768694,-0.4598221779
8.8456535339,0.1177413464,-0.2082971781,-0.0911805481,0.0605688803,1.4873385429,-0.4512350857
8.8557176590,0.1231561303,-0.1689521521,-0.0917753428,-0.0235212278,1.4672504663,-0.4744189382
8.8656454086,0.1287604272,-0.1332422346,-0.0974612683,-0.0945916772,1.4237037897,-0.5027714968
8.8757095337,0.1309880316,-0.1077165380,-0.1132790893,-0.1036034077,1.3561919928,-0.5150765181
8.8856468201,0.1221569479,-0.0782532766,-0.1277764887,-0.0547463931,1.2571537495,-0.5165931582
8.8957014084,0.1170001328,-0.0479134135,-0.1272657365,0.0826294497,1.1610872746,-0.5011945963
8.9055833817,0.1233193278,-0.0152754132,-0.1127027124,0.2125480175,1.0617889166,-0.4815184176
8.9156932831,0.1236347258,0.0146560427,-0.0841928571,0.3754733205,0.9776042104,-0.4736471474
8.9256277084,0.1179242134,0.0150837060,-0.0591419786,0.6117880940,0.9249960780,-0.4649719000
8.9356155396,0.1009629667,0.0106572118,-0.0435704440,0.8170183301,0.8934040666,-0.4702216685
8.9456777573,0.0831298530,0.0270852800,-0.0334935635,0.8912329078,0.8517138362,-0.5379961729
8.9556026459,0.0655669868,0.0021572316,-0.0098227719,0.8935846686,0.8501175642,-0.6017305255
8.9656686783,0.0352493525,-0.0330048017,0.0195682775,0.7870435715,0.8404071927,-0.6409016252
8.9756021500,0.0224425495,-0.0662575141,0.0393921882,0.6567540169,0.8479418159,-0.6419224143
8.9856586456,0.0202379227,-0.0891432539,0.0457374603,0.5210174918,0.8536316156,-0.6036184430
8.9955348969,0.0111423125,-0.0842329785,0.0412587076,0.3993790150,0.8316613436,-0.5619540215
9.0056352615,0.0168279707,-0.0473642312,0.0329007059,0.2620901465,0.7751583457,-0.5455558896
9.0155849457,0.0183419585,-0.0226006303,0.0265493523,0.1271317899,0.7014257908,-0.5471119285
9.0256528854,0.0037804239,-0.0263730083,0.0447160155,0.0268645808,0.6837403178,-0.5246170163
9.0355672836,-0.0105741331,-0.0486200266,0.0670054108,-0.0490909033,0.6909191608,-0.4916779697
9.0456333160,-0.0173543692,-0.0412905030,0.0717203170,-0.0856654271,0.7122936845,-0.4588569105
9.0555772781,-0.0293647796,-0.0039884988,0.0674895793,-0.0603936277,0.7343105674,-0.4069604278
9.0656347275,-0.0296203643,0.0414101668,0.0524217635,-0.0133938929,0.7230808139,-0.3877973855
9.0755615234,-0.0254534781,0.0638387725,0.0255268943,0.0564003661,0.6702497602,-0.3790025413
9.0854711533,-0.0370372236,0.0575832613,0.0197702777,0.1168237701,0.5864004493,-0.3646899164
9.0957832336,-0.0575467199,0.0565063544,0.0292425882,0.1155927256,0.4773527980,-0.3671721220
9.1056175232,-0.0651006103,0.0415342934,0.0337851793,0.0663340911,0.3647846878,-0.3621581793
9.1155443192,-0.0572424829,0.0273495372,0.0608050376,0.0208413079,0.3037634194,-0.3319825828
9.1255712509,-0.0505618006,0.0183352437,0.0799675137,-0.0426236838,0.2160037309,-0.2878111303
9.1355342865,-0.0510602593,0.0204771366,0.0930925757,-0.0267598964,0.2144218236,-0.2368157059
9.1456060410,-0.0606853664,0.0324490406,0.1188367158,-0.0090051368,0.2542770803,-0.2169011235
9.1555299759,-0.0666939914,0.0577673055,0.1153319627,-0.0455516949,0.2808067203,-0.2064245194
9.1655893326,-0.0648982227,0.0709822401,0.1013183147,-0.0989704430,0.2847050428,-0.2021629214
9.1754646301,-0.0646360070,0.0669250414,0.0786600858,-0.1574942172,0.2513548136,-0.1742830873
9.1855802536,-0.0621311516,0.0654208586,0.0667908341,-0.1894681156,0.2279754579,-0.1294887215
9.1955022812,-0.0575621873,0.0501579829,0.0726205856,-0.1950529069,0.2411309332,-0.0860124901
9.2054977417,-0.0712630600,0.0285523143,0.0607567579,-0.2271125764,0.2252960503,-0.0338302404
9.2155027390,-0.0792541504,0.0468906648,0.0477659255,-0.1961863488,0.2277006209,-0.0306805186
9.2255582809,-0.0814623088,0.0697999075,0.0199915897,-0.1002297178,0.2548720539,-0.0649202466
9.2354841232,-0.1091275811,0.1120313630,0.0221496951,-0.0216001570,0.3181181252,-0.1142537072
9.2454557419,-0.1282981634,0.1168153509,0.0751139671,0.1343825161,0.3241781592,-0.1717710644
9.2554855347,-0.1146944612,0.0483186282,0.1031446606,0.1194606945,0.3093648553,-0.1408561617
9.2654933929,-0.1264420003,0.0043686833,0.1201947480,0.0181444585,0.2968517244,-0.1375170797
9.2754678726,-0.1010141522,0.0117542949,0.0896777064,-0.1449134350,0.2551868260,-0.1126988232
9.2855968475,-0.0862561166,0.0678020194,0.0658514649,-0.2046489418,0.2232512683,-0.0433945805
9.2954502106,-0.0719780177,0.1133027002,0.0519263297,-0.2879660726,0.1945301443,0.0482156277
9.3055210114,-0.0601761192,0.1182488427,0.0578232557,-0.2864933312,0.2297419310,0.1648492962
9.3154649734,-0.0516832173,0.1049945429,0.0862600356,-0.2149168849,0.3113653958,0.2705080807
9.3256998062,-0.0573946685,0.1313963532,0.0898022205,-0.0776304007,0.3459140658,0.3116214275
9.3354721069,-0.0608860403,0.1399973184,0.0705782324,0.1542472988,0.3156736195,0.3159083426
9.3454380035,-0.0579890311,0.1334830076,0.0606680065,0.3887511492,0.2475616783,0.2630666792
9.3554878235,-0.0691991299,0.1232068762,0.0725727230,0.5732538700,0.1660766751,0.1912223250
9.3654422760,-0.0660694987,0.0925653204,0.0958766490,0.7724828124,0.1030540243,0.1404970884
9.3754930496,-0.0516559184,0.0647371039,0.1050331146,0.9395772815,0.0463521294,0.1078129113
9.3853673935,-0.0428920090,0.0371497162,0.1391652375,0.9847466350,0.0228065886,0.0633136183
9.3954849243,-0.0651193410,-0.0230672453,0.1653102785,0.9195290208,0.0434964225,0.0419771746
9.4054088593,-0.0844635665,-0.0676499084,0.1720164567,0.8086158037,0.0235637240,0.0613069311
9.4154739380,-0.0610026717,-0.0510595851,0.1575901657,0.5924851894,-0.0203360878,-0.0020008036
9.4254007339,-0.0448104739,-0.0484545045,0.1280370504,0.3594349623,-0.0877891630,-0.0545202047
9.4354667664,-0.0313332826,-0.0458090119,0.1351326853,0.1465331912,-0.1348687857,-0.1167434976
9.4454298019,-0.0291956812,-0.0558851771,0.1309372336,-0.0356192999,-0.1633971035,-0.1631765068
9.4554214478,-0.0356203318,-0.0723536685,0.1085186750,-0.1443814784,-0.1729003340,-0.1768531799
9.4653806686,-0.0410949141,-0.0602680854,0.0851705819,-0.1964531988,-0.2042345554,-0.1691768765
9.4753980637,-0.0549545884,-0.0582680516,0.0686741024,-0.1995543092,-0.2348489165,-0.1211666092
9.4853706360,-0.0654778033,-0.0590622239,0.0794845968,-0.1855743229,-0.2757971585,-0.0476058386
9.4954357147,-0.0662437528,-0.0293674562,0.1165515929,-0.1792675555,-0.2838593423,0.0034351076
9.5053596497,-0.0755910873,0.0178146269,0.1475305706,-0.1663147360,-0.3144635856,0.0376210399
9.5154247284,-0.0649390221,0.0574913211,0.1727257520,-0.1382591277,-0.3547801077,0.0474249348
9.5253505707,-0.0253135264,0.0703916773,0.1951725632,-0.0833609924,-0.4141262472,0.0573329590
9.5354175568,-0.0130192796,0.0593154617,0.2142543942,0.0004825089,-0.4955388308,0.0854245126
9.5453414917,-0.0248640925,0.0513405986,0.1985821873,0.0313576013,-0.6307009459,0.1255879253
9.5551214218,-0.0038535602,0.0502731986,0.1730548888,-0.0066319928,-0.8189911842,0.1395829618
9.5651454926,0.0189266503,0.0468415208,0.1688026935,-0.0690476969,-1.0203437805,0.1483689845
9.5751495361,0.0127078583,0.0558721311,0.1355861574,-0.1833202243,-1.2692787647,0.1394391507
9.5853109360,0.0134423068,0.0795142278,0.1157134920,-0.2943316996,-1.5152043104,0.1049922258
9.5954904556,0.0072096582,0.0947544500,0.1197846085,-0.3270587325,-1.6812984943,0.0848424807
9.6053295135,-0.0130801955,0.1333858818,0.1544051915,-0.3327938318,-1.7458428144,0.0417069979
9.6152811050,-0.0097069154,0.1422561556,0.1987383515,-0.2742360234,-1.7251299620,0.0362206176
9.6253795624,-0.0004328495,0.1058756635,0.2263713032,-0.1820669323,-1.6671715975,0.1058982387
9.6353044510,-0.0000735527,0.0805952027,0.2085582167,-0.0919253156,-1.6304247379,0.1969634145
9.6453590393,0.0125195971,0.0910205618,0.1932299882,-0.0208436847,-1.6067763567,0.2732526064
9.6552448273,0.0085071614,0.0996620879,0.1764609963,0.0172602907,-1.5972720385,0.3496538997
9.6653251648,-0.0260557234,0.0755369142,0.1299387962,0.0045743221,-1.6374303102,0.4147290587
9.6752872467,-0.0318088531,0.0285809692,0.0903176218,-0.0710340217,-1.6740323305,0.4532677829
9.6853523254,-0.0032099492,0.0051829722,0.0526226908,-0.1933434159,-1.7409712076,0.4856590033
9.6952781677,0.0211875439,-0.0038977957,0.0046826145,-0.2970551550,-1.8528728485,0.4928311706
9.7053442001,0.0441598892,0.0049750712,-0.0146130184,-0.3452948630,-1.9517112970,0.4775699377
9.7152347565,0.0411392152,0.0127105322,-0.0005727273,-0.3256893456,-1.9996471405,0.4789298475
9.7253446579,0.0369971991,0.0157928672,0.0354595929,-0.2928203344,-1.9820833206,0.5032280087
9.7352561951,0.0374532640,0.0043049809,0.0693701655,-0.2644743323,-1.9377479553,0.5369147658
9.7452707291,0.0269992054,-0.0230066422,0.0785913020,-0.2393849343,-1.8943389654,0.5907977223
9.7552480698,0.0433709621,-0.0349746607,0.0692610294,-0.2866726816,-1.8718980551,0.6331815124
9.7653160095,0.0768736303,-0.0705470666,0.0217700731,-0.4249674380,-1.9494849443,0.6847760081
9.7752418518,0.1239869893,-0.1068389043,-0.0370402187,-0.6222196221,-2.1185579300,0.7157574892
9.7853050232,0.1714297831,-0.1362819076,-0.0803808421,-0.8436257839,-2.3442814350,0.7683706284
9.7952308655,0.1912029684,-0.1651438028,-0.0980983824,-1.0712568760,-2.5987582207,0.8392361999
9.8052968979,0.2057206333,-0.1864911169,-0.1049787849,-1.2787873745,-2.8337845802,0.9163349867
9.8152303696,0.2099523842,-0.1763420850,-0.0619706959,-1.4582452774,-2.9536931515,0.9310503602
9.8252258301,0.1840411127,-0.1341121942,0.0120177409,-1.5336647034,-2.8656392097,0.9220328927
9.8352308273,0.1432807148,-0.0800914690,0.0530438572,-1.3524101973,-2.4265534878,0.8574379086
9.8452081680,0.0090263179,-0.0167284999,-0.1028513759,-0.7606019974,-0.8635397553,0.3624385297
9.8552436829,-0.9908596277,0.0871216059,-0.3260090351,0.3754603863,2.1102766991,-0.3853778839
9.8651762009,-0.6093992591,0.0586445443,-0.9391095042,2.3257520199,3.3659982681,-0.2971428335
9.8752536774,-0.1155931652,-0.0969098061,-1.1530470848,2.2756931782,2.3264667988,-0.3222368658
9.8851881027,0.2270009816,-0.7945791483,-0.9822103381,0.4333128929,1.2229723930,0.1695935875
9.8952159882,0.5008609891,-1.0074459314,-0.9026359320,-1.2142267227,0.2780924439,0.4095348120
9.9051771164,0.4443388283,-0.5972775817,-0.7916516066,-1.6657962799,-0.1160426438,0.1000629812
9.9152460098,0.2296846211,-0.2139473408,-0.6039910316,-0.9510391951,-0.0686871111,0.1162555292
9.9251241684,0.2258641422,-0.0609602146,-0.4917713404,0.0119339684,0.1279314160,0.2386078238
9.9352359772,0.2528618872,-0.0299345646,-0.3783655167,0.4912832379,0.2774724364,0.1682484150
9.9451618195,0.2536044419,-0.0577938147,-0.2554254532,0.5448908210,0.4327413738,0.0280308649
9.9552316666,0.2280714810,-0.0875996798,-0.1379063576,0.4730699062,0.4789986312,0.0022818258
9.9651498795,0.2361027300,-0.0925986096,-0.1053380221,0.4563583136,0.4120257199,0.0600969233
9.9751796722,0.2371129692,-0.0523148142,-0.1079184860,0.4447530210,0.2634226382,0.0674456507
9.9851417542,0.1832496226,-0.0111360122,-0.0930582732,0.4743442237,0.1978375316,-0.0043923222
9.9952049255,0.1804567277,0.0255372580,-0.0839979500,0.5134961009,0.1721851677,-0.1646735966
10.0051279068,0.1328981817,0.0143610146,-0.0857938379,0.6242814660,0.2311446220,-0.2448126376
10.0151386261,0.0763265789,-0.0523919426,-0.1036965102,0.7652248740,0.3530777097,-0.2382677943
10.0251131058,0.0407607257,-0.0877115205,-0.1219384521,0.8642292619,0.5173326731,-0.2436516434
10.0351810455,0.0234337151,-0.1056426987,-0.1483019441,0.9178027511,0.6329519749,-0.2709996402
10.0450563431,0.0089733889,-0.1348496228,-0.1632808298,0.9210054874,0.7623099685,-0.2707783282
10.0551710129,-0.0174490511,-0.1506872028,-0.1680010408,0.8537642956,0.8900679350,-0.2683704495
10.0650949478,-0.0176779926,-0.1651360244,-0.1629935950,0.7236899137,1.0033684969,-0.2753886580
10.0751161575,-0.0052934592,-0.1689509600,-0.1562489122,0.5520611405,1.1077874899,-0.2833824158
10.0851039886,0.0049791629,-0.1595009118,-0.1361322254,0.3687331080,1.2057310343,-0.2881390750
10.0951509476,0.0174075663,-0.1553745717,-0.1162710637,0.2164100111,1.2870501280,-0.2651875615
10.1050472260,0.0370291173,-0.1409327239,-0.1154833287,0.0803419203,1.3417112827,-0.2495111376
10.1150665283,0.0542949140,-0.1166664138,-0.1174814552,0.0332126245,1.3532789946,-0.2293692380
10.1251401901,0.0735013485,-0.0819912031,-0.1372572631,0.0407270007,1.3448593616,-0.2208207697
10.1350135803,0.0771102905,-0.0452610813,-0.1574611515,0.1059641987,1.3230729103,-0.2026639879
10.1450710297,0.0703341067,-0.0254611913,-0.1625349373,0.1939438581,1.2702772617,-0.2066326439
10.1551246643,0.0568214357,-0.0204132441,-0.1348289102,0.2497458607,1.2573784590,-0.2660837173
10.1650514603,0.0443547964,-0.0478129797,-0.1023390740,0.3117442429,1.2618062496,-0.3044018149
10.1751155853,0.0345878303,-0.0715597197,-0.0876749605,0.3938015699,1.2972983122,-0.3524947762
10.1850528717,0.0309117436,-0.0739396736,-0.0663682073,0.4543780982,1.3402916193,-0.3793756366
10.1951084137,0.0286720097,-0.0710358545,-0.0608104318,0.4805970490,1.3981854916,-0.3829582632
10.2050323486,0.0406323373,-0.0850872621,-0.0588276833,0.3626243472,1.4541643858,-0.3545543253
10.2150306702,0.0445950329,-0.1281314492,-0.0447296351,0.1648501456,1.4743511677,-0.3152408600
10.2249813080,0.0524446666,-0.1702176929,-0.0313164443,-0.0337015614,1.4508974552,-0.2533314228
