0.0000000000,0.0023308650,0.0007384661,0.0021005804,0.0121612735,0.0014108544,0.0007547400
0.0095679760,0.0042802347,0.0018181447,0.0031122500,0.0121713942,0.0003429267,-0.0003075949
0.0196609497,-0.0006445095,0.0000116769,0.0041254098,0.0153413545,0.0035608243,0.0007550063
0.0296800137,0.0022540644,0.0001536849,0.0003061826,0.0185145121,0.0078205504,-0.0003001381
0.0399680138,0.0021503225,0.0003375355,0.0013719136,0.0206148662,0.0110442406,0.0028850692
0.0499780178,0.0020438090,-0.0004308578,0.0034230882,0.0259840637,0.0079286080,0.0060675466
0.0599839687,0.0009485140,-0.0021882709,0.0015727812,0.0238142535,0.0121585727,0.0071343426
0.0726549625,0.0008032277,-0.0029910859,0.0016769702,0.0206251182,0.0110903792,0.0103200162
0.0803400278,0.0006396428,-0.0047956463,0.0008126433,0.0194925033,0.0174689833,0.0135077536
0.0902529955,0.0014219835,-0.0046714898,0.0009164746,0.0152234575,0.0174247753,0.0124470163
0.1006029844,0.0031889335,-0.0035958942,0.0010194117,0.0162922628,0.0174334962,0.0124473488
0.1104270220,0.0049630059,-0.0024699327,0.0021029646,0.0206023231,0.0132129192,0.0103205480
0.1204299927,0.0048634959,-0.0002986249,0.0022064978,0.0313478038,0.0058792392,0.0103140241
0.1306259632,0.0028416768,0.0019429568,0.0023125345,0.0388145074,0.0059029413,0.0039413455
0.1405919790,0.0037465349,0.0013501886,0.0014994676,0.0452472419,0.0027623421,0.0018142120
0.1506379843,0.0027213350,0.0027540866,0.0016542012,0.0516398922,0.0038861963,0.0028749492
0.1607559919,0.0009559050,-0.0005618688,0.0007965500,0.0440981127,0.0112754703,0.0071279509
0.1708309650,0.0037482635,-0.0021791216,-0.0019597476,0.0387949608,0.0080527775,0.0081894863
0.1808660030,0.0041227592,-0.0042305049,-0.0027569002,0.0313151553,0.0090482682,0.0081921499
0.1909739971,0.0034061030,-0.0035807248,0.0002795989,0.0313471109,0.0058652577,0.0081905518
0.2010229826,0.0038986460,-0.0060092565,0.0022308165,0.0302784927,0.0058564693,0.0081902854
0.2110530138,0.0018450870,-0.0066064652,-0.0008547967,0.0238650683,0.0068615461,0.0081924163
0.2211480141,-0.0023389503,-0.0098619815,0.0000959570,0.0110352095,0.0099797752,0.0156312250
0.2311959267,-0.0024704083,-0.0142952856,-0.0029472774,-0.0156206358,0.0076385899,0.0177604221
0.2416039705,0.0026031390,-0.0163516756,-0.0020555919,-0.0390784256,0.0053194426,0.0188260190
0.2513489723,0.0035930530,-0.0174906906,-0.0021128124,-0.0680237934,-0.0847529247,0.0761255324
0.2614189386,-0.0680056885,-0.0313044861,-0.0101142591,-0.1156226024,-0.5364020467,0.3604738414
0.2713749409,-0.0351243652,-0.0587066188,-0.0098865693,-0.1432156265,-0.5562548637,0.2818978131
0.2817019224,0.0178559683,-0.0415206626,0.0027530724,-0.1188491210,-0.1268289536,0.0378928520
0.2915890217,0.0361566804,-0.0166094657,0.0092335278,-0.1101216823,-0.0433827825,-0.0321464166
0.3016970158,0.0038747147,-0.0060294326,0.0009671385,-0.0894407481,-0.0835098252,-0.0300482456
0.3117359877,0.0116342260,0.0117374901,-0.0002337163,-0.0788818449,-0.0728827491,-0.0417254083
0.3221160173,0.0024967447,0.0150911156,-0.0051986044,-0.0414172933,-0.0830557570,-0.0247512180
0.3320080042,0.0050884439,0.0343606398,-0.0061516827,0.0099183340,-0.0931283683,-0.0109658986
0.3419640064,0.0010026946,0.0462009832,-0.0057662195,0.0567706302,-0.0808465332,0.0198206436
0.3519909382,-0.0098658251,0.0476196334,-0.0082708066,0.1109651625,-0.0557603538,0.0516733788
0.3622850180,-0.0125647830,0.0470348820,-0.0024236506,0.1407215148,-0.0415481292,0.0760953724
0.3721610308,-0.0093049156,0.0325508043,0.0014212664,0.1512463242,-0.0253667627,0.1026457548
0.3821799755,-0.0048685418,0.0197319929,0.0057651335,0.1543482244,-0.0146174477,0.1196385846
0.3923100233,0.0031417862,0.0129502658,0.0021935636,0.1490876824,-0.0220841505,0.1206979901
0.4025249481,0.0136285378,0.0080909673,-0.0025266474,0.1343387961,-0.0413408689,0.1164453924
0.4124339819,0.0182554089,-0.0005001780,-0.0046197241,0.1025252119,-0.0618072599,0.1121960506
0.4224590063,0.0195338689,-0.0105348583,-0.0109255975,0.0707808062,-0.0897556767,0.0994481593
0.4325649738,0.0155338896,-0.0176599678,-0.0135808056,0.0324957371,-0.1039742976,0.0856473967
0.4427030087,0.0058840467,-0.0250207540,-0.0271066483,-0.0047251647,-0.1170399562,0.0845889896
0.4526640177,0.0020703331,-0.0244668182,-0.0415428355,-0.0473890044,-0.1195348054,0.0845985785
0.4627239704,-0.0077735232,-0.0151020046,-0.0510920361,-0.0891178325,-0.1093365625,0.0771814734
0.4728440046,-0.0170394219,-0.0116119739,-0.0527286008,-0.1310011148,-0.0843606368,0.0580921955
0.4826689959,-0.0239037313,-0.0063289758,-0.0445029810,-0.1740500927,-0.0487156957,0.0496274754
0.4930009842,-0.0292263962,-0.0099021848,-0.0332446769,-0.2139120251,-0.0119946990,0.0390379466
0.5030310154,-0.0220476128,-0.0057388898,-0.0228606518,-0.2482950985,0.0098569365,0.0188830104
0.5130729675,-0.0168033876,-0.0015309211,-0.0134584373,-0.2485012114,0.0299675316,0.0114605147
0.5231329203,0.0010923996,0.0204728786,-0.0272672232,-0.2008284926,0.0666694865,0.0433200449
0.5332059860,0.0106523586,0.0487843081,-0.0407949165,-0.1234676689,0.1239085421,0.0932335407
0.5433520079,0.0156832300,0.0639775321,-0.0510040596,-0.0046132579,0.1954841316,0.1707504988
0.5533549786,0.0315296911,0.0668635294,-0.0581563190,-0.0209075436,0.1155104637,0.1324899346
0.5633939505,0.0152516318,0.0273591224,-0.0536105111,0.1074459553,0.1965870708,0.1898353845
0.5734639168,0.0360060893,0.0360196754,-0.0799004510,0.1378059834,0.1467177868,0.1494543999
0.5835709572,0.0308699571,0.0556216761,-0.0577929094,0.1434808373,0.1116133854,0.1281988472
0.5936099291,0.0166530572,0.0683318004,-0.0657969788,0.1759871095,0.1716024280,0.1717543006
0.6036579609,0.0186125897,0.0568007454,-0.0608671382,0.1900743693,0.1492963880,0.1494425535
0.6137419939,0.0186513029,0.0567707345,-0.0463354662,0.1793775111,0.1512697935,0.1409518719
0.6238329411,0.0145994378,0.0457959101,-0.0454444364,0.1706814319,0.1683094949,0.1621988267
0.6338909864,0.0209631585,0.0404009148,-0.0464431718,0.1525461078,0.1706261784,0.2163563520
0.6438739300,0.0244352184,0.0399361774,-0.0474608615,0.1429498047,0.1718314588,0.2513990700
0.6539709568,0.0198053382,0.0403585956,-0.0562451556,0.1547388136,0.1677938402,0.2673210502
0.6640769243,0.0211872421,0.0485113785,-0.0660482123,0.1836648434,0.1575966030,0.2917281389
0.6741750240,0.0206882618,0.0529974625,-0.0767946914,0.2146552503,0.1548362225,0.3150784671
0.6841980219,0.0164134465,0.0473436639,-0.0883806422,0.2318087220,0.1476064175,0.3225034773
0.6943039894,0.0102489842,0.0349664614,-0.0980086997,0.2329855859,0.1370472461,0.3288686872
0.7043489218,0.0050779833,0.0284184758,-0.1096136644,0.2361497283,0.1413244158,0.3299335539
0.7144140005,-0.0021566197,0.0267838184,-0.1182715967,0.2359127104,0.1646318734,0.3246362507
0.7244800329,-0.0017440066,0.0310657863,-0.1190617159,0.2442816198,0.1805604398,0.3150846362
0.7345409393,0.0073230220,0.0414487645,-0.1206969693,0.2814217806,0.2009557188,0.3012820184
0.7446029186,0.0113971187,0.0522642955,-0.1241445616,0.3335329890,0.2182987630,0.2874737978
0.7547069788,0.0016058340,0.0568538830,-0.1352009773,0.3940253556,0.2516726851,0.2800424993
0.7647329569,-0.0085846679,0.0571234748,-0.1469667554,0.4479592144,0.3009185493,0.2747454941
0.7748069763,-0.0143033611,0.0510256514,-0.1594685912,0.4816732407,0.3447525799,0.2800678015
0.7848809958,-0.0155935334,0.0461772606,-0.1640048027,0.4950227439,0.3968775570,0.2822132409
0.7949459553,-0.0193498023,0.0433340594,-0.1665034294,0.4945045114,0.4489151835,0.2896719575
0.8050290346,-0.0245759971,0.0393896624,-0.1708967090,0.4683871865,0.4996462762,0.2939521968
0.8150659800,-0.0146058546,0.0322581157,-0.1742845774,0.4338587821,0.5375856757,0.3003507257
0.8251969814,0.0038234249,0.0287200455,-0.1689504385,0.3962541819,0.5638801455,0.3152399063
0.8351939917,0.0092305345,0.0229111258,-0.1715107560,0.3703362942,0.5956526995,0.3407455087
0.8454300165,0.0024950162,0.0275110248,-0.1732155085,0.3453703523,0.6379694939,0.3545753956
0.8553489447,-0.0056339996,0.0349243060,-0.1729703546,0.3417977095,0.6750974059,0.3577802479
0.8654199839,-0.0043456005,0.0423095599,-0.1785441041,0.3403525054,0.7133320570,0.3652329147
0.8755170107,-0.0073211091,0.0380803421,-0.1801941991,0.3486136198,0.7410066128,0.3673682213
0.8855860233,-0.0086246179,0.0360060856,-0.1750050783,0.3654333949,0.7666477561,0.3716236949
0.8956300020,-0.0209562667,0.0419872478,-0.1640068889,0.4004052281,0.7913792133,0.3748125434
0.9057459831,-0.0335787721,0.0503757969,-0.1529344916,0.4513229132,0.8215013146,0.3695044219
0.9157630205,-0.0386712290,0.0584079996,-0.1319991946,0.5096927881,0.8538094759,0.3641967475
0.9258350134,-0.0420690216,0.0602809563,-0.1070789769,0.5703156590,0.8744361997,0.3546367884
0.9359250069,-0.0485971458,0.0559354052,-0.0801640823,0.6160061955,0.8938796520,0.3461405039
0.9459760189,-0.0523367189,0.0452599302,-0.0551737621,0.6574174166,0.9143753052,0.3418922126
0.9560129642,-0.0444222800,0.0388879552,-0.0311514791,0.6895356178,0.9040172100,0.3376316726
0.9660929441,-0.0274675824,0.0347871557,-0.0062367981,0.7090693116,0.8712601066,0.3323006034
0.9762150049,-0.0219603069,0.0269883368,0.0126826698,0.7242552042,0.8470013738,0.3344082236
0.9862560034,-0.0338105299,0.0280827824,0.0294436160,0.7308104038,0.8310239315,0.3163485825
0.9963129759,-0.0523507409,0.0263099167,0.0509161279,0.7170655131,0.8169712424,0.2951090932
1.0063619614,-0.0549662150,0.0204904769,0.0644845888,0.6938502192,0.7901360989,0.2791757286
1.0164790154,-0.0495054834,0.0213044826,0.0818007514,0.6673557162,0.7707011700,0.2632457614
1.0265170336,-0.0447549038,0.0198304746,0.0989195034,0.6185028553,0.7457875013,0.2505028546
1.0365660191,-0.0495196618,0.0110026393,0.1060901806,0.5600280762,0.7229106426,0.2377647012
1.0466449261,-0.0481332019,0.0054911319,0.1159987375,0.4962851107,0.6936342120,0.2271491438
1.0566799641,-0.0415126756,0.0100888405,0.1276783347,0.4326243997,0.6558637023,0.2154666483
1.0668289661,-0.0384503976,0.0111869071,0.1391812563,0.3774280250,0.6256296039,0.2090944946
1.0768629313,-0.0294230022,0.0160963181,0.1475461721,0.3233661354,0.5890731812,0.2080281675
1.0869119167,-0.0199443661,0.0244466159,0.1528741717,0.2799337208,0.5568821430,0.2112080455
1.0969970226,-0.0188198648,0.0300041530,0.1601099372,0.2503486574,0.5280640721,0.2250045538
1.1070699692,-0.0213230252,0.0333512947,0.1604401469,0.2303261310,0.5035664439,0.2377395183
1.1171380281,-0.0236562323,0.0326173827,0.1587863564,0.2070271969,0.4864822924,0.2526021004
1.1271619797,-0.0208841320,0.0306665991,0.1502693892,0.1827050745,0.4651371539,0.2664016485
1.1372599602,-0.0179208554,0.0295015369,0.1387715936,0.1626133919,0.4469576180,0.2717066705
1.1473259926,-0.0177083015,0.0262223650,0.1340479255,0.1447538584,0.4192541242,0.2780687213
1.1574029922,-0.0211623851,0.0228022803,0.1341254115,0.1300169975,0.3989714682,0.2791241109
1.1675449610,-0.0273778792,0.0182664860,0.1312546134,0.1173510775,0.3851088583,0.2854904532
1.1775159836,-0.0286022983,0.0146435369,0.1322793365,0.1099903658,0.3744681776,0.2907960117
1.1876289845,-0.0238003768,0.0080279578,0.1255020499,0.1058564484,0.3606321216,0.2897271514
1.1976919174,-0.0041325996,-0.0015302431,0.1177965924,0.1018350720,0.3362194598,0.2939631939
1.2077009678,0.0187386498,-0.0120694768,0.1052357480,0.1021416858,0.3065724373,0.3035057485
1.2178720236,0.0351397879,-0.0138837304,0.0965340063,0.0951000154,0.2640947402,0.3077335060
1.2279119492,0.0391886532,-0.0010488238,0.0897105262,0.1114462838,0.2302474380,0.3024038672
1.2379789352,0.0318182372,0.0091456641,0.0858098194,0.1490583718,0.2040001154,0.2949486077
1.2479889393,0.0236829743,0.0099631865,0.0770995542,0.1801959872,0.1851584613,0.2928077579
1.2580770254,0.0118360287,0.0119983424,0.0674293563,0.2048645765,0.1725992560,0.2864244282
1.2681279182,0.0010591067,0.0124036837,0.0539133474,0.2390474230,0.1685709506,0.2736716270
1.2782139778,-0.0008398637,0.0111924354,0.0336379334,0.2775018513,0.1646001786,0.2641036808
1.2882329226,0.0002098262,0.0103676636,0.0231236760,0.3073432744,0.1679681391,0.2524178624
1.2981599569,-0.0037182465,0.0059130955,0.0233433191,0.3254376054,0.1723152250,0.2439210564
1.3082740307,-0.0037573397,-0.0062122699,0.0255383793,0.3264370859,0.1786420941,0.2364913672
1.3182989359,-0.0038289397,-0.0164076518,0.0306134764,0.3178755641,0.1806479841,0.2301237583
1.3286149502,-0.0058828192,-0.0228414517,0.0327296779,0.3018475175,0.1826229841,0.2290672660
1.3385609388,-0.0001038730,-0.0246172827,0.0367820784,0.2793728411,0.1887794137,0.2269524485
1.3487659693,0.0047722412,-0.0249901544,0.0329852626,0.2612752616,0.1843552440,0.2237703800
1.3587609529,0.0107456548,-0.0245727878,0.0359932110,0.2411159575,0.1724932641,0.2216459811
1.3687809706,0.0109657748,-0.0233281609,0.0379844233,0.2305666208,0.1596416384,0.2173937112
1.3788830042,0.0005965933,-0.0221068468,0.0418857858,0.2262927890,0.1595351100,0.2067767531
1.3889189959,-0.0088104652,-0.0188829210,0.0380036756,0.2295004427,0.1584324986,0.1961577237
1.3990169764,-0.0034456893,-0.0135670137,0.0322229192,0.2328392416,0.1446535736,0.1940263957
1.4090409279,0.0060432805,-0.0091595929,0.0254948083,0.2297863066,0.1297575831,0.1918962747
1.4191609621,0.0058018668,-0.0017372649,0.0206927005,0.2459476888,0.1139130965,0.1812662631
1.4291859865,0.0027041540,0.0039515067,0.0217319075,0.2674347758,0.0991902128,0.1727589220
1.4392969608,-0.0052589970,0.0069339778,0.0178956334,0.2930719554,0.0961547419,0.1610711068
1.4493409395,-0.0190923773,0.0043214578,0.0179361645,0.3186000884,0.1037088633,0.1462028921
1.4594340324,-0.0299709924,-0.0010435935,0.0160694066,0.3345063329,0.1133353934,0.1366474628
1.4694659710,-0.0231822096,-0.0044234786,0.0152192051,0.3355393708,0.1164502203,0.1249703020
1.4795140028,-0.0194255598,-0.0118360315,0.0172551814,0.3195217848,0.1173714101,0.1249748245
1.4895859957,-0.0206774138,-0.0146498401,0.0172892157,0.2960116267,0.1203711927,0.1281666160
1.4997010231,-0.0238998272,-0.0188083407,0.0221629087,0.2618092000,0.1253640950,0.1260541975
1.5097240210,-0.0301686563,-0.0243469086,0.0289405528,0.2263825685,0.1462759674,0.1260742545
1.5197919607,-0.0315840356,-0.0264399741,0.0327747986,0.1771801263,0.1575528532,0.1314013749
1.5299019814,-0.0123927640,-0.0260338876,0.0327660367,0.1322669685,0.1667452157,0.1367261559
1.5399910212,0.0118091358,-0.0269154925,0.0288624112,0.1013335437,0.1654485166,0.1420423537
1.5500060320,0.0349931605,-0.0299173798,0.0230231229,0.0800362453,0.1610527039,0.1473545581
1.5600799322,0.0533273183,-0.0279890727,0.0249414388,0.0845337957,0.1388781667,0.1579603404
1.5701060295,0.0650576204,-0.0192079041,0.0287917797,0.0665632635,0.1217364669,0.1568948030
1.5802539587,0.0603394248,-0.0271035209,0.0345928594,0.0496836156,0.1013244018,0.1409619153
1.5902609825,0.0499244072,-0.0410057418,0.0364847705,0.0145043228,0.0967111439,0.1314116716
1.6004109383,0.0406595282,-0.0348021686,0.0354248211,0.0019448558,0.0710105747,0.1122896597
1.6104049683,0.0255555101,-0.0305350125,0.0246151630,0.0127937486,0.0518542528,0.0889168903
1.6204839945,0.0123329489,-0.0194024872,0.0011162694,0.0363398194,0.0433635637,0.0570527017
1.6305429935,0.0165295415,-0.0137901325,-0.0310791787,0.0652326643,0.0349795334,0.0347456634
1.6406079531,0.0380532108,-0.0050012600,-0.0515649393,0.0854559094,0.0392760113,0.0156302918
1.6506409645,0.0435841642,0.0008964650,-0.0438690260,0.0780799985,0.0284202341,-0.0119795641
1.6607339382,0.0404414274,-0.0046950299,-0.0195984300,0.0920991451,0.0124532524,-0.0385360755
1.6708689928,0.0357452221,-0.0050901901,-0.0089500612,0.1136135161,-0.0055007804,-0.0544779561
1.6808729172,0.0087418137,0.0130790528,-0.0071647828,0.1464713216,0.0158766787,-0.0746498033
1.6909379959,-0.0241961963,0.0187055115,-0.0121942228,0.1599203199,0.0572874360,-0.0884363875
1.7010139227,-0.0386282913,0.0232554805,-0.0210681614,0.1660887450,0.0806854367,-0.0884262696
1.7110729218,-0.0464395992,0.0306982156,-0.0338668302,0.1753867418,0.1115445495,-0.0873506218
1.7211740017,-0.0490284599,0.0312921479,-0.0369610265,0.1707800031,0.1454939991,-0.0820235014
1.7311909199,-0.0481005572,0.0239402540,-0.0244811233,0.1555713266,0.1718752682,-0.0841305852
1.7413319349,-0.0513231196,0.0117552141,-0.0032594269,0.1425255686,0.1962288171,-0.0745589212
1.7513489723,-0.0528717376,0.0062146597,0.0295955483,0.1229669899,0.2311306000,-0.0660431981
1.7614519596,-0.0454514809,-0.0055603432,0.0547047779,0.1112019420,0.2354798019,-0.0341840684
1.7714799643,-0.0217945762,-0.0194415990,0.0740966126,0.0943837836,0.2122512460,0.0061574285
1.7815769911,0.0111223562,-0.0169286523,0.0828146264,0.0924711078,0.1923228204,0.0443727262
1.7916150093,0.0336982273,0.0137311025,0.0797977373,0.1024245396,0.1586010009,0.0666501299
1.8016769886,0.0447692983,0.0241747443,0.0787550732,0.1155576482,0.1257871389,0.0613214150
1.8117280006,0.0433721207,0.0126387384,0.0738683268,0.1438951790,0.0677360818,0.0708419532
1.8218899965,0.0317493193,0.0209342707,0.0631169006,0.1764336824,0.0160611700,0.0761168748
1.8318749666,0.0029119060,0.0296364632,0.0367550775,0.2300474793,-0.0089445813,0.0750297680
1.8419690132,-0.0131210433,0.0381350517,0.0075310403,0.3113836050,-0.0315782540,0.0749978125
1.8520549536,-0.0203525908,0.0476260893,-0.0119368499,0.4044013023,-0.0476961061,0.0823999345
1.8620820045,-0.0199724920,0.0502591990,-0.0158076342,0.4877811670,-0.0618923493,0.0717536807
1.8721510172,-0.0304559804,0.0348344482,-0.0119156307,0.5389983654,-0.0626497567,0.0494409204
1.8822000027,-0.0420170613,0.0089933593,-0.0060979789,0.5560612082,-0.0614465401,0.0483753905
1.8924019337,-0.0486546345,0.0016463231,0.0064871842,0.5357421637,-0.0574148446,0.0430741683
1.9023419619,-0.0582755096,0.0018185563,0.0209694449,0.5227273107,-0.0374576487,0.0292840526
1.9124619961,-0.0513154455,0.0026935507,0.0364671871,0.4903994799,-0.0070161866,0.0218744054
1.9224790335,-0.0404368080,0.0022361446,0.0451320335,0.4743765891,-0.0061642407,0.0112609100
1.9329479933,-0.0304993875,-0.0152703356,0.0363117382,0.4037955105,0.0080609005,0.0091622062
1.9426609278,-0.0325049497,-0.0462004095,0.0372254774,0.3246692717,0.0233000405,0.0113135073
1.9527029991,-0.0384801812,-0.0592388734,0.0341808125,0.2785937488,0.0420532227,0.0198284332
1.9627449512,-0.0356929488,-0.0509928837,0.0252649132,0.2677877247,0.0558015257,0.0272706375
1.9727339745,-0.0143033909,-0.0476050079,0.0125287110,0.2581725717,0.0579213351,0.0400171243
1.9829119444,0.0141503764,-0.0483038314,0.0057023102,0.2125592679,0.0310854595,0.0538186915
1.9930199385,0.0340795480,-0.0652557388,0.0018786128,0.1190143302,-0.0046094870,0.0750606656
2.0030131340,0.0267618112,-0.0624824688,0.0047987634,0.0636328310,-0.0156695955,0.0803781971
2.0130858421,0.0016839161,-0.0395278595,0.0017403300,0.0409716964,0.0084617734,0.0687160194
2.0231449604,-0.0257285275,-0.0318145305,0.0083877975,0.0545018874,0.0413147919,0.0443076082
2.0332298279,-0.0288099684,-0.0464474261,0.0219936315,0.0192365460,0.0452111959,0.0379461832
2.0433621407,-0.0280719288,-0.0713368878,0.0375892445,-0.0331033580,0.0500941053,0.0432709083
2.0534439087,-0.0245856680,-0.0773805603,0.0317296311,-0.0802573934,0.0698494315,0.0443550795
2.0636711121,-0.0165470280,-0.0673267618,0.0053626234,-0.1038641855,0.0823487118,0.0401201211
2.0734770298,0.0039599640,-0.0582474954,-0.0248996075,-0.1210047379,0.0884598047,0.0242024753
2.0836019516,0.0047686948,-0.0608241037,-0.0327985361,-0.1253867149,0.0989425406,0.0104054362
2.0936388969,-0.0148682790,-0.0480032265,-0.0134888953,-0.1276636273,0.1114904881,-0.0150716268
2.1037540436,-0.0305380560,-0.0360783115,0.0282502118,-0.1001238748,0.1306508631,-0.0426758230
2.1138081551,-0.0365575738,-0.0264680926,0.0641193315,-0.0275934599,0.1332548410,-0.0660529882
2.1238408089,-0.0258710720,-0.0148748811,0.0805203840,0.0663916245,0.1254901290,-0.0809459165
2.1338980198,-0.0131193148,-0.0074329730,0.0764336511,0.1401863247,0.1090532318,-0.0968997106
2.1439981461,-0.0012142704,-0.0142754782,0.0635995790,0.1660647839,0.0827656984,-0.0947958156
2.1540088654,0.0059648706,-0.0261125918,0.0556603000,0.1429395974,0.0475688279,-0.0916226655
2.1641688347,-0.0002470359,-0.0344053656,0.0535831973,0.1080252975,0.0175877605,-0.0863197744
2.1741390228,-0.0139294611,-0.0197247993,0.0524631068,0.0932868645,-0.0027725722,-0.0969426557
2.1842861176,-0.0324146338,-0.0002399963,0.0483937785,0.1155980229,0.0069375793,-0.1022524685
2.1942989826,-0.0373153724,0.0068616811,0.0482757613,0.1496423334,0.0179160610,-0.0916385725
2.2043600082,-0.0050605582,-0.0061934646,0.0376044437,0.1701569259,-0.0039871065,-0.0608625486
2.2144379616,0.0461352877,-0.0152257439,0.0270144287,0.1749418974,-0.0536589883,-0.0364659317
2.2245290279,0.0724025741,-0.0115439501,0.0124696428,0.1819417477,-0.1118128374,-0.0141989756
2.2345709801,0.0687298551,-0.0096454229,-0.0050619906,0.1874771714,-0.1319172382,-0.0131497569
2.2446808815,0.0435471199,-0.0155531969,-0.0207142290,0.1755981445,-0.1182544231,-0.0173871126
2.2547159195,0.0202501826,-0.0303929355,-0.0334069207,0.1658997238,-0.1087756380,-0.0152561180
2.2648158073,0.0155932857,-0.0279576834,-0.0402135327,0.1445566267,-0.1089689806,-0.0163125936
2.2749099731,0.0109435571,-0.0279441606,-0.0469708517,0.0889757127,-0.1010207757,-0.0247891694
2.2849221230,0.0108651025,-0.0391368195,-0.0527224615,0.0227460861,-0.0940816402,-0.0109654991
2.2949099541,0.0230572782,-0.0390251428,-0.0506726578,-0.0048785890,-0.1059820428,-0.0088399639
2.3050470352,0.0332643650,-0.0157190841,-0.0428305939,-0.0079047391,-0.1241232380,-0.0205280446
2.3151099682,0.0278960131,-0.0031675007,-0.0291701015,-0.0144292722,-0.1125278324,-0.0237070601
2.3251609802,0.0284812562,-0.0158904698,-0.0085818833,-0.0231138393,-0.0977275819,-0.0205120649
2.3352079391,0.0340837203,0.0017794389,0.0138937766,0.0120646283,-0.0931424797,-0.0152085815
2.3453209400,0.0496128909,0.0305525009,0.0197857562,0.0697609484,-0.1001077071,-0.0215975046
2.3554110527,0.0495429225,0.0423895270,0.0217316095,0.1305838972,-0.0996178910,-0.0279835630
2.3655118942,0.0268594958,0.0373039469,0.0196731035,0.1815733165,-0.0758076310,-0.0247992221
2.3755879402,0.0177635215,0.0257077161,-0.0008896654,0.2008791864,-0.0851894841,-0.0248082113
2.3855879307,0.0203202851,0.0072618816,-0.0126341647,0.2018333972,-0.0746532232,-0.0375447758
2.3957200050,0.0041310294,-0.0043432098,-0.0196135100,0.2294146717,-0.0585512184,-0.0460381322
2.4059150219,0.0085467128,0.0057773534,-0.0363344625,0.2574151456,-0.0837798715,-0.0471196398
2.4158389568,0.0101841716,0.0246353466,-0.0404132083,0.2405107319,-0.1020900384,-0.0662375391
2.4258480072,-0.0126965540,0.0197610352,-0.0279287156,0.2182624191,-0.1193795502,-0.0842911080
2.4359788895,-0.0334132500,0.0106620956,-0.0329032615,0.2034423649,-0.1323174536,-0.0959744006
2.4463930130,-0.0627517775,0.0247478578,-0.0506262258,0.1958339810,-0.1197891384,-0.1172021851
2.4560661316,-0.0844210237,0.0182558317,-0.0672848299,0.1592342108,-0.0894619972,-0.1362897307
2.4661560059,-0.0879293978,-0.0011212956,-0.0595074967,0.1023355126,-0.0548044145,-0.1150219962
2.4762220383,-0.0779186711,-0.0015922021,-0.0419595316,0.0241800938,-0.0288428571,-0.0969377980
2.4862680435,-0.0484988727,-0.0066277739,-0.0252417978,-0.0249600224,-0.0227532722,-0.0735626966
2.4963099957,-0.0258810855,0.0063433740,-0.0241251644,-0.0451980494,-0.0259801559,-0.0533866584
2.5064201355,-0.0197306164,0.0261360202,-0.0240591820,-0.0334734805,-0.0236586798,-0.0385232903
2.5164740086,-0.0389998294,0.0375690460,-0.0085023707,0.0037599327,-0.0104551930,-0.0162281711
2.5265269279,-0.0631530955,0.0580519140,-0.0125061935,0.0525277406,0.0217967536,-0.0172862448
2.5366101265,-0.0660541281,0.0694880635,-0.0155419772,0.1321939379,0.0596507266,-0.0141011719
2.5466628075,-0.0486718677,0.0692146122,-0.0244450029,0.2184039205,0.0838378146,-0.0003075949
2.5567960739,-0.0276030935,0.0611697957,-0.0217550453,0.3133264184,0.0899719447,-0.0003281678
2.5667748451,-0.0046820538,0.0442598760,-0.0162148532,0.3807696402,0.0693529546,0.0017680062
2.5768489838,-0.0003434986,0.0314850807,-0.0185955819,0.3955779374,0.0822025761,-0.0003538674
2.5869929790,-0.0236824267,0.0135794077,-0.0288872179,0.3568411767,0.1136901900,-0.0013901034
2.5970568657,-0.0443570353,-0.0019567590,-0.0264710840,0.2945335209,0.1545424759,0.0007697869
2.6071281433,-0.0505789556,0.0030413736,-0.0093729561,0.2024408877,0.1855709702,0.0008086690
2.6170458794,-0.0541261993,0.0128502343,0.0068512494,0.1231165007,0.2198250890,-0.0097720698
2.6271958351,-0.0502464511,0.0101770628,0.0231679026,0.0491575859,0.2521145940,-0.0033663688
2.6373019218,-0.0428681262,0.0156117994,0.0375537798,-0.0204691328,0.2768901587,-0.0160783697
2.6473751068,-0.0358211733,0.0049418230,0.0520043895,-0.0867280513,0.2858474255,-0.0181806684
2.6574299335,-0.0327031352,0.0084639508,0.0654520318,-0.1315529048,0.2853725255,-0.0309107788
2.6674890518,-0.0511437543,0.0184269939,0.0690957233,-0.1830893308,0.3144254982,-0.0627371445
2.6775641441,-0.0589804538,-0.0003337544,0.0777469799,-0.2579612136,0.3295006454,-0.0913787186
2.6876330376,-0.0464302339,-0.0294711869,0.0962726399,-0.3080587089,0.3214139342,-0.1253475994
2.6976628304,-0.0189654566,-0.0288622286,0.1099842712,-0.3140234649,0.2754574716,-0.1678405404
2.7077641487,-0.0027690872,-0.0038021412,0.1158208176,-0.2632676065,0.2129362822,-0.2230982035
2.7178368568,-0.0016318605,0.0032484028,0.0982773229,-0.1975077987,0.1441724002,-0.2794243097
2.7279081345,-0.0176175870,0.0146684293,0.0797052309,-0.1511999518,0.0996717736,-0.3314864337
2.7379360199,-0.0391144045,0.0099271554,0.0631026551,-0.1133901477,0.0520248972,-0.3665597439
2.7480750084,-0.0593051948,0.0111899469,0.0533552691,-0.1001260132,0.0053210407,-0.3867606223
2.7581129074,-0.0841528699,0.0154629592,0.0582102463,-0.0925574973,-0.0053489804,-0.4058796465
2.7681369781,-0.0932303146,0.0257795695,0.0621493384,-0.0518010110,-0.0251122974,-0.3995290697
2.7782020569,-0.0775127336,0.0336358994,0.0427741334,0.0018057050,-0.0489160307,-0.3793821335
2.7883379459,-0.0626047328,0.0214104373,0.0185727421,0.0072468095,-0.0582938194,-0.3602758050
2.7983369827,-0.0603777356,-0.0014884379,0.0148330862,-0.0087608388,-0.0560913235,-0.3262918293
2.8084340096,-0.0641997084,-0.0099155512,0.0119759375,-0.0176600590,-0.0176927987,-0.2837984264
2.8184838295,-0.0634345189,0.0051194374,0.0109845931,-0.0019077528,0.0103310458,-0.2381312698
2.8286108971,-0.0471311994,0.0193935502,0.0080768401,0.0044204500,0.0202129707,-0.1956559867
2.8386068344,-0.0328174569,0.0191815216,-0.0006802743,0.0118852910,0.0237860009,-0.1457508653
2.8487038612,-0.0192042179,0.0180630405,-0.0171998795,0.0182848666,0.0261993594,-0.1096501350
2.8587570190,-0.0164493807,0.0219975580,-0.0308838543,0.0480598360,0.0383118801,-0.0820453316
2.8688421249,-0.0107758986,0.0311858896,-0.0436291173,0.0853773803,0.0430206135,-0.0608164817
2.8788709641,0.0096263243,0.0311931837,-0.0504936054,0.1324238926,0.0350395851,-0.0459671617
2.8890240192,0.0281994455,0.0299102385,-0.0486220196,0.1975421757,0.0335138626,-0.0417372622
2.8990149498,0.0498172902,0.0253104214,-0.0535994843,0.2627621889,0.0225152746,-0.0258323289
2.9091310501,0.0842864737,0.0084477011,-0.0604807809,0.2971627712,-0.0014925904,-0.0109878704
2.9191880226,0.0992298797,0.0006372500,-0.0713772848,0.3345244825,-0.0021923359,-0.0056891111
2.9292159081,0.1042760387,0.0000131894,-0.0687516406,0.3570071757,-0.0094443895,-0.0088838385
2.9391670227,0.1073775217,-0.0111070629,-0.0495576337,0.3741965890,-0.0210296735,-0.0184491146
2.9493508339,0.1144324020,-0.0309214797,-0.0313216522,0.3689264655,-0.0274215266,-0.0152655728
2.9594860077,0.1215257421,-0.0364421234,-0.0267417487,0.3262760341,-0.0320711397,-0.0205679256
2.9697790146,0.1178174093,-0.0483009145,-0.0338442996,0.2771242261,-0.0261338875,-0.0205524806
2.9795298576,0.1100253686,-0.0499098077,-0.0429148152,0.2331817150,-0.0074327709,-0.0226546451
2.9897990227,0.1137562767,-0.0460029468,-0.0451268628,0.1957565844,-0.0003458334,-0.0247652009
2.9997410774,0.1154636368,-0.0472479239,-0.0287897047,0.1541750878,-0.0050152205,-0.0343136303
3.0097849369,0.0984763429,-0.0429187045,-0.0027587479,0.1508021951,0.0119190216,-0.0364279151
3.0198209286,0.0823465660,-0.0258214679,0.0066172415,0.1773616970,0.0237809401,-0.0427989289
3.0299129486,0.0729289576,-0.0064991619,0.0032880241,0.2038540244,0.0419887081,-0.0523527525
3.0400109291,0.0545179658,-0.0044433083,-0.0020419424,0.2218863219,0.0527438149,-0.0544760227
3.0500478745,0.0398949794,-0.0082034227,0.0004169280,0.2004462779,0.0620856509,-0.0576513112
3.0599930286,0.0281161033,-0.0122127440,0.0146059329,0.1630049795,0.0713639036,-0.0491428450
3.0701818466,0.0260365419,-0.0117387678,0.0278676692,0.1213917583,0.0710626990,-0.0395762362
3.0803079605,0.0219785534,-0.0000312385,0.0392109081,0.0734073520,0.0674728900,-0.0374410488
3.0903038979,0.0130704446,0.0004895273,0.0379701778,0.0221612044,0.0703123584,-0.0214996319
3.1003699303,0.0100417091,0.0014081690,0.0329127833,-0.0323004127,0.0741576329,-0.0098045608
3.1104388237,0.0039582355,0.0047457907,0.0317857787,-0.0708725750,0.0897925198,-0.0012925651
3.1205530167,0.0046969010,0.0058623049,0.0414589569,-0.0997344181,0.0949013904,0.0072115739
3.1305828094,-0.0014186249,0.0097633246,0.0481847450,-0.1084402949,0.1118236482,0.0104076331
3.1406369209,-0.0006935492,0.0039437059,0.0549521372,-0.1095059812,0.1118280441,0.0125316381
3.1507790089,0.0011118605,0.0099426303,0.0538929030,-0.0763392448,0.1036358923,0.0135809230
3.1607940197,0.0030316964,0.0258954857,0.0449848697,-0.0431368947,0.0911310837,0.0040094559
3.1709129810,0.0051045967,0.0227625314,0.0390464589,-0.0078449510,0.0840393528,0.0082441485
3.1808979511,0.0063036336,0.0112131927,0.0311278645,0.0221835487,0.0706102997,0.0241576657
3.1910438538,0.0145308478,0.0115869883,0.0310072247,0.0415441990,0.0559655763,0.0305162296
3.2010431290,0.0090982569,0.0082388315,0.0308245365,0.0575320572,0.0582266003,0.0305140987
3.2111170292,0.0027077750,-0.0028383490,0.0277352873,0.0511122420,0.0603480749,0.0390111804
3.2210860252,0.0060822619,-0.0140340086,0.0315149948,0.0255347118,0.0570119321,0.0496326685
3.2312741280,0.0046000881,-0.0196206924,0.0382381007,0.0021127416,0.0515226237,0.0528212711
3.2413220406,0.0031777427,-0.0185382124,0.0469108745,0.0181944519,0.0442780256,0.0591832958
3.2513909340,0.0126215471,0.0002795700,0.0468014404,0.0364000872,0.0380773880,0.0602373742
3.2613778114,0.0182545446,0.0076625589,0.0505739376,0.0590080060,0.0191869885,0.0623477288
3.2715430260,0.0251214914,0.0055348221,0.0475776717,0.0902327746,-0.0081149396,0.0644497648
3.2815818787,0.0263641290,0.0075808857,0.0406460091,0.1139037982,-0.0269661248,0.0708048642
3.2917208672,0.0229108147,0.0019359831,0.0308186356,0.0970646366,-0.0504504144,0.0718592107
3.3016338348,0.0176668726,-0.0156005826,0.0278801266,0.0587641150,-0.0624708608,0.0697393343
3.3118429184,0.0184029900,-0.0170498099,0.0259960238,0.0119116558,-0.0735602602,0.0591277033
3.3218598366,0.0211712383,-0.0121258255,0.0261302534,-0.0296069197,-0.0846308917,0.0442676619
3.3319809437,0.0170862637,-0.0183162745,0.0263084713,-0.0552281290,-0.0849861503,0.0240998100
3.3419699669,0.0188547038,-0.0305974688,0.0275399033,-0.0711599588,-0.0925958678,0.0177305955
3.3520450592,0.0245917104,-0.0302844401,0.0258566085,-0.0625621974,-0.0989288613,0.0113544539
3.3622050285,0.0195495896,-0.0180781987,0.0211267415,-0.0242137238,-0.0922400057,0.0092233261
3.3721880913,0.0115413768,-0.0045056697,0.0192488376,0.0163020100,-0.0887443423,0.0028439900
3.3820869923,0.0073956354,-0.0041723754,0.0056579644,0.0406968296,-0.0736759081,0.0028453213
3.3923430443,0.0021394000,-0.0104353037,-0.0001640384,0.0534304678,-0.0661024153,0.0081548654
3.4024579525,-0.0002795205,-0.0127166118,-0.0021242565,0.0640199482,-0.0574868172,0.0134657416
3.4124469757,-0.0057169991,-0.0002388861,-0.0119749373,0.0852346867,-0.0445683561,0.0134668071
3.4223549366,-0.0073524611,0.0007596407,-0.0140199130,0.0766910538,-0.0435193367,0.0230254252
3.4325850010,-0.0089929746,-0.0082144048,-0.0169780906,0.0361316428,-0.0427848361,0.0272832867
3.4427309036,-0.0125997411,-0.0205546077,-0.0179300364,-0.0033806683,-0.0399123505,0.0326040126
3.4527280331,-0.0093290703,-0.0256233718,-0.0148965782,-0.0514232963,-0.0382167175,0.0315552615
3.4627981186,-0.0100233899,-0.0281371977,-0.0079399412,-0.0771456510,-0.0278571527,0.0273188390
3.4728507996,-0.0087519335,-0.0220066365,-0.0087845391,-0.0728382543,-0.0321123488,0.0198830292
3.4829688072,-0.0044607418,-0.0109362509,-0.0223065075,-0.0514582619,-0.0362748057,0.0039495346
3.4929959774,-0.0030540719,-0.0044764485,-0.0377942398,-0.0119531965,-0.0380519331,0.0039386158
3.5029699802,0.0023545728,-0.0083757546,-0.0376784876,0.0095552914,-0.0548755229,-0.0013849102
3.5131530762,0.0019237652,-0.0188816246,-0.0288180169,0.0138083594,-0.0538395531,-0.0109416638
3.5232279301,-0.0044633197,-0.0166264083,-0.0190718826,0.0274782851,-0.0335663073,-0.0119967414
3.5333440304,-0.0110652493,-0.0084780660,-0.0171791967,0.0326003432,-0.0123065561,-0.0130492225
3.5433168411,0.0017679735,-0.0040928032,-0.0084223216,0.0422019437,-0.0122359823,-0.0151757561
3.5533938408,0.0126842512,0.0013321582,-0.0064942306,0.0550831221,-0.0195373036,-0.0130590769
3.5634479523,0.0099502904,0.0106886420,-0.0085359281,0.0667784959,-0.0152261779,-0.0183680877
3.5735168457,-0.0027304187,0.0073538963,-0.0076644486,0.0548254326,0.0058705839,-0.0215399135
3.5853209496,-0.0018479571,-0.0213960912,-0.0057213372,0.0260148793,0.0056538028,-0.0162239764
3.5956280231,0.0038448230,-0.0300677624,0.0069432789,-0.0232365578,0.0210916158,-0.0236363541
3.6043939590,-0.0022796586,-0.0402585790,0.0177108590,-0.0872643590,0.0205039233,-0.0278668515
3.6144948006,-0.0113131749,-0.0325553939,0.0285015646,-0.1182568893,0.0244360790,-0.0342278108
3.6240429878,-0.0124413716,-0.0230217036,0.0022838050,-0.0945954248,0.0055029346,-0.0406154692
3.6344070435,0.0061876578,-0.0015828367,-0.0287631806,-0.0484553613,-0.0207875259,-0.0661234930
3.6447520256,0.0112716360,0.0057972316,-0.0559655502,0.0167397279,-0.0308907591,-0.0757018179
3.6540119648,0.0047339601,0.0089507494,-0.0647625402,0.0648830235,-0.0432725959,-0.0863382220
3.6639249325,-0.0048049437,-0.0009059068,-0.0531623438,0.1042498425,-0.0312709920,-0.0884653479
3.6740989685,-0.0165540613,-0.0017241146,-0.0387391523,0.1050522551,-0.0047158143,-0.0852668956
3.6841211319,-0.0246358998,-0.0153740998,-0.0291581806,0.0631109774,0.0278875344,-0.0735597685
3.6941938400,-0.0221847035,-0.0343933329,-0.0146205490,-0.0043530129,0.0518349484,-0.0533564985
3.7041578293,-0.0179745890,-0.0375705883,0.0019060905,-0.0590035543,0.0748199522,-0.0352811590
3.7142679691,-0.0070844041,-0.0227841642,0.0087222392,-0.0804127082,0.0821644217,-0.0193450674
3.7244489193,0.0019063904,0.0094722901,0.0106124217,-0.0569145158,0.0802332312,-0.0214751977
3.7344460487,0.0000974789,0.0284813438,0.0065974528,-0.0068750540,0.0923631340,-0.0182964485
3.7445089817,0.0012519761,0.0265962575,0.0054776007,0.0262732580,0.0863204226,-0.0129986228
3.7545809746,-0.0004798070,0.0191276763,0.0141038829,0.0390995741,0.0843033418,-0.0140646864
3.7646608353,0.0007881477,-0.0017945375,0.0276209656,0.0327558964,0.0789758861,-0.0087556085
3.7747731209,0.0050400896,-0.0081356373,0.0450410768,0.0189806968,0.0693264529,-0.0055715330
3.7846918106,0.0172331296,-0.0039694216,0.0517662689,-0.0011509890,0.0542901158,-0.0066374629
3.7949061394,0.0404213928,-0.0068249907,0.0439968631,-0.0007461887,0.0139719862,-0.0066577028
3.8048658371,0.0619978271,-0.0039505567,0.0294570867,0.0155756604,-0.0178162362,-0.0215419102
3.8151688576,0.0524840914,-0.0010365304,0.0158162657,0.0274253953,-0.0294609088,-0.0332305245
3.8252029419,0.0331696384,-0.0018724110,0.0147873694,0.0359995216,-0.0336497277,-0.0364215896
3.8353660107,0.0276328884,-0.0075283553,0.0138401324,0.0211609211,-0.0444594994,-0.0470412113
3.8453509808,0.0191845261,-0.0143868979,0.0177865569,-0.0258009136,-0.0438237377,-0.0491513014
3.8557438850,0.0007799819,-0.0323801860,0.0227490012,-0.0655307546,-0.0197793860,-0.0512528010
3.8655591011,-0.0051651942,-0.0360722467,0.0306245033,-0.0891239569,-0.0082781250,-0.0459327362
3.8754010201,0.0065022958,-0.0136617925,0.0307444278,-0.0900568664,-0.0221358836,-0.0544338115
3.8859548569,0.0083917482,0.0057912413,0.0181477610,-0.0762534365,-0.0157179330,-0.0650520995
3.8965549469,-0.0034927472,0.0021132771,0.0055274302,-0.0518112108,-0.0048311958,-0.0554966815
3.9057919979,-0.0055793570,-0.0032382365,0.0085083777,-0.0411253534,-0.0057505853,-0.0480671935
3.9157218933,-0.0106144594,-0.0076768901,0.0153707201,-0.0678786710,0.0014364873,-0.0491186082
3.9257450104,-0.0147336172,-0.0259724166,0.0291225854,-0.1073681861,0.0021864334,-0.0437984131
3.9358010292,-0.0148012685,-0.0338922963,0.0487847850,-0.1509702504,-0.0130359288,-0.0416713469
3.9458570480,-0.0224906541,-0.0228247400,0.0616566464,-0.1891922355,-0.0335989296,-0.0522907674
3.9562458992,-0.0359083451,-0.0219416525,0.0667946264,-0.2242402285,-0.0509241223,-0.0586613156
3.9662828445,-0.0491916426,-0.0251770522,0.0719939396,-0.2124214470,-0.0594074875,-0.0735328048
3.9761190414,-0.0553991385,-0.0330411270,0.0616340563,-0.1673234850,-0.0865813196,-0.0703724325
3.9861099720,-0.0495962985,-0.0335742310,0.0561521575,-0.1233183146,-0.1116693616,-0.0714587346
3.9962720871,-0.0621296056,-0.0384985134,0.0379077122,-0.0623327196,-0.1270600408,-0.0725437030
4.0064640045,-0.0686487183,-0.0399436578,0.0215848628,-0.0226571858,-0.1458203346,-0.0736247525
4.0165109634,-0.0731959715,-0.0410994068,0.0159588400,-0.0078233778,-0.1362723708,-0.0937979296
4.0264797211,-0.0740306601,-0.0684116557,0.0191344563,-0.0079482803,-0.1235769540,-0.0990985483
4.0366940498,-0.0582429655,-0.0890968665,0.0292003099,-0.0432034731,-0.1208053976,-0.1150152013
4.0467729568,-0.0611481704,-0.1121418178,0.0411785766,-0.0785520077,-0.1095642596,-0.1341153383
4.0567998886,-0.0651586726,-0.1248821542,0.0443863794,-0.1150761992,-0.0866360441,-0.1489597857
4.0667467117,-0.0694556609,-0.1184565425,0.0494903252,-0.1174345315,-0.0656227693,-0.1776160598
4.0769429207,-0.0453010686,-0.1177504361,0.0332587287,-0.0830296949,-0.0919742212,-0.1967503428
4.0868830681,-0.0208199359,-0.0981996134,0.0101693803,-0.0293901116,-0.1226024404,-0.2466840893
4.0971980095,-0.0264947303,-0.1033797190,-0.0101012057,0.0369439051,-0.1413787901,-0.2859968543
4.1069650650,-0.0289545096,-0.1147138327,-0.0177056845,0.0843480155,-0.1878454834,-0.3157636821
4.1171641350,-0.0350610949,-0.1100633815,-0.0097805923,0.1080554724,-0.2134299427,-0.3656870425
4.1272811890,-0.0626240596,-0.1081156284,-0.0077837175,0.1197924763,-0.2157970369,-0.4187797308
4.1373400688,-0.0794848874,-0.1089970693,-0.0008925264,0.1111111045,-0.2033542097,-0.4516870975
4.1473689079,-0.0866917148,-0.1158240065,0.0021240646,0.1110205576,-0.1961349100,-0.4835374355
4.1574769020,-0.0754624978,-0.1169259176,-0.0084602898,0.1098474339,-0.1867267638,-0.5037066340
4.1675400734,-0.0575413294,-0.1142052189,-0.0356164649,0.1322384477,-0.1855596304,-0.5175155401
4.1775851250,-0.0218630470,-0.1172496006,-0.0665807799,0.1271542013,-0.2111257166,-0.5260214210
4.1874647141,-0.0095158564,-0.1096732691,-0.0800786689,0.1154562682,-0.2166496515,-0.5440731049
4.1977629662,-0.0326435603,-0.1070455834,-0.0752016976,0.1130248010,-0.1881458312,-0.5631706119
4.2078418732,-0.0501496233,-0.1084213927,-0.0673829392,0.1030974388,-0.1576760709,-0.5960678458
4.2178740501,-0.0542793460,-0.1197602823,-0.0585408881,0.0739515349,-0.1262776703,-0.6236515641
4.2278590202,-0.0528544076,-0.1382964551,-0.0428325608,0.0343223438,-0.1129123867,-0.6363765597
4.2380437851,-0.0446116216,-0.1348873526,-0.0378106311,0.0065860534,-0.1154360026,-0.6607921720
4.2481098175,-0.0443428941,-0.1024432853,-0.0270515736,0.0138314748,-0.0955310762,-0.7096259594
4.2582030296,-0.0619904287,-0.0786245987,-0.0183377918,0.0510222539,-0.0816749111,-0.7499768734
4.2680902481,-0.0571349151,-0.0778209493,-0.0241540130,0.0950161070,-0.1069225445,-0.7754842639
4.2782769203,-0.0412465371,-0.0659106746,-0.0251011308,0.1389377564,-0.1259292662,-0.8201004267
4.2882966995,-0.0507907458,-0.0594442412,-0.0271526035,0.1836934388,-0.1203713045,-0.8413449526
4.2984027863,-0.0485694893,-0.0526231602,-0.0340706781,0.2136997879,-0.1340556890,-0.8647189736
4.3083500862,-0.0345413126,-0.0406591073,-0.0322100595,0.2372896969,-0.1467694938,-0.8934000731
4.3185291290,-0.0322054513,-0.0383706167,-0.0303799566,0.2245534062,-0.1543776095,-0.9040186405
4.3286218643,-0.0416317172,-0.0452006832,-0.0119631952,0.1648003459,-0.1549017876,-0.9040015340
4.3386611938,-0.0559553839,-0.0518157110,0.0016778643,0.0846123099,-0.1408022195,-0.9124684930
4.3487062454,-0.0684586242,-0.0659749135,0.0134646827,0.0151291806,-0.1296934336,-0.9060765505
4.3587880135,-0.0791513100,-0.0564917699,0.0369672105,-0.0479784161,-0.1153616309,-0.9018061757
4.3689289093,-0.0938457623,-0.0240744557,0.0555767342,-0.0609313361,-0.1006414145,-0.9049797058
4.3789000511,-0.0979771242,0.0123186056,0.0556368157,-0.0132104205,-0.0717341304,-0.9293987751
4.3889679909,-0.0758637264,0.0307029132,0.0372432992,0.0508264303,-0.0734277070,-0.9495908618
4.3990507126,-0.0320643671,0.0155808274,0.0218759123,0.0895988569,-0.1080498621,-0.9411236048
4.4091539383,0.0053511215,0.0037803892,0.0113579566,0.1199986041,-0.1586347967,-0.9284141064
4.4192037582,0.0206834339,0.0127048139,0.0075617367,0.1438056678,-0.1913208365,-0.9284364581
4.4292569160,0.0098529262,0.0238268916,0.0095041925,0.1653249264,-0.2091841400,-0.9305756688
4.4393539429,-0.0018689231,0.0225032214,0.0153751904,0.1781539023,-0.2111665905,-0.9263327122
4.4494700432,-0.0076102810,0.0279869828,0.0173461977,0.1836215407,-0.2238250524,-0.9220924973
4.4594678879,-0.0093019055,0.0305940602,0.0076501900,0.1997051835,-0.2310845703,-0.9178529978
4.4694371223,-0.0071224766,0.0324225649,0.0037963325,0.2210134864,-0.2265432924,-0.9008674622
4.4795637131,-0.0119696902,0.0441741422,-0.0060007637,0.2325542867,-0.2062193751,-0.8913040161
4.4897270203,-0.0081835063,0.0540627763,-0.0216531809,0.2313699871,-0.1933581680,-0.8700613379
4.4997248650,-0.0064913230,0.0698115304,-0.0295529421,0.2344850749,-0.1836565435,-0.8509448767
4.5097818375,-0.0156748109,0.0933885649,-0.0355723575,0.2385440171,-0.1623862088,-0.8488107920
4.5198507309,-0.0211601146,0.1004665866,-0.0357385352,0.2245568335,-0.1508017182,-0.8434924483
4.5299959183,-0.0159954689,0.0877944902,-0.0299391206,0.1774990261,-0.1405386329,-0.8339200616
4.5399861336,-0.0109000998,0.0639947131,-0.0250350889,0.1336695254,-0.1323289126,-0.8179779053
4.5498089790,-0.0088625299,0.0689587072,-0.0182133373,0.0972222909,-0.1155721620,-0.8030956984
4.5600929260,-0.0078994976,0.0872110501,-0.0191928204,0.0757726580,-0.1051554680,-0.8041468859
4.5701837540,0.0038283796,0.0925768539,-0.0210538562,0.0501944870,-0.1085198447,-0.7977720499
4.5803389549,0.0146706803,0.0938205048,-0.0189617928,0.0279174149,-0.1213853061,-0.7882165909
4.5902462006,0.0138252778,0.1065678522,-0.0169045385,0.0225232877,-0.1150251478,-0.7818405032
4.6004571915,0.0129758222,0.1143804118,-0.0119209951,0.0129841110,-0.1214612052,-0.7797176838
4.6104640961,0.0220700018,0.1183382943,-0.0010140006,0.0174357705,-0.1382622272,-0.7584905028
4.6205730438,0.0253970511,0.1331443340,0.0020338232,0.0397810265,-0.1305079013,-0.7383181453
4.6305179596,0.0129215596,0.1549566686,0.0030201012,0.0491310358,-0.1048679799,-0.7245062590
4.6407299042,0.0090302182,0.1466115117,-0.0008093183,0.0414614007,-0.0835400522,-0.6979486346
4.6507339478,0.0108259497,0.1235502437,-0.0036035841,0.0199600495,-0.0654341578,-0.6586467028
4.6608810425,0.0203043707,0.1237489358,-0.0034925407,0.0176553503,-0.0460777655,-0.6161645055
4.6708831787,0.0286953114,0.1424343288,-0.0102883643,0.0270714611,-0.0256407354,-0.5864264965
4.6809659004,0.0359648876,0.1476014107,-0.0219519194,0.0354849212,-0.0115792463,-0.5566912293
4.6911907196,0.0539558046,0.1431771219,-0.0316384509,0.0515374690,-0.0132926581,-0.5152847171
4.7013111115,0.0641968399,0.1408200115,-0.0433009937,0.0590489134,-0.0150862960,-0.4749391377
4.7109498978,0.0637484267,0.1316380054,-0.0481568649,0.0526302159,-0.0117159327,-0.4377738237
4.7211999893,0.0584748499,0.1165604666,-0.0500790551,0.0335071236,-0.0179727636,-0.3953001201
4.7313461304,0.0571653582,0.1149528846,-0.0451537445,0.0154038584,-0.0200670734,-0.3666272163
4.7413387299,0.0548412018,0.1181271747,-0.0344054773,0.0057586883,-0.0146866888,-0.3422006965
4.7513961792,0.0554047488,0.1202788725,-0.0207086261,0.0035674935,-0.0082137426,-0.3230854571
4.7614769936,0.0529590510,0.1117758974,-0.0089830225,0.0130443526,0.0058085988,-0.3007830679
4.7715878487,0.0621537529,0.1005056575,-0.0011223619,0.0258467793,0.0082565099,-0.2678687274
4.7816009521,0.0664475933,0.1010903344,0.0056923563,0.0418521091,0.0095750410,-0.2498215437
4.7916831970,0.0501574241,0.0980280116,0.0036280090,0.0726570785,0.0247679092,-0.2392030656
4.8017492294,0.0289225988,0.0826095119,-0.0111384457,0.0885697305,0.0356770158,-0.2147802860
4.8118171692,0.0242249183,0.0760977045,-0.0239507016,0.0969879851,0.0486511402,-0.1892940849
4.8218078613,0.0282159857,0.0686237216,-0.0279707965,0.0690620840,0.0676522627,-0.1669797301
4.8319411278,0.0290205441,0.0531436503,-0.0085998243,0.0432410836,0.0898540989,-0.1446633786
4.8420238495,0.0227508955,0.0228498224,0.0166313592,0.0045506787,0.1183456630,-0.1170325428
4.8521609306,0.0328492634,-0.0078746285,0.0409648940,-0.0467665717,0.1286820620,-0.0904700458
4.8621511459,0.0617072694,-0.0196504947,0.0468834564,-0.0806212053,0.1010123417,-0.0575594977
4.8721251488,0.0744390413,0.0024553556,0.0371561572,-0.0694930032,0.0566396229,-0.0427185707
4.8823170662,0.0612220429,0.0298055355,0.0253819171,-0.0179672260,0.0262486916,-0.0533648208
4.8923540115,0.0394049995,0.0490778908,0.0242614690,0.0579503626,0.0108845839,-0.0703804865
4.9024958611,0.0314104669,0.0477304831,0.0192650501,0.1370829940,-0.0054709539,-0.0810267404
4.9124188423,0.0362863801,0.0364631042,0.0249891225,0.1917337477,-0.0272138659,-0.0714957565
4.9225687981,0.0345050059,0.0354185477,0.0257606450,0.2164433599,-0.0440378524,-0.0810666233
4.9326910973,0.0308664553,0.0354331508,0.0323621556,0.1930846870,-0.0570782200,-0.0969947875
4.9426980019,0.0242444687,0.0167638455,0.0380389020,0.1643047035,-0.0605059713,-0.0959273875
4.9527540207,0.0206420384,0.0189334098,0.0349955484,0.1035629883,-0.0695606545,-0.1012247503
4.9628920555,0.0180403255,0.0086813811,0.0262186471,0.0458389707,-0.0617559962,-0.1288129687
4.9728980064,0.0271524899,-0.0196604785,0.0244355146,-0.0181926377,-0.0611713044,-0.1160546988
4.9830322266,0.0363821350,-0.0018984582,0.0265228096,-0.0618618205,-0.0700691864,-0.1202952489
4.9929399490,0.0319296978,0.0166637395,0.0276123229,-0.0640515238,-0.0659957528,-0.1436526328
5.0030918121,0.0312755667,0.0245206896,0.0287157241,-0.0577888340,-0.0521675497,-0.1468327194
5.0131578445,0.0374488793,0.0227343831,0.0298551265,-0.0555432551,-0.0638463125,-0.1510876417
5.0232958794,0.0328428410,0.0326428190,0.0387262627,-0.0535762496,-0.0480095595,-0.1659454256
5.0348587036,0.0281234346,0.0376919731,0.0339440629,-0.0547385588,-0.0385056697,-0.1712481827
5.0434560776,0.0312250368,0.0348831117,0.0301960055,-0.0738360882,-0.0492280908,-0.1627542973
5.0535058975,0.0335121118,0.0299623851,0.0196487848,-0.0960927382,-0.0642294735,-0.1553234756
5.0635080338,0.0300482772,0.0276561026,0.0062200958,-0.1215988919,-0.0750839859,-0.1585078090
5.0735650063,0.0256599151,0.0183299053,-0.0032808846,-0.1364913732,-0.0793748051,-0.1457652003
5.0836319923,0.0341355465,0.0264430959,-0.0029875105,-0.1405228674,-0.1027195379,-0.1404668391
5.0936999321,0.0359168909,0.0404800177,0.0021382505,-0.1233224347,-0.1153090373,-0.1415396184
5.1037650108,0.0230913572,0.0479604304,0.0013613637,-0.0817486271,-0.1107222810,-0.1447332799
5.1136608124,0.0130966706,0.0470741242,-0.0004370873,-0.0423577353,-0.1008365527,-0.1457988769
5.1239061356,0.0118183447,0.0358160585,-0.0012459819,-0.0210833400,-0.0931400135,-0.1330588460
5.1339669228,0.0154228462,0.0315092579,-0.0108382171,-0.0114828553,-0.0919193551,-0.1213804930
5.1441130638,0.0082297875,0.0272648800,-0.0204718169,-0.0147865079,-0.0812818930,-0.1128799468
5.1540231705,0.0009838446,0.0209887270,-0.0252481159,-0.0372131206,-0.0792860538,-0.1022555977
5.1642389297,-0.0004388735,0.0134961028,-0.0270424541,-0.0650053397,-0.0741402954,-0.0895043835
5.1742467880,-0.0029773011,0.0134971235,-0.0200709160,-0.0918407813,-0.0583951548,-0.0799343064
5.1843738556,-0.0016366140,0.0112828184,-0.0169566330,-0.1079164222,-0.0510317795,-0.0682467595
5.1941318512,0.0016564979,0.0207117666,-0.0167892035,-0.0994188637,-0.0466574058,-0.0597527437
5.2045068741,0.0010355666,0.0361318290,-0.0195871051,-0.0844870508,-0.0454312861,-0.0544469282
5.2144560814,-0.0015610949,0.0371802896,-0.0184887704,-0.0653052926,-0.0408829376,-0.0332116149
5.2246150970,-0.0021286502,0.0355756655,-0.0222617444,-0.0417032875,-0.0522450507,-0.0172962993
5.2346429825,-0.0016280458,0.0371276811,-0.0221735295,-0.0214596167,-0.0488352068,-0.0098684104
5.2447757721,-0.0041455152,0.0370169505,-0.0182159599,0.0029948605,-0.0389887020,0.0028718866
5.2547721863,-0.0008161411,0.0311532263,-0.0200886782,-0.0023595318,-0.0368501805,0.0124297058
5.2648401260,0.0025317178,0.0281874780,-0.0180614050,-0.0086962562,-0.0432444289,0.0166753158
5.2748208046,0.0048751412,0.0289339367,-0.0140961474,-0.0268783495,-0.0391665995,0.0156209711
5.2850070000,0.0012706622,0.0158973578,-0.0100919073,-0.0419545062,-0.0254763514,0.0198788326
5.2950401306,0.0014998122,0.0095169190,-0.0041587418,-0.0537127629,-0.0234502871,0.0209449623
5.3051252365,0.0095918877,0.0011251066,-0.0079084104,-0.0547703058,-0.0245344583,0.0188210923
5.3150997162,0.0118334098,0.0073162783,-0.0126996106,-0.0452028662,-0.0212872010,0.0156337544
5.3253107071,0.0042287512,0.0194561277,-0.0175538119,-0.0356652886,-0.0148719111,0.0103255417
5.3353452682,0.0073187156,0.0229336638,-0.0174768623,-0.0346058048,-0.0138097778,0.0092652710
5.3453769684,0.0064679412,0.0166709740,-0.0096134609,-0.0474220030,-0.0128606260,0.0092689991
5.3554978371,0.0006848678,0.0092713851,-0.0036967462,-0.0635096505,-0.0044713360,0.0156485345
5.3655829430,0.0016581892,0.0115595106,0.0070840651,-0.0646252483,0.0008866776,0.0252076853
5.3756089211,0.0066167889,0.0148114804,0.0032625729,-0.0655804724,-0.0096278815,0.0411287285
5.3857169151,0.0106978444,0.0171208475,0.0014039214,-0.0676470846,-0.0159640759,0.0485586822
5.3957591057,0.0069665415,0.0135874245,-0.0024217432,-0.0612835139,-0.0116297798,0.0538684912
5.4058427811,0.0061389459,0.0052691940,-0.0013579790,-0.0548844710,-0.0104228351,0.0676708594
5.4158530235,0.0063580526,0.0086931605,0.0006517703,-0.0419615880,-0.0219749622,0.0687234700
5.4259028435,0.0056358231,0.0103303362,0.0016761358,-0.0270031467,-0.0240010954,0.0634096637
5.4360408783,0.0000707239,0.0033574421,-0.0002268617,-0.0184526946,-0.0249814056,0.0644695982
5.4460921288,-0.0006077036,0.0061908681,-0.0001985495,-0.0099044796,-0.0259609148,0.0655287430
5.4561319351,-0.0032625019,0.0032527018,-0.0001615350,-0.0035179537,-0.0248917900,0.0580943935
5.4662489891,-0.0049970420,0.0003341827,-0.0001350706,-0.0046910774,-0.0142841516,0.0591617897
5.4761581421,-0.0038624450,-0.0055764820,-0.0000930493,-0.0175263956,-0.0111995460,0.0612905882
5.4863500595,0.0031096220,-0.0096379127,-0.0010083383,-0.0250527561,-0.0060013225,0.0549243018
5.4964141846,0.0101189269,-0.0156498831,-0.0067735380,-0.0196178537,-0.0154622681,0.0612890571
5.5064706802,0.0113540245,-0.0109708142,-0.0125889247,-0.0195342321,-0.0239710677,0.0580993891
5.5162601471,0.0018229737,-0.0023128446,-0.0135734743,-0.0057356488,-0.0176011864,0.0400480852
5.5265970230,-0.0048611136,-0.0003453177,-0.0135870641,0.0059356550,-0.0111741796,0.0336775370
5.5366640091,-0.0037096634,-0.0051307585,-0.0145356124,0.0091921156,-0.0164376497,0.0357979424
5.5467901230,-0.0055126073,-0.0020637866,-0.0135697192,0.0101292823,-0.0037239864,0.0315568596
5.5567049980,-0.0084188478,0.0000261906,-0.0097025698,0.0036381204,0.0047092456,0.0315615870
5.5668592453,-0.0025619238,-0.0116126891,-0.0047760671,-0.0165904537,0.0003435260,0.0400589369
5.5770030022,0.0023506538,-0.0156062525,-0.0047460264,-0.0240022969,-0.0050142216,0.0421830714
5.5870618820,0.0033965290,-0.0051483270,-0.0086245006,-0.0336282924,-0.0029830285,0.0411247313
5.5968918800,-0.0004316464,-0.0034425240,-0.0183652695,-0.0198027305,0.0013410796,0.0347521231
5.6071629524,-0.0023513928,0.0003657061,-0.0173903164,-0.0038176402,0.0035959780,0.0336873904
5.6172299385,-0.0013981805,0.0004645157,-0.0096005267,0.0068406519,0.0047296858,0.0304995868
5.6273188591,-0.0024519532,-0.0033143740,-0.0018180674,0.0014091348,0.0142321102,0.0305057112
5.6373167038,0.0004198879,-0.0091628190,0.0001468594,-0.0156459361,0.0119333370,0.0262616314
5.6474671364,0.0042198403,-0.0210430976,-0.0017550057,-0.0423838049,0.0181217231,0.0347659066
5.6575341225,0.0070402874,-0.0263384487,-0.0056047505,-0.0594017804,0.0127092488,0.0411381833
5.6675376892,0.0039989604,-0.0201132651,-0.0085093444,-0.0615839735,0.0168653782,0.0305228233
5.6775350571,0.0018518596,-0.0088949930,-0.0094980067,-0.0360865220,0.0276091695,0.0167182609
5.6877398491,0.0006327659,-0.0023242887,-0.0075820750,-0.0157817826,0.0245686378,0.0114025902
5.6976671219,-0.0025511130,0.0005109477,-0.0056637591,-0.0051246127,0.0256529432,0.0007831027
5.7078447342,-0.0057335244,-0.0111672413,-0.0056780642,0.0001774756,0.0288617853,-0.0024020378
5.7177810669,-0.0050413879,-0.0121208485,-0.0037577217,-0.0041003339,0.0299205929,0.0029081055
5.7279438972,-0.0024013936,-0.0169655439,-0.0008480613,-0.0072878711,0.0288731717,0.0092791850
5.7380361557,0.0022778690,-0.0052649435,-0.0038098162,0.0056557842,0.0151423123,0.0018376479
5.7481060028,0.0031297833,0.0016630460,-0.0087223118,0.0131656323,0.0109289251,-0.0034753585
5.7580389977,-0.0009022027,-0.0040566158,-0.0097238487,0.0078161936,0.0119373314,-0.0045362287
5.7682456970,-0.0040094005,-0.0186387803,-0.0067960089,-0.0093207154,0.0181680620,-0.0024051671
5.7782850266,-0.0022619560,-0.0304998737,0.0010293658,-0.0328803174,0.0264928378,0.0039755004
5.7883830070,-0.0025350943,-0.0288991090,0.0058987672,-0.0446485579,0.0296010152,0.0082272366
5.7983150482,0.0001102194,-0.0206458624,0.0049163038,-0.0596334487,0.0336798429,0.0029241510
5.8084778786,-0.0031537458,-0.0143806320,0.0049123699,-0.0543105900,0.0347597562,-0.0013238571
5.8185420036,-0.0034774810,-0.0041114744,0.0039034421,-0.0350809135,0.0327414796,-0.0108842058
5.8286771774,-0.0008201346,-0.0015046801,0.0048750574,-0.0200191401,0.0200637672,-0.0225741528
5.8385782242,0.0009257078,-0.0113084372,0.0107353264,0.0013468163,0.0181701276,-0.0162101276
5.8487777710,0.0008279487,-0.0072422009,0.0087523395,0.0260175429,0.0056386227,-0.0183462501
5.8588371277,0.0007741555,0.0038879532,0.0096519524,0.0494872071,0.0058177868,-0.0226011164
5.8688659668,-0.0062063681,0.0045094956,0.0134563381,0.0622192472,0.0133705121,-0.0204769783
5.8789272308,-0.0102884220,-0.0007066709,0.0153341824,0.0472613387,0.0154035687,-0.0141013712
5.8890228271,-0.0055194469,-0.0101345610,0.0182531420,0.0057658260,0.0034382523,-0.0034788204
5.8991498947,-0.0045852410,-0.0199952777,0.0231624786,-0.0348021090,0.0052116513,-0.0024045014
5.9091377258,-0.0017003015,-0.0272443425,0.0193207804,-0.0518484712,0.0030235981,0.0103403218
5.9191980362,0.0081436140,-0.0121775027,0.0164554659,-0.0527661964,-0.0118114073,0.0145796752
5.9292988777,0.0122341393,0.0077452902,0.0096672708,-0.0452819131,-0.0139581813,0.0007733156
5.9394268990,-0.0003868610,0.0103212167,0.0096483165,-0.0186698493,-0.0074081365,-0.0066622300
5.9494152069,-0.0002637997,0.0102726016,0.0047988826,0.0134302974,-0.0156026827,-0.0045508761
5.9593858719,0.0067741824,0.0065636951,0.0038589770,0.0198305659,-0.0155743212,-0.0087998165
5.9695239067,-0.0000078723,-0.0010103490,0.0038483078,0.0186052434,0.0003521813,-0.0056061535
5.9796719551,0.0039083092,-0.0065814387,0.0077486569,0.0154354172,-0.0028515351,-0.0045454828
5.9897041321,0.0157075413,-0.0064209905,0.0038780505,0.0069378028,-0.0072116624,-0.0109162973
5.9996700287,0.0167484097,-0.0171123650,-0.0029079979,-0.0089971675,-0.0147775691,-0.0109169632
6.0098199844,0.0150049282,-0.0104875620,-0.0048374003,-0.0152497375,-0.0296736956,-0.0087992176
6.0199561119,0.0064463271,0.0029606316,-0.0038769310,-0.0046646297,-0.0211846028,-0.0225989204
6.0299530029,0.0007622346,0.0146141816,-0.0048757261,0.0124067646,-0.0210700873,-0.0279121920
6.0400180817,-0.0010318578,0.0128247011,0.0029165084,0.0188229587,-0.0220192373,-0.0194204375
6.0500898361,0.0001177966,0.0052157138,0.0029520327,0.0198836960,-0.0208935197,-0.0109257512
6.0601491928,0.0012908458,0.0083280746,-0.0048444336,0.0220405888,-0.0229546726,-0.0045572012
6.0702247620,0.0043910099,0.0046445448,-0.0145680374,0.0230208989,-0.0144780967,-0.0077386135
6.0802106857,0.0044125719,-0.0068037119,-0.0145710772,0.0154055897,0.0003591720,-0.0002966759
6.0903596878,0.0053239195,-0.0027540978,-0.0058152741,0.0068147643,0.0055826963,-0.0013536847
6.1004972458,0.0071310652,-0.0017975625,-0.0038760370,-0.0082246382,0.0149527621,-0.0087777786
6.1104941368,0.0059872074,-0.0078648087,-0.0019210045,-0.0317318290,0.0179514810,-0.0055849147
6.1204681396,0.0018845453,-0.0151158478,-0.0028781360,-0.0466797538,0.0189024303,-0.0023949142
6.1306948662,-0.0012369052,-0.0088265147,-0.0048235720,-0.0498795435,0.0188952386,0.0007912919
6.1406927109,-0.0043617906,-0.0045698564,-0.0106691187,-0.0595401824,0.0240819454,-0.0045128595
6.1508388519,-0.0036686405,-0.0149066951,-0.0096403426,-0.0638598278,0.0293773748,-0.0002619217
6.1607289314,0.0058530970,-0.0106049385,-0.0047194427,-0.0551786721,0.0145427678,-0.0087661939
6.1709747314,0.0135594858,-0.0052354392,0.0011677677,-0.0391115546,0.0082680946,-0.0162060019
6.1809830666,0.0086171953,-0.0006211456,0.0021310980,-0.0112513993,-0.0031739774,-0.0183428545
6.1910982132,-0.0011542783,0.0120058600,-0.0037768548,0.0185925160,0.0002215530,-0.0257813297
6.2009181976,-0.0100290300,0.0122940559,-0.0038570827,0.0334410518,0.0099136624,-0.0236553960
6.2112441063,-0.0141026424,0.0000163409,0.0009935434,0.0323403627,0.0142660663,-0.0056023588
6.2212347984,-0.0102946358,-0.0094076451,0.0029398138,0.0228153579,0.0068744626,0.0124453511
6.2313361168,-0.0034680113,-0.0062471312,0.0039063627,0.0142927095,0.0057873600,0.0198795665
6.2413902283,-0.0054988461,0.0074912403,-0.0000547831,0.0024259295,0.0184099451,0.0188270845
6.2515068054,-0.0106571810,0.0044833366,-0.0000935261,-0.0275820345,0.0308740716,0.0177791305
6.2615032196,-0.0031327500,-0.0182418656,0.0038884813,-0.0520439446,0.0232726764,0.0241538733
6.2716388702,0.0074522225,-0.0148710292,0.0127077634,-0.0573076829,0.0157644264,0.0188424643
6.2815628052,0.0034132481,0.0021153037,0.0097606713,-0.0392168798,0.0200558454,0.0018514963
6.2917771339,0.0012900635,0.0017355252,0.0078189904,-0.0317954496,0.0242889393,-0.0098280627
6.3017702103,0.0001041770,-0.0014110263,0.0087901885,-0.0157876164,0.0232858583,-0.0225754175
6.3119077682,0.0057669608,-0.0053789672,0.0136734182,-0.0050204564,0.0138300397,-0.0225828737
6.3218140602,0.0076412363,-0.0064200740,0.0156224305,0.0036134059,0.0043481216,-0.0236510672
6.3319730759,0.0066493778,-0.0015304368,0.0146420533,0.0079357158,-0.0009126870,-0.0225929935
6.3420720100,0.0077018393,0.0024824534,0.0107311541,0.0133694168,-0.0104016634,-0.0204751138
6.3521099091,0.0087564392,0.0074919108,0.0068193013,0.0176603012,-0.0124725373,-0.0183536392
6.3620009422,0.0049714400,0.0046960954,0.0009764368,0.0123054842,-0.0103694387,-0.0141040348
6.3722801208,0.0021251396,-0.0049462374,0.0019583637,0.0069629168,-0.0093065714,-0.0066695539
6.3823919296,0.0042222021,-0.0000479054,0.0019701654,0.0048686601,-0.0135682942,-0.0066720839
6.3923788071,0.0013442739,0.0077694673,-0.0000101989,0.0026268112,-0.0029907515,-0.0087898299
6.4023551941,-0.0035993650,0.0077910963,0.0019200975,-0.0017175497,0.0043923296,-0.0098471045
6.4125232697,-0.0007804901,-0.0010025706,0.0048577124,-0.0060382616,0.0096739111,-0.0077197715
6.4226160049,0.0010783552,-0.0079334583,0.0058656270,-0.0177417360,0.0063873036,-0.0077173742
6.4326491356,0.0059134094,-0.0072154310,0.0029649669,-0.0251594391,0.0010031910,-0.0098417783
6.4426078796,0.0098511381,-0.0036363360,-0.0008996194,-0.0272298604,-0.0054099001,-0.0140909180
6.4526190758,0.0099299056,0.0019140709,-0.0028184121,-0.0303247198,-0.0160478987,-0.0140954452
6.4627280235,0.0121261058,0.0045540947,-0.0037425822,-0.0205415972,-0.0340287611,-0.0183541067
6.4727296829,0.0065537049,0.0072496030,-0.0046944683,-0.0099363588,-0.0275972281,-0.0226007830
6.4830088615,-0.0000403345,0.0071607102,-0.0046702093,0.0028439388,-0.0253548473,-0.0215427093
6.4931249619,-0.0018331305,0.0091964323,0.0001977618,0.0144811543,-0.0145730395,-0.0109222895
6.5032200813,-0.0017635421,0.0112603698,0.0021331841,0.0122266021,-0.0029337599,-0.0130402343
6.5131840706,-0.0018124849,0.0006744209,0.0031258399,0.0014509195,0.0076107597,-0.0087850355
6.5232357979,-0.0009962142,-0.0032568853,0.0040880973,-0.0135460338,0.0138794417,-0.0034676355
6.5333180428,-0.0011644707,-0.0044641849,0.0021478469,-0.0295955762,0.0179836378,-0.0034615102
6.5434589386,0.0025675104,-0.0106258597,0.0002328689,-0.0337789990,0.0094939480,0.0018433071
6.5534529686,0.0054572327,-0.0041927304,-0.0036510294,-0.0326500833,0.0031095515,-0.0024073643
6.5634908676,0.0015043422,0.0023595262,-0.0036634868,-0.0123738442,0.0032721376,-0.0045353631
6.5735931396,0.0044545634,0.0061863456,-0.0046199029,0.0069186278,-0.0050619585,-0.0066680224
6.5837001801,0.0084550185,0.0033651907,-0.0026466316,0.0155067891,-0.0103201047,-0.0109200254
6.5937228203,0.0036729008,-0.0013260525,-0.0026628440,0.0198195130,-0.0145060606,-0.0077378144
6.6036229134,-0.0001212403,0.0037068073,0.0002376373,0.0112714861,-0.0135266166,-0.0087968875
6.6138601303,-0.0000210747,-0.0001115036,0.0012367900,-0.0015883856,-0.0083473008,-0.0109146331
6.6240038872,0.0009573728,-0.0099100973,0.0061299140,-0.0230147690,-0.0000248556,-0.0077197049
6.6340279579,0.0019206881,-0.0062912684,0.0081050331,-0.0305075720,0.0020111310,-0.0109021822
6.6440439224,0.0058947159,-0.0008541402,0.0022980506,-0.0367628336,-0.0129124913,-0.0130318459
6.6541147232,0.0050370349,0.0037143622,-0.0054785674,-0.0101181706,-0.0095172273,-0.0162223112
6.6642618179,0.0002196163,0.0105449352,-0.0074576801,0.0240309294,-0.0092335343,-0.0183537062
6.6742610931,0.0022161261,0.0098717306,-0.0074632233,0.0389606133,-0.0080351122,-0.0172950998
6.6843218803,0.0023084313,0.0005318615,-0.0055150455,0.0389600247,-0.0080277883,-0.0162336975
6.6943988800,-0.0035629689,-0.0020457264,-0.0036041802,0.0334885605,0.0057532717,-0.0109164305
6.7045230865,-0.0056562172,-0.0027484950,-0.0036605066,0.0163245145,0.0151724061,-0.0077204369
6.7145309448,0.0029935271,-0.0143659469,-0.0045985645,-0.0124639915,0.0128333513,-0.0024053003
6.7245140076,0.0077662421,-0.0145996194,-0.0016454522,-0.0369791873,0.0094442125,-0.0013403024
6.7346649170,-0.0031119480,-0.0033591446,-0.0026616519,-0.0391800255,0.0157569703,-0.0066455854
6.7448039055,-0.0042350190,0.0040314514,-0.0085097617,-0.0263607092,0.0148209361,-0.0045249769
6.7548236847,0.0045445291,0.0096810628,-0.0114136999,-0.0037363581,-0.0061826166,-0.0013558150
6.7647700310,0.0085373549,0.0156002659,-0.0084797805,0.0197888333,-0.0113163926,-0.0066741477
6.7748880386,0.0007835135,0.0100166593,-0.0055927103,0.0293189548,-0.0037985551,-0.0056110136
6.7850480080,-0.0051000090,0.0005830768,-0.0017091100,0.0249307584,0.0078076343,-0.0098514324
6.7950720787,-0.0022822067,-0.0088742282,0.0070465142,0.0163628366,0.0109299235,-0.0077240989
6.8049688339,-0.0054386305,-0.0136925187,0.0089705521,-0.0158328116,0.0286733676,-0.0098305261
6.8151888847,-0.0097136768,-0.0188760515,0.0099321539,-0.0490299128,0.0400693007,-0.0076928064
6.8253059387,-0.0012858555,-0.0135893282,0.0138398344,-0.0564439632,0.0347052291,-0.0066310712
6.8353390694,0.0052688522,-0.0005702135,0.0109392935,-0.0520625301,0.0230160821,-0.0151324142
6.8453121185,0.0060759140,0.0048179273,0.0099620158,-0.0262802318,0.0063061439,-0.0087773791
6.8555059433,0.0110251857,0.0065768529,0.0041534239,-0.0036558779,-0.0146974083,-0.0056082173
6.8655872345,0.0083008362,0.0115160216,0.0012248093,0.0220181644,-0.0208820682,-0.0119878193
6.8756108284,0.0016571387,0.0098691154,-0.0007438128,0.0369984470,-0.0250232834,-0.0162408892
6.8857517242,0.0038507388,-0.0033879336,0.0012394722,0.0273933299,-0.0250499155,-0.0077459374
6.8958220482,0.0051227910,-0.0032092538,0.0012608106,0.0007380182,-0.0273841750,-0.0045549376
6.9058480263,-0.0005531356,-0.0061863270,0.0051849419,-0.0175333191,-0.0148382224,-0.0087912939
6.9158792496,-0.0053868787,-0.0054522436,0.0071362788,-0.0261885915,-0.0032556031,-0.0109069087
6.9258098602,-0.0054300772,0.0020561311,0.0100534493,-0.0230730139,0.0052179098,-0.0172733292
6.9360260963,-0.0016815857,0.0028152112,0.0090892846,-0.0136179924,0.0201558471,-0.0172682703
6.9460921288,0.0049084080,-0.0041219946,0.0071607763,-0.0029761856,0.0234667547,-0.0119603891
6.9561471939,0.0106392233,-0.0032675024,-0.0015958016,-0.0070934324,0.0086031202,-0.0077195717
6.9660339355,0.0155281527,-0.0052978527,-0.0083824461,-0.0122785550,-0.0062695690,-0.0034787538
6.9763150215,0.0147012351,-0.0064969193,-0.0142076081,-0.0324149802,-0.0202327892,-0.0024188159
6.9863872528,0.0031319812,0.0029382426,-0.0093534058,-0.0292888843,-0.0128344605,-0.0109090405
6.9964351654,-0.0007140532,0.0066075716,-0.0025168126,-0.0197507702,-0.0064122481,-0.0151554504
7.0063729286,0.0032527924,0.0035108272,0.0033684904,-0.0154761318,-0.0074201208,-0.0130354408
7.0165872574,0.0043217270,0.0024110693,0.0072977478,-0.0068522841,-0.0158128068,-0.0098564252
7.0266542435,0.0024808974,0.0062918384,0.0034049684,0.0058805826,-0.0082817208,-0.0109168300
7.0367550850,0.0005718723,0.0073660631,-0.0014837449,0.0196888074,-0.0018014503,-0.0119788982
7.0467219353,-0.0034061789,0.0007431823,-0.0054154461,0.0195926912,0.0077618938,-0.0098509658
7.0568218231,0.0013613283,-0.0068254154,-0.0034627384,0.0174472500,0.0087973317,-0.0109117031
7.0669622421,0.0081243245,-0.0057575982,0.0004420812,0.0057523772,0.0044504534,-0.0109105716
7.0770239830,0.0022097633,0.0001126471,0.0004025037,0.0025089132,0.0086734276,-0.0098458398
7.0869340897,-0.0018387035,0.0010544304,0.0033041770,-0.0050182454,0.0138861658,-0.0140891876
7.0971212387,-0.0029804825,-0.0029358845,0.0042704875,-0.0135520790,0.0138531430,-0.0077162432
7.1071872711,-0.0021790012,-0.0070160311,0.0062190825,-0.0242495965,0.0169551261,-0.0055867126
7.1172561646,0.0035208494,-0.0101995077,0.0091819698,-0.0242133792,0.0138275102,0.0029061080
7.1271772385,0.0073598875,0.0032265130,0.0111110145,-0.0123711806,0.0033067588,0.0007736484
7.1372909546,0.0102999015,0.0129324961,0.0072040493,0.0111780874,-0.0039428985,-0.0034831483
7.1474361420,0.0103112934,0.0160397980,0.0062127644,0.0250581652,-0.0049100253,-0.0077347513
7.1574950218,0.0074270321,0.0056393240,0.0081499154,0.0304241683,-0.0080672018,-0.0109230885
7.1675338745,0.0075160963,-0.0048411172,0.0101265246,0.0155510250,-0.0145504689,-0.0087983515
7.1776609421,0.0017366215,-0.0096340384,0.0120730931,-0.0016189069,-0.0051505752,-0.0087892972
7.1877408028,-0.0011861817,-0.0116688665,0.0140199596,-0.0208904743,0.0010687714,-0.0055962331
7.1977968216,0.0056930734,-0.0158020984,0.0140743190,-0.0325181000,-0.0095883999,0.0028957883
7.2076659203,0.0107410802,-0.0064474698,0.0092546875,-0.0366524681,-0.0234527495,-0.0024196815
7.2179307938,0.0050687073,0.0038870517,0.0063313181,-0.0239113756,-0.0169818010,-0.0034814836
7.2279968262,0.0003052160,0.0017319117,0.0034331614,-0.0100667737,-0.0136718927,-0.0024203472
7.2380657196,0.0043553663,-0.0012228843,0.0044461424,0.0049593141,-0.0220155753,-0.0003047321
7.2480859756,0.0085217236,0.0056590531,0.0044700438,0.0103575420,-0.0283772014,-0.0066794078
7.2582211494,0.0028928549,0.0087313149,0.0064110691,0.0156404544,-0.0230186544,-0.0056162737
7.2682318687,0.0001437843,0.0021224488,0.0122660929,0.0177513286,-0.0208701491,-0.0045548705
7.2783350945,0.0042491956,-0.0015807804,0.0181520525,0.0060352846,-0.0230808407,-0.0024294020
7.2882919312,0.0014627679,-0.0074347835,0.0191501323,-0.0110955527,-0.0179308206,-0.0034853453
7.2985038757,0.0026022822,-0.0144317057,0.0143306190,-0.0239085518,-0.0169401243,0.0028891971
7.3084697723,0.0057452573,-0.0001046788,0.0094758803,-0.0217324570,-0.0212079044,-0.0034834142
7.3186368942,0.0020163909,0.0026015732,0.0016978915,-0.0100611541,-0.0147808976,-0.0098539619
7.3285417557,0.0021893636,-0.0033363979,-0.0041039651,-0.0057070972,-0.0232175253,-0.0077359499
7.3387708664,0.0083472086,-0.0015090313,-0.0030672615,-0.0130379805,-0.0370688960,-0.0066792076
7.3487539291,0.0067524342,-0.0006816444,-0.0020501679,-0.0130492467,-0.0360432416,-0.0119869551
7.3588790894,-0.0017649875,0.0040358845,-0.0000951355,-0.0120460335,-0.0296679027,-0.0119840251
7.3688201904,-0.0024881854,0.0058563445,0.0028607780,-0.0163175873,-0.0297396760,-0.0172921047
7.3790440559,-0.0012658284,-0.0002057832,0.0029247934,-0.0291998275,-0.0224521998,-0.0215323884
7.3890519142,0.0008627131,-0.0131795909,0.0049604112,-0.0366842970,-0.0203053597,-0.0077260965
7.3991770744,0.0050100042,-0.0047673490,0.0011051233,-0.0227770023,-0.0233325753,-0.0024221449
7.4090828896,0.0081994710,0.0096654613,-0.0027757948,-0.0046153897,-0.0253100395,-0.0045512752
7.4192428589,0.0035466061,0.0155260060,-0.0056970185,0.0114123132,-0.0272991545,-0.0056181378
7.4293761253,0.0028105334,0.0078907255,-0.0076181358,0.0167362932,-0.0261698402,-0.0024344618
7.4393558502,0.0001051828,-0.0016950052,-0.0066087311,0.0113159604,-0.0177214947,-0.0013670670
7.4493360519,-0.0026706799,-0.0064899903,-0.0046554273,0.0016887123,-0.0145543981,0.0092562158
7.4595127106,0.0004364952,-0.0016602259,-0.0046330756,-0.0132612083,-0.0136169642,0.0103222793
7.4696469307,0.0015291154,0.0020449553,-0.0046041673,-0.0314499326,-0.0095581068,0.0060807294
7.4796161652,0.0036264986,-0.0041393396,-0.0025898879,-0.0398921520,-0.0191955529,0.0039544613
7.4897289276,0.0096871210,-0.0055078249,-0.0073897904,-0.0302323364,-0.0244104229,0.0050118696
7.5000338554,0.0099501861,0.0010383148,-0.0112471646,-0.0131396363,-0.0264179129,-0.0003024684
7.5099277496,0.0053070737,0.0029042754,-0.0151346987,0.0028195977,-0.0220678393,-0.0056142095
7.5199160576,0.0015906870,0.0039316434,-0.0151329106,0.0113225384,-0.0188379567,-0.0098619517
7.5299768448,-0.0011966721,0.0030925516,-0.0112332767,0.0101976730,-0.0124905799,-0.0109178945
7.5400481224,-0.0041235136,-0.0036525186,-0.0044111079,-0.0027580727,0.0022377658,-0.0130308466
7.5501179695,-0.0041848319,-0.0154412892,-0.0024393862,-0.0209195539,0.0042792121,-0.0013471599
7.5602231026,-0.0023376762,-0.0108825620,0.0014657313,-0.0391230583,0.0105075464,0.0018459703
7.5702319145,-0.0014854715,-0.0044067856,0.0004990632,-0.0316723585,0.0127296215,0.0071539832
7.5803937912,0.0071893362,-0.0037713554,-0.0033660000,-0.0348279402,0.0084991902,0.0135234650
7.5903987885,0.0071574776,-0.0060447212,-0.0062605804,-0.0304929800,0.0021908942,0.0167049449
7.6004619598,0.0022536025,0.0064036641,-0.0062941974,-0.0070273345,0.0034500370,0.0156378150
7.6105089188,0.0012917995,0.0161214415,-0.0063075488,0.0069303201,-0.0049523031,0.0103219459
7.6205611229,-0.0015608565,0.0153154824,-0.0053476160,0.0186958984,-0.0080950996,0.0007611982
7.6306562424,-0.0054370956,0.0028704051,-0.0024275845,0.0122176530,-0.0007307930,-0.0002954110
7.6407232285,-0.0034742772,-0.0018577632,0.0034413869,0.0058164792,-0.0007659467,0.0028915938
7.6507768631,-0.0005648404,-0.0047412943,0.0083223516,-0.0070213675,0.0022982198,0.0018346519
7.6608676910,-0.0006316945,-0.0087589305,0.0112554366,-0.0220138989,0.0074796658,0.0029028459
7.6710038185,0.0002185285,-0.0167771932,0.0112744505,-0.0284922533,0.0148724671,0.0060926471
7.6810302734,0.0040404974,-0.0093073230,0.0044624740,-0.0220063925,0.0064126705,0.0018395787
7.6910820007,0.0059444113,-0.0017299410,-0.0023521846,-0.0059789810,0.0044023166,-0.0024122247
7.7011370659,0.0019860298,-0.0017844345,-0.0072398251,0.0046715327,0.0066244584,-0.0013520201
7.7112598419,0.0029464916,-0.0026736092,-0.0082251495,0.0133031569,-0.0028566616,-0.0024210131
7.7212500572,0.0079073785,-0.0015536752,-0.0052810973,0.0091289189,-0.0124637485,-0.0056101484
7.7313137054,0.0070737405,-0.0083093774,-0.0003823107,-0.0046982141,-0.0168157518,-0.0034845464
7.7413978577,0.0013153359,-0.0113186594,0.0054706866,-0.0207647979,-0.0105341552,0.0050170626
7.7515320778,0.0004288956,-0.0066281985,0.0064564878,-0.0218806341,-0.0063115144,0.0028940572
7.7615308762,-0.0005018756,0.0009539071,0.0054691965,-0.0165886693,-0.0020347435,0.0007712516
7.7713527679,-0.0054075615,0.0046894494,0.0044868523,-0.0166387893,0.0032762657,0.0018366493
7.7816739082,-0.0035007342,-0.0032770988,0.0103581483,-0.0251880698,0.0042419275,-0.0013460947
7.7918148041,0.0003319412,-0.0073918235,0.0172222201,-0.0252450332,0.0094913505,-0.0098376507
7.8017978668,-0.0007588461,-0.0056999605,0.0133197838,-0.0231235623,0.0105432998,-0.0140848598
7.8117780685,0.0040457500,-0.0078856256,0.0114040906,-0.0219592527,0.0010031243,-0.0140894530
7.8219518661,0.0060605807,-0.0042147767,0.0046034986,-0.0165090933,-0.0106559284,-0.0194056556
7.8320169449,0.0033025250,0.0005055460,-0.0022203391,-0.0035331585,-0.0275556836,-0.0247254539
7.8421278000,0.0045984341,0.0024177376,-0.0080279177,0.0061860471,-0.0391705297,-0.0289809182
7.8521208763,0.0010540738,0.0005331877,-0.0089661544,0.0125558749,-0.0358672105,-0.0194267612
7.8622040749,-0.0035221099,-0.0012931805,-0.0060380166,0.0114472006,-0.0316186696,-0.0173007604
7.8722782135,-0.0022886067,0.0036783684,-0.0030998653,0.0092588020,-0.0263462085,-0.0194211025
7.8823490143,-0.0070287930,0.0066604335,0.0027432973,0.0016307104,-0.0104756318,-0.0162258409
7.8924322128,-0.0050285356,-0.0040630084,0.0057140524,-0.0112194167,-0.0052144248,-0.0056007607
7.9024748802,-0.0030980825,-0.0041889902,0.0076754028,-0.0156146968,0.0074941800,-0.0034696993
7.9125852585,-0.0041914107,0.0024675224,0.0037488276,-0.0103480564,0.0150227360,0.0050275819
7.9226741791,0.0025365457,0.0042136628,-0.0020826524,-0.0252127573,0.0074721426,0.0060893842
7.9326701164,0.0093094660,-0.0057383236,-0.0020264452,-0.0209181942,0.0043142992,0.0039613857
7.9427766800,0.0122644855,-0.0049205851,-0.0029744571,-0.0165644605,-0.0041364436,0.0039560595
7.9528112411,0.0104223741,-0.0031328555,-0.0019888347,-0.0111140870,-0.0158524867,-0.0098529635
7.9629559517,0.0066647111,-0.0032476094,-0.0009997552,-0.0046601836,-0.0211292747,-0.0141044343
7.9728479385,0.0039166985,-0.0012901481,0.0038762027,0.0038823048,-0.0221707709,-0.0226018485
7.9830112457,0.0011104598,-0.0012204181,0.0048635537,0.0144539895,-0.0125769991,-0.0300323348
7.9931230545,0.0041943891,-0.0040003564,0.0039081508,0.0187729187,-0.0178294852,-0.0279138554
8.0031490326,0.0092741502,-0.0047962945,0.0010150606,0.0294900108,-0.0219387431,-0.0215478353
8.0131340027,0.0065141721,0.0022616629,-0.0009683435,0.0220313743,-0.0230296403,-0.0162382238
8.0232839584,0.0027827204,-0.0015170109,-0.0019333427,0.0048800856,-0.0157863759,-0.0215392467
8.0333480835,-0.0020557463,-0.0044617113,0.0000154907,-0.0069713276,-0.0041909050,-0.0172825158
8.0434942245,-0.0020805940,0.0012686048,0.0029357607,-0.0145253837,0.0042457227,-0.0151527869
8.0534753799,0.0007800713,-0.0018459614,0.0029583508,-0.0219828226,0.0031330541,-0.0130275851
8.0636091232,0.0026920245,-0.0021747854,0.0059083039,-0.0390883051,0.0061738514,-0.0119599234
8.0735855103,-0.0022894412,-0.0015839171,0.0078505212,-0.0369816087,0.0094450787,-0.0013411678
8.0837173462,0.0016468420,0.0087818298,0.0078771645,-0.0239518285,-0.0127172153,-0.0002937465
8.0935554504,0.0027467639,0.0232676212,0.0039593512,0.0090741115,-0.0071937526,-0.0109160980
8.1038961411,0.0008661926,0.0234666411,-0.0009177392,0.0336303227,-0.0080195991,-0.0077373488
8.1138868332,0.0088484688,0.0073006917,0.0010888511,0.0338602848,-0.0302317590,0.0028698226
8.1240301132,0.0121024279,-0.0021283757,0.0069826776,0.0189407244,-0.0324981101,0.0007488810
8.1339273453,-0.0004023656,-0.0078358259,0.0069518024,0.0102292039,-0.0156094078,-0.0013651362
8.1441574097,0.0007314414,-0.0029532965,0.0059903199,-0.0089673940,-0.0168243423,0.0007627295
8.1541538239,0.0048439382,-0.0002307501,0.0079815919,-0.0270882864,-0.0191329028,-0.0034806181
8.1642923355,0.0011219933,-0.0005275962,-0.0007527535,-0.0217627641,-0.0180183705,-0.0024196149
8.1741886139,0.0032673508,0.0099338684,-0.0046375459,-0.0121832136,-0.0158255231,-0.0045453501
8.1843814850,0.0004537061,0.0050056372,-0.0046186512,0.0037699202,-0.0103876144,-0.0056084837
8.1944456100,0.0064197509,-0.0027104970,-0.0074971383,0.0134067545,-0.0134798782,-0.0045506097
8.2045259476,0.0094483970,0.0003585610,-0.0065057939,0.0144547084,-0.0113208527,-0.0003026015
8.2145490646,0.0056445180,0.0013824571,-0.0026202863,-0.0068421122,-0.0157452952,0.0007633287
8.2246685028,0.0018662467,-0.0055048820,0.0003176863,-0.0143764596,-0.0094514471,-0.0002934136
8.2346935272,0.0019742653,0.0040453989,-0.0026034182,-0.0132988123,-0.0105173104,-0.0024174843
8.2447729111,0.0001177892,0.0107237194,-0.0064920252,-0.0080164326,-0.0051656887,-0.0024161527
8.2548131943,0.0021685094,0.0008830521,-0.0103493994,-0.0121995648,-0.0136839431,-0.0013576793
8.2649154663,0.0052556721,-0.0050680544,-0.0083540743,-0.0089545036,-0.0178861432,0.0007629958
8.2749156952,0.0033792809,0.0016862918,-0.0034864610,-0.0016369633,-0.0030012713,-0.0045406232
8.2850742340,-0.0025337234,0.0026879851,-0.0005917614,0.0068473355,0.0023852384,-0.0034782880
8.2950916290,0.0004013508,0.0047155935,0.0013546880,0.0101103475,-0.0039875731,-0.0087911617
8.3051710129,0.0004095986,-0.0000931677,0.0003898675,0.0025541605,0.0044213580,-0.0109086409
8.3153066635,-0.0026043996,-0.0128533747,-0.0054401821,-0.0252178721,0.0074455109,0.0018411099
8.3253002167,0.0032692507,-0.0122005325,-0.0014928047,-0.0346590430,-0.0085118841,0.0082063312
8.3352766037,0.0033610419,0.0069630090,-0.0024859970,-0.0208106581,-0.0063174395,0.0007715845
8.3455362320,0.0004492730,0.0126878414,-0.0054211682,-0.0091233756,-0.0008821939,0.0050185276
8.3555812836,-0.0044709342,0.0067688767,-0.0005477135,-0.0123479832,0.0012267635,0.0071429312
8.3655986786,0.0004773691,-0.0089672636,0.0024501616,-0.0271482356,-0.0126829268,0.0092633395
8.3757114410,0.0045501096,-0.0072985124,0.0073726708,-0.0249824487,-0.0158827156,0.0039529968
8.3857460022,-0.0012001441,0.0061556417,0.0044209892,-0.0069174254,-0.0083180061,0.0007667908
8.3957700729,-0.0011296988,0.0051545445,0.0014998849,0.0026638554,-0.0061400062,-0.0034815504
8.4058256149,0.0028706000,-0.0006175247,-0.0013805096,0.0101966066,-0.0124546271,-0.0056102145
8.4157123566,0.0030166388,0.0004646275,-0.0033267802,0.0166444406,-0.0166507047,-0.0066746804
8.4260063171,0.0041667027,0.0015982706,-0.0042966669,0.0230695829,-0.0187029354,-0.0045537390
8.4360733032,0.0013734504,-0.0020792987,-0.0052737659,0.0218853541,-0.0070127910,-0.0003011368
8.4461727142,0.0004308998,-0.0057591256,-0.0043062633,0.0122407163,-0.0028249701,0.0039505996
8.4560871124,-0.0005792052,-0.0066666808,-0.0013853972,-0.0017569382,0.0098204510,0.0092695318
8.4662723541,-0.0026929870,-0.0029120054,-0.0004302328,-0.0242726319,0.0202416666,0.0103422534
8.4763212204,0.0020208613,-0.0149162021,-0.0003946488,-0.0445079952,0.0158499144,0.0145907272
8.4864091873,0.0057717813,-0.0105069783,0.0035290653,-0.0488116629,0.0189540945,0.0082225762
8.4964609146,0.0026032880,-0.0011920538,-0.0013683503,-0.0296524037,0.0232970435,-0.0023985093
8.5065412521,0.0073455526,0.0014897007,-0.0052616065,-0.0145437606,0.0064307135,-0.0055961669
8.5165929794,0.0073584272,0.0033942331,-0.0052577322,0.0080278888,-0.0093178228,-0.0098554268
8.5266227722,0.0025886551,0.0055113379,-0.0043092435,0.0272836089,-0.0145312268,-0.0215427093
8.5366277695,-0.0012236804,-0.0000158009,-0.0033424562,0.0347396061,-0.0133824730,-0.0183603652
8.5467653275,-0.0001141027,-0.0055208635,-0.0013828938,0.0326069482,-0.0133803422,-0.0151744261
8.5568523407,0.0019567490,-0.0052377265,-0.0004140203,0.0219003744,-0.0091965832,-0.0098589556
8.5669298172,-0.0019148559,-0.0021403637,-0.0023920601,0.0111252237,0.0013548614,-0.0045419545
8.5803613663,-0.0088369371,0.0017608199,-0.0014547174,-0.0092893969,0.0149568236,-0.0066534416
8.5881652832,-0.0040966170,-0.0110971984,0.0015060836,-0.0305952188,0.0116497101,0.0029065076
8.5971412659,0.0065554557,-0.0104489531,0.0054580504,-0.0326634049,0.0052856207,0.0060894508
8.6077308655,0.0006147131,0.0116430391,-0.0004551475,-0.0146330036,0.0159987193,-0.0024041685
8.6174325943,-0.0054272385,0.0173862074,-0.0073245233,0.0013073478,0.0224699341,-0.0077139791
8.6278867722,-0.0027333691,0.0057745744,-0.0024383133,0.0045406912,0.0193148870,-0.0077163754
8.6377277374,0.0029674426,-0.0038961079,0.0024546320,0.0014364850,0.0097374273,-0.0077199051
8.6474494934,0.0009028122,-0.0067711454,0.0063329870,0.0046176314,0.0119012455,-0.0055960338
8.6572628021,0.0017704099,-0.0057718884,0.0063190395,-0.0028294744,0.0097632594,0.0018365826
8.6674928665,0.0036295683,-0.0068186130,0.0063287551,-0.0134885097,0.0086298184,0.0050241202
8.6775598526,0.0074858917,-0.0098700579,0.0043935711,-0.0187472962,0.0011909439,0.0103306016
8.6876354218,0.0094698397,-0.0022678804,0.0063480074,-0.0144132646,-0.0051170196,0.0135117471
8.6975631714,0.0065998537,0.0093026105,0.0034151012,0.0015676990,-0.0029033334,0.0060758688
8.7076997757,0.0066181077,0.0103790034,0.0024333531,0.0164947174,-0.0017395318,0.0018254638
8.7178049088,0.0105225174,-0.0030460339,0.0024483139,0.0175201390,0.0025205936,0.0028892634
8.7277669907,0.0075493930,-0.0115831327,0.0073156888,0.0154087851,0.0004007174,0.0060741380
8.7379398346,0.0045902533,-0.0114801135,0.0102209980,0.0004424863,0.0023371684,-0.0024158198
8.7482128143,-0.0023526817,-0.0085707288,0.0082256133,-0.0007546041,0.0150321908,-0.0066563711
8.7581901550,-0.0014947028,-0.0086060893,0.0023830468,-0.0049571525,0.0086281542,-0.0066577690
8.7682685852,0.0013722285,-0.0028542634,0.0004255707,-0.0049273241,0.0054174471,-0.0109065762
8.7782135010,-0.0006762192,-0.0019904878,-0.0044609373,-0.0081669539,0.0096603958,-0.0066556390
8.7884654999,-0.0017319963,-0.0011030193,-0.0073959297,-0.0017215712,0.0054723080,-0.0066593676
8.7984800339,0.0001461461,0.0047665704,0.0003784830,0.0046542222,0.0076238094,-0.0109083746
8.8085298538,-0.0028964027,0.0028486941,0.0023190314,-0.0060351733,0.0096941516,-0.0045338315
8.8185653687,0.0009365409,-0.0030144807,0.0042815739,-0.0048985370,0.0033852553,0.0028959881
8.8287267685,0.0058313264,0.0008511412,0.0023451978,-0.0027195383,-0.0008124192,0.0071405340
8.8387289047,0.0019613982,0.0086569134,-0.0035309857,0.0068766042,0.0003742189,0.0135092847
8.8488521576,-0.0019170166,0.0019105393,-0.0084008044,0.0047849575,-0.0038884366,0.0135076866
8.8589134216,-0.0058700340,-0.0000101012,-0.0074443882,-0.0007258961,0.0129715698,0.0028997164
8.8691148758,-0.0060604708,-0.0058722701,-0.0035573905,-0.0083017908,0.0235232804,0.0039687091
8.8848342896,0.0005413920,-0.0079422053,0.0061951214,-0.0264454000,0.0233656876,0.0039723711
8.8894958496,0.0032923997,-0.0121562537,0.0062298113,-0.0360245258,0.0200087745,-0.0098302597
8.8989686966,0.0001775950,-0.0067331549,-0.0006171530,-0.0328335017,0.0210691784,-0.0140768699
8.9090785980,0.0009393796,-0.0011715572,-0.0074460572,-0.0157477222,0.0201711599,-0.0119580589
8.9191379547,0.0057052402,-0.0003242698,-0.0064601367,-0.0060167182,0.0074877888,-0.0172752608
8.9292287827,0.0056634201,0.0006022546,-0.0035451716,0.0036598779,0.0001169576,-0.0215285942
8.9392242432,0.0056693954,-0.0031897333,-0.0015973513,0.0154328076,-0.0029004039,-0.0119776996
8.9497079849,0.0096178381,-0.0010092016,0.0032738978,0.0272362046,-0.0091500431,-0.0098602204
8.9597558975,0.0077628521,0.0012157951,0.0013112958,0.0272344984,-0.0091921221,-0.0162305031
8.9694690704,-0.0020124956,-0.0004676115,-0.0006913011,0.0249511041,0.0056432830,-0.0162225123
8.9794111252,-0.0060184347,-0.0060798135,-0.0026716655,0.0174192339,0.0120216208,-0.0045390250
8.9895906448,-0.0002746180,-0.0010773521,0.0021879608,0.0120622851,0.0140970219,-0.0045366283
8.9997167587,-0.0014407159,0.0009470451,0.0041004950,0.0024032928,0.0192902535,-0.0087785777
9.0097246170,-0.0026462867,0.0048244838,0.0060129100,-0.0051347846,0.0255356319,-0.0172679368
9.0196819305,0.0029185221,-0.0030917879,0.0070120627,-0.0200289674,0.0211529341,-0.0183268767
9.0296955109,0.0125423474,-0.0160025712,0.0031658942,-0.0305500515,0.0062195249,-0.0162080657
9.0398950577,0.0134531585,-0.0056224894,0.0031659538,-0.0219746716,0.0019946860,-0.0247067437
9.0499658585,0.0075743077,-0.0019144621,0.0021687681,-0.0070109023,0.0000377952,-0.0194025263
9.0602998734,-0.0002405986,0.0068047289,0.0021273429,0.0036876807,-0.0031001410,-0.0268397368
9.0703096390,0.0007683441,0.0019647721,0.0031209523,0.0069439281,-0.0083564222,-0.0236577932
9.0803842545,0.0027867288,0.0010443199,0.0070346529,0.0069564716,-0.0093754139,-0.0172879770
9.0904235840,-0.0001207486,0.0069473628,0.0050623948,0.0164764747,-0.0007896491,-0.0151625071
9.1005077362,0.0028351352,0.0120103154,0.0040729577,0.0229283813,-0.0049302652,-0.0077326209
9.1105670929,0.0028644085,0.0103169400,0.0050340230,0.0240072273,-0.0059680985,-0.0056098155
9.1206092834,-0.0020660504,0.0066362862,0.0050007636,0.0142748384,0.0066873087,-0.0045395577
9.1306896210,-0.0041438984,0.0009042862,0.0040167505,0.0099269617,0.0152142178,0.0071455939
9.1407470703,-0.0023645952,0.0077287350,0.0030033523,-0.0082609104,0.0192443132,-0.0013420999
9.1508293152,0.0004033551,-0.0001829919,0.0049787695,-0.0177798457,0.0106723960,-0.0013439641
9.1609525681,0.0071868552,-0.0013284143,0.0079292590,-0.0198319182,0.0021810404,0.0007744474
9.1709594727,0.0052329330,0.0052897055,0.0059732730,-0.0112474859,-0.0031255742,-0.0109101720
9.1810035706,0.0052638827,-0.0065435227,0.0001731450,-0.0144222127,-0.0052632270,-0.0087853028
9.1910867691,0.0092565743,-0.0067033600,0.0011866029,-0.0143268732,-0.0148191815,-0.0098518981
9.2012376785,0.0103960885,-0.0009983983,0.0031524235,-0.0057484303,-0.0190166552,-0.0141030354
9.2112188339,0.0056949733,0.0048379619,0.0080140168,0.0070661674,-0.0199865792,-0.0172921699
9.2211771011,0.0049175723,0.0097756777,0.0060625607,0.0156154213,-0.0209451187,-0.0130478246
9.2313642502,0.0051022125,0.0099463109,0.0031560594,0.0241274163,-0.0187970120,-0.0204815045
9.2414932251,0.0003148794,0.0023884121,0.0031508142,0.0271925554,-0.0049270028,-0.0130432975
9.2514972687,-0.0016314954,0.0045411754,-0.0007855361,0.0165026262,-0.0028635859,-0.0077305576
9.2615528107,0.0003279850,-0.0002108049,-0.0027176207,0.0057995678,0.0002261470,-0.0077262297
9.2716026306,0.0002780288,-0.0002222043,0.0001947815,-0.0123597290,0.0022312412,-0.0013498231
9.2817039490,0.0012476473,-0.0023586955,0.0050930316,-0.0240005124,-0.0073924907,0.0028953888
9.2918319702,0.0032912001,0.0013288949,0.0080490643,-0.0164986532,-0.0105102528,0.0028919268
9.3017520905,0.0024243772,0.0139062870,0.0060793692,0.0101685636,-0.0092232144,0.0018240657
9.3119630814,0.0034984157,0.0150029007,0.0002348954,0.0165393781,-0.0059842775,0.0018240657
9.3219985962,0.0015720531,-0.0003717300,-0.0046128100,0.0218085498,0.0004150318,-0.0002982073
9.3320703506,0.0055085076,-0.0040796306,-0.0036308831,0.0176241919,-0.0081241280,-0.0024250075
9.3420810699,0.0085421754,0.0018805359,-0.0026525920,0.0069726640,-0.0103743654,-0.0077320221
9.3521680832,0.0037340925,-0.0069575738,-0.0016750757,-0.0165355913,-0.0073894951,-0.0066627627
9.3622646332,-0.0020746335,-0.0120103415,-0.0016528432,-0.0218797848,-0.0063402760,-0.0013520869
9.3723011017,0.0009088173,0.0013681743,-0.0036010211,-0.0208153203,-0.0063655763,-0.0066613643
9.3821468353,0.0039419187,0.0031102765,-0.0055145686,-0.0111608263,-0.0115998853,-0.0087906951
9.3924350739,0.0020729632,0.0040293727,-0.0074701970,0.0069393483,-0.0071766418,-0.0056076851
9.4025831223,-0.0018206284,0.0100187603,-0.0084704822,0.0249932632,0.0014705758,-0.0056086839
9.4125766754,-0.0008578196,0.0073743556,-0.0084917014,0.0260854252,-0.0005936404,0.0018226011
9.4224605560,0.0040824665,-0.0001844969,-0.0026092594,0.0123489201,-0.0133858025,0.0113771576
9.4327030182,0.0061544282,-0.0049781110,0.0013081367,-0.0026452085,-0.0082251281,0.0092599448
9.4428405762,0.0003623471,-0.0001199302,0.0003094012,-0.0059183137,-0.0008413144,0.0071422653
9.4528369904,0.0003753558,0.0017554779,0.0022686059,-0.0091404719,0.0012596535,0.0082059316
9.4629716873,-0.0006280884,0.0007048938,0.0012943681,-0.0059761312,0.0044368710,0.0028968535
9.4730119705,0.0003251761,0.0006464440,-0.0035744375,0.0004468802,0.0023569423,0.0007705858
9.4830770493,0.0022154630,0.0055344347,-0.0016452734,0.0078505483,0.0087605799,-0.0034753585
9.4931173325,0.0021172420,0.0036976729,0.0012686189,0.0099757509,0.0098609980,-0.0002899516
9.5030851364,0.0060099838,0.0047641341,-0.0016567772,0.0122587988,-0.0049813981,-0.0013596767
9.5132513046,0.0090484945,0.0009755808,-0.0035761660,0.0070222253,-0.0145354886,0.0050076749
9.5233793259,0.0042843474,-0.0019477587,-0.0035765236,-0.0058720540,-0.0061651734,0.0039522643
9.5333728790,-0.0045355530,-0.0010406654,0.0002900893,-0.0134351663,0.0033532311,0.0092679337
9.5434370041,-0.0016420380,0.0007733199,0.0042023594,-0.0145210167,0.0054721087,0.0103318002
9.5535354614,0.0002505511,-0.0003303197,0.0061589414,-0.0145758791,0.0107563529,0.0071490565
9.5636110306,0.0020938844,-0.0043513980,0.0071476633,-0.0103262439,0.0129147787,0.0071499217
9.5736227036,0.0049134595,0.0034035314,0.0032278830,0.0088692876,0.0141158644,0.0028984516
9.5836963654,0.0008735537,0.0054613892,-0.0055729216,0.0184368007,0.0173915513,0.0039575910
9.5937871933,-0.0002465889,0.0037266482,-0.0065819686,0.0259796716,0.0100090029,0.0007665911
9.6039218903,-0.0003611267,0.0049560834,-0.0075913733,0.0270077847,0.0142468242,-0.0013534848
9.6139221191,-0.0004603982,0.0003423933,0.0001808936,0.0153870806,0.0024801802,-0.0002946121
9.6238842010,0.0014779820,-0.0083515998,0.0031375224,-0.0058984738,-0.0029699125,0.0060790647
9.6340560913,-0.0004665896,-0.0104436930,0.0089815790,-0.0283582434,0.0021809074,0.0124581344
9.6441869736,-0.0014777303,-0.0117020663,0.0109513933,-0.0304919146,0.0022047427,0.0188285485
9.6541900635,0.0054236678,-0.0002779644,0.0061049396,-0.0165531971,-0.0040124068,0.0230691005
9.6642827988,0.0055568246,0.0103230570,-0.0036441153,-0.0037506334,-0.0039492901,0.0156335551
9.6747703552,-0.0042547481,0.0172423739,-0.0017620985,0.0249302797,0.0089859497,0.0082001397
9.6849079132,-0.0004244790,-0.0029433649,-0.0007501309,0.0174969975,0.0057858285,0.0156333558
9.6942796707,0.0083520515,-0.0134671014,0.0061044628,0.0079572881,-0.0006571568,0.0166943595
9.7044715881,0.0064160405,-0.0056057703,0.0021780068,0.0057810331,0.0035537670,0.0145740164
9.7146339417,0.0034787760,0.0022467393,-0.0007758801,0.0068375091,0.0046240911,0.0145742828
9.7247743607,0.0014748900,0.0043086279,0.0001721914,0.0121669462,0.0046373405,0.0092626736
9.7346820831,0.0023699210,0.0005699116,0.0011444624,0.0163672846,0.0109852515,0.0007703861
9.7446279526,0.0032529936,-0.0060470384,0.0030881101,0.0217271633,0.0089230323,0.0028922597
9.7547578812,0.0060721664,-0.0038712230,0.0079292590,0.0249067098,0.0110660782,0.0018307237
9.7647590637,0.0050001768,0.0021688733,0.0049699480,0.0195988696,0.0078023742,-0.0034790870
9.7748041153,0.0029655502,-0.0054162946,-0.0008983081,0.0174630154,0.0077629597,-0.0066639609
9.7848100662,0.0029317469,-0.0082308110,-0.0028504794,0.0025981823,0.0001981838,-0.0077254307
9.7951259613,0.0019094526,-0.0131258499,0.0010554129,-0.0091599412,0.0022384317,-0.0045360290
9.8051452637,0.0038157955,-0.0113006439,0.0049534375,-0.0177262910,0.0053886184,0.0018383136
9.8152694702,-0.0001327813,0.0011405293,0.0019998485,-0.0177380089,0.0064357733,-0.0002847583
9.8253154755,-0.0011723981,0.0068271179,-0.0019043152,-0.0070455763,0.0043999199,-0.0013501560
9.8354663849,-0.0011846841,0.0068090428,-0.0067748493,0.0079352371,0.0002656286,-0.0045414222
9.8456993103,0.0017623707,0.0020336602,-0.0096958941,0.0132825179,-0.0007135491,0.0007651263
9.8557796478,-0.0021664544,0.0001920107,-0.0067894524,0.0036266940,0.0045283507,0.0039555933
9.8656158447,-0.0042500542,-0.0017195847,0.0000187690,-0.0039388658,0.0140049439,0.0029007152
9.8757352829,-0.0044145258,-0.0027359780,0.0048724348,-0.0125392796,0.0203033201,0.0039678439
9.8857307434,0.0002854124,0.0010766778,0.0087643201,-0.0103638479,0.0160642322,0.0018414429
9.8958101273,0.0030851171,0.0009757820,0.0087718898,-0.0124123516,0.0075644874,0.0028995168
9.9059619904,0.0069714962,-0.0049786922,0.0019829208,-0.0038324725,0.0033807280,0.0007721171
9.9165315628,0.0069621904,-0.0010097381,-0.0019313758,0.0207732711,-0.0027986048,-0.0034844133
9.9262132645,0.0080230189,0.0070223156,-0.0078052944,0.0346968360,-0.0079958308,-0.0056146090
9.9363384247,0.0032111809,-0.0004523155,-0.0068404740,0.0208028592,-0.0059949975,-0.0056100818
9.9461250305,-0.0016594202,-0.0110314470,-0.0009990399,0.0015560081,-0.0019131035,-0.0045400904
9.9562616348,-0.0016505019,-0.0101237576,0.0029010708,-0.0155318985,-0.0010427823,-0.0109061105
9.9663124084,-0.0016836718,-0.0054698270,0.0077825123,-0.0198341310,0.0020751134,-0.0151505228
9.9763593674,0.0012359276,-0.0066164788,0.0068320567,-0.0144750504,0.0000274088,-0.0109057110
9.9863739014,0.0022387237,0.0010613818,0.0019559795,0.0015393887,-0.0008997708,-0.0119729731
9.9965648651,-0.0056428807,0.0060220156,0.0018958980,0.0185394119,0.0066833142,-0.0109117031
10.0065336227,-0.0017627002,0.0062688310,0.0028656060,0.0292744003,0.0004176949,-0.0098560266
10.0166110992,0.0060604839,0.0055979807,0.0038510496,0.0303729549,-0.0027629184,-0.0109196929
10.0264720917,0.0021358312,-0.0018905010,0.0048063332,0.0239076782,0.0035680148,-0.0077295583
10.0367631912,0.0001114115,-0.0065410342,0.0077125365,0.0131841935,0.0087936688,-0.0056006275
10.0468206406,0.0000230327,-0.0054817107,0.0106121236,0.0036294116,0.0033492362,-0.0140951788
10.0570821762,0.0058803512,-0.0074624401,0.0077130133,-0.0069891438,-0.0020559155,-0.0151569815
10.0669403076,0.0039670197,-0.0085461792,0.0067492062,-0.0080113187,-0.0062887440,-0.0119731724
10.0770740509,0.0050526960,-0.0037170034,0.0077261860,0.0070137028,-0.0146462768,-0.0119811622
10.0871448517,0.0062290384,0.0051407311,0.0048093731,0.0209628344,-0.0219599139,-0.0130492896
10.0972118378,-0.0004362807,0.0073640812,0.0018474396,0.0401162915,-0.0165078919,-0.0162368268
10.1071338654,-0.0013050631,-0.0000209865,0.0028234059,0.0390277766,-0.0143738352,-0.0130506875
10.1172847748,0.0037846670,-0.0075015482,0.0018919046,0.0231486782,-0.0272456910,-0.0130530838
10.1274137497,0.0000745311,-0.0092735048,0.0018884476,0.0123809045,-0.0177754238,-0.0109226219
10.1374883652,-0.0017591909,-0.0023709591,0.0009030039,0.0080383541,-0.0103787603,-0.0098560266
10.1474742889,0.0002852261,-0.0023352336,0.0018856461,-0.0005313521,-0.0072771762,-0.0109141665
10.1575489044,0.0003571913,-0.0062838253,-0.0010172193,-0.0037029097,-0.0105158463,-0.0151621755
10.1676464081,0.0042980192,-0.0073150378,-0.0009926026,-0.0048202388,-0.0051927865,-0.0109117031
10.1777162552,0.0042977063,-0.0025425907,-0.0000252192,-0.0048873518,0.0011316885,-0.0172793213
10.1875886917,0.0002997026,-0.0016117450,0.0038615996,-0.0017644484,0.0085382722,-0.0247090738
10.1978054047,0.0031506375,-0.0016641375,0.0028781826,-0.0027985536,0.0053597894,-0.0225868020
10.2079734802,0.0060700653,0.0022360329,0.0028915340,0.0047659948,-0.0041448991,-0.0257787332
10.2179613113,0.0011738344,-0.0006493312,-0.0019973582,0.0121501414,0.0044014510,-0.0268381387
10.2279062271,0.0001883983,-0.0054388251,-0.0039593047,0.0079761166,-0.0051630256,-0.0236575268
10.2381496429,0.0021638602,-0.0024447795,-0.0010301536,0.0069425441,-0.0083345845,-0.0204734504
10.2481632233,0.0032371834,0.0005098972,-0.0029769605,0.0037478153,-0.0083008949,-0.0109157646
10.2582635880,-0.0025921061,0.0063558538,-0.0010504191,0.0005059494,-0.0040571480,-0.0066656256
10.2681941986,-0.0055611627,0.0111906547,-0.0001046722,-0.0070941262,0.0085891392,-0.0098430431
10.2783899307,-0.0007785753,-0.0006464851,0.0048119957,-0.0262720808,0.0052175769,-0.0130252540
10.2884340286,0.0049903197,-0.0145572927,0.0087776119,-0.0295177549,0.0094342260,-0.0130229238
10.2985706329,0.0078403456,-0.0041271951,0.0068173343,-0.0166930370,0.0073963758,-0.0172743946
