0.0000000000,0.0495806597,0.1261611283,-0.0084706014,-0.4992223084,-0.0598295331,0.2514838278
0.0098119974,0.0554497205,0.1752857864,0.0041076476,-0.1767571718,-0.0797041655,0.1887458712
0.0198359489,0.0179404877,0.1299388707,0.0207832400,0.1179173440,-0.0980107412,0.0782348216
0.0299249887,0.0057418300,0.1247365102,0.0225906912,0.2933079004,-0.1382759511,0.0144614968
0.0400910378,0.0252875350,0.1074404940,0.0311283413,0.3086819947,-0.1816883832,0.0080653839
0.0502090454,0.0442873500,0.0519876704,0.0494140908,0.2038586438,-0.2642807364,0.0122979451
0.0604959726,0.0635341927,0.0180227999,0.1087614819,-0.0069223521,-0.3146765530,0.0516131260
0.0731890202,0.0534136556,-0.0030597206,0.1458932757,-0.2951956689,-0.3011327684,0.0739908665
0.0805410147,0.0203956626,-0.0112994071,0.1440930367,-0.4769507051,-0.2663583457,0.1175871491
0.0904409885,0.0072039915,0.0097208861,0.0773653910,-0.5301138163,-0.2883006632,0.0783031285
0.1006480455,0.0352727138,-0.0158618446,0.0450367257,-0.4224346578,-0.2803212404,0.0188202932
0.1106599569,0.0361573063,0.0117739085,0.0035799081,-0.3155976832,-0.2897706628,0.0538278148
0.1207029819,0.0679176673,-0.0071739312,0.0759311244,-0.2460589409,-0.3072709441,0.0431832895
0.1309429407,0.0668813512,-0.0259421226,0.1077149436,-0.1680738479,-0.3174844384,-0.0003753724
0.1408460140,0.0609046482,-0.0178656932,0.1108537242,-0.0511738583,-0.2651778162,0.0537728183
0.1508729458,0.0717599019,0.0154298786,0.0999022052,0.0444474667,-0.2182241678,0.1291597188
0.1610640287,-0.0062315213,0.0271033887,-0.0107274717,0.1331566125,-0.2288726866,0.1673570424
0.1712149382,-0.0435996093,0.0479790792,-0.0382773355,0.1987683773,-0.1766725928,0.1110911071
0.1812289953,-0.0154531049,-0.0046844836,-0.0824564770,0.1374912858,-0.1314908713,0.1249327436
0.1966309547,-0.0177325644,-0.0437636152,-0.1063681319,-0.0389620438,-0.0935501456,0.1589740813
0.2024400234,-0.0637435392,-0.0675386563,-0.1022135690,-0.1014586613,-0.0382991396,0.0910608023
0.2114759684,-0.0983424559,-0.0487912670,-0.1011024192,-0.1176498830,-0.0216429327,0.0634664595
0.2212280035,-0.0593530275,-0.0115959402,-0.0694587901,-0.1409361959,-0.0410167612,0.0528461710
0.2312309742,-0.0307286419,-0.0338678733,-0.0206891354,-0.1735841483,-0.0860548094,0.0241633933
0.2413339615,-0.0241815485,-0.0507705584,0.0244949404,-0.2130894810,-0.0866552219,-0.0151141053
0.2514849901,-0.0146426903,-0.0693388954,0.0578480288,-0.2007401288,-0.1445824355,0.0347583778
0.2618000507,-0.0620734431,-0.0919914618,0.0568734929,-0.1930949688,-0.4617269039,0.3690656126
0.2719240189,-0.0131876813,-0.0950118676,0.0308394972,-0.2247716635,-0.4984060526,0.3191507757
0.2819550037,-0.0044149207,-0.0497067347,0.0203499142,-0.2327956408,-0.1418250054,0.0124706514
0.2918770313,-0.0221090652,-0.0075509306,0.0137561494,-0.2291575074,0.0256731845,-0.0161151867
0.3018640280,-0.0397220887,0.0006898287,-0.0362992957,-0.3671064973,0.0590447895,0.0794996843
0.3119900227,-0.0099894153,-0.0250121113,-0.0346903279,-0.5726114511,0.1212130859,0.1252402812
0.3220000267,-0.0275264420,-0.0457401052,-0.0341082290,-0.7532205582,0.1462333500,0.1359154135
0.3321069479,-0.0484577753,-0.0170452949,-0.0440347865,-0.8707836866,0.1620732993,0.1189644039
0.3421839476,-0.0439484455,0.0241565350,-0.0383933261,-0.9295153618,0.1670173258,0.1423420310
0.3522009850,-0.0342807509,0.0509786829,-0.0373191312,-1.0073397160,0.1601301283,0.1667797267
0.3622900248,-0.0474899746,0.0316217765,-0.0271700677,-1.1749535799,0.1684785336,0.2071751505
0.3723429441,-0.0665373579,0.0240661744,-0.0192161854,-1.2806935310,0.1747265756,0.1679185629
0.3825080395,-0.0580215193,0.0219874028,-0.0409378484,-1.3011285067,0.1905000061,0.1732397527
0.3924779892,-0.0301667489,-0.0082775112,-0.0386285260,-1.3539637327,0.2429203391,0.1467343867
0.4025460482,-0.0140053974,-0.0426637903,-0.0349975303,-1.3768351078,0.2859144807,0.0989803746
0.4129519463,-0.0036428317,-0.0263986941,-0.0326251462,-1.3393961191,0.2778080702,0.1074612141
0.4226919413,0.0047031594,-0.0174701568,-0.0231987890,-1.3107057810,0.2908039987,0.1095856801
0.4327780008,-0.0026665672,-0.0112381931,-0.0060914820,-1.2960258722,0.3163431883,0.1011003181
0.4428039789,0.0005706802,-0.0173694249,-0.0035441583,-1.2495279312,0.3636106253,0.1276570261
0.4530570507,0.0149862422,0.0005895737,-0.0103505915,-1.1323243380,0.3874778748,0.2136449069
0.4629459381,0.0348046981,0.0410347804,-0.0287779029,-0.9614697695,0.3796698749,0.2518219948
0.4730850458,0.0241639577,0.0638890490,-0.0364884213,-0.8885763884,0.3473918140,0.2486019582
0.4831199646,0.0009601965,0.0439636931,-0.0238208231,-0.9294857383,0.3819607198,0.2348262221
0.4933660030,0.0010248377,-0.0313077345,-0.0336070135,-1.0067949295,0.3265928030,0.3091441393
0.5032490492,-0.0107652294,0.0136554483,0.0311650578,-1.2199336290,0.2948395312,0.2815765440
0.5133179426,-0.0359099545,0.0265982989,0.0642568395,-1.3735830784,0.2913199067,0.2731194198
0.5233490467,-0.0099294232,0.0216555838,0.0656151101,-1.4273467064,0.2239341289,0.2624793649
0.5336339474,0.0030374185,0.0030066613,0.0641136691,-1.4151177406,0.1716389656,0.1998039931
0.5434910059,0.0106548620,0.0039285067,0.0775076076,-1.3795664310,0.1366615444,0.1583691984
0.5535579920,0.0322785638,-0.0211398955,0.1146556661,-1.3599411249,0.0942714810,0.1402924508
0.5636219978,0.0252350830,-0.0618761554,0.1218255088,-1.3057875633,0.1164895743,0.0574677549
0.5738780499,0.0017431631,-0.0275245663,0.0864199325,-1.2340576649,0.0961432904,0.0956641436
0.5837689638,0.0173913501,-0.0482857004,0.0641376302,-1.2437841892,0.1064047143,0.0553249754
0.5938320160,-0.0086475955,-0.0302560683,0.0279591624,-1.2128262520,0.1044214591,0.0351419412
0.6039719582,-0.0053713666,-0.0411483422,0.0163313095,-1.2446992397,0.0904119685,0.0446983650
0.6140429974,-0.0070064114,-0.0285916086,0.0297226254,-1.2448382378,0.1029985994,0.0224069059
0.6240539551,-0.0103586065,-0.0226451512,0.0318640992,-1.1355584860,0.0603429489,0.0064322669
0.6342099905,-0.0087825404,0.0004530791,0.0654421374,-0.9639313221,0.0798876211,0.0074602468
0.6442320347,0.0025250569,0.0183301214,0.0926521942,-0.8166120648,0.0759605840,0.0212225989
0.6539839506,0.0080929352,0.0024882797,0.1071559712,-0.7641054392,0.0528536737,-0.0127798440
0.6642700434,0.0031549588,-0.0163395759,0.1032317206,-0.7951288819,0.0599898100,-0.0159539990
0.6743799448,-0.0018223868,-0.0421485677,0.0850089714,-0.8903557658,0.0846658647,-0.0095466999
0.6844749451,0.0147735728,-0.0798979178,0.0600386783,-1.0141248703,0.0813642144,-0.0243806392
0.6945099831,0.0234515630,-0.0721016899,0.0494676158,-1.1060230732,0.0945287496,0.0021942453
0.7045890093,0.0320202969,-0.0448566452,0.0547705218,-1.1783543825,0.0705176219,-0.0031077757
0.7146379948,0.0279438756,-0.0196243282,0.0652319714,-1.2361322641,0.0848198608,-0.0105185537
0.7246999741,0.0160295330,0.0026996378,0.0567268059,-1.2661713362,0.1005236581,-0.0030717563
0.7347420454,0.0139984740,0.0016330127,0.0447936580,-1.3599615097,0.0868328810,-0.0242907591
0.7447940111,0.0208941363,-0.0149959084,0.0294549409,-1.4170733690,0.0354220867,-0.0211164709
0.7549270391,0.0297768973,-0.0216946956,0.0442361757,-1.3931879997,-0.0046425108,-0.0137099531
0.7649960518,0.0307684205,0.0049537066,0.0525591299,-1.3513647318,-0.0232040118,0.0128151970
0.7750400305,0.0267350040,0.0484819636,0.0564980432,-1.2883439064,-0.0278690699,0.0266002528
0.7851159573,0.0390953086,0.0719292983,0.0599966571,-1.2537467480,-0.0697843581,0.0616118312
0.7952439785,0.0550422929,0.0675440058,0.0647933409,-1.2769567966,-0.0941086113,0.1051393375
0.8052020073,0.0618750118,0.0614862666,0.0666164085,-1.2679274082,-0.1415632814,0.1380278319
0.8152389526,0.0502005480,0.0682023391,0.0629169866,-1.2292610407,-0.1679674536,0.1050890684
0.8253849745,0.0269448124,0.0555799827,0.0615791008,-1.2033920288,-0.1931517124,0.1135635749
0.8355079889,0.0337721370,0.0315532312,0.0643922612,-1.2118859291,-0.1962638795,0.1358619630
0.8457419872,0.0455624126,0.0406635627,0.0689958856,-1.2362214327,-0.2189175189,0.1114343852
0.8555829525,0.0283022784,0.0477290973,0.0587458536,-1.2628047466,-0.2311124057,0.0668394864
0.8657130003,0.0066688014,0.0381031856,0.0444657132,-1.2724337578,-0.2315715998,0.0095059536
0.8757189512,0.0060136868,-0.0017378088,0.0311434213,-1.2844992876,-0.2023399472,-0.0478135310
0.8858449459,0.0223587118,-0.0485211983,-0.0001552170,-1.3549053669,-0.2062635124,-0.0669092610
0.8958330154,0.0418413542,-0.1088815704,-0.0212104972,-1.4429554939,-0.2614322305,-0.1104482189
0.9060000181,0.0341735445,-0.1322060525,-0.0094910925,-1.3843059540,-0.2578537166,-0.1285124421
0.9159950018,0.0429624580,-0.1144551411,0.0010929044,-1.3186502457,-0.3111678064,-0.0935163647
0.9260829687,0.0263408683,-0.0828960910,0.0475116894,-1.1821993589,-0.2986364663,-0.1445107013
0.9361059666,0.0138885630,-0.0504179373,0.0795001313,-1.0909097195,-0.3562270701,-0.1488098502
0.9462569952,0.0122884167,-0.0625965968,0.1181506440,-1.0777304173,-0.3944643736,-0.1721911430
0.9562319517,-0.0145731913,-0.0651469007,0.1248136088,-1.0581455231,-0.4325827360,-0.1860185415
0.9663189650,-0.0189207532,-0.0170376059,0.1472968459,-1.0633134842,-0.4496185780,-0.1881500036
0.9763929844,-0.0220713355,0.0037316922,0.1375179887,-1.0898399353,-0.4670700133,-0.2253149450
0.9864979982,-0.0277737118,0.0029201750,0.0770817325,-1.0823079348,-0.4745411873,-0.2423107773
0.9965219498,-0.0245905854,0.0400453433,0.0117155844,-1.0772812366,-0.4449249506,-0.2635332346
1.0065979958,-0.0339187123,0.0314988121,-0.0352439359,-1.0831816196,-0.3899591863,-0.2879251242
1.0166729689,-0.0089872824,-0.0050966498,-0.0579331592,-1.0674713850,-0.3600904942,-0.2847287953
1.0267460346,0.0079007698,-0.0153208133,-0.0839752629,-0.9183248878,-0.3309168220,-0.2412170768
1.0367850065,0.0185114406,0.0329594240,-0.0892577842,-0.7338155508,-0.3174601197,-0.2147122324
1.0468659401,0.0268408321,0.0356803760,-0.0479647592,-0.5567085147,-0.3115429878,-0.1956430674
1.0569150448,0.0290943049,0.0101982001,-0.0072682565,-0.4287750721,-0.2964167595,-0.1627522260
1.0670030117,0.0283698104,0.0137740020,0.0119425589,-0.3381843865,-0.2851180434,-0.1786968410
1.0771100521,0.0106429709,0.0587079152,0.0127698714,-0.2379243821,-0.2800948024,-0.1935849786
1.0871369839,0.0050555719,0.0750814900,0.0057561928,-0.1301364005,-0.2814982831,-0.2275892794
1.0971280336,0.0039133085,0.0849563107,0.0188296381,-0.0445328169,-0.3041085303,-0.2297459096
1.1072750092,-0.0186480321,0.1064155325,0.0598000810,0.0321230777,-0.2877508700,-0.2647965848
1.1173909903,-0.0205155350,0.1131929979,0.1034247205,0.0895530879,-0.2669915259,-0.2499355972
1.1274199486,-0.0506397225,0.1003887281,0.1141093299,0.1212369278,-0.2350274473,-0.2722252011
1.1373959780,-0.0687609091,0.0087902192,0.1205835864,0.0043680929,-0.1832425445,-0.3103944063
1.1475419998,-0.0531205870,-0.0625547543,0.0986650512,-0.0949022993,-0.1832914203,-0.3475315571
1.1576019526,-0.0558577515,-0.1164915934,0.0545726344,-0.1249885634,-0.1622492522,-0.3347718120
1.1676909924,-0.0733002797,-0.1138584986,0.0346645638,-0.1951207519,-0.0840205550,-0.2858739495
1.1777199507,-0.0872282758,-0.0642457381,0.0161498133,-0.2387156337,0.0117339324,-0.1881295592
1.1878340244,-0.0713747814,0.0728908405,0.0183997694,-0.1740945578,0.0624944493,-0.1382153928
1.1978670359,-0.0375944115,0.1675522625,0.0258892123,-0.0130763846,0.0791575834,-0.0766636208
1.2079750299,-0.0121772336,0.1728052795,0.0387949273,0.2349431664,0.0427630879,0.0304961242
1.2179930210,-0.0384118296,0.2458254993,0.0933211371,0.5127132535,0.1254012436,0.1270905733
1.2281450033,-0.0749423578,0.2992782891,0.0868274495,0.7929753661,0.1707219929,0.1928737164
1.2381520271,-0.0846348181,0.2856774032,0.0724689290,1.0917384624,0.1800995171,0.2543868721
1.2482630014,-0.1113058701,0.2750373185,0.0772771165,1.3891381025,0.2155623585,0.2500830293
1.2582149506,-0.1046401933,0.2021944821,0.0932927653,1.5733326674,0.2585124671,0.2436868995
1.2683639526,-0.0599621870,0.1022944078,0.1030854508,1.7451049089,0.2655679882,0.2818710208
1.2784140110,-0.0234323777,0.0668704137,0.1042408273,1.8702415228,0.3452306092,0.2893116474
1.2884750366,0.0068004383,0.0138666276,0.0534959361,1.9323644638,0.3187328279,0.2107104361
1.2984679937,0.0255228244,-0.0534369722,0.0454771444,2.0407180786,0.2623592913,0.2074693739
1.3086899519,0.0313382410,-0.0930702463,0.0428586528,2.2026343346,0.1875406355,0.2328741252
1.3187559843,0.0232911967,-0.0923354998,0.0413170978,2.2774617672,0.1754679978,0.2339108884
1.3287589550,0.0074169887,-0.0824002400,0.0198020879,2.3089475632,0.1227996647,0.2508646548
1.3388090134,0.0107122911,-0.0814498439,0.0288022105,2.2712173462,0.0570211858,0.3028695285
1.3490550518,0.0115590347,-0.0360207930,0.0829613134,2.1375896931,-0.0245549660,0.3389647305
1.3589719534,0.0114316596,-0.0088529345,0.1159844920,1.9217733145,-0.0009806643,0.3379695117
1.3690609932,0.0307778977,0.0048330072,0.0797714517,1.9757231474,0.0497221909,0.3931944072
1.3791110516,0.0603512786,0.0973019227,0.0542362854,2.4117033482,-0.0023548554,0.4472094476
1.3891869783,0.1002592668,0.2482292950,0.1375707388,3.1511139870,-0.0913873911,0.4480383694
1.3992600441,0.1164883599,0.3050663769,0.2734509706,3.8523683548,-0.2145750970,0.3065795004
1.4093400240,0.0707407817,0.3220505416,0.3137841821,4.4692740440,-0.2234526128,0.2342172861
1.4193400145,0.0280943178,0.3348104656,0.2636361122,4.7633314133,-0.0657287687,0.2703225613
1.4294619560,0.0201833211,0.1631340683,0.1852512360,4.5996179581,0.0824090391,0.2630039155
1.4395560026,0.0181429647,-0.0686753765,0.1195895001,3.7292490005,0.2526947558,0.3684280813
1.4496279955,0.0307280086,-0.2947396934,0.0937341377,2.7544105053,0.2981843948,0.3517101705
1.4594750404,0.0414622389,-0.3808986843,0.0881099030,1.9871412516,0.2914340794,0.3444690406
1.4696429968,0.0572550558,-0.1720857322,0.0956742689,1.8307460546,0.1385243684,0.3741633594
1.4798049927,0.0854446813,0.0912632570,0.1904703975,2.1574354172,-0.0868616179,0.3580408394
1.4898630381,0.0717357621,0.2887698710,0.2485412359,2.7682182789,-0.2281861901,0.3227757215
1.4998990297,0.0196255110,0.3569166958,0.2154874802,3.1756231785,-0.2001324445,0.3364896476
1.5100090504,-0.0120490538,0.1120691523,0.1250312924,3.3051843643,-0.2412712276,0.3629807830
1.5200519562,0.0461672209,-0.3140220344,-0.0307040270,3.2686102390,-0.3070835471,0.5710698366
1.5302039385,0.0765675530,-0.4378486574,-0.1571794748,3.1132528782,-0.4555241466,0.6336807609
1.5401730537,0.0205801688,-0.2227313817,-0.1752219796,3.1638190746,-0.4977200925,0.6039164662
1.5503009558,-0.0085232602,0.0870207176,-0.1611762643,3.2031652927,-0.5884861350,0.6261596680
1.5603719950,0.0140815629,0.2139609754,-0.0931745246,3.1394951344,-0.7300642729,0.6420320868
1.5704339743,0.0928181931,0.0755438432,0.0530175492,3.1153173447,-0.7650907040,0.6728125811
1.5804189444,0.2183497846,-0.0041276570,0.2288671136,2.6545383930,-0.9988128543,0.7588185668
1.5905729532,0.3338504434,-0.0086605903,0.4199848771,2.1600649357,-0.9615013599,0.7971887589
1.6006530523,0.2920045257,0.0860800371,0.5156952739,1.6188397408,-1.0699969530,0.5052772760
1.6106989384,0.1468160748,0.1766305268,0.3820152879,0.7395086288,-0.6835018992,-0.0676789805
1.6206120253,0.1356184185,-0.2937847674,0.1181540415,0.0770548135,-0.6185591221,-0.2862089276
1.6308480501,0.1744655073,-0.5733964443,-0.0031947559,-0.3015563190,-0.4320551157,-0.3051314056
1.6409230232,0.1555995643,-0.4709936082,-0.0351888016,-0.5571444631,-0.3765870631,-0.2434544712
1.6509809494,0.1473948956,-0.3421399295,-0.0266358312,-0.5881756544,-0.2622094750,-0.2359586060
1.6609690189,0.0889712796,-0.3369788229,-0.0497584417,-0.3038174212,-0.2058934569,-0.2795364261
1.6711250544,0.0494999550,-0.1766723692,-0.0561146811,0.1142029539,-0.0664511472,-0.2838185132
1.6811219454,0.0463898145,0.0540943965,-0.0312354621,0.5743231177,0.0245016590,-0.2955697179
1.6912020445,0.0650448427,0.1250063479,-0.0135076707,1.0623921156,0.0980075002,-0.2542483211
1.7012189627,0.0861597583,0.1042278633,-0.0390418246,1.4767123461,0.0788013116,-0.1747281998
1.7113419771,0.0814705119,0.1018736586,-0.0319147781,1.6479833126,0.0343477651,-0.0611797348
1.7213929892,0.0548899435,0.1102644429,-0.0090729063,1.5949128866,0.0112112872,0.0418166891
1.7315440178,0.0272575282,0.0872009620,0.0093969638,1.4460669756,-0.0428804457,0.0821755677
1.7415260077,0.0224156044,0.0732178912,0.0530676171,1.1166448593,-0.0799758807,0.0418923199
1.7516679764,0.0100543750,0.0241361503,0.0627973601,0.7205564380,-0.0642391965,0.0568661466
1.7615089417,-0.0277985074,-0.0757854655,0.0081422860,0.3359725475,-0.0298418067,-0.0109741539
1.7716399431,-0.0596782900,-0.0921076015,-0.0143712228,0.0888053700,0.0265903100,-0.1382990777
1.7816519737,-0.0472781993,-0.0855045393,-0.0614370778,-0.1391561627,0.0831555873,-0.2709378302
1.7921839952,-0.0259710290,-0.0741194859,-0.0824158862,-0.3270849586,0.0931779221,-0.2719456255
1.8019319773,-0.0590506233,-0.1411640942,-0.1177651361,-0.3985348940,0.1980590671,-0.2017963678
1.8120549917,-0.1337819397,-0.1739375591,-0.1132440642,-0.5373910069,0.1011346579,-0.2347268909
1.8220590353,-0.0700590089,-0.0796613470,-0.0481261685,-0.5688940883,0.0559173711,-0.1296233833
1.8321379423,-0.0581366457,0.0074537341,-0.0061694449,-0.4350814819,0.0169718377,-0.0978225619
1.8422349691,-0.0910435691,0.0514714047,0.0524547622,-0.1860042661,-0.0243644174,-0.0989682525
1.8522670269,-0.0708891228,0.0577197298,0.0991995260,0.1076245755,-0.0375983305,-0.0809989795
1.8622690439,-0.0545851924,0.0486881360,0.0977951214,0.3799330592,-0.0519343950,-0.0407269262
1.8724069595,-0.0635692552,0.0277711693,0.0634590909,0.5648378730,-0.0789276585,-0.0344162956
1.8824590445,-0.0674741641,-0.0358247533,0.0192623679,0.6515383720,-0.1035397947,-0.0195854194
1.8925759792,-0.0411041714,-0.0992101505,-0.0169533547,0.5663136244,-0.1168246418,0.0101609584
1.9025419950,-0.0273680426,-0.1406569481,-0.0397834256,0.4222651422,-0.1167034656,0.0590403490
1.9126780033,-0.0376202501,-0.1404995024,-0.0591479018,0.2575599253,-0.0797137618,0.0941394791
1.9227529764,-0.0420312323,-0.1080938950,-0.0549615696,0.0874262825,-0.0356003605,0.0899575204
1.9328190088,-0.0307770111,-0.0621530786,-0.0408412293,-0.0868588835,-0.0043449025,0.0719654039
1.9427870512,-0.0247153379,-0.0345997587,-0.0030781692,-0.2764573395,-0.0434299894,0.0273984671
1.9529949427,-0.0138298618,-0.0076521095,0.0503557250,-0.4340124726,-0.0878876671,-0.0702682436
1.9631040096,0.0027731017,0.0262626056,0.0828935429,-0.5435815454,-0.1263429075,-0.1254731715
1.9730919600,0.0194313787,0.0997896120,0.0739242360,-0.5860353708,-0.1489426196,-0.1169780865
1.9831329584,0.0211438201,0.1451193094,0.0586376712,-0.6317839622,-0.1607444286,-0.0755622014
1.9932169914,0.0287740193,0.1078207716,0.0571865961,-0.7033654451,-0.1516534686,-0.0500565767
2.0032939911,0.0295042954,0.0643510446,0.0606897399,-0.8080580235,-0.1408543587,-0.0436538048
2.0133860111,0.0094667030,0.0389363989,0.0435427949,-0.8425878286,-0.1040925980,-0.0553075299
2.0233290195,-0.0070096599,0.0313930139,0.0101641947,-0.7701759338,-0.0886531919,-0.0627507940
2.0335068703,-0.0043884860,0.0209470633,-0.0156322177,-0.6657304764,-0.0739272460,-0.0595832355
2.0436420441,0.0035735921,0.0166591052,-0.0220908578,-0.5528545380,-0.0472674035,-0.0277446117
2.0539569855,0.0023359314,0.0155112986,-0.0403373316,-0.4241806567,0.0020143935,0.0348932035
2.0637631416,-0.0002048060,0.0398382768,-0.0684862211,-0.3754341304,0.0387873203,0.0763093457
2.0737450123,-0.0163879730,0.0043003801,-0.0734282210,-0.3737488985,0.0833473355,0.0731457770
2.0838189125,-0.0418389179,-0.0525861159,-0.0808163360,-0.3619391024,0.0759812966,0.0667683110
2.0939898491,-0.0499258377,-0.0893299952,-0.0591097549,-0.3842245638,0.0630192235,0.0614581704
2.1037960052,-0.0297357477,-0.0887512937,-0.0181530174,-0.3627451062,0.0481923409,0.0370239317
2.1140718460,-0.0081839012,-0.0282799955,-0.0107372468,-0.3007144332,0.0360758267,0.0486831814
2.1241049767,-0.0055121230,0.0443840250,-0.0109869903,-0.2379029542,0.0514798164,0.0486749262
2.1342430115,-0.0115388380,0.0813898668,-0.0176845249,-0.2101474255,0.0494831763,0.0306155663
2.1441500187,-0.0034523949,0.0782891139,-0.0407775715,-0.2047824860,0.0463121496,0.0253036246
2.1542649269,0.0074631227,0.0688476190,-0.0625553802,-0.1921409518,0.0646683872,0.0571639538
2.1643948555,0.0122381104,0.0503630862,-0.0761935189,-0.1922836900,0.0796055198,0.0699130371
2.1744480133,0.0127360178,0.0262986068,-0.0616314486,-0.1785856634,0.0966829136,0.0667317584
2.1843981743,0.0291943513,0.0031260494,-0.0211617406,-0.1682137251,0.1264703721,0.0646204054
2.1945729256,0.0445424579,-0.0011479016,0.0119591290,-0.1148826703,0.1278034747,0.0348772220
2.2046329975,0.0497574173,0.0088163856,0.0431486294,-0.0313973613,0.1017838642,0.0008654609
2.2146911621,0.0553954802,0.0420537814,0.0676610991,0.0112181688,0.1084038168,-0.0171914380
2.2246098518,0.0611892305,0.0521130189,0.0758981034,0.0004952168,0.1124369055,-0.0352372825
2.2348320484,0.0708320364,0.0262691621,0.0813143775,-0.0358807147,0.1217464581,-0.0235448740
2.2449350357,0.0754119977,0.0111752395,0.0691213533,-0.0658684373,0.1320747286,-0.0267174970
2.2549748421,0.0631803200,0.0166926626,0.0451903865,-0.0232206304,0.1367252618,-0.0214160755
2.2649531364,0.0493762754,0.0324101076,0.0202839915,0.0407160074,0.1468958706,-0.0118710408
2.2751419544,0.0360355340,0.0513681397,0.0167763177,0.0534417629,0.1556361020,0.0093642073
2.2851800919,0.0174446665,0.0428205952,0.0313382670,0.0170640480,0.1648751497,0.0104398578
2.2952809334,0.0075875772,0.0130234007,0.0453045890,-0.0265855622,0.1549699903,0.0146948574
2.3052279949,0.0073697520,0.0080840830,0.0559080169,-0.0295733642,0.1349283755,0.0369833820
2.3154220581,0.0068720235,0.0356183872,0.0558624789,-0.0120344497,0.0895799920,0.0560676642
2.3254380226,0.0075675501,0.0558138117,0.0485140011,-0.0277212672,0.0588164926,0.0783540606
2.3355579376,0.0067293299,0.0536112413,0.0384852812,-0.0735557079,0.0554246865,0.1080962420
2.3455080986,-0.0005999848,0.0345136151,0.0225543324,-0.1311412454,0.0518352799,0.1229742542
2.3556499481,-0.0116514908,0.0324265584,0.0140784318,-0.1558291763,0.0665371269,0.1325441897
2.3657178879,-0.0187760331,0.0264840368,0.0105214650,-0.1228744164,0.0795788914,0.1357277334
2.3757891655,-0.0201414265,0.0298162941,0.0063401992,-0.0716835558,0.0820878521,0.1261579394
2.3857889175,-0.0176492073,0.0413409099,0.0063191587,-0.0075146928,0.0688886940,0.1314440370
2.3959078789,-0.0140509056,0.0480474457,0.0122778947,0.0265974980,0.0723358244,0.1261276454
2.4060950279,-0.0035222515,0.0489053354,0.0212139431,0.0456518829,0.0872953385,0.1165740788
2.4160580635,0.0158449076,0.0548531637,0.0167423431,0.0786791518,0.0928610116,0.1123218834
2.4258880615,0.0284306370,0.0574563965,0.0146771604,0.1117537543,0.0942663625,0.1208085790
2.4361870289,0.0352213942,0.0476248488,0.0099025303,0.1117423251,0.0964844376,0.1356757432
2.4466829300,0.0390663110,0.0242146496,0.0061479146,0.1041584387,0.1081317738,0.1420542747
2.4563269615,0.0428413115,-0.0001371261,0.0111402804,0.1223191023,0.1062115729,0.1484176964
2.4662680626,0.0456500016,-0.0078107473,0.0171659533,0.1661246419,0.1012887210,0.1484041065
2.4764618874,0.0445542298,-0.0084519144,0.0282120053,0.2164132297,0.0878572613,0.1367051899
2.4865751266,0.0405259691,-0.0059419032,0.0355468318,0.2559747696,0.0796171725,0.1218258366
2.4965889454,0.0344983600,-0.0071667191,0.0351736471,0.2859164476,0.0734487623,0.1122600287
2.5066418648,0.0342153274,-0.0091904160,0.0261192862,0.3039793372,0.0809857771,0.1048266143
2.5167119503,0.0329378806,-0.0071766730,0.0190908853,0.2944588065,0.0723930821,0.1016393378
2.5268709660,0.0296774767,-0.0070546623,0.0081720883,0.2528913915,0.0666899234,0.0963380486
2.5368938446,0.0233737789,-0.0197946783,-0.0019760793,0.1887963861,0.0724552050,0.0899863467
2.5468540192,0.0198768042,-0.0232807752,-0.0145418709,0.1118262410,0.0855979025,0.0931978524
2.5570101738,0.0161982141,-0.0029644724,-0.0111315316,0.0401966386,0.0988210291,0.1017178446
2.5671329498,0.0143156601,0.0188865904,0.0035535628,-0.0154037746,0.1101043150,0.1166027784
2.5771410465,0.0133140339,0.0238960031,0.0150416428,-0.0551102534,0.1320757270,0.1219322309
2.5871980190,0.0142542971,0.0239593629,0.0138244564,-0.0531075597,0.1447779387,0.1145054698
2.5972659588,0.0191821121,0.0232544784,0.0128058130,-0.0146175828,0.1376655698,0.1113068834
2.6074099541,0.0262062214,0.0267743114,0.0237991754,0.0110920416,0.1283748597,0.1166047081
2.6174099445,0.0391481481,0.0268045310,0.0361453816,0.0441228561,0.1340388656,0.1272163391
2.6274230480,0.0433006249,0.0329234824,0.0291798059,0.0536812060,0.1395247132,0.1420818269
2.6375398636,0.0445575975,0.0253948215,0.0280582849,0.0931753516,0.1387802362,0.1378249079
2.6476731300,0.0487430058,0.0178447608,-0.0022865003,0.1420571506,0.1605190933,0.1516267359
2.6576738358,0.0517306589,0.0514005050,-0.0180659946,0.1421615630,0.1522731930,0.1887857765
2.6677229404,0.0418161713,0.0578124747,-0.0183076318,0.1186453179,0.1563536972,0.1951645762
2.6778321266,0.0297979377,0.0388258919,-0.0235839542,0.0759299174,0.1604054272,0.2227836847
2.6879060268,0.0244006775,0.0380795226,-0.0097356504,0.0088062771,0.1503938138,0.2419081032
2.6979520321,0.0199126862,0.0321900472,0.0096908147,-0.0165828094,0.1289966404,0.2493383288
2.7080211639,0.0175190829,0.0145579223,0.0135933692,-0.0206995215,0.1141399369,0.2546409369
2.7182221413,0.0172203742,0.0203875545,0.0205507223,0.0062620528,0.0857202709,0.2535567582
2.7294750214,0.0229289792,0.0121239666,0.0406743214,0.0639375970,0.0808839723,0.2482307255
2.7383399010,0.0337771438,0.0049990062,0.0396969840,0.1131892726,0.0654816553,0.2609512210
2.7479670048,0.0368691944,0.0244109873,0.0291270558,0.1419889629,0.0679661185,0.2779339552
2.7583529949,0.0310679935,0.0461126193,0.0128944451,0.1664708853,0.0757453367,0.2991682887
2.7684149742,0.0231226049,0.0456354246,0.0005692775,0.1726787090,0.0960572660,0.3140420318
2.7785601616,0.0168585442,0.0442688093,-0.0109230345,0.1778512299,0.1131626815,0.3267911673
2.7885529995,0.0172939561,0.0412314162,-0.0106225675,0.1938645393,0.1133855879,0.3395287991
2.7986779213,0.0205543898,0.0460720286,0.0003597076,0.1970290691,0.1177124307,0.3480250835
2.8089680672,0.0227806233,0.0460401401,-0.0023608869,0.1938601732,0.1145083830,0.3490861058
2.8188028336,0.0258586071,0.0372039303,0.0035778219,0.1490310878,0.1152700484,0.3628990948
2.8289120197,0.0308756493,0.0231863502,0.0082721049,0.1148542017,0.1181963235,0.3692800403
2.8390300274,0.0330822133,0.0069348160,0.0099186236,0.0934833735,0.1211987063,0.3703498840
2.8489980698,0.0344164632,0.0081550721,0.0047208602,0.0946197435,0.1149112508,0.3809644580
2.8590531349,0.0328716300,0.0259888116,0.0064076120,0.0871788710,0.1127994955,0.3926457465
2.8690910339,0.0204909705,0.0390088782,0.0177527014,0.0712097585,0.1095528379,0.4043279588
2.8791961670,0.0129573597,0.0305904988,0.0193357412,0.0766222328,0.1022142917,0.4106933773
2.8892540932,0.0093640340,0.0184917990,0.0113677317,0.1086962819,0.0972789228,0.4244861603
2.8993301392,0.0017536535,0.0154865924,0.0044672424,0.1576987654,0.1062029153,0.4255397022
2.9093630314,0.0019099369,0.0111534242,0.0067284638,0.2389827073,0.0888881013,0.4276340306
2.9194731712,0.0099515570,0.0083837751,0.0162432734,0.2914140224,0.0755576491,0.4286769032
2.9296150208,0.0190956853,0.0146782342,0.0201761667,0.3310836554,0.0579277910,0.4382142425
2.9396429062,0.0234900974,0.0182022694,0.0184200350,0.3600133359,0.0465511009,0.4445708692
2.9496400356,0.0201906227,0.0149201099,0.0225726906,0.3686238527,0.0391847976,0.4424414039
2.9597740173,0.0219079517,-0.0000694748,0.0394348428,0.3484077752,0.0325650461,0.4307639003
2.9710788727,0.0267277025,-0.0162328240,0.0465648100,0.3155382574,0.0110352524,0.4275761247
2.9801168442,0.0278982185,-0.0199867245,0.0390369222,0.2857243419,0.0044289483,0.4307658374
2.9908170700,0.0163832568,-0.0151693281,0.0264654104,0.2602096796,-0.0053368635,0.4318292439
3.0005888939,0.0135625256,-0.0201802310,0.0215547029,0.2260532975,-0.0045678755,0.4329007566
3.0108618736,0.0107204570,-0.0352407172,0.0193538610,0.1856456846,-0.0198522899,0.4212235808
3.0206110477,0.0108846677,-0.0475716367,0.0394925997,0.1696486324,-0.0221954044,0.4084830880
3.0302238464,0.0082381619,-0.0541247800,0.0557501242,0.1804200560,-0.0327953175,0.3957334757
3.0400979519,0.0085814847,-0.0488874093,0.0594043657,0.2060196102,-0.0327240117,0.3723675013
3.0504050255,0.0050644530,-0.0444097295,0.0554050729,0.2486712039,-0.0303884223,0.3479364514
3.0602509975,0.0104701770,-0.0475864485,0.0447897837,0.2613957226,-0.0229610633,0.3309488893
3.0701539516,0.0179589055,-0.0479552522,0.0293047968,0.2484665960,-0.0114849703,0.3182163239
3.0804190636,0.0225216411,-0.0523778275,0.0137269432,0.2323148251,0.0020780428,0.3044239879
3.0904960632,0.0270503424,-0.0617912784,0.0058203870,0.1981182396,0.0059476160,0.2927548289
3.1005530357,0.0295147561,-0.0733765438,0.0162138883,0.1681907624,0.0098400256,0.2789615989
3.1104979515,0.0291136764,-0.0852586403,0.0332586095,0.1351609081,0.0030188709,0.2534834146
3.1206929684,0.0297958516,-0.0867530182,0.0550598428,0.1265713871,0.0070424415,0.2311902642
3.1307590008,0.0267482065,-0.0786880031,0.0554383323,0.1499907076,0.0112976404,0.2014560699
3.1408281326,0.0218508504,-0.0716068521,0.0461165234,0.1616210341,0.0196758118,0.1685392857
3.1508951187,0.0238635801,-0.0608591810,0.0308995787,0.1273552179,0.0298421625,0.1462552845
3.1611480713,0.0288325213,-0.0602774993,0.0242496673,0.0546898805,0.0386238694,0.1261058748
3.1712210178,0.0269417427,-0.0672328845,0.0200998131,-0.0628183782,0.0491795726,0.1123375893
3.1812810898,0.0190501474,-0.0798817351,0.0231574718,-0.1750276387,0.0629238859,0.0921982378
3.1912629604,0.0130666150,-0.0923745409,0.0345151946,-0.2721879780,0.0662019700,0.0741739646
3.2013940811,0.0070817722,-0.0889622346,0.0444990918,-0.3223497868,0.0656737983,0.0603831150
3.2114169598,-0.0027167543,-0.0751444474,0.0494774505,-0.3159550130,0.0656258613,0.0444544815
3.2215528488,-0.0055374252,-0.0602199510,0.0536824390,-0.2657925785,0.0649329722,0.0338241421
3.2314569950,-0.0013649807,-0.0420832112,0.0464853570,-0.2027398497,0.0558854155,0.0263710208
3.2416949272,0.0028969303,-0.0294057783,0.0356783792,-0.1642741114,0.0508818701,0.0210492257
3.2516918182,0.0091183437,-0.0290956851,0.0309167448,-0.1343945116,0.0511428565,0.0210417695
3.2617678642,0.0104670180,-0.0354256108,0.0184424464,-0.1195100173,0.0565791018,0.0210399721
3.2716269493,0.0156492852,-0.0357595459,0.0138161713,-0.0992100760,0.0546757393,0.0274046604
3.2819600105,0.0168774389,-0.0299679097,0.0170811359,-0.0586345978,0.0529281050,0.0305794813
3.2919600010,0.0152058853,-0.0171679612,0.0214449707,-0.0106622828,0.0575154051,0.0188898016
3.3021121025,0.0155748976,-0.0012236889,0.0250381175,0.0310414359,0.0493622683,0.0146288769
3.3119909763,0.0160224102,0.0060690884,0.0209556762,0.0544937626,0.0516477898,0.0082532698
3.3221609592,0.0145657910,0.0026662592,0.0052606398,0.0608256683,0.0580366477,0.0029443246
3.3323049545,0.0189469717,-0.0085347649,-0.0065469211,0.0501197614,0.0610918254,-0.0023604259
3.3422880173,0.0321418904,-0.0198273715,-0.0193334278,0.0309650823,0.0555690974,-0.0097894464
3.3521649837,0.0443893336,-0.0263654348,-0.0302358326,0.0107141398,0.0533115342,-0.0034146383
3.3624291420,0.0477788709,-0.0057578143,-0.0374235585,-0.0073692845,0.0479389429,0.0103897899
3.3725638390,0.0432811044,-0.0017305370,-0.0271332916,-0.0041998560,0.0511499122,0.0103905890
3.3825809956,0.0397586487,0.0032327417,-0.0168619212,0.0161122065,0.0481921397,0.0178168807
3.3925440311,0.0382830761,0.0122834984,-0.0190834459,0.0598746017,0.0475063771,0.0167436264
3.4027030468,0.0368542932,0.0226871613,-0.0249335822,0.1132326573,0.0479860827,0.0188541152
3.4128561020,0.0422730707,0.0188893620,-0.0334519222,0.1377989799,0.0460923091,0.0209705308
3.4228370190,0.0476244353,0.0066503230,-0.0320746377,0.1570415795,0.0431545042,0.0326426998
3.4327311516,0.0431415699,-0.0034292396,-0.0267769154,0.1687927842,0.0422237292,0.0368864462
3.4429810047,0.0376894735,-0.0076877233,-0.0214840826,0.1762353033,0.0454916954,0.0400726534
3.4530391693,0.0233749412,-0.0158725139,-0.0162857231,0.1750398129,0.0582074896,0.0390175097
3.4631738663,0.0139488233,-0.0212096330,-0.0160017069,0.1750247329,0.0592060424,0.0294619519
3.4730758667,0.0055409325,-0.0305132028,-0.0108413165,0.1739501506,0.0590997823,0.0145969857
3.4833149910,0.0060101403,-0.0370797589,0.0011258656,0.1579262316,0.0599734336,0.0071679647
3.4933350086,0.0075015081,-0.0408584550,0.0032999450,0.1462171078,0.0566532724,0.0018602848
3.5033731461,0.0021462694,-0.0330392793,0.0063502127,0.1312665939,0.0575482249,-0.0034435338
3.5133509636,-0.0003313169,-0.0126833972,0.0122158462,0.1013912633,0.0573426299,0.0050583417
3.5235140324,-0.0077471482,-0.0061409827,0.0267051999,0.0617824122,0.0685933530,-0.0066065034
3.5336508751,-0.0160800554,-0.0145200547,0.0372002646,0.0287355110,0.0639495999,-0.0235892143
3.5436229706,-0.0125862109,-0.0143460091,0.0447415635,0.0255300775,0.0638590530,-0.0331443734
3.5536229610,-0.0099352347,-0.0160830971,0.0436636135,0.0491954610,0.0449245125,-0.0395306312
3.5637409687,-0.0091390954,-0.0176115390,0.0369210169,0.0824164748,0.0314056389,-0.0416684821
3.5738589764,-0.0092490064,-0.0198613163,0.0352533385,0.1071074456,0.0167382788,-0.0459292717
3.5839240551,-0.0131515013,-0.0240494069,0.0336735174,0.1177886650,0.0157636274,-0.0469943397
3.5938968658,-0.0140471803,-0.0176059958,0.0369794890,0.1168951690,-0.0011802015,-0.0406317823
3.6040248871,-0.0158617832,-0.0063882526,0.0373567268,0.1126347184,-0.0022846810,-0.0416937843
3.6141910553,-0.0205788948,-0.0039787050,0.0279812757,0.0966714770,-0.0066546621,-0.0395683162
3.6241950989,-0.0194433667,-0.0065804180,0.0175867025,0.0763652399,-0.0036633995,-0.0416844599
3.6340808868,-0.0124139534,-0.0151735600,0.0071272785,0.0571643859,-0.0049337270,-0.0480510145
3.6443219185,-0.0034452423,-0.0200177785,0.0053858096,0.0358419418,-0.0072773090,-0.0533552319
3.6543579102,0.0084951175,-0.0230134185,0.0104203755,0.0219911076,-0.0095135653,-0.0522910357
3.6644659042,0.0185013674,-0.0163050052,0.0095956856,0.0220565684,-0.0158445649,-0.0469856188
3.6745109558,0.0148468269,-0.0067678448,0.0106542045,0.0007358333,-0.0181460697,-0.0459195562
3.6845951080,0.0101781143,-0.0022955593,0.0213230792,-0.0344715789,-0.0195065439,-0.0448506922
3.6947059631,0.0045840396,-0.0107648131,0.0250689331,-0.0793000385,-0.0188162550,-0.0416535698
3.7047271729,-0.0029749617,-0.0117294248,0.0267060939,-0.1188334972,-0.0138147045,-0.0352701060
3.7145271301,-0.0124746906,-0.0040988084,0.0243244115,-0.1390034854,-0.0246156864,-0.0373939797
3.7248568535,-0.0190244652,-0.0023133811,0.0210084263,-0.1368037015,-0.0309422929,-0.0342122987
3.7350020409,-0.0158185102,-0.0042607840,0.0158300344,-0.1112437546,-0.0253858715,-0.0299688168
3.7449400425,-0.0097841369,0.0009671095,0.0136960084,-0.0429738536,-0.0215656348,-0.0236125849
3.7549591064,-0.0057357298,0.0144349281,0.0185887162,0.0210219044,-0.0178233609,-0.0236269664
3.7651309967,0.0070315851,0.0341345593,0.0187579338,0.0604396164,-0.0099406699,-0.0066442541
3.7751588821,0.0128388656,0.0356308445,0.0092793042,0.0806037411,0.0019836337,0.0050363704
3.7852590084,0.0136813773,0.0294151548,-0.0041294759,0.0688024983,0.0083036479,0.0135357827
3.7952108383,0.0066862954,0.0288705770,-0.0147563284,0.0495116264,0.0166585166,0.0188538488
3.8054130077,0.0025947348,0.0194391850,-0.0264510568,0.0238397419,0.0228139479,0.0209877733
3.8155498505,0.0062865270,0.0099333171,-0.0342614129,0.0238205679,0.0249636509,0.0252360478
3.8255381584,0.0178542398,0.0043930653,-0.0498029664,0.0474024601,0.0146018909,0.0315940119
3.8355131149,0.0314238332,0.0010048095,-0.0758949593,0.1019256189,0.0055767037,0.0390082523
3.8456969261,0.0469329618,0.0048392657,-0.0930093005,0.1681135297,0.0040878640,0.0474852249
3.8557410240,0.0662473068,0.0151469950,-0.0903790668,0.2225578725,0.0036337951,0.0676453561
3.8658509254,0.0727890953,0.0182998423,-0.0816581324,0.2759265006,0.0042235521,0.0867454186
3.8758540154,0.0723859891,0.0111923758,-0.0640079454,0.3132163584,0.0109712034,0.0952337086
3.8859670162,0.0660734996,0.0072417501,-0.0579900220,0.3280969262,0.0175016075,0.1005429178
3.8960199356,0.0616815351,0.0081856195,-0.0559017137,0.3258971572,0.0238282122,0.0973612368
3.9061379433,0.0582075976,0.0062116031,-0.0470450595,0.3077327907,0.0257995501,0.0984277725
3.9160599709,0.0468645357,0.0089679305,-0.0334926918,0.2756028175,0.0372048058,0.1005652249
3.9262859821,0.0305477045,0.0104613248,-0.0230829772,0.2285850048,0.0431252122,0.0952719897
3.9362699986,0.0180890225,0.0086652879,-0.0109646982,0.1953607351,0.0565669835,0.0857309476
3.9464111328,0.0143905533,0.0095792357,0.0029883916,0.1772402972,0.0542867184,0.0857342109
3.9563298225,0.0097196950,0.0123794917,0.0139837796,0.1751161516,0.0532001480,0.0846724063
3.9664468765,0.0002072111,0.0112678055,0.0162138287,0.1868388653,0.0543228053,0.0782985315
3.9767169952,0.0014766111,0.0092356447,0.0146413976,0.1964536756,0.0533456914,0.0782956034
3.9866518974,0.0047049774,0.0063049737,0.0121172601,0.2028266937,0.0565909520,0.0793580040
3.9965920448,0.0099234236,-0.0044477042,0.0115668112,0.1859140247,0.0405475385,0.0825396851
4.0067510605,0.0200615190,-0.0124162789,0.0285422746,0.1464746445,0.0359864756,0.0867944807
4.0168151855,0.0214675330,-0.0149225350,0.0365506336,0.0942620337,0.0281304158,0.0910510123
4.0268950462,0.0160088204,-0.0158551987,0.0433770940,0.0473106354,0.0277621672,0.0974332169
4.0366959572,0.0066595329,0.0041529778,0.0460469052,-0.0220287591,0.0250689127,0.1027584746
4.0470418930,-0.0085700499,0.0071479324,0.0514037535,-0.0882073790,0.0255114641,0.0964037031
4.0572118759,-0.0178844668,-0.0039899405,0.0488150641,-0.1500848532,0.0227795932,0.0858000591
4.0672130585,-0.0193020441,-0.0183950718,0.0422391221,-0.1820663661,0.0204593800,0.0985502750
4.0771417618,-0.0159148313,-0.0112700816,0.0317197964,-0.1617642939,0.0185837150,0.1091621742
4.0873680115,-0.0125956284,0.0029633883,0.0173844043,-0.1147575825,0.0136960167,0.1102093235
4.0973672867,-0.0043880688,0.0079057459,0.0130330855,-0.0581544898,0.0099806404,0.1155020893
4.1075010300,0.0067365421,0.0066176895,0.0206726734,0.0123807183,0.0011219013,0.1271606237
4.1174488068,0.0149704469,0.0116888229,0.0276022498,0.0850013942,-0.0023151741,0.1536854357
4.1276049614,0.0085307015,0.0172899906,0.0308400933,0.1362624168,-0.0060535204,0.1621620804
4.1376290321,-0.0018176184,0.0202438477,0.0400544330,0.1511905193,-0.0048758704,0.1600352824
4.1477808952,-0.0052636014,0.0134495739,0.0395919010,0.1234942153,-0.0093929907,0.1557959169
4.1576790810,-0.0106245028,0.0005798283,0.0429358408,0.0925906301,-0.0139003899,0.1568633169
4.1679048538,-0.0169067718,-0.0096083041,0.0481714532,0.0617028065,-0.0204922464,0.1632357240
4.1779050827,-0.0310208537,-0.0102510210,0.0542339608,0.0371796228,-0.0228355620,0.1621789932
4.1880431175,-0.0481182076,-0.0042445716,0.0621048734,0.0157270338,-0.0113250474,0.1664391756
4.1979470253,-0.0614167191,0.0045018736,0.0678555891,-0.0110566430,-0.0009341920,0.1685747653
4.2081770897,-0.0610304810,0.0121750776,0.0628667995,-0.0078723282,0.0012782954,0.1781310588
4.2182207108,-0.0586482026,0.0189570133,0.0482056066,0.0082528461,-0.0102390777,0.1802448034
4.2282857895,-0.0561988093,0.0220316295,0.0356309935,0.0264713448,-0.0174445920,0.1897920370
4.2382140160,-0.0488455035,0.0194354896,0.0231979433,0.0308304057,-0.0258260928,0.2004047483
4.2484488487,-0.0414911248,0.0111861471,0.0176629964,0.0309911296,-0.0405419879,0.2216336578
4.2584300041,-0.0400207378,0.0001354161,0.0326393768,0.0193107706,-0.0458872207,0.2311901450
4.2685251236,-0.0384937264,-0.0052603837,0.0446389243,-0.0222428553,-0.0525955893,0.2343823463
4.2784800529,-0.0359175541,0.0132794026,0.0476764962,-0.0819594488,-0.0561620966,0.2556317151
4.2886838913,-0.0382770635,0.0324887857,0.0339651629,-0.1172743440,-0.0458051935,0.2641411722
4.2987771034,-0.0485394932,0.0339441523,0.0181435887,-0.1547612697,-0.0323245376,0.2662810385
4.3087997437,-0.0480795838,0.0332879052,0.0119953686,-0.1771590412,-0.0335746258,0.2673481703
4.3189139366,-0.0427393056,0.0180241112,0.0010049875,-0.1675309092,-0.0355781205,0.2726536989
4.3289642334,-0.0315639712,0.0010684375,-0.0079328483,-0.1301982850,-0.0330674276,0.2822015285
4.3389110565,-0.0165900327,0.0088613275,-0.0051118797,-0.0630645305,-0.0229242463,0.2832513452
4.3489427567,0.0042150272,0.0231309179,-0.0020394390,0.0308806077,-0.0252108350,0.2949061394
4.3589811325,0.0288691185,0.0371387228,0.0100821787,0.1130921245,-0.0275376402,0.3161200583
4.3693838120,0.0437721871,0.0389945135,0.0185286347,0.1472719014,-0.0292441268,0.3341616094
4.3792848587,0.0459913276,0.0272961501,0.0133672291,0.1407524794,-0.0176220909,0.3352308571
4.3893408775,0.0364572071,0.0085484926,-0.0007330840,0.1000465751,-0.0031414866,0.3320614994
4.3992409706,0.0356189273,-0.0163667556,-0.0091926521,0.0294781327,0.0100432914,0.3331478238
4.4094948769,0.0396046899,-0.0367986038,-0.0129914945,-0.0334139876,0.0031541595,0.3374083936
4.4195470810,0.0425955914,-0.0488425866,-0.0130797094,-0.0632733554,0.0007573145,0.3352911770
4.4296159744,0.0494857095,-0.0415394083,-0.0083779758,-0.0684770048,-0.0119872428,0.3405956626
4.4396619797,0.0534267686,-0.0234855171,-0.0027527278,-0.0438116044,-0.0233885013,0.3490780890
4.4497728348,0.0485207699,-0.0022237059,-0.0029139584,-0.0032704659,-0.0219167061,0.3575617373
4.4598059654,0.0367251895,0.0087632183,-0.0107543534,0.0361440517,-0.0140755596,0.3681736290
4.4698467255,0.0288032554,-0.0002571997,-0.0174337681,0.0723142773,-0.0020894047,0.3681722581
4.4798059464,0.0276820324,-0.0118916985,-0.0308300909,0.0935599133,0.0076321987,0.3660480976
4.4900050163,0.0284675620,-0.0107324477,-0.0442770198,0.0998980030,0.0140615348,0.3671110272
4.5001039505,0.0262455605,0.0041466597,-0.0450875238,0.0946097597,0.0098332344,0.3766664565
4.5101528168,0.0181049369,0.0053935293,-0.0245277341,0.0700476915,0.0117824022,0.3830444515
4.5201129913,0.0118833436,-0.0071461257,0.0008526976,0.0455149189,0.0105139380,0.3841118515
4.5303058624,0.0047831191,-0.0141374227,0.0164193455,0.0327386409,0.0071915789,0.3798660338
4.5403819084,-0.0031521067,-0.0057472941,0.0105345184,0.0433529355,0.0125413369,0.3724334240
4.5504398346,0.0055749668,0.0057661179,-0.0068988865,0.0839465111,0.0086799525,0.3766676486
4.5603752136,0.0143918050,0.0059307460,-0.0241433438,0.1170908809,0.0025959611,0.3755944073
4.5705747604,0.0133760823,0.0024770144,-0.0286621507,0.1340937018,0.0102278478,0.3840879202
4.5806102753,0.0084119095,-0.0008886811,-0.0244430955,0.1351091713,0.0155629590,0.3872757256
4.5907111168,0.0033703104,-0.0052398201,-0.0144773191,0.1264919788,0.0240172967,0.3936536312
4.6006250381,-0.0017706499,0.0030452851,-0.0085237687,0.1147029549,0.0292544030,0.3989682198
4.6107859612,-0.0099291550,0.0083724204,-0.0066121286,0.1113156378,0.0472652279,0.3989763558
4.6209139824,-0.0131798135,0.0077631865,-0.0134573644,0.1134498939,0.0472838692,0.3989758193
4.6309838295,-0.0046556341,0.0042259339,-0.0183095392,0.1198832616,0.0441217013,0.3936640620
4.6408462524,0.0049688471,0.0016971622,-0.0260000881,0.1189114749,0.0345564261,0.3925977349
4.6510782242,0.0067749871,0.0031401161,-0.0200305637,0.1306971312,0.0304204021,0.3936559558
4.6611781120,0.0076852692,0.0018904302,-0.0080655878,0.1607525051,0.0137745794,0.4042580128
4.6712532043,0.0135842217,0.0096711610,0.0050147111,0.1950420886,0.0003285457,0.4116749167
4.6811599731,0.0097668422,0.0186412428,0.0201142374,0.2185604572,-0.0037242528,0.4095433056
4.6914329529,0.0070454134,0.0140098277,0.0265681688,0.2218265533,-0.0100768246,0.4074163735
4.7014217377,0.0083090318,0.0122742299,0.0164706651,0.2270663232,-0.0004811883,0.4074198306
4.7115669250,0.0075360192,0.0018234644,0.0014146501,0.2290579826,0.0132892858,0.4010550976
4.7214808464,0.0184482597,-0.0047599878,-0.0088056987,0.2215875536,0.0132171139,0.3999951482
4.7316932678,0.0233961605,-0.0036234315,-0.0182192978,0.2032353878,0.0343206674,0.4063807130
4.7417211533,0.0164404176,-0.0074940678,-0.0259275492,0.1774341464,0.0532157943,0.4095821083
4.7518281937,0.0132246865,-0.0085954722,-0.0270277914,0.1485023350,0.0657642782,0.4202148616
4.7617282867,0.0118806018,-0.0098778512,-0.0272764023,0.1260201931,0.0730232522,0.4244713783
4.7719678879,0.0084827198,-0.0151312854,-0.0286252555,0.1141612157,0.0846000835,0.4255405664
4.7819600105,0.0120008839,-0.0203000214,-0.0221039709,0.1356550604,0.0699601546,0.4297749996
4.7921061516,0.0254266523,-0.0211999174,-0.0085193580,0.1764686704,0.0449046679,0.4382475317
4.8020110130,0.0311984085,-0.0012686905,-0.0055144494,0.2341942787,0.0359212942,0.4477845728
4.8122329712,0.0311135314,0.0133689735,0.0044521624,0.3003568351,0.0365416780,0.4541379511
4.8222322464,0.0311284326,0.0128540043,0.0057884986,0.3398731053,0.0337104723,0.4551883042
4.8323717117,0.0370162986,0.0047634337,0.0042601759,0.3504699469,0.0412448868,0.4573126137
4.8422808647,0.0340643190,0.0044351909,-0.0022695726,0.3375371099,0.0538720004,0.4583840072
4.8525071144,0.0300404690,0.0029902402,-0.0118902987,0.3117879331,0.0674340799,0.4573358595
4.8625097275,0.0288628601,0.0023526940,-0.0138560003,0.2775327563,0.0777389184,0.4562879205
4.8725709915,0.0217297338,-0.0034264978,-0.0121044582,0.2315887809,0.0826161578,0.4520540833
4.8825430870,0.0243814252,-0.0232327934,-0.0133286780,0.1867747158,0.0822939202,0.4626832902
4.8927059174,0.0241564773,-0.0316363797,-0.0194923338,0.1516511887,0.0735528916,0.4711830318
4.9028429985,0.0180898570,-0.0255094077,-0.0159613546,0.1452963501,0.0693221986,0.4818005264
4.9128532410,0.0130250705,-0.0172936525,-0.0065538352,0.1614283919,0.0578592829,0.4924096167
4.9228968620,0.0119772805,0.0058499370,0.0019974047,0.2084763348,0.0498990938,0.5104442835
4.9329881668,0.0061441911,0.0245747361,-0.0000709956,0.2640559077,0.0419656038,0.5210436583
4.9431247711,0.0082411421,0.0253202710,0.0000192458,0.3132119775,0.0360837467,0.5295225978
4.9531111717,0.0133001460,0.0186978225,-0.0037344163,0.3580707610,0.0333962850,0.5454366207
4.9630928040,0.0105843795,0.0193251763,-0.0113640493,0.3869003057,0.0326700397,0.5581704974
4.9732499123,0.0078257574,0.0143468473,-0.0044101542,0.3836302161,0.0401381403,0.5687932968
4.9834537506,0.0089705242,0.0181043688,0.0014869506,0.3686558008,0.0443555228,0.5847262144
4.9933829308,0.0022561208,0.0198649708,0.0111599499,0.3578707874,0.0559534617,0.5879207850
5.0033702850,0.0013997807,0.0253430102,0.0139372880,0.3546374440,0.0591085069,0.5879231691
5.0135388374,0.0084584011,0.0346512124,0.0186724607,0.3589379489,0.0560054556,0.5942901969
5.0235748291,0.0126731647,0.0284616444,0.0176384989,0.3580348790,0.0401364788,0.6027768850
5.0336847305,0.0111266626,0.0116246287,0.0117769772,0.3495359123,0.0369336307,0.6112725139
5.0436229706,0.0057565821,-0.0051855054,0.0156846587,0.3400430679,0.0263020229,0.6208257675
5.0538167953,0.0014463320,-0.0180781689,0.0215666834,0.3272622824,0.0241451953,0.6325068474
5.0638260841,-0.0028456792,-0.0202060249,0.0234744493,0.3401685059,0.0147703355,0.6420550942
5.0739369392,-0.0001382575,-0.0231003072,0.0264910404,0.3648370504,0.0033750688,0.6516003013
5.0839157104,0.0085674776,-0.0199086573,0.0236946288,0.3990938067,-0.0069089942,0.6558336616
5.0940837860,0.0134372367,-0.0126458462,0.0199056808,0.4076556861,-0.0089078955,0.6632630229
5.1041150093,0.0163588189,-0.0014911052,0.0131197507,0.3979343474,0.0026792516,0.6632712483
5.1142621040,0.0192610882,0.0018797312,0.0111240083,0.3637252748,0.0088028572,0.6717768908
5.1241850853,0.0201882981,0.0030510966,0.0129743153,0.3135478795,0.0104729254,0.6696668863
5.1344051361,0.0172456168,-0.0057758000,0.0187055413,0.2740343511,0.0133173820,0.6707407236
5.1443881989,0.0133403791,-0.0138367470,0.0243946854,0.2601696551,0.0121005839,0.6654346585
5.1545248032,0.0104986681,-0.0171155538,0.0213074032,0.2698164880,0.0079262117,0.6633069515
5.1644358635,0.0086613549,-0.0231609400,0.0133278901,0.3017781377,0.0135247083,0.6654252410
5.1747760773,0.0069209589,-0.0289514419,0.0014288957,0.3371234536,0.0011492654,0.6728421450
5.1848068237,0.0081876768,-0.0256292876,0.0031688744,0.3873029947,-0.0004931060,0.6791993380
5.1947350502,0.0085582389,-0.0384763405,-0.0028688377,0.4418070614,-0.0085325241,0.6749333739
5.2074379921,0.0099842800,-0.0626844987,-0.0001173084,0.4674266577,-0.0093975179,0.6706792116
5.2149839401,0.0133831156,-0.0741904005,0.0073985988,0.4619940817,0.0000412571,0.6611304879
5.2251019478,0.0118057979,-0.0703607574,0.0176461283,0.4351161420,0.0188024286,0.6452196836
5.2348361015,0.0111250533,-0.0737114921,0.0258595292,0.3933049440,0.0363166407,0.6208177209
5.2448129654,0.0133819235,-0.0746715143,0.0243084971,0.3388638198,0.0368122570,0.6070284247
5.2554440498,0.0087761534,-0.0644956753,0.0246512238,0.2875081301,0.0478282869,0.5751928091
5.2653498650,0.0011952772,-0.0636584982,0.0152171189,0.2351010889,0.0578361787,0.5529133677
5.2750768661,0.0023853437,-0.0623264983,0.0097336108,0.1892134249,0.0562434085,0.5327494144
5.2850837708,0.0006129995,-0.0563740209,0.0149515206,0.1657738686,0.0517250896,0.5221351385
5.2952508926,-0.0059564458,-0.0476236418,0.0123898918,0.1647924185,0.0432560407,0.5263777375
5.3054938316,-0.0065666186,-0.0318926200,0.0108529860,0.1894801855,0.0297466218,0.5369827151
5.3155841827,-0.0129155861,-0.0168625172,0.0102867419,0.2205702960,0.0162577108,0.5422779322
5.3253469467,-0.0152722942,-0.0004701224,0.0165455285,0.2729288340,0.0104176654,0.5528796911
5.3357539177,-0.0185112096,0.0114536379,0.0071465308,0.3443619907,0.0174083970,0.5528648496
5.3457560539,-0.0188110806,0.0181125943,0.0044206912,0.4318468273,0.0203155018,0.5560294390
5.3558411598,-0.0112172114,0.0323423967,0.0074168378,0.5301578045,0.0085308822,0.5698021650
5.3658528328,-0.0044541107,0.0520430729,0.0142214233,0.6028242707,-0.0015076373,0.5602225065
5.3759751320,-0.0025511130,0.0419247970,0.0189977232,0.6390794516,0.0020190538,0.5644631386
5.3861460686,-0.0035277351,0.0269472692,0.0207745973,0.6369078755,0.0051141796,0.5538472533
5.3962359428,-0.0094057070,0.0058819298,0.0166504923,0.6111609340,0.0175400227,0.5411178470
5.4060511589,-0.0143968211,-0.0116772708,0.0222166125,0.5694310665,0.0277172923,0.5305154920
5.4162259102,-0.0154474126,-0.0199468639,0.0180627648,0.5277786851,0.0304807220,0.5220337510
5.4263710976,-0.0185076930,-0.0286011603,0.0285696927,0.4839678109,0.0353343338,0.5114293098
5.4363651276,-0.0187056996,-0.0386060849,0.0390648171,0.4475779235,0.0444923453,0.4997612834
5.4463200569,-0.0188835599,-0.0431596413,0.0388534591,0.4187744856,0.0431589000,0.4965825379
5.4564971924,-0.0160884000,-0.0371749774,0.0328159854,0.4049686193,0.0366493352,0.4933989942
5.4665937424,-0.0161111690,-0.0332345441,0.0151044065,0.3943894804,0.0269586258,0.4859642386
5.4766278267,-0.0170368291,-0.0429752842,0.0053176219,0.3710182905,0.0161296129,0.4838412404
5.4866681099,-0.0129880654,-0.0626318231,0.0073827440,0.3166362643,0.0113963764,0.4817290604
5.4967832565,-0.0118891345,-0.0797932819,0.0134515101,0.2685738206,0.0140637988,0.4668766558
5.5068731308,-0.0059423195,-0.0904135481,0.0185635630,0.2579163909,0.0117516425,0.4520130157
5.5168867111,-0.0048576342,-0.0690283552,0.0235781614,0.2642721534,0.0159820076,0.4413958490
5.5268759727,-0.0107244598,-0.0505130067,0.0225620214,0.2908028364,0.0298903659,0.4233454764
5.5370378494,-0.0098885046,-0.0417729989,0.0204662625,0.2937966883,0.0500009581,0.4116752446
5.5471930504,0.0007298842,-0.0185146984,0.0144274766,0.2991429865,0.0489865616,0.4116733670
5.5571908951,0.0084724678,0.0039074365,0.0073779160,0.3226220310,0.0492050759,0.4137915075
5.5671472549,0.0054186238,0.0119266156,0.0021331841,0.3332256675,0.0556158349,0.4063594341
5.5773029327,0.0042359484,0.0034388248,0.0114793116,0.3075679243,0.0595735572,0.3968119919
5.5873928070,0.0010250463,-0.0024515148,0.0169380251,0.2626877725,0.0643901527,0.3819606006
5.5975131989,-0.0041416632,-0.0068913456,0.0127659375,0.2210964262,0.0608170554,0.3777210712
5.6074151993,-0.0033882603,-0.0126415845,0.0068510110,0.1891880333,0.0499135405,0.3756001294
5.6176500320,-0.0015222178,-0.0176217910,0.0109084183,0.1712926924,0.0253303684,0.3724078536
5.6276421547,-0.0064439522,-0.0402744785,0.0160742346,0.1809490472,0.0188959055,0.3490425944
5.6377720833,-0.0153200971,-0.0805983320,0.0252185408,0.1864042878,0.0061209211,0.3352309763
5.6475501060,-0.0201812126,-0.0869472995,0.0382959768,0.1907537580,-0.0023852151,0.3267312348
5.6578869820,-0.0221120454,-0.0738349333,0.0493397042,0.2024865001,-0.0023589164,0.3150485754
5.6679091454,-0.0142220603,-0.0528515652,0.0476661846,0.2389046997,-0.0158696659,0.3097235858
5.6779818535,-0.0051930295,-0.0356176272,0.0304059330,0.2646222711,-0.0273914319,0.2980297804
5.6880350113,-0.0117909657,-0.0194077548,0.0111759240,0.2485892326,-0.0254715588,0.2884786129
5.6981172562,-0.0175341703,-0.0219120737,-0.0089984601,0.2089983821,-0.0153058078,0.2736310065
5.7081871033,-0.0224327184,-0.0246875938,-0.0125571555,0.1661880612,-0.0041114762,0.2577204704
5.7182860374,-0.0176336505,-0.0071078893,-0.0103290146,0.1693357676,0.0000861981,0.2460401207
5.7282299995,-0.0079895006,0.0095875803,-0.0062230295,0.2024417818,-0.0028978740,0.2322268337
5.7384591103,-0.0032463416,0.0079125408,-0.0090056723,0.2238805294,-0.0122890454,0.2279703915
5.7484631538,-0.0013760672,-0.0024599191,0.0028961236,0.2240765393,-0.0313317105,0.2364552170
5.7585759163,-0.0033366426,-0.0303907748,0.0198183600,0.2219723761,-0.0345326997,0.2364534885
5.7685050964,-0.0150021659,-0.0468076542,0.0289931241,0.2230464369,-0.0356328525,0.2290200740
5.7787270546,-0.0246895291,-0.0418069437,0.0312656686,0.2528386116,-0.0269399583,0.2205231786
5.7887759209,-0.0275621749,-0.0269258674,0.0196888987,0.2921625674,-0.0106800301,0.2205213159
5.7988119125,-0.0168313719,-0.0254703816,0.0030966336,0.3262460232,-0.0040225936,0.2194541395
5.8089342117,-0.0051999437,-0.0219600257,-0.0048556989,0.3261746764,0.0034459755,0.2258286774
5.8189740181,0.0004968896,-0.0107914265,-0.0059737628,0.2919981182,0.0051868837,0.2130963653
5.8290400505,-0.0017364369,-0.0086698588,-0.0061130589,0.2598388493,0.0186102800,0.1993078440
5.8390779495,-0.0090034353,-0.0067071375,-0.0131667918,0.2436856627,0.0321524553,0.1823302060
5.8489899635,-0.0154242264,-0.0106948074,-0.0134309595,0.2318748087,0.0383051559,0.1653474867
5.8592138290,-0.0160951950,-0.0216694828,-0.0019174282,0.2094368488,0.0401485302,0.1526123136
5.8692922592,-0.0128091322,-0.0348699763,0.0098040635,0.1839173734,0.0303204004,0.1441194862
5.8793568611,-0.0075337039,-0.0511561111,0.0275362078,0.1797956973,0.0153943142,0.1388042271
5.8893070221,-0.0011745439,-0.0693594590,0.0394738242,0.2087381333,0.0029416394,0.1430378407
5.8994431496,-0.0054031359,-0.0621240214,0.0259132925,0.2579946220,-0.0135978553,0.1440780163
5.9095668793,-0.0164372660,-0.0380163267,0.0111457640,0.3112668991,-0.0046299272,0.1461925656
5.9196228981,-0.0167497732,-0.0213597473,-0.0038128560,0.3463409245,0.0106000258,0.1568101943
5.9295768738,-0.0063222991,-0.0180322584,-0.0101126498,0.3633238971,0.0203605089,0.1663669497
5.9397759438,0.0010871544,-0.0135784205,-0.0156376418,0.3706354201,0.0363616496,0.1695584059
5.9498147964,-0.0023752793,-0.0051018056,-0.0273049530,0.4035646021,0.0514700301,0.1642486006
5.9598650932,-0.0079421746,0.0064125601,-0.0392554477,0.3915974498,0.0736076906,0.1578912288
5.9698677063,-0.0117375599,0.0158143286,-0.0414733365,0.3445761502,0.0795151144,0.1504735202
5.9800052643,-0.0117186056,0.0014184657,-0.0395326093,0.2771008611,0.1032958031,0.1451940686
5.9902620316,-0.0098250853,-0.0222207960,-0.0353882387,0.2311274856,0.1113622561,0.1420243829
6.0001468658,-0.0040938007,-0.0285263713,-0.0106707877,0.2279250771,0.1113133207,0.1388399750
6.0102128983,-0.0022741898,-0.0212986823,0.0169545952,0.2226927578,0.1006151363,0.1324651688
6.0202817917,-0.0043143975,-0.0150644239,0.0505004451,0.2238770723,0.0889534205,0.1324590445
6.0303802490,-0.0023438081,-0.0282836016,0.0832219645,0.2239862531,0.0783780068,0.1377627254
6.0404391289,-0.0011570797,-0.0309198853,0.0868123099,0.2251713872,0.0667444542,0.1420033425
6.0503978729,-0.0017675505,-0.0209645387,0.0709471032,0.2391915917,0.0519908071,0.1388070136
6.0605850220,-0.0032434210,-0.0187211093,0.0463791415,0.2329354286,0.0381602794,0.1419894397
6.0706610680,-0.0066134678,-0.0135049876,0.0423378274,0.2063269913,0.0316374004,0.1536727250
6.0807209015,-0.0080066668,-0.0064794775,0.0335026309,0.1817748845,0.0314116962,0.1515527070
6.0906548500,-0.0095014917,-0.0014718529,0.0226800982,0.1860103756,0.0346181430,0.1494296342
6.1008558273,-0.0090608941,0.0056122188,0.0156328026,0.2074385732,0.0263092797,0.1483585685
6.1108961105,-0.0174227692,0.0070055369,0.0074848467,0.2192600667,0.0178960878,0.1441041678
6.1209917068,-0.0258096196,-0.0080776270,0.0071182782,0.2213505507,0.0221235901,0.1387972981
6.1309137344,-0.0312913395,-0.0281120893,0.0068333680,0.2127911448,0.0241571795,0.1366768926
6.1411271095,-0.0308043696,-0.0297181066,0.0154344374,0.2065918744,0.0039489134,0.1377303600
6.1511678696,-0.0253772475,-0.0303141829,0.0426771566,0.2098470628,-0.0013212159,0.1387887001
6.1612591743,-0.0227793790,-0.0407448485,0.0544256493,0.1961006373,-0.0141525259,0.1419700533
6.1711072922,-0.0210624672,-0.0318267420,0.0594473407,0.1950942278,-0.0205694139,0.1355963051
6.1814308167,-0.0213145353,-0.0279370006,0.0518513247,0.1822404265,-0.0165206082,0.1228602827
6.1914339066,-0.0117788659,-0.0271408316,0.0405032560,0.1598834544,-0.0220282935,0.1218014061
6.2015700340,-0.0051612603,-0.0284172054,0.0312011782,0.1309854686,-0.0138131725,0.1186279133
6.2114648819,-0.0074189650,-0.0240660962,0.0121723944,0.1052316427,-0.0002992279,0.1101468131
6.2217140198,-0.0088430392,-0.0208479520,-0.0039578145,0.0933354050,0.0143842436,0.0995379761
6.2317118645,-0.0025433048,-0.0176857468,-0.0191457924,0.0837317854,0.0143072791,0.1006021723
6.2418398857,0.0037157789,-0.0124800559,-0.0187874492,0.0933192968,0.0165115111,0.1006025076
6.2517719269,0.0011229768,-0.0110368486,-0.0137047237,0.1221216545,0.0178311076,0.1016576514
6.2619628906,-0.0034366592,-0.0094102379,-0.0087805456,0.1551259309,0.0255691875,0.1048372015
6.2719640732,-0.0060805427,-0.0046577808,-0.0030900901,0.1881643087,0.0301021542,0.1048310772
6.2820329666,-0.0097146975,-0.0055478867,0.0092914635,0.2052333504,0.0313529745,0.1111990213
6.2918367386,-0.0044570314,-0.0161369797,0.0139444405,0.2041912526,0.0292701144,0.1186308414
6.3021759987,0.0058368100,-0.0179825779,0.0118947560,0.2043769211,0.0113025662,0.1292395443
6.3123111725,0.0074676527,-0.0187845584,0.0167550389,0.1948345602,0.0060244482,0.1462281197
6.3222980499,0.0062378300,-0.0186689254,0.0177771989,0.1809000075,0.0123183634,0.1536667794
6.3322839737,0.0069394959,-0.0127402600,0.0129092271,0.1797748208,0.0187512282,0.1653500646
6.3424339294,0.0126242889,0.0059035663,0.0060555274,0.1926501989,0.0125091784,0.1674690247
6.3525791168,0.0124552501,0.0158832911,0.0011281307,0.1980188638,0.0093866223,0.1695896983
6.3625812531,0.0073894514,0.0103038196,-0.0087084835,0.2001060098,0.0136081986,0.1632200032
6.3725600243,0.0091048731,-0.0118031856,-0.0185361560,0.1990266293,0.0146391084,0.1600354016
6.3827071190,0.0146801127,-0.0290134307,-0.0147485202,0.2022928596,0.0083007179,0.1600317508
6.3928518295,0.0134606613,-0.0345129147,-0.0051353043,0.2001516819,0.0093915490,0.1674654335
6.4028420448,0.0053507341,-0.0332123414,0.0112346942,0.1872357577,0.0198768806,0.1653493494
6.4128360748,0.0030724064,-0.0329496041,0.0315523669,0.1840056032,0.0230734721,0.1717225611
6.4230198860,0.0047627939,-0.0229896065,0.0411736295,0.1990652084,0.0115248738,0.1706523001
6.4330449104,-0.0003811464,-0.0120354053,0.0419107005,0.2342415750,0.0149254641,0.1568416804
6.4431929588,-0.0016556726,-0.0184794422,0.0249482933,0.2662037313,0.0193954483,0.1483396590
6.4530930519,0.0029629127,-0.0238734838,0.0020707780,0.2673214376,0.0140651306,0.1430277228
6.4633188248,0.0027365938,-0.0254040118,-0.0139539307,0.2363905758,0.0127888769,0.1515296698
6.4733142853,0.0024293915,-0.0260618087,-0.0084113544,0.2021891922,0.0177956205,0.1515408605
6.4834508896,-0.0007822260,-0.0161508676,-0.0008177226,0.1819436252,0.0155432513,0.1589791924
6.4933700562,-0.0049430477,0.0034756307,0.0047979290,0.1808445454,0.0187169407,0.1589810699
6.5035858154,-0.0091293203,-0.0021633860,0.0075206691,0.1862304360,0.0134667177,0.1600376070
6.5135812759,-0.0133177387,-0.0048779007,0.0239068810,0.1691499799,0.0144339781,0.1685368121
6.5236558914,-0.0184207894,-0.0115938541,0.0443988368,0.1435786039,0.0099459533,0.1653552055
6.5336298943,-0.0235413052,-0.0214344021,0.0650578067,0.1222738475,0.0054532001,0.1558021903
6.5437579155,-0.0265974738,-0.0198022481,0.0653675124,0.1137604192,0.0032415779,0.1536808312
6.5539231300,-0.0306976773,-0.0066501852,0.0539821312,0.1147737503,0.0073495042,0.1313848495
6.5638871193,-0.0300197937,-0.0120555516,0.0386959836,0.1243454143,0.0094597926,0.1165169626
6.5738959312,-0.0225627162,-0.0155383702,0.0263203923,0.1318568587,0.0052671782,0.1143893600
6.5840678215,-0.0190391280,-0.0121480580,0.0167615358,0.1510396302,0.0074944464,0.1048296168
6.5941848755,-0.0214891173,-0.0115982052,0.0109014446,0.1637365222,0.0181886367,0.1005845368
6.6041989326,-0.0210778452,-0.0050793048,0.0097293193,0.1860820204,0.0247291587,0.0973971933
6.6141710281,-0.0197615363,-0.0101040956,0.0084120566,0.1935593784,0.0236918572,0.0910239816
6.6243438721,-0.0125677930,-0.0170996543,0.0169478599,0.1819569468,0.0097687198,0.0867726430
6.6344718933,-0.0043278681,-0.0310602542,0.0217800681,0.1617118567,0.0063878363,0.0835907012
6.6444711685,0.0049855961,-0.0403204337,0.0200021807,0.1427797377,-0.0213586409,0.0846429840
6.6543979645,0.0095207943,-0.0399020091,0.0330316350,0.1375506222,-0.0320152789,0.0846389905
6.6646432877,0.0112002743,-0.0521473661,0.0403183624,0.1334241033,-0.0457899459,0.0931272805
6.6747078896,0.0091381921,-0.0400822535,0.0457075164,0.1303947568,-0.0627731979,0.0963049680
6.6846928596,0.0012883797,-0.0280440804,0.0433494374,0.1378778219,-0.0637911856,0.0931186303
6.6947250366,0.0042203320,-0.0286215302,0.0283433739,0.1411047578,-0.0658298358,0.1016111821
6.7048969269,0.0052394522,-0.0155734178,0.0054548318,0.1442198455,-0.0573205724,0.1005526409
6.7149467468,-0.0045917975,-0.0053686853,-0.0195896681,0.1515214294,-0.0402515717,0.1048065126
6.7250852585,-0.0115929591,0.0000640992,-0.0271832403,0.1428473741,-0.0264767036,0.1133089811
6.7350649834,-0.0177246667,0.0035361890,-0.0221127924,0.1138458177,-0.0075956900,0.1186347753
6.7452182770,-0.0240058638,0.0001140479,-0.0053477352,0.0954563767,0.0166216306,0.1144039407
6.7552151680,-0.0235821344,-0.0082501527,0.0074759061,0.1038858145,0.0272923857,0.1122835279
6.7653522491,-0.0172782280,-0.0078060385,0.0124059254,0.1284605116,0.0243028551,0.1090905368
6.7753190994,-0.0109325396,-0.0092873331,0.0163691584,0.1264817715,0.0083137676,0.1005886570
6.7854900360,-0.0016213403,-0.0255030748,0.0303574745,0.0988452509,-0.0025536602,0.0984678492
6.7955288887,0.0068373336,-0.0516008511,0.0388064906,0.0883449391,-0.0196160004,0.0995237976
6.8056221008,-0.0012328372,-0.0563391224,0.0472398326,0.1023105532,-0.0290570408,0.0973912627
6.8155260086,-0.0191669203,-0.0386351123,0.0505183265,0.1415508986,-0.0054877978,0.0793424919
6.8257579803,-0.0303945281,-0.0218197461,0.0418170020,0.1617589146,0.0009996624,0.0708464757
6.8357558250,-0.0280173756,-0.0204895493,0.0281371418,0.1755341142,0.0106490934,0.0676624030
6.8459048271,-0.0227754451,-0.0219815131,0.0152956778,0.1935782284,0.0203285515,0.0634157956
6.8558030128,-0.0225248672,-0.0088755246,-0.0006985133,0.2084051222,0.0309859905,0.0506757610
6.8660140038,-0.0204875208,-0.0073892232,-0.0099991029,0.2061899602,0.0383468345,0.0432464704
6.8760251999,-0.0146052586,-0.0176383611,-0.0045451587,0.1668393463,0.0241396688,0.0326313786
6.8861441612,-0.0116211521,-0.0349853411,0.0041586692,0.1167655289,0.0151865203,0.0283917598
6.8961601257,-0.0193572380,-0.0418734923,0.0180208627,0.0816701204,0.0032425099,0.0337037034
6.9063010216,-0.0279265977,-0.0313887969,0.0379667804,0.0561763495,-0.0074883644,0.0496328026
6.9161229134,-0.0275659896,-0.0170947071,0.0532768294,0.0424112678,-0.0182057247,0.0517545417
6.9262490273,-0.0241908766,-0.0194435474,0.0580385253,0.0339360237,-0.0246740095,0.0475062653
6.9362578392,-0.0227241851,-0.0209020730,0.0541319177,0.0382173210,-0.0256700311,0.0517518781
6.9466772079,-0.0280698873,-0.0194598790,0.0345408246,0.0466276109,-0.0128566977,0.0528181382
6.9565830231,-0.0335293747,-0.0091804620,0.0196148697,0.0550240241,0.0009832174,0.0485757254
6.9666080475,-0.0371432640,0.0060146693,0.0094066197,0.0655105934,0.0190863218,0.0443343744
6.9766921997,-0.0340575315,0.0057012681,-0.0028961366,0.0664381757,0.0328748375,0.0422174260
6.9867849350,-0.0251546837,0.0054119471,-0.0123100346,0.0706554800,0.0382164083,0.0422197580
6.9970569611,-0.0173223950,-0.0045767184,-0.0130080646,0.0706613362,0.0370930843,0.0326630063
7.0068888664,-0.0105236517,-0.0184774157,-0.0039138263,0.0707299933,0.0296041425,0.0231026560
7.0168781281,-0.0056501972,-0.0314128771,0.0150053436,0.0613287687,0.0093681132,0.0241567362
7.0270409584,-0.0124480473,-0.0347340479,0.0389268920,0.0378494859,0.0091710389,0.0252233315
7.0371131897,-0.0230948068,-0.0333828107,0.0582057759,0.0059549371,-0.0027519325,0.0294726714
7.0471830368,-0.0199336149,-0.0302234050,0.0787590072,-0.0110104373,-0.0134905297,0.0326572098
7.0570569038,-0.0137817012,-0.0379051343,0.0848651454,-0.0184126943,-0.0210728161,0.0188519191
7.0673227310,-0.0047232257,-0.0359961167,0.0685401484,0.0028921422,-0.0178009234,0.0039835563
7.0773677826,-0.0064667808,-0.0214566346,0.0344493911,0.0221574493,-0.0240891799,-0.0098278634
7.0874977112,-0.0063472735,-0.0214562770,0.0041976506,0.0359836780,-0.0197937675,-0.0204466842
7.0975089073,-0.0092633115,-0.0447734967,-0.0143796867,0.0114056291,-0.0168528389,-0.0246861707
7.1076307297,-0.0161800720,-0.0457875505,-0.0095386570,-0.0132667217,-0.0043349825,-0.0246738549
7.1176519394,-0.0251819231,-0.0400045291,0.0108506018,-0.0143993627,0.0020009442,-0.0278558005
7.1277890205,-0.0254336931,-0.0361211076,0.0311723892,-0.0069220327,0.0009707669,-0.0331674069
7.1377267838,-0.0266945101,-0.0351959839,0.0475833938,-0.0079848990,-0.0001826482,-0.0459093004
7.1478648186,-0.0270470120,-0.0392826572,0.0592273399,-0.0217903815,-0.0077993548,-0.0565283261
7.1579542160,-0.0195113160,-0.0465682521,0.0575026795,-0.0473620556,-0.0123086199,-0.0628948808
7.1679720879,-0.0168044306,-0.0336391106,0.0442547724,-0.0665074959,-0.0188633911,-0.0660784841
7.1779580116,-0.0278047062,-0.0208081361,0.0340081379,-0.0868585706,-0.0116273165,-0.0681933016
7.1881628036,-0.0309881307,-0.0178388115,0.0150911147,-0.1008240804,-0.0022147733,-0.0703071803
7.1982598305,-0.0322669484,-0.0109661575,0.0088547999,-0.1039924398,-0.0054118978,-0.0681843758
7.2082600594,-0.0404640175,-0.0050050374,0.0142454440,-0.0997944251,0.0009581835,-0.0734926611
7.2182350159,-0.0497358777,-0.0077876803,0.0224611107,-0.0999771133,0.0189744681,-0.0766690150
7.2283940315,-0.0454306938,-0.0076352116,0.0305990521,-0.0957612991,0.0242667682,-0.0840984955
7.2385320663,-0.0382674076,-0.0162678119,0.0367329642,-0.0733073950,0.0190397836,-0.1021573916
7.2485280037,-0.0370391347,-0.0288105961,0.0369464681,-0.0561983660,0.0148480339,-0.1170290783
7.2584257126,-0.0427403785,-0.0385091081,0.0380957648,-0.0519618094,0.0168688390,-0.1382651329
7.2686638832,-0.0368565656,-0.0464163795,0.0402643010,-0.0584147274,0.0209315587,-0.1573731154
7.2787551880,-0.0192167498,-0.0360674039,0.0348086283,-0.0795389265,-0.0016051754,-0.1679970026
7.2888917923,-0.0182678439,-0.0297598597,0.0401922986,-0.0934399366,-0.0008155482,-0.1913547814
7.2989249229,-0.0253022648,-0.0557771102,0.0378521010,-0.1149614751,0.0158632956,-0.2083297819
7.3090038300,-0.0325016119,-0.0596775785,0.0326185748,-0.1449395120,0.0250384193,-0.2253042310
7.3190970421,-0.0418175198,-0.0453625098,0.0293510500,-0.1642144024,0.0300025512,-0.2518418431
7.3291001320,-0.0464048125,-0.0478283539,0.0291466061,-0.1963127404,0.0370609947,-0.2656346262
7.3390431404,-0.0491226055,-0.0417120829,0.0378559157,-0.2165732682,0.0346787944,-0.2783722579
7.3491921425,-0.0558746196,-0.0319033042,0.0514654443,-0.2251571864,0.0376004837,-0.3070373535
7.3593058586,-0.0569900610,-0.0380005017,0.0622937009,-0.2496798486,0.0328651182,-0.3495054543
7.3694210052,-0.0514411069,-0.0697737709,0.0802332684,-0.2858336270,0.0174595956,-0.3856060207
7.3792901039,-0.0528055765,-0.0902965441,0.1004310772,-0.3401559889,0.0051054577,-0.4174523652
7.3895478249,-0.0669991747,-0.0890012160,0.1110522076,-0.3754597902,0.0119879982,-0.4535396695
7.3995780945,-0.0764965788,-0.0822573677,0.1139609739,-0.3787016571,0.0138327694,-0.4917626679
7.4096288681,-0.0772811547,-0.0592669025,0.1022508666,-0.3722011149,0.0019827017,-0.5278719068
7.4195919037,-0.0821742192,-0.0433175936,0.0973639414,-0.3743763864,0.0038298704,-0.5671569705
7.4297828674,-0.0853093043,-0.0481218472,0.0876721665,-0.4022519886,0.0150640160,-0.5968739986
7.4398212433,-0.0778000727,-0.0628142729,0.0858351514,-0.4118865132,0.0181839075,-0.5936846137
7.4498901367,-0.0653704181,-0.0650298372,0.0840622708,-0.4363534451,0.0081853373,-0.6297847629
7.4598627090,-0.0747152343,-0.0677824989,0.0793970749,-0.4727801681,0.0191863216,-0.6839218140
7.4700107574,-0.0823343769,-0.0730281249,0.0788033530,-0.5262409449,0.0270017013,-0.7157593966
7.4801540375,-0.0754090920,-0.0797435418,0.0921109244,-0.5795893669,0.0242405366,-0.7422922254
7.4902310371,-0.0665985122,-0.0880317762,0.1057397649,-0.6414574385,0.0192343928,-0.7762566209
7.5001277924,-0.0617773868,-0.0979205146,0.1118099615,-0.6937281489,0.0154215451,-0.8027902246
7.5103020668,-0.0559019186,-0.0927878097,0.1073909327,-0.7394571304,-0.0021356773,-0.8303938508
7.5203490257,-0.0509545542,-0.0803518966,0.1021886989,-0.7712909579,-0.0216657035,-0.8537551165
7.5304841995,-0.0508120991,-0.0692779198,0.0961778685,-0.7914373875,-0.0357961021,-0.8781774044
7.5404658318,-0.0555193163,-0.0671903864,0.0921428129,-0.7946036458,-0.0401650183,-0.8930439949
7.5505819321,-0.0611322261,-0.0594464913,0.0851069018,-0.7807327509,-0.0412497893,-0.9153463244
7.5606489182,-0.0667644516,-0.0420600846,0.0758923814,-0.7519751191,-0.0369133651,-0.9397728443
7.5707149506,-0.0695724264,-0.0278677698,0.0743719861,-0.7573341131,-0.0360580906,-0.9641925097
7.5805177689,-0.0694369450,-0.0256147441,0.0806725547,-0.7808445096,-0.0343004055,-0.9886070490
7.5908889771,-0.0644237772,-0.0296163019,0.0860298201,-0.8086439967,-0.0304368921,-1.0098344088
7.6009540558,-0.0583734848,-0.0320583358,0.0786868855,-0.8257505298,-0.0286094304,-1.0321269035
7.6110229492,-0.0454499461,-0.0270213541,0.0722615644,-0.8343367577,-0.0256655719,-1.0576081276
7.6209182739,-0.0304494835,-0.0203730818,0.0560843274,-0.8544700146,-0.0407867320,-1.0714138746
7.6311678886,-0.0152930366,-0.0178859290,0.0565819070,-0.8948704600,-0.0560381226,-1.0777803659
7.6412248611,-0.0106697427,-0.0265077706,0.0552542731,-0.9481108189,-0.0681890622,-1.0798965693
7.6512928009,-0.0175913908,-0.0433173552,0.0588800833,-1.0088948011,-0.0729358196,-1.0756372213
7.6611208916,-0.0282205679,-0.0469099656,0.0557047650,-1.0536774397,-0.0764479935,-1.0660713911
7.6714258194,-0.0327968933,-0.0390267745,0.0592911765,-1.0632979870,-0.0744045451,-1.0650044680
7.6814308167,-0.0322733857,-0.0351365581,0.0461929962,-1.0579383373,-0.0764453262,-1.0596978664
7.6915369034,-0.0217480995,-0.0233857390,0.0310100857,-1.0375847816,-0.0836040378,-1.0459043980
7.7014732361,-0.0128700482,-0.0074480083,0.0108038122,-0.9935746193,-0.1074587703,-1.0204443932
7.7116370201,-0.0065749632,0.0099018756,-0.0085397428,-0.9443205595,-0.1217193976,-0.9949793220
7.7217311859,-0.0009687290,0.0325938389,-0.0124040311,-0.9077388048,-0.1498972327,-0.9716430902
7.7317800522,0.0000529542,0.0478397235,0.0061950022,-0.9042536616,-0.1773297191,-0.9525462389
7.7416701317,-0.0083914744,0.0660643801,0.0247981492,-0.9019324780,-0.1952719688,-0.9408760071
7.7519702911,-0.0156250931,0.0776319280,0.0423982665,-0.8751302361,-0.2066057324,-0.9249619246
7.7619700432,-0.0098306285,0.0885603949,0.0414596722,-0.8173273802,-0.2229815125,-0.9101195931
7.7721061707,-0.0057037817,0.0950908437,0.0336385295,-0.7584460378,-0.2404021025,-0.8942161798
7.7820911407,-0.0033478483,0.0953627452,0.0256963316,-0.6890123487,-0.2460791618,-0.8814950585
7.7922420502,-0.0037252053,0.0853837952,0.0128171975,-0.6472881436,-0.2551474273,-0.8634591103
7.8022527695,-0.0049494850,0.0621975139,0.0125547582,-0.6344383359,-0.2580593228,-0.8390424848
7.8123860359,-0.0060409056,0.0275535230,0.0181195084,-0.6311509609,-0.2653201818,-0.8178107142
7.8222751617,-0.0079256045,0.0057078544,0.0255935136,-0.6257231832,-0.2736715674,-0.8040128946
7.8324527740,-0.0126517760,0.0014811698,0.0290263239,-0.6108928323,-0.2617589831,-0.7870221138
7.8425898552,-0.0055581676,-0.0043935981,0.0148190791,-0.5607644320,-0.2580686510,-0.7764150500
7.8525857925,0.0113999499,-0.0265018251,0.0035330588,-0.5607190132,-0.2622567415,-0.7679232955
7.8625497818,0.0265105031,-0.0370448902,0.0185674373,-0.6127526760,-0.2881775498,-0.7679229975
7.8727207184,0.0290820263,-0.0393344685,0.0355582759,-0.6906555295,-0.2888926864,-0.7732125521
7.8828582764,0.0239710473,-0.0286247786,0.0368658826,-0.7525863051,-0.2863195539,-0.7838135362
7.8928551674,0.0130303157,-0.0126487967,0.0321769044,-0.8146359324,-0.2721174061,-0.8007789254
7.9027261734,0.0050278557,-0.0060079899,0.0224690977,-0.8649203777,-0.2610437274,-0.8251819611
7.9129939079,-0.0039416896,-0.0163744148,0.0077168280,-0.8971740007,-0.2392357737,-0.8548936844
7.9230470657,-0.0130424248,-0.0347649530,0.0014491017,-0.8899698853,-0.2138380110,-0.8750570416
7.9331388474,-0.0123739587,-0.0356478021,-0.0050997203,-0.8634707928,-0.1967396587,-0.8920440674
7.9430880547,-0.0058010565,-0.0286660846,-0.0020598834,-0.8357142806,-0.1987508684,-0.9122262597
7.9532642365,0.0038180605,-0.0283948835,0.0145884091,-0.8314067125,-0.2029990107,-0.9186003804
7.9633030891,0.0037754432,-0.0349626318,0.0369557664,-0.8378095031,-0.2030549347,-0.9185988307
7.9762921333,-0.0000215516,-0.0444579199,0.0484903380,-0.8281767368,-0.2061884105,-0.9239121079
7.9844388962,-0.0017166481,-0.0383357331,0.0452974364,-0.8005070686,-0.1985328943,-0.9260389209
7.9940509796,-0.0081447707,-0.0280091222,0.0303420369,-0.7374252081,-0.2096411884,-0.9239358306
8.0042934418,-0.0094501721,-0.0269588735,-0.0108772581,-0.6850517392,-0.2164868563,-0.9048401713
8.0141839981,-0.0057556974,-0.0196319427,-0.0286664423,-0.6593148112,-0.2290372103,-0.9112232924
8.0237550735,-0.0107785808,-0.0210272577,-0.0299756583,-0.6605417132,-0.2143309712,-0.9324516058
8.0341625214,-0.0099836336,-0.0292653199,-0.0168322977,-0.6745010018,-0.2059706897,-0.9335060120
8.0438547134,-0.0032499775,-0.0200920161,0.0010166699,-0.6873928308,-0.1976083666,-0.9356221557
8.0538253784,0.0006580606,-0.0081053283,0.0070301229,-0.6832202673,-0.1892001778,-0.9536702037
8.0637454987,0.0056072129,-0.0068974104,0.0080601508,-0.6843662262,-0.1818378568,-0.9621606469
8.0739803314,0.0086922897,-0.0027974006,0.0128452117,-0.6897513270,-0.1777162999,-0.9738373160
8.0839948654,0.0030123845,-0.0065992977,0.0242640916,-0.7123064399,-0.1642090082,-0.9876282215
8.0940122604,-0.0016123996,-0.0233703759,0.0286580864,-0.7572187781,-0.1561950743,-1.0003548861
8.1040983200,-0.0041137682,-0.0298861172,0.0123503739,-0.8042171597,-0.1523888856,-1.0045882463
8.1142272949,-0.0065123187,-0.0240777042,-0.0139685338,-0.8256916404,-0.1398987323,-1.0130708218
8.1242465973,-0.0059149014,-0.0230923649,-0.0404434875,-0.8033783436,-0.1301608831,-1.0141334534
8.1343717575,-0.0023385629,-0.0227814671,-0.0601582006,-0.7681892514,-0.1266368032,-1.0088305473
8.1443099976,-0.0046095597,-0.0220023151,-0.0623732284,-0.7084375024,-0.1250122637,-1.0024740696
8.1545238495,-0.0018727527,-0.0264058169,-0.0507640913,-0.6336511970,-0.1327916235,-0.9940033555
8.1645278931,0.0018891349,-0.0214336868,-0.0293172654,-0.5727987885,-0.1343200058,-0.9844633937
8.1746520996,0.0009290829,-0.0179052707,-0.0077012843,-0.5267695189,-0.1476568580,-0.9759873152
8.1846036911,0.0010575905,-0.0081956740,0.0012971694,-0.4979692698,-0.1451654732,-0.9579428434
8.1947879791,0.0003189698,0.0046515409,0.0074129635,-0.4957493544,-0.1536136717,-0.9547626376
8.2047882080,-0.0003427610,0.0174514595,0.0104917819,-0.5310460925,-0.1453847736,-0.9473169446
8.2149372101,-0.0029222711,0.0250294451,-0.0023186868,-0.5994797945,-0.1321602017,-0.9430462122
8.2247753143,-0.0084730135,0.0215100590,-0.0145224994,-0.6604211926,-0.1209927574,-0.9387779236
8.2352056503,-0.0081897127,0.0186724309,-0.0202508625,-0.7139208913,-0.1065641493,-0.9323853850
8.2452316284,-0.0059309946,0.0175263528,-0.0321285203,-0.7598207593,-0.1047390848,-0.9164458513
8.2553615570,-0.0036990389,0.0182300452,-0.0277097877,-0.7887012362,-0.0974664539,-0.9015700817
8.2653255463,0.0014791741,0.0073320512,-0.0273054894,-0.7844561934,-0.0941353738,-0.8845806718
8.2754278183,0.0077011241,0.0044866744,-0.0318029001,-0.7533600330,-0.1075481921,-0.8676056266
8.2854928970,0.0052747382,0.0118305031,-0.0360971764,-0.6880132556,-0.1312926710,-0.8538306952
8.2956323624,0.0000257745,0.0247203950,-0.0284357723,-0.6100724339,-0.1337199956,-0.8421709538
8.3055391312,-0.0061866390,0.0236481372,-0.0195028838,-0.5395737886,-0.1394154280,-0.8336972594
8.3157663345,-0.0015269861,0.0202935580,-0.0072805947,-0.4785009921,-0.1620740145,-0.8103644252
8.3257722855,0.0051720394,0.0272389892,0.0033120448,-0.4196501970,-0.1762907654,-0.7912740707
8.3359050751,0.0021701709,0.0317688212,0.0073082382,-0.3631310165,-0.1714687794,-0.7785453200
8.3458061218,0.0020262257,0.0387146100,0.0036916072,-0.3194431961,-0.1635280252,-0.7583782673
8.3560047150,0.0008486763,0.0489541516,0.0030922825,-0.2980878353,-0.1643251181,-0.7467055917
8.3660221100,-0.0042869197,0.0525429472,0.0024698311,-0.3003999889,-0.1462651640,-0.7403252125
8.3761634827,-0.0085468041,0.0424970016,0.0046270425,-0.3250826001,-0.1326864213,-0.7403122187
8.3861560822,-0.0148412334,0.0206285361,0.0055966312,-0.3583351076,-0.1160131767,-0.7424190640
8.3963375092,-0.0152554857,0.0062341634,-0.0015652840,-0.4043190479,-0.1069070920,-0.7487730384
8.4063205719,-0.0107871043,0.0032301191,-0.0099897450,-0.4460110962,-0.0998366699,-0.7476971149
8.4164419174,-0.0053444849,-0.0048490521,-0.0108745163,-0.4770020247,-0.0958837420,-0.7508726716
8.4263486862,-0.0037363514,-0.0130536314,-0.0080289310,-0.5004053712,-0.1035296768,-0.7529941201
8.4365787506,-0.0069067227,-0.0203699823,0.0044549042,-0.5194281340,-0.1217361093,-0.7529968023
8.4465761185,-0.0098981606,-0.0267975684,0.0246652905,-0.5458804965,-0.1442225128,-0.7487540841
8.4566698074,-0.0088330852,-0.0284597035,0.0370002314,-0.5628572106,-0.1538642943,-0.7402612567
8.4666233063,-0.0095921205,-0.0271463152,0.0347205922,-0.5445525050,-0.1695724130,-0.7328411341
8.4768438339,-0.0082867490,-0.0197589751,0.0209104363,-0.5041086078,-0.1586222202,-0.7349693775
8.4868545532,-0.0021063730,-0.0081499573,0.0043234164,-0.4646541774,-0.1550597101,-0.7296686172
8.4969596863,0.0039580120,0.0038157348,-0.0150623983,-0.4232329726,-0.1344323903,-0.7137426734
8.5068912506,0.0118661774,0.0064739827,-0.0332775787,-0.3816485107,-0.1297071427,-0.6957002878
8.5170230865,0.0215142332,0.0067239646,-0.0327986553,-0.3410603106,-0.1312743574,-0.6649190187
8.5271902084,0.0251887105,0.0034874324,-0.0263018068,-0.3122734129,-0.1277565956,-0.6521829963
8.5371952057,0.0180865191,-0.0024973508,-0.0139256781,-0.3111947775,-0.1288370341,-0.6564299464
8.5470056534,0.0110229803,-0.0036934372,0.0002703006,-0.3347259462,-0.1237509251,-0.6585450172
8.5573215485,0.0107988967,0.0055700187,0.0093271667,-0.3849991560,-0.1125034019,-0.6564037204
8.5674676895,0.0174292885,0.0154851321,0.0063310796,-0.4341493845,-0.1065453738,-0.6532028913
8.5774631500,0.0191370808,0.0192629341,-0.0038576787,-0.4971711040,-0.1006733701,-0.6446900964
8.5874223709,0.0208392106,0.0207806472,-0.0212624725,-0.5409936905,-0.0935731158,-0.6361809969
8.5975894928,0.0204971693,0.0124727134,-0.0398683026,-0.5527913570,-0.0872757435,-0.6308651567
8.6077203751,0.0200986527,0.0033530835,-0.0467938259,-0.5239970088,-0.0848605186,-0.6245005131
8.6177368164,0.0186402462,-0.0015206095,-0.0370028093,-0.4845738411,-0.0781294405,-0.6213211417
8.6277160645,0.0230443440,0.0017569307,-0.0279090460,-0.4280016422,-0.0786479637,-0.6139031649
8.6378479004,0.0264917873,0.0132206324,-0.0291977581,-0.3660647273,-0.0822805166,-0.6033043265
8.6480083466,0.0240310691,0.0281427149,-0.0291003045,-0.2881819010,-0.0794296041,-0.5958901048
8.6579952240,0.0234505199,0.0464585051,-0.0315159038,-0.2305796295,-0.0756398514,-0.5799753666
8.6679296494,0.0277389549,0.0526074395,-0.0364224389,-0.1760442108,-0.0857052729,-0.5693762302
8.6781301498,0.0320057236,0.0522639379,-0.0400583819,-0.1610159725,-0.0928786993,-0.5502697229
8.6882076263,0.0303203724,0.0384924039,-0.0357970670,-0.1588114053,-0.0991429836,-0.5375317931
8.6982851028,0.0227081738,0.0227895621,-0.0306581315,-0.1673958600,-0.0949291289,-0.5311595798
8.7082376480,0.0169690512,0.0128860716,-0.0188445505,-0.1931321174,-0.0823861733,-0.5258377790
8.7184104919,0.0151131405,0.0057477001,-0.0043420261,-0.2261400372,-0.0890017301,-0.5194598436
8.7285346985,0.0103386296,-0.0025473591,0.0089445645,-0.2580990195,-0.0945656076,-0.5162690878
8.7385578156,0.0085966541,-0.0042229053,0.0103762681,-0.2793489099,-0.1042928100,-0.5152080655
8.7485256195,0.0059600128,-0.0001944062,-0.0019565290,-0.2953009903,-0.1097168699,-0.5120213628
8.7586841583,0.0023686544,0.0047926549,-0.0182333644,-0.2899851501,-0.1075559109,-0.5130826831
8.7687644958,0.0007601038,0.0157021526,-0.0383569077,-0.2718199790,-0.1094848365,-0.5077793002
8.7788906097,0.0019474580,0.0317510590,-0.0378941968,-0.2473553121,-0.1007205099,-0.4982245266
8.7889366150,0.0020253912,0.0344264135,-0.0294697341,-0.2207777798,-0.0898012817,-0.4865460098
8.7990074158,0.0069055213,0.0335013494,-0.0149813360,-0.1855053753,-0.0947431773,-0.4780631661
8.8090419769,0.0166328810,0.0328269228,0.0094798738,-0.1640962362,-0.1008881554,-0.4727626741
8.8190603256,0.0205564164,0.0312704071,0.0165385548,-0.1469669938,-0.1060091481,-0.4674608707
8.8291397095,0.0195815228,0.0336736664,0.0012482937,-0.1342072487,-0.1004953384,-0.4525961578
8.8392190933,0.0174866281,0.0371492133,-0.0169571098,-0.1460316926,-0.0908958465,-0.4292294681
8.8492860794,0.0171590112,0.0327701196,-0.0382669047,-0.1771216989,-0.0762359425,-0.4175344706
8.8593568802,0.0176373385,0.0253537539,-0.0598400310,-0.1944471300,-0.0508727245,-0.4100846052
8.8691902161,0.0178595744,0.0257295612,-0.0689359382,-0.1989100575,-0.0306470804,-0.3941463828
8.8795490265,0.0207294486,0.0388084278,-0.0635794476,-0.2140177637,-0.0125815943,-0.3697118163
8.8895874023,0.0233712457,0.0402606353,-0.0514873937,-0.2150763720,-0.0124801267,-0.3527227044
8.8996477127,0.0219581686,0.0359525308,-0.0335921720,-0.2214902788,-0.0102967340,-0.3346689939
8.9096736908,0.0214330517,0.0365261063,-0.0186687168,-0.2214529961,-0.0134105021,-0.3240525723
8.9197816849,0.0199152194,0.0352887139,-0.0035905307,-0.1967970729,-0.0237156041,-0.3102611303
8.9298334122,0.0252584480,0.0449192747,0.0009810263,-0.1731668413,-0.0383091941,-0.3017800152
8.9399118423,0.0248018168,0.0567043051,-0.0087735122,-0.1335926950,-0.0463901572,-0.2922377884
8.9498748779,0.0222938918,0.0599249229,-0.0173646268,-0.1218463033,-0.0461837612,-0.2763136923
8.9600210190,0.0206608735,0.0476876721,-0.0326808169,-0.1080946103,-0.0332689621,-0.2667537928
8.9700746536,0.0208646916,0.0365478620,-0.0498794988,-0.0879427418,-0.0203044266,-0.2582580447
8.9801836014,0.0208757780,0.0363403782,-0.0542588308,-0.0528097861,-0.0114458222,-0.2487070262
8.9901380539,0.0188146494,0.0324694738,-0.0457669571,-0.0283164307,-0.0058917999,-0.2434014678
9.0003204346,0.0166764520,0.0199962500,-0.0381224230,-0.0102569219,0.0028032213,-0.2359691858
9.0104742050,0.0251661800,0.0173892621,-0.0293774661,0.0067580137,0.0093806963,-0.2264140248
9.0204677582,0.0316658877,0.0265851263,-0.0205290373,0.0197714977,-0.0105546620,-0.2094395757
9.0304098129,0.0292933844,0.0309667233,-0.0077804988,0.0017336402,-0.0201652106,-0.1945746094
9.0405912399,0.0249462388,0.0265143160,0.0000004108,-0.0196197443,-0.0181479994,-0.1818251163
9.0506677628,0.0214782916,0.0209413413,-0.0021522706,-0.0526964702,-0.0183815602,-0.1733224392
9.0607233047,0.0160084926,0.0210576300,-0.0064809984,-0.0729998201,-0.0153130647,-0.1637598276
9.0706558228,0.0152982427,0.0143083576,-0.0089631742,-0.0784702301,-0.0015181568,-0.1563189626
9.0808124542,0.0174341463,0.0124323610,-0.0173360761,-0.0667717904,0.0028701334,-0.1499491483
9.0910749435,0.0253701769,0.0155992154,-0.0283823665,-0.0292997770,-0.0084054247,-0.1393463165
9.1010494232,0.0333236419,0.0219587330,-0.0255182441,0.0007849960,-0.0282475725,-0.1308699846
9.1109151840,0.0393225513,0.0178451184,-0.0106763905,0.0254056528,-0.0354325138,-0.1266326308
9.1211786270,0.0375210308,0.0128715876,-0.0064308112,0.0466940850,-0.0299549922,-0.1287588477
9.1312561035,0.0298567973,0.0099124555,-0.0147232478,0.0669258535,-0.0255477261,-0.1308853775
9.1413297653,0.0260569714,0.0041399840,-0.0258133467,0.0817948878,-0.0179631095,-0.1266375780
9.1512670517,0.0221702419,-0.0044672247,-0.0271113571,0.0763234347,-0.0041820505,-0.1213203073
9.1614513397,0.0220630430,-0.0092261788,-0.0188111719,0.0497137085,-0.0107115889,-0.1106990799
9.1714468002,0.0199073218,-0.0082743522,-0.0078222817,0.0186972041,-0.0034925579,-0.1011314094
9.1815576553,0.0157510601,-0.0085161086,0.0009362037,-0.0229329839,-0.0028372204,-0.1074907109
9.1913785934,0.0096553816,-0.0100214835,0.0034947926,-0.0582691394,0.0084777521,-0.1149086729
9.2017259598,0.0113799227,-0.0156112667,0.0019654566,-0.0776231587,0.0220415648,-0.1244540438
9.2117252350,0.0199806355,-0.0174135920,0.0003307397,-0.0882550254,0.0176627934,-0.1308243275
9.2218570709,0.0257602893,-0.0056327935,0.0005946691,-0.0965517014,-0.0057133008,-0.1244621053
9.2317609787,0.0325708650,0.0042270664,0.0067734653,-0.0942123830,-0.0258191023,-0.1191637442
9.2419900894,0.0326777361,0.0121782068,0.0120644504,-0.0790538862,-0.0479750037,-0.1202420592
9.2520246506,0.0308494531,0.0183422808,0.0204436127,-0.0523394495,-0.0508695953,-0.1117558926
9.2620983124,0.0279637836,0.0237196926,0.0251609627,-0.0150091192,-0.0472439677,-0.0937116444
9.2720146179,0.0279298387,0.0264581088,0.0233972017,0.0235838126,-0.0638082996,-0.0820499286
9.2822141647,0.0250320397,0.0215789322,0.0141027505,0.0460012890,-0.0647009835,-0.0863035321
9.2922601700,0.0123203648,0.0090031866,-0.0009662574,0.0459197983,-0.0561644919,-0.0788666531
9.3023958206,0.0101697100,0.0012336019,-0.0190598425,0.0297073238,-0.0350015461,-0.0661099777
9.3122930527,0.0127417697,0.0031467918,-0.0285345372,0.0263935532,-0.0232961569,-0.0565470979
9.3225393295,0.0171649717,0.0012139920,-0.0302355941,0.0306319483,-0.0200694036,-0.0554842986
9.3325281143,0.0204704069,-0.0006879923,-0.0183514412,0.0251599494,-0.0062952684,-0.0512288325
9.3426647186,0.0198140703,0.0042057279,0.0061053568,0.0198549870,-0.0095315417,-0.0522911660
9.3525667191,0.0230786763,-0.0025762673,0.0392987058,0.0092358990,-0.0149436183,-0.0544147715
9.3627643585,0.0255556665,0.0021968130,0.0462108180,0.0126792062,-0.0393389724,-0.0576137602
9.3727989197,0.0262584053,0.0050180200,0.0473532006,0.0075038848,-0.0552937053,-0.0565586165
9.3828792572,0.0241168700,0.0097782854,0.0368761346,0.0151720578,-0.0742790475,-0.0491364524
9.3928279877,0.0229989253,0.0049619321,0.0227193180,0.0419818312,-0.0867295936,-0.0417168848
9.4030017853,0.0189815126,-0.0055269357,0.0155737931,0.0506231524,-0.0972642601,-0.0417251438
9.4131383896,0.0100655211,-0.0082513448,0.0103306705,0.0431681648,-0.0983351171,-0.0332293957
9.4231157303,0.0049512638,-0.0071634408,-0.0009067719,0.0249082297,-0.0856509432,-0.0162294358
9.4331092834,0.0072457446,0.0007385853,-0.0025550788,0.0331033096,-0.0492391400,0.0241350308
9.4432802200,0.0160159431,0.0136060361,-0.0129637783,0.0299668219,-0.0544482172,0.0432463400
9.4534091949,0.0091420365,0.0069810990,-0.0088694757,0.0128954276,-0.0557622202,0.0273230337
9.4634046555,-0.0083184587,-0.0105777141,-0.0147221750,-0.0256032553,-0.0487605706,0.0135327196
9.4733734131,-0.0130467163,-0.0137005802,-0.0139508909,-0.0394679382,-0.0499773696,0.0082266377
9.4835491180,-0.0157952346,-0.0216889735,-0.0131701892,-0.0322084278,-0.0298569202,-0.0076921415
9.4935007095,-0.0146312164,-0.0121472832,-0.0104200309,-0.0227550063,-0.0149397561,-0.0108724879
9.5034923553,-0.0086026089,0.0051600579,-0.0212971624,-0.0207144897,-0.0053443871,-0.0066210176
9.5135641098,-0.0143332528,0.0137252454,-0.0341175273,-0.0080351811,0.0063207913,-0.0246689934
9.5239734650,-0.0151988761,0.0176104549,-0.0379812196,0.0313516669,0.0161937289,-0.0278592613
9.5338792801,-0.0121678757,0.0305234436,-0.0346950963,0.0709025338,0.0102141332,-0.0215014964
9.5439586639,-0.0110856341,0.0145232324,-0.0281335767,0.1039899141,0.0094364900,-0.0225734189
9.5539054871,-0.0119559811,-0.0033008214,-0.0156033700,0.0986990109,0.0051735677,-0.0183270089
9.5640821457,-0.0079115378,-0.0076057669,-0.0090032285,0.0816453025,0.0028600800,-0.0246938281
9.5742292404,-0.0028322085,-0.0120836850,0.0003189976,0.0433943197,-0.0133143617,-0.0130124046
9.5842218399,0.0090017570,-0.0254958626,0.0278832261,-0.0024693338,-0.0158092771,-0.0087550087
9.5942726135,0.0181214623,-0.0363127366,0.0269131009,-0.0331864990,-0.0394839793,-0.0183152240
9.6043558121,0.0128023578,-0.0298679229,0.0188898984,-0.0554860793,-0.0514549576,-0.0342421941
9.6144905090,0.0056039942,-0.0206926223,0.0126115019,-0.0801189840,-0.0432297848,-0.0416644253
9.6244440079,0.0063027246,-0.0106975194,-0.0054890579,-0.0907723457,-0.0454864800,-0.0480337031
9.6344795227,0.0097961975,-0.0055158492,-0.0157765802,-0.0760802254,-0.0197880398,-0.0320976153
9.6446266174,0.0208731107,0.0067267064,-0.0258645471,-0.0365260765,-0.0256976616,-0.0151225608
9.6547527313,0.0202146582,0.0192269329,-0.0356581286,0.0115261376,-0.0284681488,-0.0161979441
9.6647624969,0.0107120229,0.0203374866,-0.0353892520,0.0467732325,-0.0313648693,-0.0193932056
9.6746597290,0.0070465310,0.0187111143,-0.0271275695,0.0626592562,-0.0196024850,-0.0268239565
9.6849050522,0.0092679067,0.0132306460,-0.0294711050,0.0721756071,-0.0110367602,-0.0278846268
9.6949968338,0.0134070767,0.0107591990,-0.0288103279,0.0838953778,-0.0087776007,-0.0225774795
9.7050333023,0.0135624064,0.0073876027,-0.0212981161,0.0849791020,-0.0097744884,-0.0140832616
9.7150497437,0.0146569116,0.0002056602,-0.0185507592,0.1000760347,-0.0243941788,0.0018325879
9.7251663208,0.0174944364,-0.0087974425,0.0114677483,0.0808159634,-0.0180153083,0.0294468384
9.7353038788,0.0242510252,-0.0286557432,0.0121768052,0.0661249086,-0.0425004140,0.0368709303
9.7452678680,0.0184526108,-0.0311556216,0.0117457444,0.0406876169,-0.0608510561,0.0230647065
9.7552795410,0.0001192048,-0.0212529656,0.0051909024,0.0161148962,-0.0590403713,0.0082066637
9.7655124664,-0.0063365744,-0.0173352715,-0.0043739146,0.0011898763,-0.0613901466,-0.0066555720
9.7755031586,0.0010327055,-0.0057080742,-0.0071256822,-0.0008889874,-0.0678855926,-0.0236470718
9.7856159210,0.0056079281,0.0069171432,-0.0049520796,0.0152151473,-0.0784520879,-0.0385222919
9.7955703735,0.0074264063,0.0128737930,-0.0044770902,0.0558869466,-0.0909199417,-0.0523422360
9.8057765961,0.0034815327,0.0190446023,-0.0066140955,0.0996198356,-0.0884306878,-0.0544746257
9.8157730103,0.0042210920,0.0244753007,-0.0163170751,0.1281233728,-0.0562104285,-0.0332297906
9.8259086609,0.0145014031,0.0156131629,-0.0295930561,0.1623813808,-0.0652741045,-0.0045745783
9.8357267380,0.0217033587,0.0195219163,-0.0204646047,0.1346424222,-0.0654333606,0.0081739742
9.8460464478,0.0171742998,-0.0000892040,-0.0135160154,0.1080783159,-0.0773647800,0.0039272308
9.8560428619,0.0136179579,-0.0111272093,-0.0019229118,0.0748402104,-0.0617040619,0.0092524877
9.8661918640,0.0079975380,-0.0010273214,0.0015183027,0.0512339212,-0.0491907373,0.0071409340
9.8760833740,0.0052406145,0.0041357521,-0.0058399504,0.0490213670,-0.0406313390,0.0209491570
9.8863258362,0.0004785612,0.0015344862,-0.0093038743,0.0521783084,-0.0364156216,0.0124569358
9.8963327408,-0.0121467458,-0.0029808041,-0.0069521135,0.0551842153,-0.0173380654,0.0050331079
9.9064521790,-0.0169979520,-0.0045594927,-0.0045641130,0.0529533923,-0.0078216596,0.0029149633
9.9163570404,-0.0130391764,-0.0032573696,-0.0021843975,0.0540343672,-0.0100312838,-0.0119516011
9.9265842438,-0.0109259533,-0.0029982682,-0.0008356040,0.0358642340,-0.0081148073,-0.0193800237
9.9367418289,-0.0087127732,-0.0144995209,0.0024115974,0.0327709690,-0.0199315194,-0.0374357216
9.9468498230,-0.0033351674,-0.0211939570,0.0046831900,0.0349936709,-0.0295659713,-0.0533678830
9.9567098618,-0.0038380965,-0.0132763144,0.0108420784,0.0484503582,0.0119274110,-0.0544123761
9.9668655396,0.0022389099,-0.0062038656,-0.0023444360,0.0824435353,0.0293882936,-0.0257433131
9.9768562317,0.0177785121,0.0021143798,-0.0036421483,0.0858153552,0.0148391780,0.0167205241
9.9869890213,0.0206185393,0.0094582085,0.0056942040,0.0721045062,-0.0023901423,-0.0034582478
9.9970388412,-0.0017963395,-0.0028123613,0.0070836479,0.0517821871,0.0016213773,-0.0119454758
10.0071430206,-0.0037155196,-0.0064924117,0.0141557986,0.0208934601,-0.0038773846,-0.0002609896
10.0173244476,-0.0005988822,0.0004447344,0.0143832499,0.0244533084,-0.0399720073,-0.0077125141
10.0272951126,-0.0012000249,0.0083874110,0.0137239033,0.0300212838,-0.0632738620,-0.0087878993
10.0371637344,-0.0054500746,0.0114974622,0.0054356987,0.0538544431,-0.0992190838,-0.0204916913
10.0473594666,-0.0173253156,0.0205602888,-0.0017002885,0.0719629526,-0.0959342718,-0.0289877746
10.0576705933,-0.0283982791,0.0365317091,-0.0029827422,0.0886449963,-0.0565003157,-0.0247251205
10.0675001144,-0.0309409387,0.0331717357,-0.0187274870,0.1076475531,-0.0349727869,-0.0034844133
10.0774345398,-0.0239391662,0.0279784445,-0.0227260049,0.1020248234,-0.0063653761,-0.0024068982
10.0876073837,-0.0210790671,0.0110756997,-0.0181458648,0.0856678784,0.0285002626,-0.0034463967
10.0976858139,-0.0134574817,-0.0011006352,-0.0253899749,0.0790962651,0.0454411656,-0.0002508696
10.1077146530,0.0086537255,-0.0142711755,-0.0249309000,0.0545008741,0.0517377406,0.0220567659
10.1177024841,0.0239045881,-0.0217101332,-0.0187828001,0.0441129468,0.0229420457,0.0135506298
10.1278600693,0.0237930380,-0.0243470427,-0.0155694550,0.0495057143,0.0165467970,0.0018659439
10.1379117966,0.0207666717,-0.0161913987,-0.0035194224,0.0806287527,-0.0000827794,0.0135295242
10.1479969025,0.0188054256,-0.0125099774,-0.0016595189,0.1480439007,-0.0174632352,0.0241215825
10.1578826904,0.0128233982,-0.0006119963,0.0171269719,0.2033327222,0.0031874492,0.0251796562
10.1682147980,0.0018371000,-0.0137505885,0.0031703049,0.2436947227,0.0226742644,0.0304882005
10.1782054901,-0.0142693864,-0.0296727773,-0.0097642606,0.2368205637,0.0692678615,0.0252042226
10.1883335114,-0.0363644697,-0.0292247888,-0.0608649924,0.2429407388,0.0968692005,0.0188447945
10.1982488632,-0.0451105870,-0.0343977585,-0.0719612315,0.2457964569,0.1319864392,0.0305413976
10.2084712982,-0.0385851003,-0.0366871133,-0.0589422062,0.1974010020,0.1698382199,0.0422534496
10.2185602188,-0.0362302102,-0.0451880470,-0.0406103805,0.1267015338,0.1957134902,0.0369753279
10.2286834717,-0.0291186906,-0.0503934994,-0.0191380437,0.0112307929,0.2170224339,0.0423243567
10.2386054993,-0.0044950740,-0.0660650507,0.0064013535,-0.0934064016,0.2213447392,0.0317350924
10.2501821518,0.0193911456,-0.0745129362,0.0304264370,-0.1497247368,0.1952359229,0.0083751753
10.2587738037,0.0339474343,-0.0559190884,0.0562489554,-0.1361942887,0.1220069751,-0.0118390154
10.2690134048,0.0432927273,-0.0185670611,0.0689833686,-0.0535925217,0.0791182294,-0.0278069302
10.2787876129,0.0373966359,0.0114690308,0.0746132657,0.0312033296,0.0298835747,-0.0437800363
10.2888088226,0.0260069929,0.0302281026,0.0623665377,0.0890555009,0.0069620144,-0.0565480329
10.2991247177,0.0080029620,0.0423400626,0.0241618697,0.1254539788,-0.0044059558,-0.0586865507
