0.0000000000,-0.0030180996,-0.0017711803,-0.0079203956,0.0005055014,0.0023193299,0.0012901849
0.0099869967,-0.0030229872,-0.0027376993,-0.0049615018,-0.0005941177,0.0054860944,0.0002302468
0.0200079679,-0.0040062852,-0.0017663672,-0.0049191825,0.0004948489,0.0033803333,0.0012907175
0.0300749540,-0.0030418818,0.0001531408,-0.0058358428,0.0025984272,0.0065886434,0.0023538512
0.0401420593,-0.0011005586,-0.0008403941,-0.0047996161,0.0026015704,0.0065946355,0.0034165857
0.0502049923,-0.0030686443,-0.0018393084,-0.0037762041,0.0026351260,0.0034323977,0.0066003948
0.0604670048,-0.0011311357,-0.0009071811,-0.0037375207,0.0015761200,0.0023416337,0.0034143887
0.0722750425,-0.0030936783,-0.0009412601,-0.0027658457,0.0005308287,0.0002172301,0.0044753919
0.0804220438,-0.0031028574,-0.0029234721,-0.0027325863,-0.0005666604,0.0033618908,0.0002313786
0.0906640291,-0.0040896721,-0.0029505177,-0.0046562073,0.0005025994,0.0033989088,0.0044783214
0.1006350517,-0.0041145273,-0.0020012094,-0.0026945586,0.0026286803,0.0034133564,0.0034132567
0.1108790636,-0.0021523421,-0.0020118339,-0.0036275501,0.0058620241,0.0002583093,0.0034108600
0.1209059954,-0.0011837666,-0.0020305051,-0.0026234502,0.0037430534,-0.0008158765,0.0044741267
0.1311030388,-0.0031458919,-0.0030278100,-0.0045451638,0.0036988454,0.0034073642,0.0012908506
0.1410180330,-0.0031554883,-0.0030380471,-0.0035134072,0.0026201317,0.0044593792,0.0012913167
0.1510989666,-0.0002368277,-0.0030602796,-0.0034538026,0.0004443293,0.0086985994,0.0034175846
0.1611490250,-0.0005917137,-0.0008112921,-0.0051320312,-0.0027139392,0.0044406708,0.0055396580
0.1712499857,-0.0005629247,-0.0013087675,-0.0025589580,-0.0027032867,0.0033796674,0.0055391253
0.1813169718,-0.0025175994,-0.0014014974,-0.0008936042,-0.0059556998,0.0086559225,0.0055433866
0.1913959980,-0.0035498326,-0.0005856290,-0.0017320628,-0.0038427468,0.0107965712,0.0055439193
0.2013980150,-0.0006292050,-0.0007261916,-0.0017841572,-0.0059229694,0.0054655215,0.0044804518
0.2114440203,0.0003331715,-0.0025476499,0.0003714447,-0.0048345365,0.0033528360,0.0044791205
0.2214980125,0.0023120458,-0.0014692977,0.0032879000,-0.0058499714,-0.0019893984,0.0002297141
0.2315859795,0.0013418014,-0.0024217947,0.0013299470,-0.0015718704,-0.0030269662,-0.0018954884
0.2416540384,-0.0005814021,-0.0013667628,-0.0015428776,0.0017135656,-0.0115221832,-0.0072090277
0.2517609596,-0.0024809425,0.0015973762,-0.0028572197,0.0087198094,-0.0683934540,0.0490361340
0.2617909908,-0.0444503017,-0.0099872183,-0.0140951984,0.0140442401,-0.3675246835,0.3822894096
0.2718709707,0.0291771106,-0.0238509011,-0.0409772508,-0.0095846560,-0.4554007351,0.4438358545
0.2819399834,0.0458080582,-0.0023046269,-0.0236080997,0.0040088901,-0.1274750233,0.1074063703
0.2921099663,0.0184042864,0.0142296720,-0.0018024559,0.0165132303,0.0011953426,-0.0295046121
0.3020709753,-0.0138259120,0.0025521980,-0.0080465190,0.0121704396,0.0098058088,-0.0050782990
0.3121520281,0.0008751566,-0.0022619350,-0.0109744780,-0.0102365986,0.0096446872,0.0002363055
0.3222190142,-0.0011134332,-0.0003377780,-0.0089314692,-0.0156745613,0.0202279575,0.0034293022
0.3322739601,-0.0021589582,0.0004479156,-0.0068048951,-0.0156745613,0.0202279575,0.0034293022
0.3423949480,-0.0029998010,0.0032297687,-0.0063266871,-0.0146298809,0.0223668069,0.0044913045
0.3524520397,-0.0021431630,0.0039784326,-0.0040684454,-0.0135201430,0.0181321148,0.0044889078
0.3624839783,-0.0033959930,0.0035249160,-0.0008658881,-0.0113086523,0.0107085537,0.0023623733
0.3725600243,-0.0006543582,0.0036374347,0.0000220423,-0.0048648687,0.0064996937,-0.0008267619
0.3826040030,0.0003329927,0.0046396418,0.0009629016,0.0016093561,-0.0008845197,-0.0029564253
0.3926839828,-0.0006532853,0.0057221665,0.0030457263,0.0058773379,-0.0008541595,-0.0040192930
0.4027520418,0.0003533775,0.0038381831,0.0001416092,0.0102118719,-0.0071978755,-0.0061460263
0.4128080606,0.0033040459,0.0038823502,0.0020160561,0.0102235898,-0.0082450304,-0.0040229545
0.4229049683,0.0023319537,0.0019137427,0.0019280200,0.0080632074,-0.0061470596,-0.0050846906
0.4329530001,0.0033066089,0.0018554345,-0.0000711794,0.0091314018,-0.0061238902,-0.0029613520
0.4429990053,0.0033344442,0.0018218026,-0.0031558985,0.0059395484,-0.0072124563,-0.0029614852
0.4530769587,0.0052910261,0.0036751793,-0.0033175463,0.0027488153,-0.0083014229,-0.0029612193
0.4631140232,0.0062567405,0.0045152321,-0.0034770484,0.0048438981,-0.0040115369,0.0012880543
0.4732170105,0.0081950836,0.0043367757,-0.0036828036,0.0037666494,-0.0029529303,0.0023506556
0.4832609892,0.0091518573,0.0042077019,-0.0018090720,0.0026594931,0.0012879542,0.0034155871
0.4933990240,0.0081499629,0.0040621324,0.0000361090,0.0015822453,0.0023465608,0.0044781882
0.5037130117,0.0061862879,0.0059084012,-0.0010227079,0.0005239043,0.0012769019,0.0044772564
0.5135010481,0.0012728984,0.0058124377,-0.0010933394,0.0037796190,-0.0039863037,0.0065973988
0.5235160589,0.0002717788,0.0056778356,-0.0030734057,0.0049087722,-0.0103352126,0.0076548737
0.5336060524,-0.0046386905,0.0055197491,-0.0021997804,0.0038837213,-0.0145954704,0.0065912073
0.5439469814,-0.0076204129,0.0033730434,-0.0013171548,0.0049543120,-0.0145660434,0.0097770141
0.5537619591,-0.0096124001,0.0051040961,-0.0033607001,0.0038978364,-0.0156363677,0.0097767478
0.5638190508,-0.0106263943,0.0039157136,-0.0025065655,-0.0004323833,-0.0093013076,0.0108434092
0.5739289522,-0.0136131831,0.0026988850,-0.0026196952,0.0037849983,-0.0039313091,0.0150922164
0.5842390060,-0.0165946074,0.0013936773,-0.0085318796,-0.0036385097,-0.0082063489,0.0204013623
0.5940849781,-0.0166331716,-0.0009571447,-0.0193793885,-0.0067813061,-0.0134700853,0.0310175195
0.6040459871,-0.0166728683,-0.0053735808,-0.0371272080,-0.0237296335,-0.0251865983,0.0469431542
0.6140999794,-0.0235753246,-0.0129527729,-0.0608851425,-0.0631681234,-0.0285413824,0.0734964758
0.6245009899,-0.0373887010,-0.0304004978,-0.0817375928,-0.0986856669,0.0019888980,0.0841391906
0.6342649460,-0.0474425144,-0.0342701823,-0.0690546781,-0.1526796520,0.0652038157,0.0873698741
0.6443619728,-0.0418952294,-0.0177651029,-0.0626988560,-0.1692826003,0.1244871169,0.0884654969
0.6543730497,-0.0334375091,-0.0206701290,-0.0694168359,-0.1773447990,0.1826939583,0.0757550299
0.6646820307,-0.0338245220,-0.0224426221,-0.0736562759,-0.1714268476,0.2304116189,0.0630361065
0.6747770309,-0.0273815580,-0.0220656972,-0.0783721358,-0.1684161425,0.2483520061,0.0439319201
0.6866999865,-0.0170244165,-0.0165751409,-0.0739851743,-0.1524731070,0.2537010312,0.0290642250
0.6953779459,-0.0066892095,-0.0195481759,-0.0615563504,-0.1481273621,0.2451464236,0.0131318644
0.7056779861,-0.0031275337,-0.0221780222,-0.0470919125,-0.1597619653,0.2343636751,0.0025123761
0.7154829502,-0.0043874569,-0.0207698625,-0.0359183662,-0.1650496721,0.2289428115,-0.0081069786
0.7254400253,-0.0056464262,-0.0107813161,-0.0269015543,-0.1638823152,0.2182874382,-0.0166077223
0.7347710133,-0.0078715868,-0.0007255658,-0.0227477066,-0.1563192010,0.2087690383,-0.0219233930
0.7453459501,-0.0129813738,0.0112831164,-0.0283913128,-0.1295103878,0.1962761581,-0.0208738409
0.7549029589,-0.0141610689,0.0261401106,-0.0428485386,-0.0994129479,0.1753793955,-0.0113357287
0.7649840117,-0.0202787109,0.0388579071,-0.0525810830,-0.0779853165,0.1682702154,0.0088295937
0.7750600576,-0.0274117179,0.0396423489,-0.0653547198,-0.0854195207,0.1662699133,0.0374990553
0.7853889465,-0.0296961255,0.0352292061,-0.0822167546,-0.1162879542,0.1598703414,0.0736035258
0.7952409983,-0.0379605480,0.0264765788,-0.0973029286,-0.1634535939,0.1830931008,0.1182226613
0.8051099777,-0.0591069646,0.0297994185,-0.1064604670,-0.2269132733,0.2347802669,0.1564906836
0.8151700497,-0.0706750900,0.0306472946,-0.1162375361,-0.2872194946,0.2907199562,0.1915733069
0.8254680634,-0.0765544325,0.0280997772,-0.1275165826,-0.3540286124,0.3560973704,0.2181679010
0.8356339931,-0.0846566111,0.0212476123,-0.1293879300,-0.4124403298,0.4353427887,0.2447668910
0.8457390070,-0.0910496265,0.0179588217,-0.1237481385,-0.4591400325,0.5167434812,0.2607460618
0.8556339741,-0.0868666917,0.0184667278,-0.1125483066,-0.4855048060,0.5918856263,0.2660992742
0.8658200502,-0.0730657130,0.0237866808,-0.1036027223,-0.4914807081,0.6554924846,0.2650705576
0.8758219481,-0.0583459325,0.0262323786,-0.0973584205,-0.4769387841,0.6948316097,0.2576539218
0.8858029842,-0.0416938849,0.0248712767,-0.1016347557,-0.4384411573,0.6866166592,0.2480840534
0.8958599567,-0.0249739476,0.0294570494,-0.1186874062,-0.3719212413,0.6510650516,0.2395550162
0.9061009884,-0.0199266858,0.0333015770,-0.1399118453,-0.2763993740,0.5966180563,0.2235771120
0.9161520004,-0.0274523087,0.0511719733,-0.1614132077,-0.1542875767,0.5508718491,0.2044108808
0.9262340069,-0.0476262756,0.0946544558,-0.1821026355,-0.0633405298,0.5272126794,0.1969433129
0.9363030195,-0.0737216026,0.0916516632,-0.1977179796,0.0166499037,0.5333344936,0.2149766386
0.9465570450,-0.1097785980,0.0661526173,-0.2071027905,0.0536031798,0.5752748251,0.2510897815
0.9564369917,-0.1383583099,0.0685713738,-0.2030885965,0.0750243217,0.6765705943,0.2978540957
0.9665640593,-0.1556450278,0.0783005804,-0.1980309039,0.0589277707,0.7945580482,0.3510067165
0.9765540361,-0.1557797939,0.0748963803,-0.1976885349,0.0417506471,0.9135483503,0.3967278600
0.9869240522,-0.1594182998,0.0749912113,-0.1826146394,0.0116263032,1.0461782217,0.4360883236
0.9966679811,-0.1576957256,0.0863744467,-0.1675799042,-0.0203180462,1.1468901634,0.4648153186
1.0067579746,-0.1368796378,0.0701178163,-0.1556157023,-0.0841448605,1.2346318960,0.4999148250
1.0168540478,-0.1204199940,0.0621956736,-0.1432660967,-0.1370291114,1.2948116064,0.5243796706
1.0271070004,-0.1121236235,0.0812385231,-0.1395141035,-0.1255093515,1.3172361851,0.5307593942
1.0369590521,-0.1127938181,0.1334371418,-0.1464359909,-0.0422637165,1.3168883324,0.5286145210
1.0470119715,-0.1195421964,0.1870440394,-0.1385105997,0.1061279848,1.3118474483,0.5328196287
1.0571039915,-0.1138445288,0.2158956677,-0.1231189519,0.2884253561,1.3326709270,0.5529579520
1.0674309731,-0.1143819839,0.2364641279,-0.1031425744,0.4588853419,1.3640705347,0.5837233067
1.0772509575,-0.1212767512,0.2543718815,-0.0843168050,0.6250959039,1.3945109844,0.6357244253
1.0872859955,-0.1187652498,0.2540009916,-0.0834036022,0.7692859173,1.3865787983,0.6908988953
1.0974130630,-0.1185538918,0.2547671795,-0.0919682533,0.8953376412,1.3773802519,0.7386432886
1.1078000069,-0.1285572201,0.2470660955,-0.0778924972,0.9764397740,1.3805230856,0.7864043713
1.1175680161,-0.1283045560,0.2364989072,-0.0460302942,1.0136461258,1.3981784582,0.8405554891
1.1275830269,-0.1186910421,0.2200189680,-0.0266575329,1.0477135181,1.4093835354,0.8862108588
1.1377079487,-0.1144483238,0.2200185806,-0.0111134760,1.0528169870,1.4351987839,0.9329416156
1.1479820013,-0.0980027467,0.2092821151,0.0191815980,1.0527126789,1.4470858574,0.9658620954
1.1578129530,-0.1093661338,0.1877724975,0.0434957035,1.0173068047,1.4670896530,0.9892406464
1.1678340435,-0.1172372848,0.1835792214,0.0530809648,0.9659850597,1.4785203934,1.0211139917
1.1779199839,-0.0862758309,0.1791269332,0.0672429055,0.9194005132,1.4433256388,1.0561475754
1.1882909536,-0.0662934333,0.1792448014,0.0739970654,0.8920636773,1.4052339792,1.1092249155
1.1980810165,-0.0689625293,0.1878934056,0.0761989802,0.8818802834,1.3587058783,1.1474289894
1.2080980539,-0.0816185027,0.1906429082,0.0750587434,0.8917424679,1.3357309103,1.1909494400
1.2181880474,-0.0935712606,0.1914719790,0.0708380193,0.9174355865,1.3298239708,1.2270411253
1.2285220623,-0.1000450402,0.1935558468,0.0744357556,0.9525985718,1.3366785049,1.2546415329
1.2383099794,-0.1010462791,0.1969626099,0.0898297280,0.9962533712,1.3477884531,1.2726866007
1.2484149933,-0.1024394184,0.1862734407,0.1083293408,1.0343655348,1.3789911270,1.2875566483
1.2584400177,-0.0994249731,0.1837379783,0.1279828995,1.0553842783,1.4121516943,1.3003095388
1.2687940598,-0.0890309960,0.1708460301,0.1409600228,1.0754809380,1.4315289259,1.3162428141
1.2785849571,-0.0798728019,0.1593175679,0.1344461888,1.1257930994,1.4172167778,1.3321498632
1.2886370420,-0.0757338554,0.1590825766,0.1297046393,1.1826432943,1.3891402483,1.3438007832
1.2987229824,-0.0775058419,0.1606128663,0.1355136484,1.2534503937,1.3526687622,1.3511971235
1.3090280294,-0.0713524371,0.1648033410,0.1372117847,1.3127144575,1.2970097065,1.3607114553
1.3188500404,-0.0669827014,0.1648915559,0.1376673430,1.3772891760,1.2435061932,1.3681008816
1.3289090395,-0.0673132688,0.1521677524,0.1398379058,1.4438978434,1.1995364428,1.3701850176
1.3389790058,-0.0655129105,0.1412678212,0.1485974044,1.4966660738,1.1522411108,1.3690862656
1.3493330479,-0.0664189607,0.1310582906,0.1580242366,1.5290937424,1.1111208200,1.3658720255
1.3591099977,-0.0730339438,0.1116343588,0.1651921719,1.5260926485,1.0909061432,1.3616155386
1.3692020178,-0.0864400417,0.0934134275,0.1845816821,1.4857566357,1.0693383217,1.3626773357
1.3793220520,-0.0898757726,0.0878061801,0.1946878284,1.4391560555,1.0339357853,1.3658568859
1.3896080256,-0.0921809226,0.0919637829,0.1965104192,1.4266095161,1.0084085464,1.3732795715
1.3995410204,-0.0992513150,0.0905197114,0.1931267232,1.4375561476,0.9820944071,1.3913142681
1.4094469547,-0.0993587226,0.0845543295,0.1885357350,1.4516948462,0.9569114447,1.4157189131
1.4195450544,-0.1013791710,0.0789243728,0.1827370971,1.4667831659,0.9433804154,1.4358824492
1.4298629761,-0.1081333905,0.0707045346,0.1678790301,1.4831640720,0.9075415730,1.4507272243
1.4396530390,-0.1068332344,0.0571147352,0.1566903442,1.5112875700,0.8707180619,1.4613196850
1.4497350454,-0.1052319258,0.0421375185,0.1394024342,1.5468282700,0.8381291032,1.4602309465
1.4598059654,-0.1082496792,0.0258842874,0.1199626178,1.5768346786,0.8244447112,1.4368569851
1.4701559544,-0.1159769744,0.0053769811,0.1139573306,1.5897134542,0.8158878684,1.4092432261
1.4799920321,-0.1197081953,-0.0155662429,0.1204476207,1.5885802507,0.8210173845,1.3837629557
1.4899920225,-0.1291918904,-0.0285209846,0.1266199797,1.5597307682,0.8238366842,1.3667842150
1.5001189709,-0.1535490304,-0.0463368148,0.1490365714,1.4941257238,0.8742101192,1.3689495325
1.5104230642,-0.1647448689,-0.0620183200,0.1721381992,1.3344608545,0.9398677945,1.3998125792
1.5201389790,-0.1520834714,-0.0802605599,0.1850635260,1.1269643307,0.9882798195,1.4540412426
1.5302640200,-0.1330408007,-0.0847953707,0.1934032291,0.9176135659,1.0090860128,1.5082576275
1.5403640270,-0.1140183359,-0.0675933212,0.1893261522,0.7609912157,0.9845191240,1.5305829048
1.5507849455,-0.1016387492,-0.0192246269,0.1787229031,0.6748128533,0.9583273530,1.5348391533
1.5604649782,-0.0929147452,0.0182443429,0.1668203324,0.6686871052,0.9294858575,1.5135903358
1.5703940392,-0.0808647424,0.0202972461,0.1402394623,0.7288404107,0.8883445263,1.4700210094
1.5805699825,-0.0671748370,0.0178062487,0.1175429076,0.8650624752,0.8170200586,1.4147372246
1.5909529924,-0.0476461835,0.0180935133,0.0978533477,1.0303732157,0.7183471322,1.3573089838
1.6007440090,-0.0427472182,0.0250413287,0.0878566951,1.1676772833,0.6448268294,1.2892822027
1.6108829975,-0.0908714980,0.0364445895,0.0786599964,1.2918332815,0.6063398123,1.2414501905
1.6208809614,-0.1171465963,0.0316448957,0.0900662988,1.3699877262,0.5815353990,1.2382326126
1.6312340498,-0.1009604782,-0.0009180739,0.0839857906,1.3457456827,0.5516755581,1.2477796078
1.6410349607,-0.0883700699,-0.0117610227,0.0881242007,1.2232863903,0.5264014006,1.2785903215
1.6510590315,-0.0901045054,-0.0267418753,0.0955904573,1.0743128061,0.4838564098,1.2998422384
1.6611239910,-0.0777641684,-0.0341734439,0.0977538675,0.9689568281,0.4555137157,1.3253380060
1.6715099812,-0.0651894957,-0.0199109744,0.1044375151,0.9093059897,0.4455449581,1.3412767649
1.6812850237,-0.0574914850,-0.0049969987,0.1138518304,0.8889170885,0.4570873678,1.3487203121
1.6913920641,-0.0508362837,0.0099919010,0.1261051744,0.8865424991,0.4792205691,1.3285553455
1.7014520168,-0.0383045860,0.0331196040,0.1159499139,0.9483438134,0.4869596958,1.2935041189
1.7117750645,-0.0325034745,0.0521543622,0.1019032449,1.0038329363,0.4861600995,1.2595138550
1.7215900421,-0.0372679718,0.0534595698,0.0985497087,1.0551514626,0.4746664166,1.2180849314
1.7316030264,-0.0348130353,0.0542440563,0.0873121470,1.0681710243,0.4511589110,1.1755982637
1.7416809797,-0.0389168449,0.0552380532,0.0827377886,1.0619045496,0.4360827506,1.1501091719
1.7520179749,-0.0358884074,0.0435887128,0.0731839389,1.0482119322,0.4179106653,1.1479799747
1.7618470192,-0.0227711536,0.0309896562,0.0615522750,1.0569705963,0.3956764638,1.1437194347
1.7719550133,-0.0201715715,0.0361990333,0.0546146519,1.0901063681,0.3907025456,1.1500787735
1.7820490599,-0.0254099630,0.0369592160,0.0495453365,1.1198143959,0.4079257548,1.1479562521
1.7926080227,-0.0286129601,0.0487116501,0.0492074974,1.1220110655,0.4015718102,1.1468902826
1.8021529913,-0.0375435837,0.0572899207,0.0516165383,1.0463131666,0.3945993781,1.1554005146
1.8121850491,-0.0483368300,0.0355820432,0.0597107299,0.8904552460,0.3996874690,1.1681842804
1.8222540617,-0.0619330294,0.0066065653,0.0529827364,0.7636193037,0.3837657571,1.1745793819
1.8325890303,-0.0617051683,0.0271831993,0.0704030246,0.6675237417,0.3882178962,1.1724824905
1.8423789740,-0.0724036768,0.0412203409,0.0623896010,0.6231828928,0.4461562932,1.1672136784
1.8524440527,-0.0847312659,0.0443763845,0.0631411523,0.6096826792,0.5149677992,1.1608810425
1.8624869585,-0.0791908130,0.0494929105,0.0659244508,0.6076610684,0.6105041504,1.1694236994
1.8728460073,-0.0942063406,0.0536829978,0.0647360533,0.6023353934,0.7154573202,1.1620452404
1.8826390505,-0.0925079957,0.0617316216,0.0704051107,0.5759248137,0.7948019505,1.1610296965
1.8927110434,-0.0728232563,0.0530433021,0.0770937055,0.5380536914,0.8464647532,1.1610653400
1.9028079510,-0.0544151403,0.0440200791,0.0720010251,0.5047729611,0.8663694859,1.1663926840
1.9131330252,-0.0330247059,0.0319796577,0.0619342811,0.4964323640,0.8472805619,1.1791262627
1.9229220152,-0.0160709694,0.0308427196,0.0517270453,0.5247854590,0.7882521152,1.2013874054
1.9329769611,-0.0100791231,0.0311277378,0.0433061607,0.5704787970,0.7028264403,1.2204461098
1.9430530071,-0.0060108081,0.0292264391,0.0445237048,0.6419564486,0.5995048285,1.2267471552
1.9542299509,-0.0078425845,0.0407022536,0.0641324371,0.6875327826,0.5245434642,1.2235134840
1.9844059944,-0.0148858819,0.0409776941,0.0661124438,0.7348427773,0.4888033569,1.2118039131
1.9844870567,-0.0274230689,0.0378272422,0.0816373676,0.7586064935,0.4591834843,1.1937315464
1.9845149517,-0.0298024658,0.0230998751,0.0864327401,0.7406447530,0.4397677183,1.1693049669
1.9936890602,-0.0367868841,-0.0046427236,0.0872733444,0.6800317764,0.4167954326,1.1448882818
2.0035529137,-0.0365740657,-0.0153807383,0.0822053999,0.6418873072,0.3888114691,1.1353278160
2.0135350227,-0.0212265216,-0.0178017896,0.0839704722,0.5837115645,0.3362760544,1.1300061941
2.0233378410,-0.0102679748,-0.0167179797,0.0807975978,0.5701637864,0.3031945229,1.1193751097
2.0371661186,-0.0075786896,0.0010100544,0.0687488168,0.6027113199,0.2504378557,1.1214641333
2.0436539650,-0.0100690480,0.0307514723,0.0663587302,0.6247633696,0.1794816554,1.1129287481
2.0536098480,-0.0344371498,0.0392164290,0.0629245490,0.6240771413,0.1424695104,1.1330838203
2.0637321472,-0.0289703980,0.0173094440,0.0625579804,0.5743598938,0.1009431109,1.1776713133
2.0739760399,-0.0300039761,-0.0052400366,0.0514808185,0.4954515994,0.0973523036,1.2212252617
2.0837299824,-0.0524613895,-0.0042796717,0.0500381477,0.4272469878,0.0883508176,1.2339795828
2.0938999653,-0.0553395115,0.0011535153,0.0564687736,0.3992825747,0.1104447991,1.2424923182
2.1039960384,-0.0692430735,0.0062335744,0.0502045043,0.3710653186,0.1568450481,1.2361518145
2.1143021584,-0.0864784345,-0.0064858408,0.0351801403,0.3439559639,0.1990041584,1.2287466526
2.1240720749,-0.0903686658,0.0039165183,0.0338156708,0.3041185439,0.2336446941,1.2245268822
2.1341760159,-0.0926484466,-0.0038551672,0.0451978333,0.2034562528,0.2665610313,1.2001478672
2.1441850662,-0.1022200286,-0.0243397038,0.0557055362,0.1037147343,0.3131900430,1.1619716883
2.1545171738,-0.1033839807,-0.0191914272,0.0642751306,0.0809114724,0.3498949111,1.1258937120
2.1643860340,-0.0842840970,-0.0180640053,0.0563715585,0.0817772672,0.3676781952,1.0855540037
2.1743879318,-0.0857817680,-0.0208620708,0.0415630229,0.0829083920,0.3589011431,1.0398926735
2.1845021248,-0.0802389085,-0.0213858914,0.0267346986,0.1430090070,0.3218794763,0.9772127271
2.1948251724,-0.0714513585,-0.0142549407,0.0235244520,0.2426102608,0.2830253839,0.9060274363
2.2047810555,-0.0790726840,-0.0088968854,0.0357090123,0.3644360304,0.2623485923,0.8263512254
2.2148330212,-0.0816913396,-0.0121377688,0.0468194969,0.4658942223,0.2510921955,0.7541175485
2.2248950005,-0.0822383165,-0.0301491451,0.0500591882,0.5269058943,0.2300433666,0.6988779902
2.2352440357,-0.0825759023,-0.0585427731,0.0483811982,0.5399583578,0.2033453733,0.6553284526
2.2451219559,-0.0806179047,-0.0858144760,0.0418105610,0.5638597012,0.1598900408,0.6308793426
2.2551951408,-0.0731761828,-0.0962218791,0.0526955612,0.5955430269,0.0857652873,0.6117220521
2.2651710510,-0.0690370128,-0.0966279656,0.0742164105,0.6238273978,0.0306415819,0.5819569826
2.2754969597,-0.0641493201,-0.1007356495,0.0986479968,0.6464269161,0.0093694497,0.5437144041
2.2853651047,-0.0649708956,-0.0816479474,0.1102983207,0.6208248734,0.0056649921,0.4980616570
2.2953720093,-0.0735602379,-0.0698599964,0.1112701148,0.5674724579,0.0028269950,0.4598496854
2.3053951263,-0.0547876842,-0.0761511326,0.1182938665,0.4757201672,-0.0013030353,0.4375731349
2.3158578873,-0.0447051041,-0.0813971758,0.1088211983,0.3690779507,-0.0097105689,0.4301633835
2.3255748749,-0.0407610200,-0.0647123903,0.0956162065,0.2262355685,-0.0257651694,0.4376242161
2.3356480598,-0.0268295892,-0.0687633604,0.0817487687,0.1198380515,-0.0585400909,0.4355101287
2.3456978798,-0.0262163915,-0.0394155830,0.0630127639,0.0988086611,-0.0906397104,0.4227578640
2.3560609818,-0.0273356028,-0.0024025573,0.0452456363,0.0947293937,-0.1110021025,0.3972654343
2.3658599854,-0.0331853814,0.0132373739,0.0294477828,0.1045551300,-0.1344264597,0.3717680573
2.3759031296,-0.0309519656,0.0269879866,0.0244077928,0.1039222777,-0.1791711003,0.3452009559
2.3860299587,-0.0233985074,0.0203150082,0.0135890134,0.1065391004,-0.2280555516,0.3303106725
2.3963398933,-0.0104765482,0.0166727025,0.0212884434,0.1177733317,-0.2843016684,0.3143550158
2.4063429832,-0.0019475778,0.0121908952,0.0357724316,0.1375201344,-0.3383073509,0.3047668338
2.4161381721,0.0099217482,0.0099428315,0.0482374318,0.1677318215,-0.3720878363,0.2909382582
2.4262959957,0.0112360977,-0.0009064063,0.0645514578,0.1688160002,-0.3742559254,0.2824425101
2.4366130829,0.0064638816,-0.0206050407,0.0788884014,0.1577406824,-0.3339885771,0.2888353467
2.4464659691,0.0099025927,-0.0318756551,0.0971932262,0.1025059298,-0.2526489794,0.3069405854
2.4564771652,0.0056676753,-0.0572955757,0.1078049988,0.0471184626,-0.1553470641,0.3324876130
2.4665451050,0.0035952369,-0.0651308745,0.0892973393,-0.0582500361,-0.0765675679,0.3506043255
2.4768810272,0.0077648126,-0.0766784251,0.0468030460,-0.2710255682,-0.0358504243,0.3708525300
2.4867210388,0.0067113973,-0.1136300266,0.0300853737,-0.4920894802,-0.0219756234,0.3539268076
2.4967250824,-0.0053539909,-0.0910937786,0.0261729248,-0.6394713521,-0.0139966607,0.3104343116
2.5068020821,-0.0127149336,-0.0529565662,0.0097224005,-0.6994095445,-0.0000523482,0.2509957552
2.5171570778,-0.0223305486,-0.0322821289,-0.0086987726,-0.6826925278,0.0326488726,0.1989794374
2.5269298553,-0.0196067877,-0.0176968705,-0.0272252075,-0.5985379219,0.0458472334,0.1575544775
2.5369858742,-0.0159869157,0.0031416581,-0.0421192758,-0.4832855463,0.0444255695,0.1108070239
2.5470371246,-0.0104137100,0.0272568483,-0.0523782484,-0.3561720550,0.0303691402,0.0629867688
2.5574190617,-0.0017694195,0.0420853943,-0.0530827157,-0.2299375832,-0.0027720351,0.0183407404
2.5671868324,-0.0008992066,0.0577323884,-0.0404567234,-0.0880190656,-0.0016569691,-0.0008071212
2.5772690773,-0.0038391461,0.0609854907,-0.0221613757,0.0443334654,-0.0025759600,0.0065926714
2.5873370171,0.0087909214,0.0511273742,-0.0067892191,0.1089409590,0.0492323749,0.0543830991
2.5976848602,0.0103828721,0.0234818030,0.0066738608,0.0646744967,0.1033422798,0.1128202379
2.6074910164,0.0155803077,0.0113845039,-0.0060252068,0.0173725002,0.1403857917,0.1616935134
2.6175529957,0.0185500346,0.0317498296,-0.0196964256,0.0117986100,0.1660247147,0.1956854165
2.6275901794,0.0222704075,0.0508109480,-0.0294064395,0.0191422775,0.1800422519,0.2201119363
2.6379439831,0.0180204846,0.0513986647,-0.0547061078,0.0414999947,0.1855994612,0.2286023647
2.6478099823,0.0168687440,0.0471142083,-0.0819289833,0.0290449224,0.1504606605,0.2264643759
2.6577999592,0.0199757032,0.0282073785,-0.0876614004,0.0006186860,0.1108266339,0.2073400170
2.6678681374,0.0144865029,0.0276761074,-0.0875934511,-0.0257090554,0.0743671581,0.1839689165
2.6782360077,0.0128921010,0.0224630702,-0.0758301169,-0.0185129847,0.1008747965,0.1712383330
2.6880159378,-0.0028111448,0.0515698045,-0.0671745092,0.0141312461,0.1446648836,0.1712519228
2.6980528831,0.0035331885,0.0516435653,-0.0574255697,0.0307831392,0.1872954369,0.1776400506
2.7081561089,0.0057668202,0.0440666229,-0.0671852976,0.0851784721,0.1910022944,0.1850606799
2.7184970379,0.0150612779,0.0749972314,-0.0790584236,0.1505812109,0.1607808173,0.1818437874
2.7283060551,0.0247108601,0.0735809356,-0.0744001418,0.2065821588,0.1103234887,0.1796807647
2.7383561134,0.0359313376,0.0708733797,-0.0483976118,0.2607871592,0.0258323122,0.1679458022
2.7484359741,0.0477842726,0.0699476004,-0.0117948763,0.3561621606,-0.0125121474,0.1806440204
2.7587471008,0.0501277186,0.0611005723,0.0148740895,0.4255979359,-0.0169548988,0.2199105471
2.7686150074,0.0556228347,0.0410473645,0.0210357197,0.5035233498,-0.0171485115,0.2485592365
2.7787461281,0.0505671911,0.0456423908,-0.0032060260,0.5155180097,-0.0412538461,0.2782731652
2.7886838913,0.0546205007,0.0024147497,-0.0214306824,0.4635610580,-0.0733744949,0.3037534952
2.7990210056,0.0412231721,-0.0074422793,-0.0085101239,0.4189339578,-0.0917216837,0.3164989948
2.8088388443,0.0326497592,-0.0051802830,0.0054707411,0.3632589877,-0.0730113760,0.3313876688
2.8188860416,0.0179168098,-0.0280228686,0.0127866156,0.2788266242,-0.0622004755,0.3123012483
2.8289399147,0.0019804502,-0.0645354241,0.0096133836,0.1731068641,-0.0568888001,0.2921565771
2.8393020630,-0.0132139660,-0.0817818046,0.0115062483,0.0224391110,-0.0380866155,0.2858344913
2.8490900993,-0.0151231475,-0.1006487608,0.0235026963,-0.1912460029,-0.0145352175,0.2784679234
2.8591308594,-0.0258067884,-0.1156815439,0.0290205963,-0.3887676299,-0.0079431608,0.2519748807
2.8691878319,-0.0306783877,-0.1010282040,0.0328073390,-0.5596051216,-0.0010988375,0.2286620885
2.8795800209,-0.0306143649,-0.0962757766,0.0348602422,-0.6501978636,-0.0147958081,0.2021328062
2.8893508911,-0.0293329693,-0.0674638748,0.0212851055,-0.6136390567,-0.0444708802,0.1585749388
2.8994410038,-0.0324342363,-0.0315310806,0.0074091437,-0.4688503146,-0.1177533492,0.1170919538
2.9095380306,-0.0299401991,0.0127334464,0.0301419981,-0.2218530178,-0.1667983830,0.0755945817
2.9198839664,-0.0419336446,0.0518947691,0.0650589913,0.0372852199,-0.1487982273,0.0479308553
2.9296078682,-0.0474477671,0.0488206595,0.0743150562,0.2737206519,-0.1012235060,0.0298439991
2.9396681786,-0.0511853881,0.0561959445,0.0540252812,0.4005732834,-0.0862795785,0.0361899137
2.9498569965,-0.0460611917,0.0262597520,0.0259092338,0.4701023102,-0.1015125886,0.0478444397
2.9602670670,-0.0387814306,0.0552260578,0.0131347664,0.5354853272,-0.1296411008,0.0403827280
2.9700999260,-0.0411345176,0.0757659674,0.0207232125,0.5932801962,-0.1461207420,0.0392980203
2.9799540043,-0.0422724970,0.0895483643,0.0214341767,0.5977777839,-0.1682526022,0.0562734753
2.9900259972,-0.0305696093,0.0558271855,0.0312239416,0.4687079489,-0.1722934097,0.0977143869
3.0003869534,-0.0227397643,0.0005557702,0.0472912081,0.2230303735,-0.1475736946,0.1498180628
3.0102000237,-0.0257297866,0.0002137289,0.0480960496,-0.0044331439,-0.1313142926,0.1817379147
3.0203051567,-0.0208247937,0.0183288325,0.0239316113,-0.1506051570,-0.1346504390,0.1913290322
3.0303158760,-0.0080013163,0.0394415706,-0.0107450001,-0.2102503777,-0.1468849927,0.1849672794
3.0406589508,-0.0020747369,0.0583968610,-0.0249382965,-0.1813798398,-0.1530755162,0.1732770652
3.0504300594,0.0039076470,0.0702039748,-0.0304793827,-0.0766712874,-0.1660658866,0.1562552005
3.0604879856,0.0138049684,0.0822831541,-0.0284573548,0.0652478039,-0.1649510264,0.1371075362
3.0705080032,0.0169031136,0.0852076411,-0.0296847336,0.1956958175,-0.1904428005,0.1211346984
3.0809321404,0.0307136588,0.0712478161,-0.0175137632,0.2883760333,-0.1737167388,0.1211194471
3.0907511711,0.0305016898,0.0480936915,0.0042716148,0.3049685955,-0.1246506721,0.1381285340
3.1008701324,0.0279194973,0.0120119024,0.0076143029,0.2874364257,-0.0779629275,0.1615154743
3.1108989716,0.0317812152,-0.0032859577,-0.0113587491,0.2561733127,-0.0451621041,0.1891465783
3.1211838722,0.0364800580,0.0002824531,-0.0204953067,0.2103227973,-0.0486904569,0.1976507753
3.1309990883,0.0382451974,-0.0104878824,-0.0177529566,0.1399679482,-0.0567188226,0.1997882277
3.1410670280,0.0379879959,-0.0289163422,-0.0148218386,0.0555919483,-0.0500430092,0.1976903826
3.1511230469,0.0267626159,-0.0511777252,-0.0029579515,-0.0471293703,-0.0233517457,0.1977297962
3.1615338326,0.0258555599,-0.0726078749,0.0052999146,-0.2108765692,0.0230018366,0.2031036019
3.1712608337,0.0215190910,-0.0956426710,0.0197546966,-0.4333820641,0.0751811489,0.2042479664
3.1813230515,0.0186457150,-0.1156351417,0.0296973474,-0.6420586109,0.1316762567,0.1979593039
3.1914410591,0.0015229846,-0.0982535928,0.0329779275,-0.7610276341,0.1802871972,0.1640362144
3.2017698288,-0.0120929144,-0.0689280778,0.0139043219,-0.7782560587,0.1926021278,0.1226345226
3.2116131783,0.0007292295,-0.0438775569,-0.0003607387,-0.6724649072,0.1762234271,0.0726949275
3.2215809822,-0.0100296549,-0.0006647243,-0.0043550245,-0.5156623125,0.1815326959,0.0259388722
3.2316708565,-0.0117786713,0.0162194539,0.0011263376,-0.3381546736,0.1446346045,-0.0123493951
3.2420091629,-0.0036134755,0.0441928655,0.0101151355,-0.0970164686,0.1486752182,-0.0410761796
3.2517819405,-0.0110896863,0.0647998005,0.0040405281,0.1047374234,0.1429060102,-0.0570572764
3.2618918419,-0.0057250969,0.0560395569,-0.0051644561,0.2351274639,0.1238848418,-0.0571006201
3.2719600201,-0.0009436270,0.0434832722,-0.0009145851,0.3645562828,0.0954084545,-0.0412207246
3.2822539806,0.0042369924,0.0629583150,-0.0037421102,0.5110630393,0.0659515038,-0.0359641761
3.2920930386,-0.0020928045,0.0767707676,-0.0136754625,0.6715334058,0.0269830637,-0.0434569791
3.3021550179,0.0077396147,0.0871181786,-0.0209372155,0.8556520343,-0.0287780687,-0.0541486405
3.3122200966,0.0102970935,0.0892531425,-0.0295710079,1.0067329407,-0.0890296921,-0.0584642924
3.3225159645,0.0104002543,0.0708438605,-0.0267415158,1.0745903254,-0.1510487199,-0.0595741645
3.3323659897,0.0090956725,0.0561043918,-0.0161908977,1.0195316076,-0.1938973814,-0.0479017943
3.3424091339,0.0129174031,0.0187391806,0.0063062790,0.7977898121,-0.2169167548,-0.0266220067
3.3524789810,0.0090115406,-0.0399764329,0.0323783644,0.4145829976,-0.2072678506,0.0138284806
3.3628339767,-0.0000340005,-0.1032267660,0.0575526841,-0.0639411062,-0.1633602530,0.0660010725
3.3725991249,-0.0053813495,-0.1289656907,0.0708016008,-0.4135558307,-0.0982685983,0.1022235304
3.3825149536,-0.0153214820,-0.0859500319,0.0592975505,-0.7047165632,-0.0093706828,0.1310104281
3.3925650120,-0.0151979662,-0.0978350490,0.0260520466,-0.8729939461,0.0635330901,0.1459547579
3.4028620720,-0.0175942965,-0.0532503575,-0.0149902813,-0.8809640408,0.1121424362,0.1258068830
3.4130649567,-0.0147184469,-0.0121890139,-0.0278499238,-0.7820367217,0.1424816996,0.0896960124
3.4229719639,-0.0151829533,0.0159196425,-0.0401281230,-0.6062199473,0.1670648009,0.0440054908
3.4330470562,-0.0099336691,0.0356663615,-0.0596846454,-0.3863605857,0.1633891165,-0.0006477309
3.4432611465,-0.0006338020,0.0405149311,-0.0680169016,-0.1630234271,0.1333122998,-0.0304489005
3.4531431198,0.0109258033,0.0438402891,-0.0631553680,0.0443840921,0.0957388207,-0.0496327169
3.4632279873,0.0159403868,0.0451329648,-0.0545956604,0.1974498779,0.0492102727,-0.0677468106
3.4732909203,0.0173987560,0.0252481420,-0.0355158560,0.2810577154,0.0127883498,-0.0699098259
3.4835669994,0.0200981908,0.0205623675,-0.0088135116,0.3154722452,-0.0134740807,-0.0752396733
3.4933979511,0.0144124590,0.0170130003,0.0100171454,0.3135787547,-0.0379511937,-0.0837458074
3.5034861565,0.0138464905,0.0160751212,0.0181774981,0.3159565628,-0.0623422228,-0.0848207325
3.5135660172,0.0145550333,0.0237340648,0.0117112882,0.3259138465,-0.0972506702,-0.0816552937
3.5238108635,0.0096518062,0.0313135982,0.0052320245,0.3262655735,-0.1322638392,-0.0816728100
3.5337300301,0.0049101897,0.0389895290,0.0065072663,0.3478307724,-0.1543723494,-0.0838129222
3.5437278748,0.0002569968,0.0556327850,0.0135682113,0.3649965525,-0.1638063192,-0.0891315266
3.5538849831,-0.0043237098,0.0589148551,0.0176460035,0.3715026677,-0.1744019687,-0.0955092609
3.5641000271,-0.0020308231,0.0584289283,0.0178366192,0.3746984899,-0.1732863784,-0.0912612528
3.5739190578,-0.0037588661,0.0570057184,0.0296859629,0.3659441471,-0.1509967893,-0.0785063133
3.5840468407,-0.0067368038,0.0545446128,0.0425239094,0.3570368886,-0.1138304472,-0.0625604317
3.5940840244,-0.0050112568,0.0547860563,0.0427306183,0.3451498747,-0.0978725180,-0.0402516648
3.6045298576,0.0015245790,0.0363743603,0.0469446070,0.3139950037,-0.0756965801,-0.0147485035
3.6142001152,0.0009496922,0.0223206002,0.0551420338,0.2281149924,-0.0230943523,0.0309569351
3.6242730618,-0.0018925329,-0.0023677929,0.0577171929,0.1668493599,0.0222540218,0.0702813640
3.6343610287,-0.0010937636,0.0062740608,0.0438596494,0.0693321303,0.0640744418,0.1053663790
3.6447348595,-0.0015342047,-0.0329068452,0.0323251970,-0.0578525811,0.0843643323,0.1330165863
3.6545081139,0.0038897509,-0.0301858764,0.0238615759,-0.1121967882,0.0765242502,0.1425826550
3.6645350456,0.0094809122,-0.0071972446,0.0192917474,-0.1024483889,0.0617202744,0.1372630000
3.6745991707,0.0083402358,0.0024610625,0.0107539780,-0.0564105920,0.0460952371,0.1202547178
3.6850140095,0.0034653062,0.0048922612,-0.0028110261,-0.0112479609,0.0113556348,0.1021755859
3.6947569847,0.0037644247,-0.0020058288,-0.0105865113,0.0029645320,-0.0236886349,0.0787948966
3.7048380375,0.0033599476,-0.0097690355,-0.0076605193,-0.0105467504,-0.0611186996,0.0522353239
3.7149028778,0.0021521638,-0.0176526438,-0.0017930383,-0.0200763419,-0.0698290989,0.0309974141
3.7252349854,-0.0040599220,-0.0176518392,0.0078971870,-0.0234983955,-0.0487409905,0.0150819635
3.7350399494,-0.0125147142,-0.0168502461,0.0010700708,-0.0408116058,-0.0256103724,0.0055417218
3.7450690269,-0.0093677454,-0.0202331375,-0.0124442093,-0.0590295158,-0.0183623806,0.0023643710
3.7551560402,-0.0092334785,-0.0190686714,-0.0191011541,-0.0962778181,-0.0293678939,-0.0082496572
3.7654991150,-0.0021326875,-0.0112068783,-0.0198588483,-0.0802440196,-0.0324946456,-0.0209964123
3.7752649784,-0.0088523813,-0.0041162209,-0.0138957016,-0.0654560179,-0.0175447222,-0.0263016950
3.7854030132,-0.0138033889,-0.0035699739,-0.0196572654,-0.0305635221,0.0145941060,-0.0262956377
3.7954320908,-0.0112520941,-0.0017803445,-0.0234997384,-0.0288063660,0.0528919585,-0.0135353664
3.8057310581,-0.0120773204,-0.0097658467,-0.0234090202,-0.0433107428,0.1165279225,0.0013652859
3.8155879974,-0.0133263506,0.0035883950,-0.0291862600,-0.0287507065,0.1549030095,0.0088133486
3.8256459236,-0.0069929101,0.0082862098,-0.0378540866,-0.0214539394,0.1730664968,0.0183778908
3.8357038498,0.0041043796,0.0032487081,-0.0386943333,-0.0343835838,0.1857351512,0.0258200951
3.8460378647,0.0013444612,0.0020260082,-0.0307844393,-0.0248282980,0.1899941564,0.0152014736
3.8558230400,0.0074552037,0.0116572846,-0.0326579921,0.0008419128,0.1837895215,0.0056356648
3.8658900261,0.0146170817,0.0117298532,-0.0296771638,0.0105786426,0.1700184494,-0.0039302763
3.8759689331,0.0170436986,0.0050254627,-0.0257439725,0.0086451881,0.1498199701,-0.0071252706
3.8864109516,0.0205553584,0.0003520862,-0.0169630758,0.0194264892,0.1381664425,-0.0188140832
3.8961029053,0.0174229555,0.0053914650,-0.0140674226,0.0239970051,0.1073446125,-0.0326340273
3.9061260223,0.0185306109,-0.0012364670,-0.0140792839,0.0234233346,0.0573568828,-0.0496471673
3.9163560867,0.0181887411,0.0028449760,-0.0209424607,0.0293848217,-0.0064298194,-0.0762255117
3.9265699387,0.0115539394,0.0032449828,-0.0191186778,0.0556946695,-0.0763232782,-0.0900695547
3.9364161491,0.0173078962,0.0117544699,-0.0017657990,0.0969667435,-0.1481588632,-0.0964867100
3.9463911057,0.0076564960,0.0116679389,0.0252576955,0.0734158456,-0.1408730447,-0.0869224370
3.9565091133,-0.0080117993,-0.0091968160,0.0416809805,0.0337531269,-0.1219536886,-0.0614197366
3.9668321609,-0.0120187663,-0.0109834205,0.0328301080,0.0079258420,-0.0986141413,-0.0274235513
3.9766459465,-0.0154154710,0.0053463145,0.0367110856,-0.0374565534,-0.0415521897,-0.0029621508
3.9867038727,-0.0300007574,0.0154441465,0.0182540305,-0.0602465309,-0.0035173872,0.0023718276
3.9967520237,-0.0262142010,0.0361285508,-0.0050007221,-0.0561665632,0.0156595036,0.0087511642
4.0071392059,-0.0225030147,0.0363782495,-0.0243061893,-0.0690419078,0.0230441168,0.0193759128
4.0168991089,-0.0199100934,0.0336886495,-0.0299553387,-0.0649411753,0.0400920734,0.0246923808
4.0269689560,-0.0203561299,0.0505667776,-0.0337378494,-0.0544261076,0.0561417490,0.0310686529
4.0370230675,-0.0139477514,0.0462839752,-0.0404294245,-0.0470084064,0.0615258627,0.0331930593
4.0474200249,-0.0056255944,0.0498467535,-0.0373974554,-0.0427821055,0.0657998994,0.0321326517
4.0571947098,-0.0011993756,0.0486374497,-0.0295105688,-0.0224512666,0.0606996827,0.0363721400
4.0674009323,0.0082935505,0.0524466634,-0.0187366121,0.0086298212,0.0471357368,0.0299863443
4.0773677826,0.0169454627,0.0495940596,-0.0109136812,0.0387523025,0.0229659528,0.0257194284
4.0877108574,0.0247559287,0.0335174650,0.0007511859,0.0847654939,0.0117492508,0.0341983996
4.0974340439,0.0277026631,0.0188053716,0.0269098170,0.1039716750,0.0130888205,0.0511829779
4.1076569557,0.0287768655,0.0019812749,0.0375298150,0.0869831368,0.0045226961,0.0617991984
4.1176781654,0.0299723409,-0.0170014035,0.0394000299,0.0689655170,-0.0072237076,0.0745394975
4.1279120445,0.0293393619,-0.0196010303,0.0334707387,0.0636869445,-0.0125482334,0.0787859708
4.1377897263,0.0180020593,-0.0280989241,0.0265612490,0.0552910641,-0.0263812225,0.0840901881
4.1477971077,0.0233074538,-0.0308083426,0.0226245411,0.0489608124,-0.0339132436,0.0766560510
4.1578531265,0.0140050836,-0.0326635689,0.0089092739,0.0415894464,-0.0446923859,0.0607255474
4.1681699753,0.0096247308,-0.0286090802,-0.0028699154,0.0395847820,-0.0586147271,0.0437301844
4.1779947281,0.0023465122,-0.0235186946,-0.0107697360,0.0311393645,-0.0694932044,0.0139965266
4.1880598068,-0.0039461218,-0.0183029454,-0.0148059241,0.0365112275,-0.0749233887,-0.0125538586
4.1981668472,-0.0044128187,-0.0119748246,-0.0198242776,0.0418468714,-0.0760762691,-0.0337917693
4.2084932327,-0.0118102841,-0.0104954075,-0.0170564763,0.0322266519,-0.0763465166,-0.0624586381
4.2183489799,-0.0152583309,-0.0051915781,-0.0152506344,0.0236427523,-0.0722324699,-0.0709487870
4.2283048630,-0.0198953636,0.0059263571,-0.0027330632,0.0191700011,-0.0521669462,-0.0794311538
4.2383971214,-0.0237310119,0.0102461446,0.0107819326,0.0231647417,-0.0245020315,-0.0730475634
4.2487368584,-0.0249430053,0.0145569462,0.0184705146,0.0280761421,0.0191835314,-0.0517903455
4.2585039139,-0.0234521888,0.0128901917,0.0184311755,0.0053180996,0.0552419350,-0.0241597816
4.2685999870,-0.0221661367,0.0138145853,0.0028663760,-0.0130507061,0.0785654336,-0.0029088878
4.2786769867,-0.0140983723,0.0272983778,-0.0068431613,-0.0120485602,0.0861264095,0.0162070170
4.2891378403,-0.0099370144,0.0408443063,-0.0077878353,-0.0003161365,0.0873380825,0.0236375667
4.2988071442,-0.0086933188,0.0487560779,-0.0068432209,0.0274238810,0.0887106732,0.0342491977
4.3088788986,0.0024255777,0.0442554057,-0.0058941361,0.0489024632,0.0762688518,0.0501645841
4.3190202713,0.0059683658,0.0389269888,-0.0108533613,0.0673152953,0.0499714687,0.0607647635
4.3292589188,0.0147484206,0.0327230096,-0.0119269602,0.0655225590,0.0159791484,0.0575636439
4.3394141197,0.0130811222,0.0246263910,-0.0101233833,0.0776407421,-0.0221629106,0.0501089245
4.3491392136,0.0116754882,0.0195417274,-0.0073884246,0.0906981081,-0.0475351103,0.0469067395
4.3591771126,0.0094697140,0.0017794982,-0.0036556239,0.0812303126,-0.0614397414,0.0426550023
4.3695468903,0.0013278837,-0.0122585576,0.0108259209,0.0619555488,-0.0552619435,0.0394772515
4.3793301582,-0.0020655131,-0.0148847383,0.0195080526,0.0414420143,-0.0321454369,0.0320614129
4.3893852234,-0.0086809509,-0.0216705929,0.0165494569,0.0123835467,-0.0080292486,0.0267724413
4.3994712830,-0.0067433007,-0.0188883226,0.0107350834,0.0078955879,0.0130704446,0.0140425321
4.4097681046,-0.0049968027,-0.0053575025,0.0000223403,0.0195821784,0.0172922201,-0.0050705755
4.4196710587,-0.0013169309,-0.0003278538,-0.0107314102,0.0420062616,0.0152759412,-0.0188806634
4.4296689034,-0.0016955321,-0.0008962288,-0.0088867061,0.0577702299,0.0398181006,-0.0188716743
4.4397087097,-0.0082070939,-0.0071666078,-0.0012017603,0.0425380133,0.0694718733,-0.0071732081
4.4500908852,-0.0051461272,-0.0107257497,-0.0051424620,0.0091441572,0.1011102200,0.0077159931
4.4598569870,-0.0032303517,-0.0048164413,-0.0061190245,-0.0123422258,0.1158470884,0.0183467995
4.4699358940,0.0016121308,0.0067000552,-0.0099741928,-0.0337049067,0.1178107038,0.0226000678
4.4800148010,0.0055595748,0.0103891362,-0.0138017051,-0.0207225289,0.1010295972,0.0353299789
4.4903960228,0.0146192424,0.0248573739,-0.0156974308,-0.0055264514,0.0757313594,0.0406217426
4.5003409386,0.0121790282,0.0258384813,-0.0137528293,0.0128778564,0.0505226813,0.0554696657
4.5102238655,0.0217899121,0.0337969512,-0.0108494274,0.0260140039,0.0177432932,0.0554500930
4.5202617645,0.0160015486,0.0370705575,-0.0012288208,0.0347869918,-0.0055034398,0.0586216487
4.5306558609,0.0202362947,0.0316651613,0.0016239767,0.0413592458,-0.0224161092,0.0596727990
4.5404181480,0.0109184720,0.0359648615,0.0034214740,0.0414977297,-0.0362091549,0.0596658774
4.5504531860,0.0085663609,0.0227377433,0.0003967767,0.0545384809,-0.0594681390,0.0554048195
4.5605320930,0.0092874505,0.0204188693,-0.0007268901,0.0812545195,-0.0635414422,0.0458398089
4.5709300041,-0.0010122617,0.0066670789,0.0107527263,0.1065502018,-0.0326103568,0.0362920426
4.5807218552,-0.0095650367,-0.0040876404,0.0104998238,0.1064197123,-0.0199129395,0.0309894253
4.5907430649,-0.0125130601,-0.0237780046,0.0191271193,0.0622946210,0.0168328919,0.0299573820
4.6008968353,-0.0207971744,-0.0411603600,0.0259486325,-0.0044404669,0.0735768676,0.0342498645
4.6112041473,-0.0256764926,-0.0396286994,0.0241008289,-0.0465053879,0.1177895293,0.0364060253
4.6209697723,-0.0239614733,-0.0365222096,0.0077348836,-0.0670791119,0.1473205388,0.0364260003
4.6310462952,-0.0145223700,-0.0207981449,-0.0066555855,-0.0659297928,0.1387575269,0.0236810446
4.6411027908,-0.0069345124,-0.0117351841,-0.0074338433,-0.0507636219,0.1154420897,0.0077385632
4.6514177322,0.0028286094,-0.0013523683,-0.0024555440,-0.0153088812,0.0912774280,-0.0029005655
4.6612091064,0.0089639761,0.0025413798,0.0024388914,0.0031470908,0.0595434718,-0.0124772927
4.6713447571,0.0125300772,0.0008745656,0.0004481559,0.0270294677,0.0194301400,-0.0125031248
4.6814031601,0.0184757225,0.0032932030,0.0032594686,0.0242339484,-0.0209021028,-0.0103989616
4.6917552948,0.0189672299,-0.0089735817,0.0041718963,0.0128905587,-0.0602478422,-0.0082922019
4.7015099525,0.0168400444,0.0010815129,0.0098944195,0.0227413252,-0.0845462605,-0.0051214420
4.7114958763,0.0108496137,0.0072775348,0.0233969577,0.0312042385,-0.0770163760,-0.0008732340
4.7216801643,0.0067148469,0.0056905760,0.0232933052,0.0365233682,-0.0747854412,0.0086827204
4.7319970131,0.0094856210,0.0049571558,0.0115238316,0.0196154136,-0.0907949656,0.0171741433
4.7417812347,0.0104383416,0.0060329004,0.0134366639,0.0079467725,-0.0971873552,0.0288537014
4.7518081665,0.0024274925,0.0177781750,0.0211448558,0.0054539219,-0.0610477924,0.0416129716
4.7619419098,-0.0048775263,0.0138258506,0.0104019530,-0.0054250909,-0.0398516916,0.0522443093
4.7723269463,-0.0044819899,0.0186205972,-0.0071488735,-0.0013115453,-0.0238441639,0.0607458539
4.7820639610,-0.0071343817,0.0311475564,-0.0256807320,-0.0099923853,-0.0089954427,0.0713734701
4.7921690941,-0.0070119612,0.0260577071,-0.0343925469,-0.0283071827,0.0089729717,0.0851906762
4.8022360802,-0.0108874999,0.0286164153,-0.0440759175,-0.0348873213,0.0270025730,0.0926339403
4.8125638962,-0.0140489079,0.0399493724,-0.0440351479,-0.0245387554,0.0600695759,0.1053898260
4.8223881721,-0.0086822473,0.0406893641,-0.0400410406,-0.0205536038,0.0888093486,0.1138975546
4.8324508667,-0.0064565949,0.0394571871,-0.0360541455,-0.0229401942,0.1143105105,0.1224049553
4.8424930573,0.0005789886,0.0430578142,-0.0320423953,-0.0282843616,0.1153526083,0.1266540289
4.8528261185,0.0086650513,0.0436464101,-0.0348363034,-0.0292215291,0.1026389375,0.1308951080
4.8627700806,0.0130295344,0.0364268273,-0.0307836048,-0.0300425794,0.0782403871,0.1330067366
4.8727149963,0.0136234500,0.0369505137,-0.0179885738,-0.0480834469,0.0685882270,0.1415009648
4.8827438354,0.0172893740,0.0187067855,0.0007700210,-0.0863866210,0.0577326566,0.1553086489
4.8931279182,0.0151502527,0.0098835099,0.0205513723,-0.0971305147,0.0651369095,0.1659318656
4.9028387070,0.0100113936,0.0166358072,0.0285656340,-0.0791134313,0.0780758709,0.1733663380
4.9129328728,0.0117089190,0.0101289023,0.0277910121,-0.0171553046,0.0722502097,0.1733479649
4.9230279922,0.0134523921,0.0120504964,0.0141453631,0.0576656722,0.0600944795,0.1616431028
4.9333281517,0.0084759705,0.0019460187,0.0023200994,0.1070401520,0.0306628216,0.1382562965
4.9432749748,0.0096053965,-0.0125715565,-0.0057118055,0.1361391693,0.0010540619,0.1148745343
4.9532561302,0.0049796365,-0.0338212401,0.0018401628,0.1117694452,-0.0173016433,0.0989449769
4.9633150101,-0.0045315661,-0.0532777458,0.0191580541,0.0914844126,-0.0176033787,0.0798375905
4.9736580849,-0.0071894936,-0.0525393039,0.0179766901,0.0669235140,-0.0168683473,0.0628562123
4.9833669662,-0.0068527050,-0.0637498349,0.0081472285,0.0425089858,-0.0309934877,0.0448047705
4.9934849739,-0.0054292195,-0.0527857542,0.0002530103,0.0267059729,-0.0524995103,0.0225009974
5.0035171509,-0.0077745728,-0.0419168323,-0.0017867798,0.0247320384,-0.0696257725,0.0023187641
5.0139169693,-0.0100535713,-0.0387689620,0.0020230894,0.0226822570,-0.0792818516,-0.0114905247
5.0237321854,-0.0084588118,-0.0297211837,0.0106861480,0.0300834477,-0.0729129016,-0.0210454147
5.0337538719,-0.0117878951,-0.0204657000,0.0222149976,0.0439069048,-0.0686236173,-0.0327268392
5.0437579155,-0.0103047080,-0.0169004332,0.0210638531,0.0480364040,-0.0548002161,-0.0337827802
5.0541691780,-0.0118406080,-0.0162258130,0.0218607076,0.0490499735,-0.0495071150,-0.0369653255
5.0639309883,-0.0095226206,-0.0067256228,0.0274926908,0.0564660802,-0.0441437773,-0.0380263291
5.0739598274,-0.0122305192,-0.0021618290,0.0302188881,0.0402573347,-0.0241318531,-0.0390736163
5.0841250420,-0.0101463832,-0.0017635360,0.0252579935,0.0134736579,-0.0137409968,-0.0369380303
5.0944199562,-0.0140884183,-0.0007159843,0.0242444165,-0.0219401531,0.0061802478,-0.0263016280
5.1042389870,-0.0122916363,0.0019467637,0.0243124850,-0.0476950519,0.0208798312,-0.0156697575
5.1143021584,-0.0105600096,0.0170568097,0.0214695223,-0.0573709235,0.0282575209,-0.0103545533
5.1243071556,-0.0060047768,0.0281725992,0.0167434700,-0.0639212355,0.0430764146,-0.0071600918
5.1346712112,-0.0044365562,0.0324373394,0.0061707976,-0.0607486703,0.0463431813,0.0013347262
5.1445040703,0.0059563331,0.0425936133,-0.0063454625,-0.0468099490,0.0401260294,0.0055752778
5.1545290947,0.0105796121,0.0460579544,-0.0081736557,-0.0424225479,0.0284845550,0.0045073498
5.1646661758,0.0163455419,0.0506323576,-0.0110155456,-0.0229692254,0.0042492561,0.0044903057
5.1749210358,0.0173924454,0.0485372245,-0.0080473535,-0.0132119870,-0.0104796225,0.0108515322
5.1848020554,0.0186181553,0.0397463590,-0.0050908439,-0.0002445243,-0.0262551233,0.0150875561
5.1947989464,0.0189706795,0.0329654962,0.0007596498,0.0104629816,-0.0292895287,0.0235777143
5.2049040794,0.0173223875,0.0214335639,0.0095183738,0.0221007280,-0.0185007975,0.0352599360
5.2151660919,0.0126692317,0.0089029539,0.0094991811,0.0209342912,-0.0078386320,0.0448226146
5.2250118256,0.0138088576,0.0011143103,0.0085403807,-0.0046863845,-0.0069874860,0.0469531417
5.2350468636,0.0110762008,-0.0157406311,0.0037795191,-0.0280683264,-0.0167269986,0.0490770824
5.2451500893,0.0094620250,-0.0122549068,0.0009270196,-0.0150939366,-0.0336119756,0.0458799563
5.2555007935,0.0009971748,-0.0076363371,-0.0000271315,-0.0034936070,-0.0197236538,0.0448224805
5.2652750015,-0.0017390510,-0.0107713472,-0.0029087181,-0.0110215638,-0.0145462025,0.0352707878
5.2753081322,-0.0084576048,-0.0188422333,-0.0116195194,-0.0174642317,-0.0114874290,0.0246550292
5.2854051590,-0.0064309500,-0.0112799536,-0.0106042139,-0.0185558610,-0.0094162887,0.0182855465
5.2957601547,-0.0073078983,-0.0124933850,-0.0154136531,-0.0249187388,-0.0137864035,0.0076679229
5.3055419922,-0.0100829937,-0.0078635048,-0.0251337402,-0.0131382458,-0.0179348085,0.0066010607
5.3156328201,-0.0109522678,-0.0030113442,-0.0241707675,-0.0004365910,-0.0083208643,-0.0008314890
5.3257007599,-0.0178252272,0.0058783456,-0.0232763998,0.0186422952,0.0045581823,-0.0040152976
5.3359761238,-0.0239025392,0.0090639461,-0.0233709328,0.0279469788,0.0343221389,-0.0082496572
5.3458137512,-0.0194396935,0.0015222892,-0.0194981806,0.0128697595,0.0479985364,-0.0061154002
5.3559060097,-0.0209128074,-0.0031916334,-0.0214649551,0.0053244382,0.0553392693,-0.0092949476
5.3659119606,-0.0097439401,-0.0090882611,-0.0194190852,-0.0257085785,0.0635431409,-0.0114065688
5.3762950897,-0.0133408643,-0.0083583128,-0.0105980150,-0.0331948586,0.0656265989,-0.0071554314
5.3862318993,-0.0042852797,-0.0076437132,0.0012258177,-0.0333439931,0.0804806426,-0.0071479743
5.3961338997,-0.0070245080,-0.0061025159,0.0003471260,-0.0493889563,0.0835046619,-0.0103293872
5.4062070847,0.0030011351,-0.0124944430,0.0063938978,-0.0599127002,0.0685366392,-0.0135195879
5.4166069031,0.0033461342,-0.0014252200,0.0211686380,-0.0695233047,0.0694837868,-0.0177616049
5.4263668060,0.0066534691,-0.0080206972,0.0291851051,-0.0939074755,0.0533543490,-0.0177634694
5.4364118576,0.0130496509,-0.0099065434,0.0323662646,-0.0980058089,0.0364122540,-0.0071548987
5.4464788437,0.0216740705,0.0046889647,0.0316477306,-0.1041747555,0.0130073270,-0.0082268212
5.4568638802,0.0197603293,0.0046350523,0.0338391550,-0.1092645675,-0.0114141926,-0.0039909966
5.4665870667,0.0209956206,0.0093768109,0.0282399543,-0.1143967509,-0.0316060111,-0.0018761805
5.4766950607,0.0175100677,0.0094007421,0.0206471570,-0.0747508779,-0.0471983552,-0.0050780326
5.4867339134,0.0131616406,0.0304117817,0.0109102614,-0.0063092345,-0.0615043230,-0.0125351502
5.4970932007,0.0078948699,0.0297216494,-0.0038125033,0.0610002168,-0.0694460720,-0.0189276021
5.5068998337,0.0076619647,0.0275415052,-0.0205739252,0.0825228244,-0.0873105526,-0.0210655872
5.5169382095,0.0064852275,0.0108225960,-0.0207487457,0.0612682663,-0.0959860012,-0.0210635234
5.5270137787,0.0023728351,0.0054697706,-0.0169852488,0.0270668846,-0.0909792557,-0.0210523382
5.5373458862,-0.0077578239,0.0076287701,-0.0131872408,0.0097388141,-0.0656079873,-0.0125418082
5.5471467972,-0.0091963299,0.0008183584,-0.0219612233,-0.0031359727,-0.0582235754,-0.0019168603
5.5572299957,-0.0077532567,0.0036412941,-0.0277952664,-0.0064145615,-0.0508164614,-0.0008516625
5.5673437119,-0.0102946647,0.0132263768,-0.0287768357,-0.0043964190,-0.0391129330,0.0012772685
5.5776391029,-0.0129913650,0.0082343388,-0.0219232552,-0.0098794159,-0.0243345834,-0.0029597543
5.5874929428,-0.0099402927,0.0090357829,-0.0209060423,-0.0100290850,-0.0094874622,-0.0040140999
5.5974798203,-0.0080781542,0.0108547527,-0.0140470974,-0.0092259552,0.0170745738,0.0002462257
5.6076149940,-0.0024521460,0.0108283181,-0.0032865519,0.0034741266,0.0278103091,0.0023719608
5.6179080009,0.0020440111,0.0157855321,0.0123042352,0.0107152890,0.0512583107,0.0087534934
5.6276741028,0.0064662434,0.0110032875,0.0132881291,0.0095773209,0.0587244853,0.0161901042
5.6377511024,0.0088901930,0.0120158065,0.0025817638,0.0127697047,0.0598697737,0.0246833265
5.6478228569,0.0133658387,0.0062142476,-0.0061676614,0.0096807042,0.0493079461,0.0363586210
5.6582751274,0.0121498443,0.0102289189,-0.0091272108,0.0301362853,0.0314554423,0.0374057777
5.6679320335,0.0110430308,0.0193362106,-0.0072881696,0.0473067537,0.0220624749,0.0384585261
5.6792507172,0.0080347247,0.0129432846,-0.0064120409,0.0484327637,0.0167576578,0.0373959914
5.6892557144,0.0089735277,0.0075337454,-0.0084376447,0.0410683230,0.0060685277,0.0352689251
5.6990880966,0.0100114979,0.0019599365,-0.0075252769,0.0208313055,0.0016204498,0.0310239121
5.7088170052,0.0061693378,0.0001991258,-0.0075743911,0.0262596272,-0.0079235211,0.0246469732
5.7189130783,0.0082744472,0.0111251045,-0.0057114474,0.0284707174,-0.0164895114,0.0097766146
5.7286720276,-0.0014153381,0.0036300586,0.0010283475,0.0284169205,-0.0111914184,0.0087174745
5.7385849953,-0.0023908799,0.0010015086,0.0087615140,0.0336534940,-0.0015875278,0.0097814081
5.7482681274,-0.0102417953,0.0041588708,0.0106088407,0.0186316688,0.0068115499,0.0161602106
5.7582817078,-0.0094142519,-0.0074658678,0.0145398267,0.0003057644,0.0258126725,0.0257313456
5.7684130669,-0.0116785578,-0.0007372483,0.0203854330,-0.0180506054,0.0480460711,0.0427358933
5.7787561417,-0.0092679523,-0.0019878878,0.0175599940,-0.0310894959,0.0713043883,0.0469976179
5.7885141373,-0.0078292824,-0.0023659004,-0.0028135891,-0.0310202539,0.0650076121,0.0576124452
5.7986640930,0.0025173540,0.0001747177,-0.0134023540,-0.0308663249,0.0501660816,0.0597299226
5.8087430000,0.0052316673,0.0037851052,-0.0142904036,-0.0210645571,0.0300285891,0.0501611866
5.8190927505,0.0040603317,0.0056692972,-0.0016139264,-0.0018020207,0.0237342063,0.0352871679
5.8288588524,0.0030150453,-0.0001726433,0.0061911824,-0.0027349265,0.0098764487,0.0267860908
5.8389530182,0.0089444406,-0.0108807217,0.0101487525,-0.0121560721,-0.0093592964,0.0182828829
5.8490128517,0.0102172382,-0.0129834842,0.0121377595,-0.0225269534,-0.0403323919,0.0012812633
5.8594889641,0.0146275349,-0.0072412924,0.0218971260,-0.0052431719,-0.0615088530,-0.0146590201
5.8693108559,0.0143226124,-0.0051668421,0.0286799558,0.0237754323,-0.0825672597,-0.0284802932
5.8793540001,0.0141108520,-0.0086949747,0.0324863680,0.0410166308,-0.0994072333,-0.0306174811
5.8894252777,0.0160966553,-0.0170639139,0.0265386589,0.0444300026,-0.1206131801,-0.0327525400
5.8997969627,0.0114095472,-0.0156466197,0.0244338997,0.0499590412,-0.1396581233,-0.0317012519
5.9095568657,0.0057634301,-0.0141761135,0.0262079723,0.0445301905,-0.1301210672,-0.0263861176
5.9196252823,-0.0019316708,-0.0147642922,0.0211697109,0.0305132270,-0.1153401211,-0.0189421810
5.9297237396,-0.0028191914,-0.0145548116,0.0074405554,0.0102542955,-0.1165020615,-0.0072578304
5.9400482178,-0.0007117053,-0.0086826961,-0.0062456843,-0.0003671627,-0.1219275221,-0.0115055051
5.9498462677,-0.0094341747,-0.0018914774,-0.0141193382,-0.0047422033,-0.1113547757,-0.0114991134
5.9597620964,-0.0084766038,0.0019517407,-0.0199993961,-0.0091106668,-0.1018984839,-0.0199876074
5.9697999954,-0.0125086717,0.0037970410,-0.0248976462,-0.0230275486,-0.0977964178,-0.0231674202
5.9800820351,-0.0107330568,0.0046154871,-0.0297554843,-0.0199529286,-0.0850225687,-0.0210382231
5.9901051521,-0.0140321665,0.0093265641,-0.0248783343,-0.0255004540,-0.0638637543,-0.0231490452
6.0001730919,-0.0145939179,0.0140174795,-0.0199946277,-0.0257503912,-0.0394873731,-0.0273850020
6.0102567673,-0.0114870630,0.0206629504,-0.0209361427,-0.0164423771,-0.0096676908,-0.0231252760
6.0204830170,-0.0115170442,0.0244283695,-0.0306610577,-0.0101989936,0.0062960284,-0.0241803527
6.0305180550,-0.0087220110,0.0223735888,-0.0315930359,-0.0092027057,0.0137808425,-0.0167442746
6.0404658318,-0.0050465502,0.0301780719,-0.0218495242,0.0087997578,0.0277466588,-0.0146187404
6.0504970551,-0.0063894652,0.0312711149,-0.0199146979,0.0182462558,0.0437732972,-0.0103659378
6.0607728958,-0.0009553989,0.0295210946,-0.0208986513,0.0278213844,0.0470533781,-0.0082424665
6.0706439018,0.0015167932,0.0317259878,-0.0180149190,0.0256482456,0.0513272174,-0.0008071876
6.0807590485,0.0059418939,0.0202453155,-0.0131334178,0.0203282628,0.0502747409,0.0076882960
6.0908718109,0.0064955316,0.0106630940,-0.0063130376,0.0171620306,0.0471053123,0.0140583105
6.1011748314,0.0061533861,0.0088479836,-0.0004869218,0.0226535480,0.0312382635,0.0140475919
6.1109519005,0.0098685957,0.0139649082,0.0131192692,0.0387451649,0.0228831284,0.0129775340
6.1209788322,0.0086669512,0.0016309038,0.0286700614,0.0333828926,0.0260887742,0.0235984866
6.1312742233,0.0095027126,-0.0117404591,0.0335191377,0.0303114671,0.0133564677,0.0278401021
6.1413879395,0.0113824345,-0.0124988388,0.0373763926,0.0313344672,0.0176174585,0.0289030373
6.1511850357,0.0063991956,-0.0094107371,0.0353628285,0.0238858722,0.0154302046,0.0289038364
6.1614270210,0.0043694638,-0.0141863953,0.0236466415,0.0121370712,0.0163672380,0.0257225558
6.1713762283,0.0033073912,-0.0200454574,0.0100197084,-0.0016945889,0.0119812787,0.0225384813
6.1817021370,0.0012972916,-0.0143150818,0.0031912809,-0.0091216657,0.0076150252,0.0140453950
6.1915459633,-0.0036345234,-0.0154297929,-0.0094635002,-0.0027226228,0.0076224823,0.0066111805
6.2016139030,-0.0056065880,-0.0066843466,-0.0202130191,0.0006000716,-0.0051290654,-0.0008296248
6.2116150856,-0.0114540271,-0.0047069476,-0.0241447799,-0.0036737695,-0.0052355919,-0.0114465831
6.2219481468,-0.0134123601,0.0001606212,-0.0261164419,-0.0036694035,-0.0063583804,-0.0210038684
6.2317342758,-0.0164327137,0.0021269487,-0.0222268216,-0.0059240349,0.0052524684,-0.0273682922
6.2418069839,-0.0166434161,0.0040634735,-0.0173500888,-0.0092449170,0.0168679114,-0.0316089094
6.2518568039,-0.0120956860,0.0117687751,-0.0114743225,-0.0243173428,0.0294071399,-0.0411550105
6.2622771263,-0.0115403719,0.0076523139,-0.0036030526,-0.0371135622,0.0282418728,-0.0400912128
6.2720727921,-0.0002194678,0.0132634509,0.0101485141,-0.0286979768,0.0411315747,-0.0273453221
6.2821168900,-0.0027398726,0.0169235189,0.0209386237,-0.0278226770,0.0614100136,-0.0103458986
6.2923021317,0.0045332275,0.0098503996,0.0181309469,-0.0224129967,0.0552221574,0.0098238178
6.3025689125,0.0150254108,0.0134628285,0.0104368217,-0.0263235047,0.0202334821,0.0193641279
6.3123130798,0.0169783495,0.0181041826,0.0114660747,-0.0154072056,-0.0040763849,0.0193492137
6.3224091530,0.0181892477,0.0219509322,0.0163426884,0.0082932245,-0.0261238962,0.0235785786
6.3324298859,0.0146440081,0.0172335673,0.0192146190,0.0254525039,-0.0344627835,0.0235700570
6.3427500725,0.0131966509,0.0106422473,0.0181877501,0.0202915370,-0.0514727272,0.0256876033
6.3526110649,0.0148475133,0.0000222788,0.0074488404,0.0076276730,-0.0653360859,0.0320546888
6.3626790047,0.0117369555,0.0019987093,0.0005793457,0.0087688910,-0.0727251470,0.0362969711
6.3727660179,0.0056928582,0.0069200560,-0.0024187679,0.0119990390,-0.0759217441,0.0299237594
6.3830800056,0.0015458355,0.0110116769,-0.0073943851,0.0396679267,-0.0682943836,0.0235502161
6.3928699493,-0.0017126014,0.0123767424,-0.0153293125,0.0502832830,-0.0629307777,0.0182412043
6.4029121399,-0.0040784590,0.0069608553,-0.0203198306,0.0480472408,-0.0534623116,0.0086899111
6.4129190445,-0.0125319026,0.0064084544,-0.0204670541,0.0456338860,-0.0259225611,0.0044570826
6.4233250618,-0.0133967288,0.0009652988,-0.0234856717,0.0389865562,-0.0015969153,0.0012862567
6.4330949783,-0.0184060447,-0.0007099046,-0.0333059542,0.0195843615,0.0173056703,-0.0029465714
6.4430990219,-0.0128831081,-0.0044691102,-0.0313421004,0.0086527243,0.0426355302,-0.0093024718
6.4532990456,-0.0203175060,-0.0004995301,-0.0304185860,0.0116394591,0.0638627857,-0.0124780256
6.4636392593,-0.0122550316,-0.0072279410,-0.0245204680,0.0029769950,0.0765265152,-0.0114070345
6.4733238220,-0.0081878342,-0.0121216904,-0.0176335685,-0.0087965745,0.0795654431,-0.0177733209
6.4834618568,-0.0041762181,-0.0112462621,-0.0039177057,-0.0174216460,0.0879870281,-0.0167063270
6.4934859276,0.0008602554,-0.0115008783,0.0030065065,-0.0322139077,0.0729817152,-0.0198954623
6.5038709641,0.0060588531,-0.0088766646,0.0138490088,-0.0288854092,0.0602707788,-0.0209645219
6.5135908127,0.0064703338,0.0035327689,0.0216929801,-0.0202722140,0.0529390946,-0.0177849736
6.5237722397,0.0128827803,0.0053167804,0.0266281255,-0.0168642998,0.0328492075,-0.0114247454
6.5337710381,0.0126743279,0.0071471049,0.0256836899,-0.0039037615,0.0181831811,0.0002444281
6.5440759659,0.0165869482,0.0168979336,0.0237229951,0.0091220252,-0.0028564569,0.0108492682
6.5539608002,0.0137799345,0.0199533571,0.0265874155,0.0145583367,-0.0122965639,0.0203993656
6.5639610291,0.0101289935,0.0152324010,0.0148491152,0.0157243479,-0.0217946619,0.0267650522
6.5739979744,0.0085514225,0.0085225869,0.0021560078,0.0072858562,-0.0313836411,0.0320714004
6.5844802856,0.0001561830,0.0066644712,-0.0037557001,0.0137422904,-0.0366399847,0.0310056694
6.5941619873,-0.0033284759,0.0136844534,-0.0096979849,0.0340028219,-0.0354572758,0.0225067250
6.6042780876,-0.0088433363,0.0053307875,-0.0156565420,0.0510374159,-0.0322078206,0.0097620329
6.6142969131,-0.0105365627,-0.0018972888,-0.0167799704,0.0606048182,-0.0290032402,0.0002050132
6.6246738434,-0.0122926943,-0.0081925523,-0.0159223787,0.0487881079,-0.0217272174,-0.0072209453
6.6344289780,-0.0102533139,-0.0175940823,-0.0091468208,0.0145318657,-0.0114362305,-0.0103925038
6.6444797516,-0.0123005845,-0.0263486784,0.0045102122,-0.0177491903,0.0147953080,-0.0124947364
6.6546001434,-0.0106793158,-0.0168798845,0.0113911517,-0.0340027288,0.0390377939,-0.0156638976
6.6648740768,-0.0082376711,-0.0123982858,0.0134541281,-0.0416444540,0.0559206419,-0.0199004542
6.6747441292,-0.0020326783,-0.0050516562,0.0135797746,-0.0406636149,0.0644041374,-0.0220200643
6.6847701073,0.0042203702,0.0004185603,0.0098050721,-0.0299076103,0.0560450777,-0.0167191084
6.6948471069,0.0065316893,0.0118338931,0.0205879100,-0.0310690142,0.0656055585,-0.0135286422
6.7051792145,0.0068587996,0.0106266160,0.0245700963,-0.0225223452,0.0657407120,-0.0039728205
6.7149930000,0.0092712231,0.0201874543,0.0129110105,-0.0159661751,0.0509979874,0.0045125429
6.7250390053,0.0128401406,0.0162115563,0.0110171922,-0.0136742322,0.0351165608,0.0066264942
6.7350950241,0.0107016899,0.0249586869,0.0080712326,0.0057796263,0.0108881844,0.0076712519
6.7455430031,0.0097067021,0.0231625456,0.0051024440,0.0165596493,0.0003776855,0.0087256636
6.7553820610,0.0059079118,0.0165319014,0.0021417623,0.0114375912,-0.0208820626,0.0097781448
6.7653331757,0.0082229637,0.0048594638,-0.0027217383,-0.0107233711,-0.0454324111,0.0172041040
6.7754001617,0.0048539899,-0.0099083167,-0.0016924257,-0.0244564954,-0.0593327805,0.0193242468
6.7857079506,0.0045451559,0.0024772154,-0.0026363248,-0.0200566594,-0.0731144398,0.0150672495
6.7955150604,-0.0005880853,0.0013482437,-0.0075163357,-0.0008526035,-0.0730020553,0.0065680374
6.8055582047,-0.0058198087,0.0023621486,-0.0085360520,0.0161085371,-0.0611762851,0.0076327696
6.8156771660,-0.0082472153,-0.0013712927,-0.0095642917,0.0255204141,-0.0420012623,0.0065781577
6.8259859085,-0.0109487660,-0.0060928897,-0.0076652286,0.0070959469,-0.0134786088,0.0119066769
6.8357830048,-0.0099227466,-0.0110355150,-0.0134798400,-0.0102028819,0.0086394772,0.0097985184
6.8458700180,-0.0130568929,-0.0034117682,-0.0134655945,-0.0210994706,0.0308065638,0.0066269599
6.8559331894,-0.0105538704,-0.0007084741,-0.0153401010,-0.0256161913,0.0551308133,0.0002694618
6.8662710190,-0.0091598965,0.0058805062,-0.0221002214,-0.0107150879,0.0584040396,-0.0061047478
6.8760480881,-0.0009030362,0.0106447209,-0.0278979056,-0.0053176600,0.0520569272,-0.0103564840
6.8861861229,0.0035006965,0.0067413314,-0.0190838091,-0.0041424064,0.0414271839,-0.0146079548
6.8961572647,0.0119896419,0.0106242467,-0.0102822892,-0.0006715087,0.0149716092,-0.0082512554
6.9064550400,0.0148371123,0.0126099456,-0.0015075321,-0.0005351817,0.0012077929,-0.0040125018
6.9163169861,0.0128666349,0.0107680131,0.0140737183,0.0080375336,-0.0018521789,0.0034163860
6.9263811111,0.0109633394,0.0157513339,0.0149854906,0.0187282357,-0.0027733000,0.0108476039
6.9364328384,0.0101069249,0.0149495024,0.0071537974,0.0187532678,-0.0048468374,0.0182791557
6.9467821121,0.0072971396,0.0092062224,0.0012778526,0.0091495644,-0.0048526297,0.0299594458
6.9565830231,0.0025099555,0.0053898855,-0.0007113928,0.0143951923,0.0048191724,0.0416427329
6.9666161537,-0.0014201736,0.0103852917,0.0011792069,0.0206512772,0.0197709575,0.0480191410
6.9768280983,-0.0064525120,0.0076014563,-0.0095846169,0.0216337182,0.0282752309,0.0490849391
6.9870958328,-0.0046763234,0.0048262640,-0.0183661096,0.0194964241,0.0281722993,0.0363450386
6.9973392487,-0.0028854569,0.0030314790,-0.0203400366,0.0153189898,0.0185236670,0.0267850924
7.0069570541,-0.0020541435,-0.0046387599,-0.0174166076,0.0100320550,0.0130954115,0.0151044009
7.0168929100,-0.0021717434,-0.0065338300,-0.0086478703,0.0015536156,0.0065855803,0.0044853124
7.0272879601,-0.0013354605,-0.0123912971,0.0040532830,-0.0124180727,0.0160074458,0.0034308336
7.0370740891,0.0032797868,-0.0115866791,0.0236024745,-0.0339720994,0.0370618626,0.0066322200
7.0471949577,0.0038698132,-0.0130575430,0.0286213048,-0.0745689794,0.0420598835,0.0140788844
7.0573430061,0.0123118274,-0.0159440916,0.0240262039,-0.1098049954,0.0438812189,0.0151505396
7.0675659180,0.0119806640,-0.0103612375,0.0204284079,-0.1268222034,0.0373116657,0.0066561885
7.0773911476,0.0068414472,-0.0056972043,0.0148444660,-0.0957098156,0.0205436070,-0.0029162781
7.0874900818,0.0027043263,0.0083146263,0.0120121725,-0.0221104883,0.0243272930,-0.0093029374
7.0975508690,-0.0023584177,0.0113503505,-0.0016816969,0.0506007336,0.0100724576,-0.0146375149
7.1080670357,0.0015870596,0.0081890840,-0.0076953289,0.0850168690,-0.0172619615,-0.0220943671
7.1178178787,-0.0002497172,-0.0036315753,0.0038255935,0.0605581328,-0.0259643737,-0.0220925026
7.1277160645,-0.0019573232,-0.0216632616,0.0076382640,0.0147765297,-0.0358463004,-0.0114664892
7.1378870010,-0.0026153659,-0.0255906116,0.0027696972,-0.0289618969,-0.0372479223,-0.0050852899
7.1481299400,-0.0062099881,-0.0162990373,-0.0030117745,-0.0556857027,-0.0332358666,-0.0050775665
7.1579360962,-0.0098006986,-0.0031533374,-0.0049014208,-0.0407182053,-0.0363437757,-0.0135773113
7.1680150032,-0.0104586147,0.0120556671,-0.0126583092,-0.0204787962,-0.0330391265,-0.0220751241
7.1780672073,-0.0131201111,0.0119103659,-0.0126282685,-0.0054990472,-0.0371872671,-0.0273899958
7.1884050369,-0.0129431225,0.0167305786,-0.0058114049,-0.0057076523,-0.0159118716,-0.0188848581
7.1981749535,-0.0109691061,0.0176069457,0.0000609045,-0.0218727738,-0.0001158647,-0.0156874675
7.2082710266,-0.0120828636,0.0212993789,0.0040074470,-0.0316557661,0.0178293809,-0.0167368185
7.2183709145,-0.0084442534,0.0346862972,0.0050298455,-0.0274900496,0.0285251681,-0.0092999423
7.2286500931,-0.0069139786,0.0384280384,0.0079899319,-0.0106941024,0.0562679134,-0.0082291514
7.2384839058,-0.0075157024,0.0413421243,0.0040962580,0.0115595385,0.0724271834,-0.0007941383
7.2485499382,0.0026046748,0.0375424773,-0.0075670001,0.0264943577,0.0736949146,0.0108824251
7.2586569786,0.0029603059,0.0329478383,-0.0124748461,0.0361373983,0.0706858039,0.0246818606
7.2689590454,0.0102932788,0.0216195751,-0.0125016086,0.0405956097,0.0527754463,0.0384757705
7.2787437439,0.0090491511,0.0171580482,-0.0174534433,0.0568182543,0.0317298174,0.0437701344
7.2887811661,0.0139164291,0.0138143022,-0.0204881541,0.0645712465,0.0031140170,0.0384442098
7.2988872528,0.0151324533,-0.0002255573,-0.0176652782,0.0585130900,-0.0320450366,0.0246248022
7.3092317581,0.0146411024,-0.0143282246,-0.0089991204,0.0512933694,-0.0576506630,0.0129341912
7.3189868927,0.0143059306,-0.0197371077,0.0045508030,0.0407669581,-0.0726533085,0.0044349786
7.3290591240,0.0140423067,-0.0272988509,0.0132627971,0.0140645606,-0.0708415657,-0.0072360584
7.3392281532,0.0019350166,-0.0291675013,0.0229444392,0.0097662183,-0.0676681399,-0.0029861862
7.3494958878,0.0112852417,-0.0252588522,0.0258735307,0.0010412233,-0.0486104302,0.0023349430
7.3593268394,0.0019470791,-0.0254292469,0.0132006295,-0.0171431061,-0.0445317999,0.0012797985
7.3693447113,0.0042694397,-0.0168466400,0.0112647898,-0.0076994039,-0.0285041630,0.0055316016
7.3794150352,-0.0024124642,0.0024755762,0.0024486666,-0.0089375079,-0.0115443543,0.0044785878
7.3897380829,-0.0062576868,-0.0024675860,-0.0111824386,-0.0036677513,-0.0051523680,0.0012949120
7.3995499611,-0.0052494891,0.0111138690,-0.0219284408,-0.0036879908,-0.0030165131,0.0034195818
7.4095988274,-0.0033137088,0.0150191355,-0.0219315998,-0.0037486041,0.0033625565,0.0055471812
7.4196567535,-0.0052749775,0.0219524223,-0.0239318125,0.0144277355,0.0003795498,0.0119118700
7.4300351143,0.0006278346,0.0270825792,-0.0249634497,0.0304898992,-0.0047650114,0.0150907524
7.4398331642,-0.0032596921,0.0284808595,-0.0153429024,0.0411228351,-0.0003723938,0.0235846378
7.4498820305,-0.0012874489,0.0241289306,-0.0076531884,0.0496167988,0.0039676935,0.0267693121
7.4599428177,-0.0032435989,0.0129051078,-0.0018999691,0.0378895700,0.0028110826,0.0278335121
7.4703240395,-0.0012330746,0.0035842524,0.0077710035,0.0432470515,0.0007426053,0.0288929176
7.4800901413,-0.0011926924,-0.0018821046,0.0116034634,0.0357356071,0.0049352199,0.0310205165
7.4901280403,-0.0021585410,-0.0171648543,0.0125425942,0.0282669850,0.0048766304,0.0320844501
7.5004148483,-0.0021057760,-0.0199248325,0.0105456002,0.0186590999,0.0047442708,0.0246542301
7.5106539726,-0.0030733605,-0.0266562831,0.0124947317,0.0112374816,-0.0006882446,0.0150971431
7.5206022263,-0.0020765697,-0.0256376397,0.0134601481,0.0122667933,0.0024279202,0.0034186495
7.5304298401,-0.0050697662,-0.0245743226,0.0163422711,0.0175362304,0.0088057918,-0.0018883644
7.5405478477,-0.0052841194,-0.0224659275,0.0241083987,0.0108831208,0.0330836996,-0.0124925394
7.5508842468,-0.0087198876,-0.0253642332,0.0270296223,-0.0064524058,0.0583580323,-0.0188472420
7.5606579781,-0.0073692538,-0.0245617907,0.0183211453,-0.0214252286,0.0613966994,-0.0209655203
7.5707430840,-0.0031272133,-0.0112024378,0.0125356205,-0.0374498963,0.0622706152,-0.0283948053
7.5807418823,-0.0027723496,-0.0086397808,0.0116607435,-0.0416353196,0.0537176058,-0.0326452143
7.5911407471,0.0006109292,0.0007744894,0.0088149793,-0.0308224354,0.0399810895,-0.0379617475
7.6009688377,0.0041872077,0.0034185813,0.0049950364,-0.0337303430,0.0101827122,-0.0475320853
7.6109972000,0.0080121420,0.0070643290,0.0079920180,-0.0313857421,-0.0110390857,-0.0507290736
7.6210341454,0.0071058460,0.0136731882,0.0158105381,-0.0269164275,-0.0311816372,-0.0539256670
7.6313910484,0.0064208023,0.0085320044,0.0178460963,-0.0459149927,-0.0514328480,-0.0422506332
7.6411952972,0.0078947805,0.0052215173,0.0228223689,-0.0489123836,-0.0715991035,-0.0390745476
7.6512269974,0.0036914761,0.0183998812,0.0267659314,-0.0530196950,-0.0875305980,-0.0358961336
7.6613550186,0.0006298686,0.0140934456,0.0278133638,-0.0358343199,-0.0979291797,-0.0263494980
7.6716299057,-0.0033745503,0.0187140424,0.0278254636,-0.0156339742,-0.0902821794,-0.0199813470
7.6814298630,-0.0114312060,0.0234619547,0.0297416337,-0.0083275912,-0.0731508583,-0.0061712600
7.6915831566,-0.0088193603,0.0154872406,0.0142000802,-0.0212745741,-0.0583260432,0.0065814862
7.7016067505,-0.0072876923,0.0131987650,-0.0022765512,-0.0373986848,-0.0467948206,0.0065913405
7.7118740082,-0.0039067604,0.0157092381,-0.0148620121,-0.0353704207,-0.0361592211,0.0076579358
7.7217397690,-0.0026141664,0.0115237702,-0.0206288211,-0.0248072594,-0.0254767481,0.0044751922
7.7317829132,-0.0044177808,0.0093932021,-0.0225415342,-0.0111896098,0.0000869350,0.0012999054
7.7418737411,-0.0005313118,0.0063317581,-0.0254223458,-0.0144842062,0.0096426234,0.0066145095
7.7521982193,0.0052931048,-0.0007541909,-0.0321301334,-0.0379122496,0.0052340264,0.0129901171
7.7619528770,0.0092778094,-0.0061167018,-0.0310134403,-0.0559245348,-0.0076426240,0.0151118580
7.7720232010,0.0183327831,0.0040070280,-0.0357338302,-0.0503894761,-0.0277540181,0.0150993410
7.7821512222,0.0207762457,0.0162278283,-0.0337217562,-0.0265850779,-0.0604746751,0.0097679589
7.7925310135,0.0184287764,0.0209524054,-0.0210458748,-0.0041554291,-0.0623862334,0.0118840393
7.8023118973,0.0151410960,0.0171197373,-0.0142642371,0.0118664140,-0.0632520169,0.0203739312
7.8122820854,0.0138178058,0.0181840826,-0.0143035762,0.0117599675,-0.0515136756,0.0309997443
7.8224110603,0.0114292838,0.0172946323,-0.0143554918,0.0137829045,-0.0397478268,0.0426848941
7.8327627182,0.0040611066,0.0242850799,-0.0232251994,0.0360920206,-0.0299871452,0.0448056348
7.8425321579,0.0024435187,0.0256933141,-0.0253136866,0.0562822409,-0.0213220157,0.0448048376
7.8525938988,-0.0032597145,0.0223861355,-0.0274163596,0.0678189248,-0.0010891168,0.0405658185
7.8626508713,-0.0101157315,0.0084103215,-0.0295054428,0.0643948987,0.0211778376,0.0427014045
7.8730101585,-0.0123382472,0.0011042223,-0.0305929892,0.0438517258,0.0475049838,0.0395344421
7.8828048706,-0.0197161175,-0.0053886459,-0.0296792500,0.0307692103,0.0749792159,0.0395514853
7.8928871155,-0.0175373219,-0.0090740155,-0.0296942107,0.0199325420,0.0907532573,0.0321288593
7.9029550552,-0.0105916001,-0.0128276926,-0.0247991793,0.0102809817,0.0948510617,0.0225771647
7.9132528305,-0.0056401156,-0.0108207297,-0.0159958713,0.0070435624,0.0979506522,0.0140852090
7.9230890274,0.0012440572,-0.0117684733,-0.0071679470,0.0028240504,0.0925529525,0.0055891927
7.9331569672,0.0033243264,-0.0146957468,0.0016524082,0.0007721381,0.0840188563,0.0013379885
7.9432058334,0.0044888966,-0.0078435671,0.0104251988,0.0061269561,0.0819157586,-0.0029116177
7.9535627365,0.0046774484,-0.0067727403,0.0191854723,0.0093611777,0.0787746161,-0.0007904763
7.9633331299,0.0068654306,-0.0066751228,0.0221220739,0.0115396436,0.0745700300,0.0023922673
7.9734320641,0.0072503500,-0.0026585890,0.0220884569,0.0117047066,0.0586886629,0.0076942216
7.9834699631,0.0077331923,-0.0034644736,0.0249892361,0.0203818176,0.0449909605,0.0108705740
7.9939002991,0.0123249255,0.0026751922,0.0229797848,0.0408464000,0.0260709319,0.0108549939
8.0035724640,0.0092700757,0.0050507649,0.0218807347,0.0442613736,0.0048857518,0.0119053451
8.0136442184,0.0083768256,0.0025663243,0.0198178776,0.0401766412,-0.0132108945,0.0087134801
8.0237960815,0.0056243502,-0.0039307908,0.0158418305,0.0231771506,-0.0207870547,0.0087140128
8.0340671539,0.0049986430,-0.0067336098,0.0109354146,0.0009753639,-0.0422223695,0.0055222809
8.0439023972,0.0044651069,-0.0038371815,0.0138447769,-0.0053134253,-0.0539908782,-0.0008527944
8.0539388657,0.0031220505,0.0058266683,0.0089441426,-0.0062230006,-0.0699642599,-0.0082926014
8.0639820099,-0.0000378152,-0.0019516930,0.0030789857,0.0067513869,-0.0868492275,-0.0114897257
8.0743741989,0.0008340592,0.0069026514,0.0049722078,0.0111948717,-0.1049037278,-0.0199949294
8.0841302872,-0.0050651394,0.0080743749,0.0136355050,0.0229631141,-0.1080119014,-0.0242466666
8.0942649841,-0.0071459748,0.0132178236,0.0252206810,0.0237899181,-0.0835584924,-0.0178633351
8.1042804718,-0.0133802183,0.0104616154,0.0271065123,0.0010766163,-0.0529158972,-0.0072242739
8.1145896912,-0.0120776184,0.0103821326,0.0241845138,-0.0174349099,-0.0158618707,0.0044775228
8.1244316101,-0.0130015276,0.0168763865,0.0135278590,-0.0443437546,0.0072956458,0.0119285146
8.1344480515,-0.0062204339,0.0134411324,-0.0048315641,-0.0412777141,0.0211724453,0.0204286594
8.1446189880,-0.0024305468,0.0257284362,-0.0174315684,-0.0188461710,0.0192531049,0.0214838032
8.1548290253,0.0013654123,0.0275651086,-0.0183641426,0.0025181854,0.0172888916,0.0172311347
8.1648445129,0.0012339691,0.0219079126,-0.0154707544,0.0259944834,0.0174870305,0.0161634739
8.1748056412,0.0030498693,0.0046743019,-0.0086609833,0.0206643529,0.0174598005,0.0193516109
8.1848049164,0.0058537535,-0.0088018905,-0.0047514555,0.0057043121,0.0194651596,0.0214800090
8.1952304840,0.0076916404,-0.0126840007,-0.0037589187,-0.0028258730,0.0183024909,0.0172337983
8.2049179077,0.0066604577,-0.0166342091,-0.0037425871,-0.0016266517,0.0044356771,0.0044849794
8.2150077820,0.0066894330,-0.0175796282,-0.0047086594,0.0102558676,-0.0103638414,-0.0029584893
8.2251434326,0.0048701726,-0.0194060635,-0.0008495564,0.0210267566,-0.0209706798,-0.0167699084
8.2353935242,-0.0009165367,-0.0221614372,0.0078586824,0.0134995440,-0.0157934949,-0.0263213348
8.2452392578,-0.0057767369,-0.0221637916,0.0097961910,-0.0079005538,-0.0107302926,-0.0348077640
8.2552766800,-0.0038048809,-0.0243180525,0.0098655112,-0.0345939994,-0.0099220239,-0.0379870459
8.2653131485,-0.0047557615,-0.0178585928,0.0108979829,-0.0398806408,-0.0153290387,-0.0464827977
8.2757453918,-0.0037808602,-0.0026201440,0.0128986128,-0.0303227715,-0.0110638533,-0.0560388863
8.2854843140,-0.0057705902,0.0020344423,0.0100042708,-0.0185752995,-0.0120430980,-0.0592277534
8.2956352234,-0.0048495866,0.0087607969,0.0119634159,-0.0079528838,-0.0066250963,-0.0560413487
8.3055830002,-0.0029725020,0.0096916575,0.0090628155,-0.0165064260,-0.0045153406,-0.0464819334
8.3159656525,-0.0010722240,0.0026770995,0.0091318376,-0.0346455052,-0.0045891763,-0.0337373093
8.3258152008,0.0038724283,0.0110647846,0.0043487432,-0.0441489965,-0.0141597781,-0.0241834838
8.3357772827,0.0069394894,0.0174839664,0.0015087014,-0.0440765880,-0.0205074903,-0.0209988095
8.3460931778,0.0041846000,0.0210664887,-0.0033054466,-0.0248240642,-0.0245629512,-0.0178203266
8.3562393188,0.0024653266,0.0248161126,-0.0052480218,-0.0034725405,-0.0253800079,-0.0093338974
8.3660030365,-0.0002592167,0.0229548085,-0.0023546929,0.0114166597,-0.0199098755,-0.0040259506
8.3761529922,-0.0021037643,0.0172393490,-0.0014097209,0.0124020549,-0.0113995448,-0.0018974858
8.3861503601,-0.0040141381,0.0144001115,0.0014996415,0.0016146544,0.0001921300,0.0002346409
8.3964519501,-0.0041079409,0.0084754694,0.0054361108,-0.0231114104,0.0180365071,0.0034342958
8.4062566757,-0.0032919606,0.0032837258,0.0006651168,-0.0359121598,0.0179869719,0.0129937129
8.4163551331,0.0004906396,0.0077170595,-0.0040940759,-0.0433677882,0.0168878864,0.0172427855
8.4264373779,0.0033371861,0.0062697246,-0.0049362299,-0.0432181172,0.0020407629,0.0182971302
8.4367227554,0.0093668289,0.0136475135,-0.0087344162,-0.0248744506,-0.0179812144,0.0150976758
8.4465351105,0.0096221007,0.0173278321,-0.0067510721,-0.0108952504,-0.0284700748,0.0150888879
8.4566392899,0.0099527650,0.0153443087,-0.0067485687,0.0062404065,-0.0347145908,0.0108341556
8.4666700363,0.0094001405,0.0134140123,-0.0106604211,0.0074129961,-0.0453291498,0.0087049576
8.4770565033,0.0059615262,0.0067121848,-0.0058280341,0.0138392299,-0.0473746546,0.0118879015
8.4869289398,0.0044849329,0.0077755316,-0.0087963454,0.0084705632,-0.0442521013,0.0097672259
8.4968833923,0.0029719661,0.0049336418,-0.0078503005,0.0105655389,-0.0399337187,0.0182629097
8.5070371628,0.0013819749,0.0059479787,-0.0088623874,0.0029688720,-0.0272530764,0.0203947704
8.5173006058,-0.0062305219,0.0050080731,-0.0049982783,0.0081366030,-0.0102099776,0.0235877018
8.5271272659,-0.0032299345,0.0128607918,-0.0069743511,0.0154275391,0.0079200240,0.0278421007
8.5370254517,-0.0023104360,0.0090595055,-0.0138036720,0.0132182613,0.0153499097,0.0310310349
8.5470619202,0.0005092586,0.0072299703,-0.0177217238,0.0163775701,0.0196288116,0.0320941694
8.5573463440,-0.0006437709,0.0063781901,-0.0196854584,0.0152150998,0.0291754454,0.0331610329
8.5675668716,0.0010877217,0.0045952215,-0.0167878382,0.0216075927,0.0302922409,0.0331600979
8.5774383545,-0.0001982262,0.0038532780,-0.0090333931,0.0204562265,0.0387563668,0.0310417544
8.5875101089,0.0003976489,-0.0086513292,-0.0012390132,0.0096906647,0.0482329577,0.0342346206
8.5977191925,0.0049324743,-0.0067039118,-0.0041304342,-0.0020255400,0.0460152104,0.0352984183
8.6076354980,0.0094851740,-0.0048442469,0.0017651205,-0.0083787767,0.0406057984,0.0278647374
8.6177053452,0.0101704113,-0.0039206878,0.0037236696,0.0034825169,0.0279567167,0.0246688109
8.6278114319,0.0129435472,-0.0009145274,0.0105486400,0.0111185983,0.0109905154,0.0161640067
8.6379899979,0.0149405412,-0.0046601132,0.0163739808,0.0198907591,-0.0122843804,0.0150888218
8.6479187012,0.0180891342,-0.0073582367,0.0260712989,0.0211277977,-0.0292580388,0.0140182311
8.6579360962,0.0135450922,-0.0120378565,0.0279716738,0.0147886472,-0.0356514230,0.0182629768
8.6680507660,0.0120307021,-0.0060581700,0.0259538777,0.0138381654,-0.0473387055,0.0171955824
8.6783056259,0.0086454637,-0.0079282951,0.0161456354,0.0095518343,-0.0452409983,0.0193221811
8.6881608963,0.0032826627,-0.0068460540,0.0082847960,0.0191975385,-0.0494149700,0.0171940494
8.6982584000,-0.0021330228,-0.0008015170,0.0052576545,0.0233567543,-0.0387737788,0.0161357094
8.7083806992,-0.0027581563,-0.0093973707,0.0062021497,0.0093988618,-0.0304069240,0.0161434319
8.7186088562,-0.0073380508,-0.0084231626,-0.0045442698,-0.0012806533,-0.0294399969,0.0161474943
8.7284851074,-0.0079870708,-0.0055900053,-0.0133301131,-0.0119002741,-0.0348589979,0.0129620871
8.7385425568,-0.0106012113,-0.0027560128,-0.0152728073,-0.0108786589,-0.0306259692,0.0097780786
8.7485933304,-0.0122653581,0.0020371245,-0.0113874190,-0.0077321334,-0.0253137629,0.0065945359
8.7588806152,-0.0110423006,0.0039208098,-0.0113815777,-0.0066763507,-0.0242574196,0.0044713309
8.7687139511,-0.0079194345,0.0097358692,-0.0055329911,-0.0067338748,-0.0190077964,-0.0040204246
8.7787837982,-0.0048726164,0.0097278524,0.0022696739,-0.0025498886,-0.0105183050,-0.0093250424
8.7888193130,0.0000321085,0.0078037842,0.0061870697,-0.0015876889,0.0001218223,-0.0061345752
8.7991943359,0.0000383148,0.0058475598,0.0042502768,-0.0005354742,0.0011865541,-0.0071974425
8.8089838028,0.0039123259,0.0088393260,0.0052123549,0.0090569668,0.0023175986,-0.0093229115
8.8190155029,0.0009168724,0.0051014288,0.0012660509,0.0239626244,0.0056176549,-0.0114490464
8.8291568756,-0.0001445448,0.0024667548,0.0002373939,0.0335348248,0.0088845547,-0.0114498446
8.8394584656,0.0017141143,0.0047440394,0.0011318808,0.0346262939,0.0067565553,-0.0135733159
8.8492612839,0.0006047750,0.0001542137,0.0010701304,0.0217664223,0.0119358711,-0.0156910624
8.8592910767,-0.0004880166,-0.0084937643,-0.0057627670,0.0036369264,0.0107373819,-0.0125018600
8.8693675995,0.0013640190,-0.0095639210,-0.0115683191,-0.0144914780,0.0095456177,-0.0082506565
8.8797369003,0.0002930353,-0.0029267503,-0.0115383975,-0.0187256895,0.0063458299,-0.0050655156
8.8895502090,-0.0017355790,0.0007332281,-0.0105320327,-0.0283112042,0.0041053123,-0.0103731956
8.8995866776,-0.0037692075,0.0024348365,-0.0075525758,-0.0208458044,0.0041792816,-0.0093150549
8.9097166061,-0.0018626188,0.0109936465,-0.0055632708,-0.0218724534,-0.0001017500,-0.0135641284
8.9199800491,0.0000742117,0.0097719301,0.0003613119,-0.0303333700,-0.0076181218,-0.0156883989
8.9298210144,0.0020963515,0.0124183763,0.0014069562,-0.0281554386,-0.0118296454,-0.0135674570
8.9398555756,0.0071267970,0.0180400033,0.0014541035,-0.0205423385,-0.0255235527,-0.0082665021
8.9499101639,0.0113422461,0.0149845351,0.0054049375,-0.0150735369,-0.0381397456,0.0023437981
8.9602766037,0.0097840317,0.0139274169,0.0083303340,-0.0054541472,-0.0390473492,0.0129586253
8.9700622559,0.0111320056,0.0216776151,0.0122021325,-0.0002527265,-0.0251523089,0.0214586370
8.9801845551,0.0094768591,0.0187214185,0.0083081014,-0.0013082167,-0.0261874124,0.0267667826
8.9902276993,0.0117686503,0.0167259146,-0.0043479912,0.0071888650,-0.0218342096,0.0320757926
9.0005588531,0.0100524090,0.0206839610,-0.0092591159,0.0155926552,-0.0079257842,0.0384521335
9.0103273392,0.0053347833,0.0189652760,-0.0103148334,0.0379634723,-0.0034375589,0.0458812863
9.0203733444,0.0064333044,0.0144294072,-0.0211199634,0.0432298779,0.0041053123,0.0565017089
9.0303802490,0.0035840909,0.0011023745,-0.0270110480,0.0282927379,0.0040094387,0.0618144460
9.0407876968,0.0017492289,0.0012797579,-0.0319454782,0.0197839383,0.0007033902,0.0543823652
9.0506505966,0.0008774067,0.0024183409,-0.0290756933,0.0230108909,-0.0025347474,0.0416383408
9.0606546402,-0.0010308882,-0.0051328079,-0.0232685320,0.0261595994,0.0016412223,0.0267735068
9.0707292557,-0.0029672643,-0.0107331108,-0.0184560530,0.0229960307,-0.0026930724,0.0172159541
9.0811042786,0.0019702504,-0.0114784669,-0.0067862384,0.0209216140,-0.0091331955,0.0087189395
9.0909194946,-0.0029094925,-0.0161589216,0.0058261040,0.0176296812,-0.0007423735,-0.0018940237
9.1009769440,-0.0058991872,-0.0120864939,0.0155242570,0.0186478868,0.0045561856,-0.0040133004
9.1110086441,-0.0070020892,-0.0070713297,0.0232614167,0.0111018205,0.0118971895,-0.0071931146
9.1214599609,-0.0051981322,-0.0069826380,0.0203258283,0.0142485574,0.0172520075,-0.0040069092
9.1312026978,-0.0015278568,-0.0010326639,0.0242133029,0.0109438412,0.0278756227,0.0023700302
9.1412677765,0.0021637792,-0.0019269719,0.0173914321,0.0067113321,0.0247179139,0.0119254515
9.1513175964,0.0030073042,-0.0009039029,0.0066657546,0.0099382848,0.0226792637,0.0204180069
9.1616830826,0.0028859342,0.0059956028,0.0056503299,0.0100211361,0.0142276548,0.0257209577
9.1714487076,0.0028589854,0.0109769274,-0.0002397413,0.0111175589,0.0110193454,0.0204100832
9.1816234589,0.0018205608,0.0042912229,-0.0012297148,0.0089585874,0.0141882403,0.0214764122
9.1915779114,0.0027257393,0.0063229664,-0.0012506361,0.0089378152,0.0163171701,0.0225392804
9.2019252777,0.0016726220,0.0034515725,-0.0022355432,-0.0048955744,0.0119460579,0.0214778110
9.2116718292,0.0015761743,-0.0005305245,-0.0002415294,-0.0134640289,0.0150614232,0.0225433409
9.2217922211,0.0024492035,0.0081007350,-0.0002213235,-0.0134638697,0.0150186792,0.0161737278
9.2318153381,-0.0006187966,0.0119283665,0.0075692418,-0.0028485097,0.0203822870,0.0108647151
9.2421646118,-0.0008896997,0.0119422544,0.0134218819,0.0033822227,0.0374432951,0.0151175167
9.2519617081,0.0026558156,0.0080304313,0.0124925263,0.0000886908,0.0470128320,0.0225557256
9.2620372772,0.0052168034,0.0128285158,0.0076511386,-0.0063385032,0.0502154827,0.0342393480
9.2721042633,0.0048262216,0.0059328689,0.0028145795,-0.0063257199,0.0491821729,0.0384860225
9.2824211121,-0.0004645696,0.0146429706,0.0018282419,0.0054261182,0.0482298285,0.0395451598
9.2922487259,-0.0008164083,0.0138060767,0.0047371867,0.0171853062,0.0462034307,0.0384793654
9.3023233414,-0.0041755475,0.0070996745,0.0076541784,0.0085494462,0.0556718335,0.0374236219
9.3123760223,-0.0065765344,-0.0025950207,0.0047464850,-0.0010435265,0.0545338653,0.0384872891
9.3227214813,-0.0030394306,-0.0125124287,-0.0039283154,-0.0244034678,0.0426365249,0.0353023484
9.3325510025,0.0026465098,-0.0167163592,-0.0086997859,-0.0305447169,0.0159931965,0.0257344078
9.3426284790,0.0035996626,-0.0052711801,-0.0037856216,-0.0132628009,-0.0051825950,0.0097934585
9.3529834747,0.0027389566,-0.0062606470,0.0020614152,0.0029305499,-0.0242100824,-0.0008381469
9.3629560471,0.0020835737,-0.0101450663,0.0040075066,-0.0033111274,-0.0412814096,-0.0072180815
9.3728275299,0.0004948417,-0.0131752621,0.0088969357,-0.0193324387,-0.0404086933,-0.0146461716
9.3828382492,-0.0030466800,-0.0124281030,0.0099047311,-0.0267686211,-0.0436291173,-0.0103988284
9.3929262161,-0.0056434907,-0.0009725972,0.0128328688,-0.0151889324,-0.0275976900,-0.0082701640
9.4032850266,-0.0112810768,0.0096627194,0.0088975318,0.0050029941,-0.0189402867,-0.0093319658
9.4129972458,-0.0111041479,0.0107852537,-0.0067494628,0.0273924563,-0.0166086890,-0.0072128889
9.4231262207,-0.0091296323,0.0111633558,-0.0117008202,0.0474023856,0.0100789825,-0.0093275718
9.4331617355,-0.0151891299,0.0097425748,-0.0196485631,0.0579165444,0.0261218641,-0.0040132343
9.4435291290,-0.0116648711,0.0014912501,-0.0197307579,0.0362649895,0.0567187890,-0.0018692563
9.4532051086,-0.0191545151,-0.0050639347,-0.0275754444,0.0147418557,0.0745763481,-0.0007930730
9.4633970261,-0.0081451200,-0.0079860520,-0.0333583467,-0.0130344871,0.0775095522,-0.0018458206
9.4734096527,-0.0088422857,-0.0080898833,-0.0362418406,-0.0054900181,0.0701477826,-0.0018514132
9.4837875366,-0.0025825014,0.0094335843,-0.0294223540,0.0042269491,0.0585337318,-0.0061076772
9.4936027527,0.0036316107,-0.0032312109,-0.0108139031,-0.0235817805,0.0646643341,-0.0050357548
9.5035953522,0.0020037631,-0.0084032845,0.0009789949,-0.0417352393,0.0655532256,-0.0071544992
9.5137615204,0.0082564391,0.0008378492,0.0030714755,-0.0565962121,0.0580511019,0.0013399194
9.5240478516,0.0135999732,0.0022224651,0.0100670941,-0.0554809868,0.0538429059,0.0055859303
9.5338306427,0.0162242092,0.0202538539,0.0111293085,-0.0295609757,0.0232975148,0.0055640922
9.5439062119,0.0200151391,0.0239755083,0.0150846131,-0.0134172915,0.0096591348,0.0076757791
9.5539484024,0.0131188445,0.0150858182,0.0170598514,-0.0176724903,0.0085954685,0.0129853236
9.5643663406,0.0140303113,0.0040112897,0.0230340846,-0.0604072474,0.0135974837,0.0236160625
9.5740718842,0.0090196840,-0.0083112847,0.0212614425,-0.0658174604,0.0209779013,0.0236211233
9.5842132568,0.0040339865,0.0096535552,0.0057217362,-0.0252122432,0.0159911327,0.0183006600
9.5944633484,0.0010249654,0.0096689034,-0.0079321973,0.0378287733,0.0079907309,0.0087244660
9.6045656204,-0.0009475162,0.0092957634,-0.0139296167,0.0848910362,-0.0033169179,0.0012725415
9.6144542694,-0.0009749492,0.0033212767,-0.0073090312,0.0774152726,-0.0034583318,-0.0104054203
9.6244392395,-0.0049487390,-0.0155646037,0.0062360051,0.0304824430,-0.0060116369,-0.0135797746
9.6344861984,-0.0021061262,-0.0203383695,0.0189206488,-0.0176741686,0.0073965797,-0.0082518551
9.6448812485,-0.0031713804,-0.0129582267,0.0228991993,-0.0603084490,0.0017124619,-0.0093063340
9.6546001434,-0.0022558977,-0.0086805504,0.0259660967,-0.0624118149,-0.0015030387,-0.0114310039
9.6647691727,0.0016918594,0.0091760028,0.0260863192,-0.0623367354,-0.0089160148,-0.0093113268
9.6747646332,0.0037666897,0.0095745493,0.0252510794,-0.0494411811,-0.0172298700,0.0002374372
9.6851263046,0.0040155686,0.0189431179,0.0214223750,-0.0183240585,-0.0328214802,0.0087184068
9.6949825287,0.0073150583,0.0217272211,0.0224227794,-0.0108584184,-0.0316121392,0.0214587040
9.7049484253,0.0047123395,0.0109555591,0.0165855773,-0.0045353826,-0.0229420848,0.0405723415
9.7151737213,0.0090575852,0.0147726554,-0.0048476569,0.0009094505,-0.0334708914,0.0458746962
9.7253761292,0.0055697598,0.0167269576,-0.0117015950,0.0040395437,-0.0259957314,0.0490636341
9.7351474762,0.0019170980,0.0148959029,-0.0088205449,0.0144748744,-0.0025812194,0.0458872803
9.7452220917,-0.0068939291,0.0130565930,-0.0108170025,0.0109665059,0.0281876791,0.0501506664
9.7553482056,-0.0052057840,-0.0006046130,-0.0136965029,-0.0191357378,0.0502216071,0.0522929132
9.7656393051,-0.0027027761,-0.0029273315,-0.0194264166,-0.0459140614,0.0594750941,0.0427483469
9.7754507065,0.0026847089,0.0053091212,-0.0202465169,-0.0512124188,0.0551152304,0.0321295224
9.7854986191,0.0100896172,0.0086879004,-0.0210749023,-0.0446670651,0.0402269661,0.0183171723
9.7955989838,0.0127397887,0.0073294207,-0.0190019719,-0.0305850673,0.0190796014,0.0108704409
9.8059253693,0.0176036693,0.0051607057,-0.0130815618,-0.0121179363,-0.0137013150,0.0034165857
9.8157196045,0.0187889375,0.0032568441,0.0015335565,0.0136630619,-0.0304605886,0.0023398697
9.8257999420,0.0112856589,0.0045129522,0.0131214745,0.0361898094,-0.0419500619,0.0002051465
9.8358325958,0.0136730038,-0.0018823430,0.0159581192,0.0405009352,-0.0461567938,0.0002019507
9.8462400436,0.0083123855,-0.0131626260,0.0148870237,0.0438253060,-0.0577592514,0.0065670386
9.8560028076,0.0068914555,-0.0127727818,0.0215858705,0.0383831374,-0.0471958220,0.0065736966
9.8660278320,-0.0044706427,-0.0192998182,0.0224529393,0.0265266895,-0.0355985574,0.0108286291
9.8761243820,-0.0031584164,-0.0201381277,0.0087773688,0.0125261853,-0.0229876917,0.0108384825
9.8864793777,-0.0108105801,-0.0172858667,-0.0000233764,-0.0142715266,-0.0115275104,0.0140350088
9.8962993622,-0.0087195225,-0.0175415557,-0.0077524302,-0.0270467103,-0.0148431454,0.0108511997
9.9062976837,-0.0095031895,-0.0052109198,-0.0125991218,-0.0312926397,-0.0170455799,0.0044819834
9.9163932800,-0.0094260387,-0.0036005212,-0.0076455590,-0.0452537313,-0.0087202713,-0.0018811073
9.9267501831,-0.0102882497,-0.0001747145,-0.0085141771,-0.0505053774,-0.0172758102,-0.0050693108
9.9365291595,-0.0111675970,0.0081203450,-0.0016091580,-0.0569667369,-0.0120959617,-0.0156830717
9.9466018677,-0.0081881322,0.0085768271,0.0014470106,-0.0548770651,-0.0078539457,-0.0188670158
9.9567098618,-0.0072047077,0.0140187908,-0.0004114027,-0.0314231366,-0.0055476474,-0.0220572166
9.9669923782,-0.0042952262,0.0216626991,0.0025374179,-0.0036996305,-0.0031902178,-0.0231248774
9.9768333435,0.0015934894,0.0159065146,-0.0023211355,0.0176445413,-0.0029830241,-0.0199447963
9.9868669510,0.0046486892,0.0161192287,-0.0052907583,0.0252592117,-0.0166490339,-0.0103968307
9.9969377518,0.0087217577,0.0095993746,-0.0024014229,0.0273945332,-0.0166165438,-0.0082737599
10.0073232651,0.0000229070,0.0099067260,0.0023567562,0.0326557420,-0.0091287345,-0.0061480906
10.0170536041,0.0040613227,0.0033618526,-0.0084141009,0.0273232944,-0.0091337943,0.0002240549
10.0272884369,0.0051829703,-0.0042451010,-0.0132978074,0.0092608836,-0.0166994352,0.0034111929
10.0373344421,0.0054174326,-0.0081308316,-0.0142822377,-0.0023608841,-0.0284799282,0.0023464612
10.0477619171,0.0037313143,-0.0004256799,-0.0103955977,-0.0087118847,-0.0349900238,-0.0114604309
10.0574502945,0.0031376223,-0.0015780464,-0.0132929794,-0.0277508236,-0.0521477051,-0.0135877645
10.0674161911,0.0094495974,-0.0077640549,-0.0005006904,-0.0405604690,-0.0523078963,-0.0210173167
10.0775356293,-0.0029484143,0.0074166819,0.0121635087,-0.0407506190,-0.0331890620,-0.0178223234
10.0880327225,-0.0037406643,0.0051661446,0.0210155137,-0.0281186309,-0.0149645861,-0.0061360397
10.0976123810,-0.0057094060,0.0156214703,0.0298210867,-0.0251670498,0.0106036253,0.0055557699
10.1075725555,-0.0049010701,0.0152849425,0.0250375159,-0.0434945002,0.0296195261,0.0172495767
10.1178789139,-0.0052719004,0.0099245179,0.0202978738,-0.0533905439,0.0593268201,0.0300085153
10.1280651093,-0.0068287663,0.0123632271,0.0116534121,-0.0417862162,0.0732919723,0.0406302027
10.1378650665,-0.0024649983,0.0159497429,-0.0048267362,-0.0065336851,0.0704858005,0.0512378402
10.1479473114,-0.0000660827,0.0168847609,-0.0125904195,0.0020507220,0.0663359985,0.0544201136
10.1580743790,0.0034435207,0.0071448847,-0.0232624523,0.0043943031,0.0450861007,0.0469763130
10.1682662964,0.0022457952,0.0091172177,-0.0300887935,0.0099252090,0.0248908177,0.0342229679
10.1784067154,-0.0008114462,-0.0024176969,-0.0310806744,0.0249347854,0.0175319705,0.0246592909
10.1881875992,0.0020722563,0.0027467774,-0.0321315639,0.0399939790,0.0048480676,0.0119068101
10.1983299255,0.0000982175,-0.0124731492,-0.0263335221,0.0261580553,0.0004067142,0.0002283159
10.2087402344,-0.0008517837,-0.0210138392,-0.0253918283,0.0176885370,-0.0071492731,-0.0082686990
10.2184019089,0.0011800716,-0.0160395931,-0.0205487125,0.0070966128,-0.0158066768,-0.0199501235
10.2283849716,0.0002702514,-0.0218248796,-0.0156906955,0.0049530342,-0.0148217073,-0.0284414776
10.2385215759,0.0003405104,-0.0158792865,-0.0098732226,0.0156360380,-0.0157756526,-0.0263210684
10.2490310669,0.0013487081,-0.0098944437,-0.0060331342,0.0187369697,-0.0062183645,-0.0295035467
10.2587032318,0.0033278803,-0.0107573848,-0.0040894859,0.0028035436,-0.0137990536,-0.0316268876
10.2687616348,0.0033502544,-0.0116726290,0.0017460471,0.0069756517,-0.0030699761,-0.0188796651
10.2788209915,0.0003790373,-0.0018572345,0.0055838712,0.0069458243,0.0001407308,-0.0146308579
10.2891445160,0.0013696218,-0.0017488733,-0.0022279138,0.0145069920,-0.0093556354,-0.0167623851
10.2991390228,0.0043746941,0.0120791364,-0.0062080137,0.0316124782,-0.0123964325,-0.0178300459
