0.0000000000,0.0441486910,-0.0656461716,-0.0013225015,0.1361610293,-0.0590491481,-0.0240716077
0.0101209879,0.0182944313,-0.0508891940,-0.0011655624,0.1121331900,-0.0205156002,-0.0107930861
0.0199680328,0.0106659457,-0.0237823129,-0.0044990117,0.1181037277,-0.0052793906,-0.0123608895
0.0301319361,0.0063586081,-0.0157098174,-0.0051484639,0.1322509646,-0.0016294215,-0.0214518569
0.0401929617,-0.0045370092,-0.0296964049,-0.0107021267,0.1083355248,0.0273057166,-0.0434647463
0.0502380133,0.0087693930,-0.0201596618,-0.0215186421,0.0749661028,-0.0102959871,-0.0741174668
0.0604000092,0.0203481540,-0.0127476463,-0.0253163520,0.0190856662,-0.0152664836,-0.0910879225
0.0707420111,0.0131967813,-0.0205202103,-0.0429537818,-0.0074253017,0.0133824721,-0.0958840102
0.0804350376,0.0228313431,-0.0172311664,-0.0885956213,0.0110747451,0.0169115067,-0.1050434187
0.0904279947,0.0411749855,-0.0400883555,-0.1377887130,0.0080858795,0.0014132401,-0.1096315160
0.1005280018,0.0683103725,-0.0484603643,-0.2001774311,-0.0492051095,-0.0543892533,-0.1407558769
0.1105170250,0.0879882053,-0.0408082008,-0.2825717926,-0.0892214999,-0.0891136751,-0.1579061002
0.1206309795,0.0982499942,-0.0496601462,-0.3693466187,-0.1239310130,-0.1682258099,-0.1997680664
0.1306779385,0.1158748791,-0.0756613016,-0.4455596209,-0.0900143161,-0.2404033393,-0.1887218058
0.1406580210,0.1485432237,-0.0901599526,-0.5214887857,-0.0599150099,-0.3594529331,-0.1731806695
0.1509300470,0.1709471047,-0.0999777317,-0.5770179033,-0.0318072066,-0.4736087918,-0.1550501287
0.1606990099,0.1892676055,-0.1151099205,-0.6340098977,0.0011431519,-0.6021397710,-0.1261071563
0.1707879305,0.2246550918,-0.1184605956,-0.6760179996,0.0985128507,-0.8038291931,-0.0750676766
0.1809879541,0.2533609569,-0.1395496130,-0.6875175834,0.2318366915,-1.0131511688,0.0243380014
0.1908960342,0.2670961916,-0.1521469355,-0.6787110567,0.3290934563,-1.2039337158,0.1625728458
0.2009680271,0.2687384784,-0.1350013614,-0.6758809090,0.4247773886,-1.3847104311,0.2779710591
0.2110120058,0.2627599835,-0.1245943308,-0.6669325233,0.5132219791,-1.5513207912,0.3542298675
0.2212250233,0.2640002072,-0.1353824735,-0.6175590158,0.5365815163,-1.6989516020,0.4159377217
0.2312899828,0.2827428579,-0.1548732519,-0.5448969007,0.4915237725,-1.8522859812,0.4694491327
0.2411450148,0.2996198237,-0.1519241333,-0.4809172153,0.4413322508,-2.0023818016,0.5156784058
0.2512480021,0.3080196679,-0.1342521906,-0.4373515844,0.4078848064,-1.9377100468,0.3175171316
0.2611960173,0.2412931472,-0.0850434303,-0.3903301954,0.4287324548,-1.9169827700,0.0911266208
0.2712659836,0.1791238338,-0.0700163841,-0.3353052735,0.4302235544,-2.1428380013,0.3797650635
0.2812910080,0.2485778928,-0.0402603149,-0.2450879216,0.4498838186,-2.3715772629,0.6675816774
0.2913559675,0.3128141761,-0.0250318646,-0.1536758542,0.4531672299,-2.3992300034,0.6694837213
0.3014340401,0.2751257420,-0.0279271603,-0.1048971340,0.4206497371,-2.4066574574,0.6864541769
0.3114500046,0.2717549503,-0.0241365433,-0.0574407503,0.3717583716,-2.4206113815,0.6870882511
0.3217129707,0.1871255040,-0.0277900696,-0.0249431673,0.3770222366,-2.4266266823,0.6880451441
0.3315650225,0.1937822402,-0.0014392739,0.0112392372,0.4027278721,-2.4378767014,0.7114774585
0.3416359425,0.2024466246,0.0371373296,0.0616939142,0.4840484262,-2.4290456772,0.7407280207
0.3516390324,0.1913957298,0.0633531809,0.0980545357,0.5939557552,-2.3491461277,0.7826006413
0.3617169857,0.1289386302,0.0874212384,0.1075023487,0.6859660745,-2.3046522141,0.7943156362
0.3717149496,0.1192614660,0.0815758109,0.1363735199,0.7852306366,-2.2849035263,0.7858555913
0.3818160295,0.1118023619,0.0643219948,0.1847437024,0.7892429233,-2.2631440163,0.7801499963
0.3918009996,0.0971413031,0.0401381850,0.2324621677,0.7409726381,-2.2006886005,0.7766367793
0.4018889666,0.0441086963,0.0329411030,0.2694708109,0.6651790738,-2.1216249466,0.7542420030
0.4119139910,0.0257386938,0.0490059853,0.3015203476,0.5763522387,-2.0363080502,0.7234651446
0.4219770432,0.0065744440,0.0829231739,0.2954428792,0.4729365110,-1.9094949961,0.6609189510
0.4320110083,0.0011556816,0.1212511659,0.2512635589,0.4656969607,-1.8747839928,0.5815823674
0.4419900179,-0.0100183859,0.1370809674,0.2464187741,0.5078485608,-1.8666740656,0.5215355158
0.4520909786,0.0101233199,0.1441997886,0.2569214702,0.5420286655,-1.8552703857,0.4952906072
0.4621520042,0.0181981847,0.1338561177,0.2505907416,0.5313627720,-1.8476946354,0.4798844755
0.4721839428,0.0182195827,0.0975183249,0.2396594882,0.4732656777,-1.8367476463,0.4631387889
0.4823060036,-0.0117531046,0.0307046771,0.2287046909,0.3502667844,-1.8096188307,0.4723365307
0.4923160076,-0.0089336261,-0.0101354728,0.2203199863,0.1817568839,-1.7964875698,0.4759025276
0.5023410320,0.0063551138,-0.0255523324,0.2114477754,0.0271726213,-1.8046580553,0.4719887376
0.5124139786,0.0216118768,-0.0278200507,0.1964783072,-0.0442182049,-1.8321551085,0.4770077169
0.5224390030,0.0054230760,-0.0393194556,0.1906171441,-0.0836823881,-1.8260591030,0.5010563731
0.5324640274,0.0065083872,-0.0349244475,0.1891872287,-0.1042393297,-1.8144184351,0.5275169611
0.5425000191,0.0060662399,-0.0302329659,0.1803814173,-0.0797443688,-1.8199107647,0.5530662537
0.5525419712,0.0079294816,-0.0296360850,0.1657505631,-0.0127972979,-1.8349200487,0.5904520154
0.5626260042,-0.0022035765,-0.0315861106,0.1657343507,0.0584680922,-1.8483504057,0.6253652573
0.5726540089,0.0026735438,-0.0266135335,0.1501247287,0.0993105918,-1.8925557137,0.6360530257
0.5827189684,0.0066278051,-0.0453638434,0.1193040088,0.1555989087,-1.9780404568,0.6256744266
0.5928429365,0.0236710981,-0.0961593986,0.1530843377,0.1358281374,-2.0022847652,0.6760401130
0.6027790308,0.0259388760,-0.1371071339,0.1768524051,0.0390172973,-1.9848387241,0.7602759004
0.6128280163,0.0293515101,-0.1533786058,0.1590303183,-0.0390545987,-1.9889106750,0.8283036947
0.6228200197,0.0349037424,-0.1532340050,0.1401880383,-0.0749486834,-2.0059223175,0.9047049880
0.6329180002,0.0554610565,-0.1297196746,0.1438523531,-0.0511730500,-2.0590400696,0.9952514172
0.6429989338,0.0551976338,-0.0995383263,0.1469656825,0.0086603239,-2.1152267456,1.0817724466
0.6530219316,0.0616079047,-0.0593802333,0.1584345102,0.0627954602,-2.1674296856,1.1333153248
0.6630949974,0.0504765585,-0.0386584401,0.1785372496,0.0791631192,-2.1907835007,1.1618415117
0.6731369495,0.0422564223,-0.0429063439,0.2122165561,0.0624001175,-2.1965389252,1.1984095573
0.6831640005,0.0252855495,-0.0448880792,0.2351381779,0.0189510453,-2.1854228973,1.2449967861
0.6934050322,0.0205658749,-0.0277907848,0.2380074859,-0.0447027646,-2.1586825848,1.2642405033
0.7032510042,0.0201010182,0.0000055426,0.2311048508,-0.0646341294,-2.1420321465,1.2581483126
0.7133139372,0.0334842578,0.0311527252,0.2245332003,-0.0449981093,-2.1693248749,1.2419475317
0.7233949900,0.0290826634,0.0435785651,0.2290107608,-0.0225818846,-2.1894402504,1.2389434576
0.7334959507,0.0200483575,0.0590764880,0.2420852780,-0.0459322147,-2.1731817722,1.2228428125
0.7434530258,0.0079831854,0.0633230209,0.2429119945,-0.0118429540,-2.1445629597,1.1983834505
0.7535229921,0.0167396143,0.0718011260,0.2655785680,0.0037671644,-2.1192367077,1.1866126060
0.7635689974,0.0108167902,0.0766999722,0.2747075558,-0.0201191269,-2.0830967426,1.1841853857
0.7736029625,0.0188437775,0.0801100731,0.2726478577,-0.0196386930,-2.1136002541,1.1604981422
0.7836250067,0.0297705308,0.0722547770,0.3056960702,-0.0436058119,-2.1282804012,1.1822226048
0.7937049866,0.0358470157,0.0864036679,0.3384174705,-0.1079224795,-2.1245255470,1.2034871578
0.8039289713,0.0248148218,0.0949807763,0.3712904453,-0.1777420491,-2.1528463364,1.1975094080
0.8139399290,0.0091741756,0.1077327728,0.4105042219,-0.2783615887,-2.0737564564,1.2052507401
0.8238029480,-0.0067287912,0.1284301281,0.4110577703,-0.3334619999,-2.0510625839,1.1674301624
0.8353509903,-0.0159731731,0.1506276727,0.4177054763,-0.3347826600,-2.0035116673,1.1322883368
0.8441619873,-0.0264151320,0.1713705063,0.4151063561,-0.2690511942,-2.0168213844,1.0952118635
0.8541040421,-0.0349306092,0.1754655242,0.4514188170,-0.2220818102,-1.9567205906,1.0879968405
0.8640090227,-0.0450110659,0.1717135310,0.4785518050,-0.1665703505,-1.9209520817,1.0821926594
0.8740789890,-0.0551089570,0.1750542521,0.5192747116,-0.1214092597,-1.8797501326,1.0869443417
0.8842920065,-0.0770016238,0.2037825584,0.5429494381,-0.0714060143,-1.8111393452,1.0562665462
0.8943239450,-0.0962663814,0.2503787875,0.5685799122,-0.0049441685,-1.7141273022,0.9912154078
0.9041979313,-0.1176643595,0.2721497416,0.5824046135,0.0572381094,-1.5825773478,0.9121879339
0.9143069983,-0.1398884952,0.2508103251,0.5975928903,0.0523267090,-1.4511042833,0.8248490691
0.9243040085,-0.1479824483,0.2111606598,0.6147235036,-0.0557278544,-1.3201546669,0.7541620731
0.9345149994,-0.1428295374,0.1750045419,0.6275768876,-0.1677388102,-1.2209833860,0.7016187310
0.9443830252,-0.1461928189,0.1497293115,0.6216785312,-0.2568737268,-1.1394116879,0.6772284508
0.9544199705,-0.1618727744,0.1633313894,0.6064191461,-0.2819223702,-1.0464820862,0.6549993157
0.9646849632,-0.1819701791,0.2025981545,0.5706447363,-0.2434645891,-0.9674115181,0.6223265529
0.9746489525,-0.1966372430,0.2282002568,0.5578505993,-0.1289777011,-0.8634542227,0.5893960595
0.9845570326,-0.1948018074,0.2299298644,0.5576646328,-0.0059471149,-0.7646707296,0.5736309290
0.9946019650,-0.1869993508,0.2257545590,0.5795641541,0.0791211799,-0.7292810678,0.5518146157
1.0046759844,-0.2116140425,0.2179830670,0.5914210677,0.1271353066,-0.6643382311,0.5419300199
1.0148639679,-0.2429360449,0.2227931023,0.5909749866,0.1906216145,-0.5499842763,0.5308589935
1.0247620344,-0.2606923282,0.2365807891,0.5951629281,0.2050454170,-0.4586353898,0.4671433866
1.0348739624,-0.2673645914,0.2346517444,0.5961538553,0.2073240131,-0.3589319587,0.4080113471
1.0450259447,-0.2671776414,0.2136440873,0.5876528025,0.1698990166,-0.2495169789,0.3751663268
1.0550550222,-0.2548621297,0.2089152932,0.5950133801,0.1045828611,-0.1568789333,0.3298222721
1.0649299622,-0.2375290990,0.2161242366,0.5928662419,0.0480271690,-0.0339997187,0.3000534475
1.0750130415,-0.2250047326,0.2162883282,0.5687773824,0.0062767947,0.0268162284,0.2670398355
1.0850219727,-0.2180796266,0.2064031363,0.5512022972,0.0009130549,0.0672169924,0.2638429999
1.0954409838,-0.2240869701,0.2179052234,0.5472272038,-0.0089749964,0.1108118743,0.2513557076
1.1053569317,-0.2465094030,0.2608742118,0.5487332940,0.0331100076,0.2090561241,0.2342100143
1.1152240038,-0.2645221055,0.3110393286,0.5412029624,0.0968871191,0.3216401935,0.1808027178
1.1254129410,-0.2692737579,0.3294441104,0.5383681655,0.1590745896,0.4018958211,0.0999704450
1.1354889870,-0.2539454997,0.3203677535,0.5534715056,0.1750831157,0.4666197002,0.0418978222
1.1452770233,-0.2315545380,0.3115622401,0.5800452828,0.1718760133,0.4906314611,-0.0118037565
1.1553549767,-0.2196511924,0.3233208656,0.6192328334,0.1680370718,0.5408997536,-0.0549315177
1.1653980017,-0.2387870848,0.3487846255,0.6293538213,0.1790797412,0.6455147266,-0.0993591696
1.1757110357,-0.2607928813,0.3692561984,0.6295691133,0.2010963559,0.7609811425,-0.1703673005
1.1855289936,-0.2629669309,0.3684909940,0.6597575545,0.0979265571,0.8600360751,-0.2864108384
1.1955679655,-0.2613144219,0.3429532647,0.6901121736,-0.0825548023,1.0079122782,-0.3841994405
1.2055720091,-0.2510225177,0.3115758300,0.6944109797,-0.2546527982,1.1746617556,-0.4477248788
1.2158459425,-0.2229885161,0.3223968148,0.6822504997,-0.3564329445,1.3015322685,-0.4948039949
1.2256889343,-0.2066291571,0.3662675023,0.6489970088,-0.3358752131,1.4043916464,-0.5533946157
1.2358019352,-0.1960828304,0.3911224008,0.6058630943,-0.1734053493,1.4961388111,-0.6046766639
1.2457619905,-0.1802394688,0.3796697259,0.5935699344,0.0361085907,1.5803736448,-0.6466773748
1.2560210228,-0.1598840356,0.3520647883,0.6171126962,0.2075956613,1.6781013012,-0.6810673475
1.2658540010,-0.1420518458,0.3167798519,0.6484121680,0.2851182818,1.8460930586,-0.7192860842
1.2758959532,-0.1170057580,0.2928766608,0.6568841338,0.2658420503,2.0064182281,-0.7610433698
1.2859809399,-0.0904354379,0.2544549108,0.6384906769,0.1881038547,2.1212050915,-0.7995350957
1.2962019444,-0.0602579042,0.2035052180,0.6134144664,0.0703766793,2.1934392452,-0.8224936724
1.3060539961,-0.0334544405,0.1667562127,0.5722987652,-0.0777824223,2.2286040783,-0.8452927470
1.3160949945,-0.0125829503,0.1591436267,0.5251420140,-0.2051806003,2.2615630627,-0.8843171000
1.3262180090,-0.0087690577,0.1678816676,0.4659453034,-0.2224554569,2.3106906414,-0.9176908135
1.3362189531,0.0006062161,0.1746926904,0.4237709641,-0.1622184813,2.3832688332,-0.9366868734
1.3462480307,0.0133040026,0.1872187853,0.4026489854,-0.1198028401,2.4733521938,-0.9611879587
1.3562779427,0.0202709511,0.1841192842,0.3570294380,-0.0242499560,2.5323622227,-1.0018302202
1.3663460016,0.0358098224,0.1499614120,0.3380934000,0.0182522312,2.5802254677,-1.0355855227
1.3762719631,0.0695424452,0.1157794595,0.3417142630,-0.0255802050,2.6255424023,-1.0604505539
1.3864079714,0.0982213691,0.0729609132,0.3193377256,-0.1056868955,2.6479353905,-1.0561674833
1.3965330124,0.1212865487,0.0326402783,0.2962016463,-0.2186746895,2.6560089588,-1.0412456989
1.4064970016,0.1255712509,0.0088832369,0.2481461167,-0.3557993770,2.6735920906,-1.0364134312
1.4163479805,0.1162063554,0.0133293262,0.1711074710,-0.4376924038,2.6553657055,-1.0414284468
1.4266510010,0.1052800491,0.0192540288,0.1180498078,-0.4484730065,2.6282281876,-1.0378766060
1.4366699457,0.0952641442,0.0178596377,0.1013866737,-0.4305448830,2.6170816422,-1.0409873724
1.4466960430,0.0843008533,0.0174296498,0.0815596059,-0.3353733420,2.6525809765,-1.0469014645
1.4566580057,0.0933273807,0.0239368677,0.0558042601,-0.1780987680,2.7029795647,-1.0180147886
1.4667890072,0.1134364977,0.0297622085,0.0389407948,-0.0150735015,2.7230055332,-0.9526088238
1.4769029617,0.1199855879,0.0297188163,0.0149654215,0.1053322703,2.6946389675,-0.9027286172
1.4868680239,0.0952133015,-0.0039105420,-0.0076347524,0.1722939909,2.6779649258,-0.9122850895
1.4967520237,0.0736856833,-0.0376022458,-0.0075020725,0.1414226294,2.6867208481,-0.9386283159
1.5069630146,0.0762721375,-0.0671388507,-0.0035384232,0.0146441795,2.7123768330,-0.9540131092
1.5170069933,0.0869087353,-0.0778253675,-0.0313620493,-0.1099944189,2.6949524879,-0.9600340128
1.5270769596,0.0915986970,-0.0810911655,-0.0609323308,-0.0994042307,2.6779305935,-0.9261250496
1.5369520187,0.0978611782,-0.0588162541,-0.0731124803,0.0220340528,2.6500842571,-0.8763747811
1.5471550226,0.1019437984,-0.0164548159,-0.0594774410,0.1721738875,2.6394870281,-0.8504787087
1.5572680235,0.0969706550,0.0157387257,-0.0637407228,0.2954441607,2.6603653431,-0.8756322861
1.5672849417,0.0881843343,-0.0214962959,-0.0864561126,0.2912367582,2.7039439678,-0.9172686934
1.5770510435,0.0889277533,-0.0974366069,-0.1133496091,0.1535550654,2.7259421349,-0.9548906088
1.5873529911,0.1099819615,-0.1526879668,-0.1335806251,-0.0670245811,2.6340820789,-0.9755564928
1.5974010229,0.1298024952,-0.1815443635,-0.1391044855,-0.2800207436,2.5376803875,-0.9527142644
1.6075309515,0.1320938766,-0.1725717783,-0.1566739082,-0.4523725212,2.4825389385,-0.8914695978
1.6173989773,0.1273607910,-0.1328014135,-0.1815102100,-0.4910427034,2.4633998871,-0.8354454637
1.6275789738,0.1090293303,-0.1012344956,-0.2188002467,-0.3865956664,2.4948635101,-0.7951781750
1.6376010180,0.0955659375,-0.0894286036,-0.2528736591,-0.1560372710,2.5186944008,-0.7387343645
1.6476249695,0.1003374383,-0.0663503408,-0.2586938143,0.0881743282,2.4714612961,-0.6739172935
1.6575839520,0.1004740819,-0.0489259362,-0.2464872599,0.2752978802,2.4315435886,-0.6535265446
1.6676969528,0.0776458159,-0.0758459568,-0.2599033713,0.3456591070,2.4102096558,-0.6795613170
1.6777600050,0.0643505529,-0.1331468821,-0.2522997260,0.2598866820,2.3992486000,-0.7081503272
1.6877939701,0.0693254694,-0.1747739911,-0.2295352817,0.0460578948,2.3509836197,-0.7175840735
1.6979629993,0.0802117661,-0.1990901232,-0.2130274773,-0.2041676491,2.2979211807,-0.7335595489
1.7078700066,0.0853604302,-0.2232779264,-0.2246407270,-0.4439702630,2.2922444344,-0.7152317166
1.7179479599,0.0913268402,-0.2032222152,-0.2908024788,-0.5918383002,2.2284901142,-0.6972569823
1.7280260324,0.0827314779,-0.1655705571,-0.3506934047,-0.6199941635,2.1435542107,-0.6870333552
1.7380000353,0.0698545948,-0.1367140412,-0.3921512365,-0.5380724072,2.0926275253,-0.6388338804
1.7481540442,0.0718454942,-0.1112030149,-0.3945248723,-0.3968166113,2.0368118286,-0.5588625669
1.7581909895,0.0720659569,-0.0859774351,-0.3824954033,-0.2554996908,2.0129668713,-0.4915258884
1.7682319880,0.0531894639,-0.0957133770,-0.4079678059,-0.1550602913,2.0328347683,-0.4594172239
1.7783049345,0.0442132577,-0.1154438853,-0.4768733978,-0.0975788981,1.9964989424,-0.4315280616
1.7882909775,0.0583813041,-0.1262352467,-0.4854244590,-0.0823552012,1.8870627880,-0.4087662995
1.7982929945,0.0575019717,-0.1551945210,-0.4785022736,-0.1412613988,1.8360619545,-0.3940446079
1.8083590269,0.0486400649,-0.1639059186,-0.5293035507,-0.2368520945,1.7599933147,-0.4138824940
1.8182939291,0.0645974278,-0.1591141820,-0.5452933908,-0.3462465107,1.6664154530,-0.4113959074
1.8284969330,0.0808357224,-0.1626572013,-0.5576252937,-0.4397979081,1.5776829720,-0.3813796937
1.8385109901,0.0838014483,-0.1556314230,-0.5796585083,-0.4616946876,1.4922146797,-0.3360004723
1.8485419750,0.0748979375,-0.1285003424,-0.5906665921,-0.4393532872,1.4191000462,-0.2870406806
1.8587169647,0.0533090122,-0.0951392651,-0.6442968249,-0.3528037369,1.3782032728,-0.2685303688
1.8686569929,0.0488506965,-0.0854018927,-0.6657757163,-0.2774703801,1.2959268093,-0.2523005307
1.8787059784,0.0544330887,-0.1055948138,-0.6714183688,-0.2598823309,1.2054027319,-0.2372078449
1.8887439966,0.0570057929,-0.1224144697,-0.6653958559,-0.2638669312,1.1187648773,-0.2153630108
1.8985689878,0.0469941497,-0.1091689467,-0.6631840467,-0.2722609639,1.0550687313,-0.1978958696
1.9088779688,0.0304715931,-0.0830937028,-0.6626021862,-0.2130429000,0.9765813947,-0.1797996908
1.9189499617,0.0294101946,-0.0568531156,-0.6535720229,-0.1111088246,0.8827329278,-0.1525664628
1.9289939404,0.0161526073,-0.0553593636,-0.6332432032,-0.0036197784,0.8227751851,-0.1054618061
1.9388870001,0.0067057139,-0.0633831620,-0.6251336336,0.0530956984,0.7711665630,-0.0534129851
1.9489959478,0.0090397606,-0.0573211908,-0.6165958047,0.1331114471,0.6932926774,-0.0154104745
1.9590840340,-0.0024922409,-0.0766324401,-0.6016532779,0.1514449120,0.6496360302,0.0231821891
1.9691230059,-0.0173919164,-0.1007946134,-0.6036455631,0.1314460337,0.5875816345,0.0361030512
1.9791330099,-0.0142683350,-0.0963472724,-0.5811571479,0.0781886652,0.4883256257,0.0362865403
1.9892539978,-0.0192797296,-0.0773013234,-0.5491963625,0.0241186414,0.3992724121,0.0329509303
1.9993159771,-0.0425942019,-0.0729518533,-0.5447685122,0.0019901705,0.3791138828,0.0368692428
2.0093410015,-0.0550559871,-0.0570995808,-0.5325196385,-0.0325716659,0.3465324640,0.0443079844
2.0191679001,-0.0571871251,-0.0396475196,-0.5216948986,-0.0553952232,0.3017264009,0.0108669354
2.0294661522,-0.0593990795,-0.0387215614,-0.5117826462,-0.0806535780,0.2504044771,-0.0185327660
2.0394480228,-0.0654795021,-0.0437934995,-0.4949398041,-0.1053575948,0.2157389075,-0.0444109663
2.0497429371,-0.0741281733,-0.0497549176,-0.4888322949,-0.1029855162,0.1869083196,-0.0540553369
2.0593390465,-0.0747396201,-0.0437770486,-0.4728857279,-0.0639283955,0.1729760021,-0.0540481471
2.0696289539,-0.0782620534,-0.0333870649,-0.4868130684,0.0013342339,0.1674390584,-0.0593273304
2.0797729492,-0.0670788735,-0.0062548523,-0.4903595448,0.0995481536,0.1139904931,-0.0528803505
2.0897259712,-0.0631235540,0.0150659075,-0.4629108310,0.2255946249,0.0887935534,-0.0126674194
2.0998380184,-0.0858322605,0.0065685506,-0.4414242506,0.3299197257,0.1261404008,0.0107649360
2.1098279953,-0.1034924984,-0.0295004845,-0.4300640225,0.3793935180,0.1521747112,0.0188385751
2.1198749542,-0.0954607800,-0.0630672574,-0.4058540463,0.3546551466,0.1365816444,0.0295308996
2.1298809052,-0.0871887803,-0.0829865336,-0.3771378398,0.3251378536,0.0915823877,0.0357421935
2.1398060322,-0.0949299857,-0.0930244327,-0.3505550027,0.3089615703,0.0770665631,0.0447655134
2.1499729156,-0.1073606685,-0.0993817449,-0.3140661120,0.2566239238,0.0757142901,0.0435234159
2.1599788666,-0.0939231589,-0.0981242657,-0.2815639973,0.1469581425,0.0749100149,0.0362995900
2.1700890064,-0.0817165822,-0.1078256369,-0.2857528925,0.0494626164,0.0674041882,0.0244232230
2.1799888611,-0.0513696782,-0.1161856651,-0.3035717010,0.0316737629,0.0108018946,0.0379933603
2.1902010441,-0.0306695998,-0.1110557318,-0.3023893833,-0.0043372335,-0.0165455192,0.0224114712
2.2001769543,-0.0133672357,-0.0818111897,-0.3319051862,-0.0062368661,-0.0541211255,-0.0095395362
2.2102499008,0.0036501659,-0.0556284785,-0.3351677656,0.0135817127,-0.0465532467,-0.0223589297
2.2200770378,0.0265844688,-0.0490710735,-0.3199285865,0.0272804797,-0.0220468380,-0.0201418474
2.2303709984,0.0323714837,-0.0555220842,-0.3238022327,0.0708736330,-0.0030194321,-0.0266191885
2.2405748367,0.0514853224,-0.0528366566,-0.3185399771,0.0727093518,0.0092710564,-0.0322134234
2.2504069805,0.0700227246,-0.0722215176,-0.3305603862,0.0282867551,-0.0062702456,-0.0461058021
2.2603149414,0.0916958824,-0.0747959614,-0.3486718535,-0.0064563113,-0.0346195921,-0.0539733134
2.2706389427,0.1075117812,-0.0740918517,-0.3555919528,-0.0092114843,-0.0448140427,-0.0570356809
2.2819349766,0.1120280698,-0.0579662919,-0.3962442279,0.0167711135,-0.0484053157,-0.0460706502
2.2909750938,0.1322070062,-0.0067620282,-0.4503973126,0.0648562163,-0.1027688757,-0.0342360921
2.3008079529,0.1330266595,0.0159547329,-0.5475543141,0.0949169174,-0.1431202888,-0.0354718007
2.3113780022,0.1404419243,-0.0189201832,-0.6506581306,0.1441723406,-0.2260242850,-0.0249547120
2.3213989735,0.1771890670,-0.0469920039,-0.7395214438,0.2498313934,-0.3804742992,0.0074325223
2.3311970234,0.2109141350,-0.0513592958,-0.8052094579,0.3882366717,-0.5575246215,0.0540255904
2.3406679630,0.2259095907,-0.0472542048,-0.8271096945,0.4852809310,-0.7118236423,0.0824013054
2.3507559299,0.2334479690,-0.0498459339,-0.8362217546,0.5643163919,-0.8625313640,0.1052775905
2.3607521057,0.2470216155,-0.0681034327,-0.8345995545,0.5981097221,-1.0164040327,0.1425123215
2.3708219528,0.2635473907,-0.1143372059,-0.8254952431,0.5769529343,-1.1923401356,0.1742478758
2.3807411194,0.2808823287,-0.1702890396,-0.7970740795,0.5252633691,-1.3700691462,0.2217959464
2.3909258842,0.2988643348,-0.1710661054,-0.7514435649,0.4547221065,-1.5523859262,0.2780277729
2.4012420177,0.2943479121,-0.1389303207,-0.7171075344,0.4099599719,-1.6770153046,0.3123966753
2.4110350609,0.2819246650,-0.1102145910,-0.7005699277,0.3981425762,-1.7675347328,0.3427681625
2.4209129810,0.2927097678,-0.1011564136,-0.6806845665,0.4259665012,-1.8846660852,0.3665059805
2.4311029911,0.3028355539,-0.1169973016,-0.6471847892,0.4460762739,-1.9897477627,0.4049828053
2.4412150383,0.3214158714,-0.1222134829,-0.6020738482,0.4366391003,-2.1039214134,0.4480048418
2.4512038231,0.3376394808,-0.1055728197,-0.5627093911,0.4648979008,-2.2326610088,0.4835814834
2.4611530304,0.3389221728,-0.0963780284,-0.5153377056,0.5007144809,-2.3103330135,0.5157197118
2.4713249207,0.3385148346,-0.0857213736,-0.4537624121,0.5609883070,-2.3659186363,0.5614994168
2.4813008308,0.3284556866,-0.0687853694,-0.4033882022,0.5920269489,-2.3898453712,0.5959583521
2.4914178848,0.3097785413,-0.0616687536,-0.3527022004,0.6037908196,-2.3864390850,0.5982689261
2.5013220310,0.2971710861,-0.0636084676,-0.3092297316,0.5907916427,-2.3957209587,0.5923470855
2.5116901398,0.3011504710,-0.0632371306,-0.2409306765,0.5611806512,-2.4166541100,0.6061154008
2.5214979649,0.3047306538,-0.0591938496,-0.2048040628,0.5121470690,-2.4343907833,0.6063204408
2.5318498611,0.2901329100,-0.0668970942,-0.1926908493,0.4761477411,-2.4416902065,0.5775420666
2.5416159630,0.2867038250,-0.0668232441,-0.1766658425,0.4279195070,-2.4532823563,0.5754948854
2.5516979694,0.2933917344,-0.0430409312,-0.1622174382,0.3753585517,-2.4925642014,0.5624027848
2.5616698265,0.2842319906,-0.0387718081,-0.1541832089,0.3579164445,-2.5049495697,0.5607718825
2.5725879669,0.2830052674,-0.0314085484,-0.1281351447,0.3769809604,-2.5059325695,0.5851765275
2.5820288658,0.2847179472,-0.0199766755,-0.0977342054,0.3996796012,-2.5025272369,0.6052735448
2.5922799110,0.2728205025,-0.0075992350,-0.0976520702,0.4391433895,-2.4931230545,0.5960581899
2.6020100117,0.2570682466,-0.0141906152,-0.0860578343,0.4223734736,-2.4737489223,0.5887856483
2.6121020317,0.2450800687,-0.0351709723,-0.0741591379,0.3949253559,-2.4802899361,0.5717853904
2.6220409870,0.2388982177,-0.0566931367,-0.0406325385,0.3672050238,-2.4838538170,0.5683858395
2.6322550774,0.2404014617,-0.0501982570,-0.0159946028,0.3326361179,-2.4648532867,0.5808763504
2.6422181129,0.2373775840,-0.0315472484,-0.0276447479,0.3381400704,-2.4650180340,0.5566767454
2.6523280144,0.2315401286,-0.0347194672,-0.0345361158,0.3782825768,-2.4511408806,0.5535233021
2.6622250080,0.2429785579,-0.0564508438,-0.0369522497,0.4181575477,-2.4253489971,0.6012705564
2.6725721359,0.2602618039,-0.0651836395,-0.0556049868,0.4013595581,-2.4500594139,0.6379702687
2.6824131012,0.2703856230,-0.0546417832,-0.0400336310,0.4111035168,-2.5243010521,0.6530812979
2.6924779415,0.2464564145,-0.0609230399,-0.0132148201,0.4003717601,-2.5293595791,0.6699340343
2.7024168968,0.2309179604,-0.0670415759,0.0266441759,0.3626321256,-2.4930236340,0.6956612468
2.7125458717,0.2281269729,-0.0629237294,0.0451407507,0.3028501272,-2.4588093758,0.7000432014
2.7225999832,0.2291491628,-0.0733537674,0.0517311767,0.3164562285,-2.4204716682,0.7210238576
2.7326509953,0.2410312593,-0.0803624392,0.0789454654,0.3166219890,-2.4204940796,0.7501007915
2.7425990105,0.2386882305,-0.0735479593,0.0924773887,0.2854334414,-2.4301598072,0.7528177500
2.7529399395,0.2230507433,-0.0736271143,0.0827901438,0.2544429302,-2.4316031933,0.7548425198
2.7628188133,0.2082754672,-0.0832062364,0.0920060351,0.1958302110,-2.4056298733,0.7700966001
2.7728238106,0.1990338862,-0.0861304998,0.0938549116,0.1210823432,-2.3930928707,0.7706313729
2.7827270031,0.1998401582,-0.0943099856,0.0927447751,0.0921662673,-2.3880987167,0.7849255800
2.7929310799,0.1983276904,-0.0937280059,0.0900031999,0.0880523473,-2.3615231514,0.8265185952
2.8030338287,0.1982581317,-0.0763080120,0.0937174633,0.1152384281,-2.3590130806,0.8373030424
2.8129820824,0.1842227280,-0.0724576116,0.1036599353,0.1689629257,-2.3417639732,0.8541158438
2.8229598999,0.1727547348,-0.0793082118,0.1186708882,0.1871560365,-2.3242008686,0.9063585401
2.8333210945,0.1686443090,-0.0703321099,0.1531304717,0.1675274819,-2.3080852032,0.9355319142
2.8431859016,0.1513612270,-0.0682502389,0.1750352979,0.1291326880,-2.2511336803,0.9369993210
2.8531899452,0.1282919347,-0.0770489573,0.1642445326,0.1305834353,-2.1955473423,0.9430441260
2.8629989624,0.1285707057,-0.0714367032,0.1779075265,0.1384994090,-2.1977062225,0.9767022133
2.8733348846,0.1241154745,-0.0451466441,0.2041972280,0.1748022884,-2.1811425686,1.0148829222
2.8833250999,0.1007004753,-0.0150136361,0.2043218017,0.2386909872,-2.1117300987,1.0223640203
2.8933839798,0.0801025406,0.0098759523,0.2053421140,0.2835894823,-2.0575282574,1.0055512190
2.9033288956,0.0735600367,0.0197209716,0.2156824470,0.2347457856,-1.9978942871,0.9897168279
2.9136769772,0.0694610849,-0.0081638107,0.2219014764,0.1821294427,-2.0293848515,0.9498631358
2.9235329628,0.0666735247,-0.0553241968,0.2789660096,0.0103603527,-2.0130288601,0.9624865651
2.9336359501,0.0572834387,-0.0554726720,0.3236080408,-0.1795917451,-1.9608305693,0.9903115034
2.9435291290,0.0406251326,-0.0192421079,0.3031099439,-0.3049430251,-1.9499353170,0.9830317497
2.9537069798,0.0152448192,0.0338496566,0.2988770008,-0.2785733044,-1.9428091049,0.9698643088
2.9636521339,-0.0057762791,0.0855981708,0.3081648946,-0.1965468824,-1.8912558556,0.9750974178
2.9738609791,-0.0317680165,0.1327590346,0.3203288317,-0.1262106746,-1.8089607954,0.9300649762
2.9838449955,-0.0555077419,0.1377212405,0.3018899560,-0.0391444825,-1.7327251434,0.8750861287
2.9938600063,-0.0602403209,0.1030058265,0.3167360425,-0.0083677955,-1.6523131132,0.8706727624
3.0039701462,-0.0464051589,0.0960282683,0.3431601524,-0.0542415455,-1.6161705256,0.8743990064
3.0139198303,-0.0588564798,0.1094267964,0.3544608951,-0.0182610396,-1.6187431812,0.8632891178
3.0238218307,-0.0807724819,0.1231194139,0.3828771710,0.0307049043,-1.5626497269,0.8761513829
3.0340490341,-0.1214046702,0.1399137378,0.4029019475,0.0683444291,-1.4550379515,0.8670175672
3.0440809727,-0.1550132930,0.1708775163,0.4151269794,0.1250748187,-1.3577278852,0.8274778724
3.0541081429,-0.1772442162,0.2085201740,0.4373689890,0.1964705735,-1.2091492414,0.7797923684
3.0639748573,-0.1869649291,0.2242537141,0.4304108024,0.2950040698,-1.0973126888,0.7128096223
3.0742230415,-0.1908178329,0.1956295371,0.4515029788,0.2979661822,-0.9963777065,0.6588633060
3.0843029022,-0.1893592477,0.1565259099,0.4927793145,0.1745110750,-0.8800026774,0.5901864767
3.0943078995,-0.1977746785,0.1234036088,0.4991213679,0.0252318438,-0.7589315772,0.5276831388
3.1041619778,-0.1983236074,0.1098420620,0.4686595201,-0.0671984851,-0.6862235665,0.4808959365
3.1144018173,-0.1978637874,0.1067155004,0.4424166083,-0.0907195285,-0.6514678001,0.4563450515
3.1245088577,-0.2099116147,0.1150196791,0.4286502600,-0.0679827929,-0.6056339741,0.4332229495
3.1345090866,-0.2300443649,0.1299013495,0.4166368842,-0.0532645620,-0.4926151633,0.4128271341
3.1443469524,-0.2362960875,0.1391196847,0.3862082362,-0.0050871801,-0.3791096509,0.3920449018
3.1545839310,-0.2208361030,0.1267790198,0.3689754009,0.0462050363,-0.3157010972,0.3786795437
3.1647069454,-0.2047254741,0.0967789292,0.3680021167,0.0879607350,-0.2984390259,0.3851880431
3.1746468544,-0.2086040676,0.0870504975,0.3711059690,0.1315083504,-0.2712038755,0.4108127356
3.1844811440,-0.2285960615,0.1193497181,0.3746872544,0.1864882410,-0.1829373986,0.4067894816
3.1948380470,-0.2592120469,0.1502126455,0.3625373244,0.2417794615,-0.0636793450,0.3748249114
3.2048239708,-0.2676612735,0.1425065398,0.3704127669,0.2265094221,0.0526800230,0.3207198381
3.2149491310,-0.2376003861,0.1140472293,0.3966678977,0.1388411075,0.1303790808,0.2860532105
3.2247028351,-0.2054700553,0.1000122428,0.3967033029,0.0346102975,0.1349879503,0.2519748807
3.2350380421,-0.2051785588,0.1151089072,0.3862724900,-0.0266424082,0.1833958030,0.2175681889
3.2449870110,-0.2104504406,0.1544101238,0.3713422418,-0.0182774179,0.2560029030,0.1882156134
3.2550499439,-0.2042822838,0.1970910430,0.3692814708,0.0453054197,0.2865490913,0.1552440822
3.2649431229,-0.2022668421,0.2156825066,0.3869691491,0.0868203714,0.3396410644,0.1282367110
3.2751288414,-0.2146988213,0.2184104919,0.4140499830,0.1042640805,0.4160479605,0.1086398363
3.2851660252,-0.2156254351,0.2431173325,0.4434654117,0.1067429483,0.4834959805,0.0767639279
3.2952489853,-0.2204224765,0.2860174179,0.4841492772,0.1032439545,0.5705948472,0.0258048717
3.3050739765,-0.2505708933,0.3189051747,0.5038930774,0.0868074596,0.7282678485,-0.0335090496
3.3153700829,-0.2802972198,0.3394514322,0.5085083246,0.0104060257,0.8578632474,-0.1648252606
3.3255870342,-0.2864907384,0.3495314717,0.5215280652,-0.0592167266,1.0089195967,-0.2899174094
3.3355169296,-0.2700793445,0.3607641459,0.5075950027,-0.0727270767,1.1058095694,-0.3879763484
3.3452689648,-0.2499721050,0.3694946766,0.5051090717,-0.0735185742,1.2171161175,-0.4797725677
3.3555541039,-0.2217284143,0.3817946315,0.5050222874,-0.0710570067,1.3311016560,-0.5679767132
3.3655869961,-0.1882781982,0.3923930526,0.5118711591,-0.0514409617,1.4365470409,-0.6434533596
3.3756828308,-0.1627326906,0.3679149747,0.5036299825,-0.0308314245,1.5432674885,-0.7036647797
3.3855910301,-0.1450635791,0.3363599181,0.4829401374,-0.0484359860,1.6271774769,-0.7596510649
3.3957910538,-0.1300963461,0.3063431382,0.4570896029,-0.0635242537,1.6795231104,-0.8132783771
3.4059669971,-0.1073626205,0.2709965110,0.4570701122,-0.0959354565,1.7277746201,-0.8412937522
3.4158539772,-0.0761691257,0.2546629906,0.4723201394,-0.1720434129,1.8093247414,-0.8561603427
3.4256229401,-0.0600905642,0.2443217039,0.4474334121,-0.1809586138,1.8994832039,-0.8791164756
3.4360649586,-0.0395093188,0.2330539227,0.4160036445,-0.1345166713,1.9438740015,-0.9047989845
3.4462230206,-0.0078801438,0.2163918614,0.4286023378,-0.1290497482,1.9910888672,-0.9245582819
3.4559919834,0.0224331692,0.1917758584,0.4288536906,-0.1769311130,2.0984344482,-0.9467672110
3.4659471512,0.0512197986,0.1678157449,0.3965776563,-0.2317485511,2.1768600941,-0.9847244024
3.4760880470,0.0817139819,0.1429129243,0.3767935634,-0.2812006474,2.2216751575,-1.0063897371
3.4862020016,0.1033427194,0.1196116805,0.3669583201,-0.3053981364,2.2582304478,-1.0194560289
3.4961729050,0.1106641665,0.1117915511,0.3609538674,-0.3192707896,2.3271195889,-1.0356876850
3.5061588287,0.1195509210,0.1316576600,0.3588699698,-0.2621718347,2.3961808681,-1.0634080172
3.5162789822,0.1256881654,0.1220217347,0.3600010276,-0.1904963255,2.5176711082,-1.0882084370
3.5263161659,0.1466728151,0.0985557437,0.3459984660,-0.2011215389,2.6617426872,-1.1279060841
3.5363819599,0.1813479960,0.0653550625,0.2967095971,-0.2710349858,2.7349228859,-1.1657967567
3.5462520123,0.2219921052,0.0339919925,0.2493503094,-0.3410790563,2.7376666069,-1.1592900753
3.5564870834,0.2498578131,0.0007995957,0.2160459161,-0.3757269084,2.7025780678,-1.1202260256
3.5665369034,0.2648964226,-0.0090188393,0.1939862967,-0.3607000113,2.6796572208,-1.0686174631
3.5765128136,0.2618336678,0.0068705673,0.1822125316,-0.2675548792,2.7091054916,-1.0363320112
3.5865290165,0.2553378940,0.0351703763,0.1654054523,-0.1440212280,2.8140139580,-1.0297704935
3.5966210365,0.2475091815,0.0499064922,0.1188780144,0.0186303984,2.8816699982,-1.0537616014
3.6067171097,0.2438023686,0.0074237580,0.0839316919,0.1503114700,2.9366590977,-1.0637888908
3.6167039871,0.2574810088,-0.0401265025,0.0656696036,0.2044508606,2.9374566078,-1.0630424023
3.6266109943,0.2714181840,-0.0712990165,0.0512253717,0.1993554384,2.9363441467,-1.0589315891
3.6368408203,0.2862906456,-0.0869231224,0.0250769909,0.1850482821,2.9274425507,-1.0556925535
3.6469149590,0.3000220656,-0.1013053060,0.0132921403,0.1611024588,2.9269828796,-1.0367250443
3.6569149494,0.3027853370,-0.1042722464,-0.0333239362,0.1273690015,2.9346325397,-1.0056757927
3.6669278145,0.2928751707,-0.1105057001,-0.0828802511,0.1287173629,2.8987786770,-1.0004322529
3.6770181656,0.2900547683,-0.1128892303,-0.1006193683,0.1354676634,2.8505425453,-1.0009100437
3.6870899200,0.3027485907,-0.1057672501,-0.0891436860,0.1809344888,2.7801718712,-0.9795610905
3.6971020699,0.3045176268,-0.1049777865,-0.0712757036,0.1816414148,2.7723882198,-0.9553551078
3.7069709301,0.2759241760,-0.1172686219,-0.1084219739,0.0951629952,2.8125183582,-0.9850482345
3.7172679901,0.2499546409,-0.1389955878,-0.1746932864,-0.0277774446,2.8110802174,-1.0261347294
3.7272810936,0.2547945678,-0.1593189836,-0.2038713098,-0.1533803791,2.7576813698,-1.0392166376
3.7375788689,0.2769860923,-0.1662762165,-0.2093039155,-0.2889959812,2.6917004585,-1.0452394485
3.7473509312,0.2913993001,-0.1524109244,-0.2266312838,-0.3105390966,2.6626584530,-1.0096331835
3.7573218346,0.3034855425,-0.1089275479,-0.2396689653,-0.2603951097,2.6422739029,-0.9570592642
3.7675719261,0.2873592675,-0.0626726151,-0.2692152858,-0.1680574566,2.6448574066,-0.9602198601
3.7775211334,0.2528162897,-0.0489754677,-0.3233385086,-0.0129112806,2.6245317459,-1.0019795895
3.7873280048,0.2424867749,-0.0833179355,-0.3020952940,0.0702629685,2.6038546562,-1.0177079439
3.7976050377,0.2547430694,-0.1359143853,-0.2569466233,-0.0383255631,2.5879135132,-1.0265879631
3.8076038361,0.2780496180,-0.1885581017,-0.2413310409,-0.2809994519,2.5673820972,-1.0431413651
3.8177289963,0.2936732471,-0.2366954088,-0.2771244049,-0.5532130003,2.5157914162,-1.0390877724
3.8276460171,0.3035556376,-0.2594107389,-0.3298691511,-0.7897205949,2.4092953205,-1.0034518242
3.8378038406,0.2957902253,-0.2467381954,-0.3849214911,-0.9272601008,2.3130328655,-0.9356431365
3.8478021622,0.2712636888,-0.1901438236,-0.4485569000,-0.9309933186,2.2047221661,-0.8768736124
3.8578269482,0.2389331460,-0.1079409122,-0.4861761928,-0.7459941506,2.1422088146,-0.8041985631
3.8677201271,0.2137660980,-0.0563307405,-0.5018702745,-0.4933264852,2.1253037453,-0.7271168232
3.8779940605,0.1948221475,-0.0409470201,-0.5346683860,-0.2706131339,2.0883226395,-0.7004591227
3.8880219460,0.1972489953,-0.0692501664,-0.5529721379,-0.1121531725,2.0005683899,-0.6809322834
3.8980419636,0.2179710120,-0.1210447550,-0.5239473581,-0.1200599745,1.8804383278,-0.6533733606
3.9080469608,0.2197948992,-0.1815708876,-0.5214723349,-0.2791135311,1.7802859545,-0.6188465953
3.9181461334,0.2123717666,-0.2316681743,-0.5474836826,-0.4767609537,1.6746765375,-0.5732601881
3.9281859398,0.2237939984,-0.2333190441,-0.5407019258,-0.6210699677,1.5192013979,-0.5036632419
3.9382548332,0.2171168327,-0.1977069378,-0.5458027124,-0.6845614314,1.4255486727,-0.4317888021
3.9480848312,0.1909617633,-0.1508143544,-0.6047136188,-0.5913822651,1.3611912727,-0.3671794534
3.9583189487,0.1840030104,-0.1138702035,-0.6191543937,-0.4351587892,1.2661863565,-0.2975106239
3.9684059620,0.1793163568,-0.0916852355,-0.6298581958,-0.2542422712,1.1833837032,-0.2420002073
3.9786081314,0.1700384915,-0.0817818046,-0.6378113627,-0.1042057723,1.0732550621,-0.2079160064
3.9883809090,0.1672229767,-0.0996759534,-0.5910083055,-0.0441735983,1.0029965639,-0.1598512828
3.9985380173,0.1588477343,-0.1198374629,-0.5501097441,-0.0854070559,0.9348202348,-0.1252655983
4.0085468292,0.1545867473,-0.1240333319,-0.5369006991,-0.1293446869,0.8425872922,-0.1254464239
4.0185770988,0.1465217471,-0.1163806319,-0.5257446170,-0.1532628089,0.7440432906,-0.1360498071
4.0285420418,0.1218599007,-0.1169185042,-0.5200112462,-0.1861421913,0.6882976890,-0.1467431933
4.0387320518,0.1058005765,-0.0929647684,-0.5155635476,-0.2474498898,0.6260972023,-0.1682615429
4.0487670898,0.1045387164,-0.0654386282,-0.5057168603,-0.2848483920,0.5649893284,-0.1900864094
4.0590229034,0.1030360088,-0.0599219799,-0.4853685498,-0.2863108516,0.5187026262,-0.1851782054
4.0685987473,0.1050064936,-0.0673873425,-0.4608892202,-0.2764065862,0.4650939703,-0.1573793292
4.0788388252,0.0955399349,-0.0647868514,-0.4643379450,-0.2444429100,0.4181919098,-0.1278850883
4.0889921188,0.0913678184,-0.0394041538,-0.4688483477,-0.1540866494,0.3631861806,-0.1135796532
4.0988388062,0.0784568563,-0.0214657187,-0.4558655024,-0.0493240170,0.3097917736,-0.0928445458
4.1087880135,0.0606528148,-0.0217764974,-0.4246275425,0.0225592293,0.3188350797,-0.0766759589
4.1189408302,0.0457394794,-0.0338039994,-0.4090444446,0.0626175627,0.2945963740,-0.0749595538
4.1291108131,0.0437766984,-0.0607823133,-0.3786829114,0.0919765234,0.2698462903,-0.0460860953
4.1391739845,0.0482092872,-0.0608830452,-0.3613057137,0.1306546628,0.2238290459,-0.0511258617
4.1489901543,0.0446865335,-0.0493579507,-0.3475608230,0.1821697950,0.1754053235,-0.0482296720
4.1593060493,0.0271238610,-0.0577679873,-0.3212416768,0.2173187286,0.1844691336,-0.0177487321
4.1693449020,0.0166104361,-0.0724223852,-0.2842860222,0.2061446458,0.1764791161,-0.0029700513
4.1793990135,0.0123998895,-0.0709504485,-0.2714141011,0.1979651302,0.1548518836,-0.0179396793
4.1891422272,0.0173057988,-0.0690278411,-0.2575749755,0.1630401760,0.1281986982,-0.0270375703
4.1994791031,0.0111698136,-0.0669227839,-0.2580776811,0.1401547045,0.0994918197,-0.0503753833
4.2093491554,0.0020800752,-0.0736681819,-0.2470995784,0.1027213037,0.1055382565,-0.0783348456
4.2196922302,0.0019993556,-0.0737276673,-0.2354775071,0.0419968441,0.1152153090,-0.1147589013
4.2294621468,0.0190085545,-0.0434623361,-0.2470030189,-0.0365482979,0.1197200418,-0.1059073508
4.2397222519,0.0208074674,-0.0515967011,-0.3010063767,-0.0032780946,0.1068129539,-0.0795508474
4.2499837875,0.0244473293,-0.1112812757,-0.3005887270,0.0382648222,0.0459964722,-0.0367636979
4.2597837448,0.0285517499,-0.1030326486,-0.2836838365,0.0929232687,-0.0207288135,-0.0105030686
4.2696809769,0.0024149043,-0.0961762071,-0.2733073831,0.1537831575,0.0199765377,0.0258096643
4.2798180580,-0.0077810814,-0.0869671702,-0.2707760930,0.1829116195,0.0289697405,0.0373315662
4.2898731232,0.0105706528,-0.0731903911,-0.2360326052,0.2007385492,-0.0017769868,0.0420136712
4.2999119759,0.0127061829,-0.0960632563,-0.2015854120,0.1756562293,-0.0034773895,0.0538373068
4.3101158142,0.0190750137,-0.0962331295,-0.1897082329,0.1077882349,-0.0379871614,0.0358098373
4.3200407028,0.0321316496,-0.0704898834,-0.1754434109,0.0443008766,-0.0707828179,0.0201728176
4.3300170898,0.0152970329,-0.0710984468,-0.1608991623,0.0079982616,-0.0454692058,0.0134235695
4.3400950432,-0.0011192489,-0.0535450578,-0.1720271111,0.0026037626,-0.0196322296,-0.0192582104
4.3499479294,0.0030493212,-0.0230768323,-0.2030113935,-0.0074355560,-0.0119223781,-0.0589680709
4.3602218628,0.0103012398,-0.0144764790,-0.2369706631,0.0031349303,0.0045825345,-0.0727129132
4.3701868057,0.0176863447,-0.0426184535,-0.2693759799,0.0086809639,0.0133440681,-0.0647937357
4.3803191185,0.0415685847,-0.0492256880,-0.3042070866,0.0179206673,-0.0207484663,-0.0602216199
4.3904170990,0.0571977273,-0.0449715257,-0.3564077020,0.0194043145,-0.0473864675,-0.0595640875
4.4004087448,0.0709855929,-0.0421295762,-0.4291400313,0.0052518770,-0.0558330864,-0.0318272635
4.4103841782,0.0955711380,-0.0444442034,-0.5077165365,0.0067978418,-0.1400190592,-0.0485074408
4.4204797745,0.1177516505,-0.0572068691,-0.5881677866,0.0200846195,-0.2318612635,-0.0531032570
4.4302892685,0.1478963196,-0.0691715479,-0.6607555747,0.0209522769,-0.3492289186,-0.0514904484
4.4407529831,0.1739380956,-0.0924623609,-0.7293673754,0.0383013040,-0.4740673006,-0.0410663038
4.4505848885,0.2062348425,-0.1017458439,-0.7947192788,0.1075940952,-0.6276387572,-0.0230239201
4.4606599808,0.2293398976,-0.1192165017,-0.8291754723,0.2243418843,-0.7826070786,0.0241760816
4.4707169533,0.2465951294,-0.1448073983,-0.8418579102,0.2963479161,-0.9283323288,0.0864652917
4.4807391167,0.2633835971,-0.1648499370,-0.8489024043,0.3484403789,-1.0820323229,0.1475166529
4.4907708168,0.2721457183,-0.1786053777,-0.8546904922,0.3922752142,-1.2311009169,0.2198278755
4.5008859634,0.2743525803,-0.1894018054,-0.8335563540,0.4150893390,-1.3770790100,0.2849956751
4.5106611252,0.2751882076,-0.1949316263,-0.8161594272,0.4424391985,-1.5105166435,0.3481791615
4.5209741592,0.2807965279,-0.2040833235,-0.7974508405,0.4615851939,-1.6458647251,0.4091988504
4.5309581757,0.2922618091,-0.2017503381,-0.7569342256,0.4841181934,-1.7852267027,0.4785283804
4.5411128998,0.2989543378,-0.1836460829,-0.7032204866,0.5167776346,-1.9087620974,0.5313950777
4.5510911942,0.2969328463,-0.1630744338,-0.6532140374,0.5530804992,-2.0017158985,0.5617319345
4.5611600876,0.3010090888,-0.1486541033,-0.6065448523,0.5805251598,-2.0972754955,0.5668907166
4.5711359978,0.3126366436,-0.1479740143,-0.5494797826,0.5909242630,-2.1841549873,0.5933572650
4.5812520981,0.3238867223,-0.1465232968,-0.4774640799,0.5879889727,-2.2664597034,0.6128121614
4.5910491943,0.3272331953,-0.1385112405,-0.4194098711,0.5557647347,-2.3056588173,0.6324766874
4.6012778282,0.3323769271,-0.1117640138,-0.3832288384,0.5335155725,-2.3575577736,0.6323813200
4.6114001274,0.3386863768,-0.0947725773,-0.3420018554,0.5314524174,-2.4087352753,0.6310862303
4.6213870049,0.3344734609,-0.0959451199,-0.2949602008,0.5264785886,-2.4381563663,0.6563753486
4.6315069199,0.3321549594,-0.0975753069,-0.2728160024,0.5354145765,-2.4694125652,0.6792502999
4.6416101456,0.3274227679,-0.1070831418,-0.2753499150,0.5370079279,-2.5193030834,0.7018517852
4.6515069008,0.3255629838,-0.1177753806,-0.2466623187,0.5369551778,-2.5692369938,0.7488259077
4.6615591049,0.3253548443,-0.1217316985,-0.1974186897,0.4929431081,-2.6007425785,0.8000571728
4.6714458466,0.3205012679,-0.0975831747,-0.1785660982,0.4739265442,-2.6276693344,0.8330790401
4.6816520691,0.3240092099,-0.0690379739,-0.1720922589,0.4903272092,-2.6495754719,0.8467298746
4.6917657852,0.3194074929,-0.0706061721,-0.1559379697,0.5415486097,-2.6487114429,0.8658212423
4.7017121315,0.3158797324,-0.0763542652,-0.1309858561,0.5953576565,-2.6642909050,0.9222062230
4.7118859291,0.3165776134,-0.0631712675,-0.0960454270,0.6421517730,-2.7032787800,0.9865194559
4.7218360901,0.3080642521,-0.0349128842,-0.0658841655,0.7019329667,-2.7319204807,1.0144234896
4.7318911552,0.2964248061,-0.0248286128,-0.0481546447,0.8224008083,-2.7409021854,1.0267987251
4.7420282364,0.2938819528,-0.0282970071,-0.0163170639,0.9064890146,-2.7110011578,1.0625000000
4.7518458366,0.3018002510,-0.0338948369,0.0055624312,0.9099258184,-2.7137582302,1.0994851589
4.7620339394,0.2983129323,-0.0478823185,0.0266336855,0.8214823604,-2.7061457634,1.1282742023
4.7720761299,0.2902487814,-0.0578386784,0.0363746956,0.6747075915,-2.6892030239,1.1412291527
4.7821798325,0.2850431800,-0.0642544031,0.0529698208,0.5612428188,-2.7202401161,1.1326167583
4.7919330597,0.2908297479,-0.0604867339,0.1002920941,0.4633450210,-2.7363936901,1.1399170160
4.8022780418,0.2935867906,-0.0399749875,0.1276607513,0.3913941383,-2.7303962708,1.1555351019
4.8122401237,0.2907983065,-0.0116327414,0.1329385638,0.3683516681,-2.7225265503,1.1675832272
4.8223690987,0.2829566002,0.0062145586,0.1417225003,0.4005235732,-2.7085077763,1.1783128977
4.8322858810,0.2753951550,0.0066002603,0.1687638760,0.4284787774,-2.6793849468,1.1956135035
4.8424787521,0.2663967311,0.0066037173,0.1867436767,0.4163370132,-2.6602694988,1.1993489265
4.8523950577,0.2481893301,0.0040597911,0.2000079155,0.3996379375,-2.6481118202,1.1815536022
4.8624939919,0.2247934937,-0.0186912417,0.2244469523,0.3376796246,-2.5790960789,1.1812947989
4.8723311424,0.2171556056,-0.0251390338,0.2411733270,0.2060632855,-2.4922041893,1.1713793278
4.8825798035,0.2190711200,-0.0194587708,0.2354691625,0.0909460038,-2.4790031910,1.1197501421
4.8926930428,0.2199176252,-0.0333947539,0.2616900802,-0.0385451391,-2.4628851414,1.0853807926
4.9026517868,0.2195977569,-0.0519172549,0.3006041646,-0.1799504608,-2.4317994118,1.1023693085
4.9125161171,0.2150977552,-0.0348693728,0.3162246346,-0.3213201165,-2.4204058647,1.1340029240
4.9227619171,0.1954976022,-0.0065695052,0.3005794883,-0.3659533560,-2.3988673687,1.1278712749
4.9328060150,0.1682705581,0.0072161551,0.2980304360,-0.3579782546,-2.3482475281,1.1090946198
4.9428319931,0.1470139325,0.0171155930,0.2973114848,-0.3535600901,-2.2989680767,1.0854505301
4.9527111053,0.1315063238,0.0168393254,0.2843853831,-0.2615795732,-2.2689840794,1.0831964016
4.9629731178,0.1093754843,0.0166228414,0.2876377702,-0.1260355711,-2.1916036606,1.1124694347
4.9730129242,0.0852754787,0.0377444625,0.2850183249,0.0027775341,-2.1031537056,1.1166939735
4.9830818176,0.0709549859,0.0647383332,0.2830246091,0.1009620279,-2.0261757374,1.0976231098
4.9928908348,0.0693039671,0.0687491298,0.2839503288,0.1598104239,-1.9721654654,1.0791792870
5.0031518936,0.0679964200,0.0493525863,0.3079394102,0.1136357412,-1.9115017653,1.0727483034
5.0132217407,0.0707018152,0.0275821090,0.3319469094,-0.0022250807,-1.8861186504,1.0494112968
5.0232329369,0.0657888129,-0.0044793491,0.3584383130,-0.1726073325,-1.8657492399,1.0405867100
5.0331602097,0.0559288636,-0.0071345572,0.3704824448,-0.3174129725,-1.8281613588,1.0398271084
5.0433559418,0.0380649045,0.0177121758,0.3547220826,-0.3584094346,-1.8170700073,1.0356323719
5.0534038544,0.0165901557,0.0594190359,0.3488189578,-0.2400654703,-1.8202968836,1.0363628864
5.0634250641,-0.0135287568,0.1049829125,0.3555273414,-0.1000112966,-1.7142484188,1.0610296726
5.0732917786,-0.0403040871,0.1410850286,0.3403826952,0.0514754318,-1.6245235205,1.0548218489
5.0835089684,-0.0491274223,0.1471098661,0.3392403722,0.1835473180,-1.5264434814,1.0415922403
5.0936298370,-0.0444009826,0.1291120052,0.3357148170,0.2674994767,-1.5110520124,1.0432804823
5.1035990715,-0.0502767786,0.1025062799,0.3570294380,0.2943840921,-1.5076433420,1.0747497082
5.1134500504,-0.0532936975,0.1183442473,0.4128924012,0.2352110445,-1.4777342081,1.1118088961
5.1237897873,-0.0844745561,0.1549282670,0.4576433301,0.1098286137,-1.3997043371,1.0659245253
5.1335659027,-0.1279883981,0.1800422072,0.4686567187,0.0017591412,-1.2994043827,0.9982677102
5.1436529160,-0.1625645459,0.2066821456,0.4797788262,-0.0531192869,-1.2222281694,0.9364432096
5.1538267136,-0.1851170361,0.2455871701,0.5029816031,-0.0719409063,-1.1197097301,0.8461639285
5.1640100479,-0.2105749249,0.2811772227,0.5123813748,-0.0654080510,-0.9533312917,0.7249823809
5.1739292145,-0.2266414165,0.2860670686,0.4945537448,-0.0477001555,-0.7782649398,0.6084267497
5.1840438843,-0.2263481617,0.2636142373,0.4825405478,-0.0244409051,-0.6415392160,0.5239957571
5.1938509941,-0.2160475254,0.2330099344,0.4714756608,-0.0020210827,-0.5346034765,0.4800770283
5.2043380737,-0.2125357091,0.2157642841,0.4543430805,0.0407807119,-0.4624156654,0.4579405487
5.2140789032,-0.2139316201,0.2131320834,0.4536291957,0.0879415646,-0.3941820264,0.4345185757
5.2242250443,-0.2259832323,0.2123922706,0.4579673409,0.1126979142,-0.2735020816,0.4163768589
5.2339920998,-0.2367612123,0.1960474253,0.4413904548,0.1599218696,-0.1770439893,0.3984029293
5.2442889214,-0.2275488675,0.1770029664,0.4373942614,0.1906275898,-0.1056375504,0.3935040534
5.2543759346,-0.2051493526,0.1853341460,0.4417857528,0.1840418577,-0.0679101497,0.3685816526
5.2643127441,-0.1989128590,0.1919075847,0.4352334142,0.1805159748,-0.0470690206,0.3379736841
5.2741460800,-0.2037425637,0.1927544475,0.4373847246,0.1417206377,0.0054128291,0.3244062066
5.2847127914,-0.2185321748,0.1899784207,0.4368360043,0.0874462128,0.0804357305,0.2929966152
5.2944798470,-0.2120632827,0.1925010681,0.4417966008,0.0116028506,0.1425693929,0.2643505931
5.3045930862,-0.1884339154,0.2114143372,0.4609940648,-0.0389492735,0.1842768043,0.2289683819
5.3143682480,-0.1735149026,0.2455262542,0.4798350334,-0.0651736856,0.2329210341,0.1870329082
5.3246531487,-0.1839849651,0.2745556235,0.4912617207,-0.0599525571,0.2840159237,0.1332948506
5.3346738815,-0.2086462975,0.2934700847,0.5110566616,-0.0332458466,0.3800713420,0.0798934102
5.3447999954,-0.2304657698,0.3172743917,0.5339286327,-0.0375788100,0.5220746994,0.0058535337
5.3545570374,-0.2399584949,0.3339123130,0.5419864058,-0.0609054379,0.7067063451,-0.0603598393
5.3650817871,-0.2324713171,0.3491916060,0.5245898962,-0.0528577641,0.8135731220,-0.1086951494
5.3748521805,-0.2201240659,0.3688803315,0.5182340741,-0.0051368484,0.9090517163,-0.1733484417
5.3849668503,-0.2087760568,0.4066264033,0.5090629458,0.0463866629,1.0075039864,-0.2580883801
5.3947348595,-0.2066792250,0.4285953641,0.4988486171,0.1415217072,1.0977638960,-0.3550711274
5.4050607681,-0.2051174641,0.4289415479,0.5071867704,0.2254542857,1.1943686008,-0.4607842267
5.4150562286,-0.1904365420,0.4164426923,0.5431289077,0.2645342946,1.3000127077,-0.5769963264
5.4251108170,-0.1649395823,0.4096101522,0.5671774745,0.2382883132,1.4082758427,-0.6836181283
5.4348812103,-0.1449488103,0.3789361119,0.5679338574,0.1924928725,1.5329558849,-0.7725442648
5.4451608658,-0.1128881201,0.3285166025,0.5686535835,0.0965508968,1.6595610380,-0.8405283689
5.4551897049,-0.0770131573,0.2793510556,0.5678383708,-0.0183157660,1.7778562307,-0.8763606548
5.4652371407,-0.0353008732,0.2512577176,0.5495007634,-0.1072674766,1.8726258278,-0.9127610326
5.4753799438,0.0011540424,0.2413703799,0.5257446170,-0.1310183555,1.9360940456,-0.9493746758
5.4853959084,0.0276764408,0.2413930297,0.5079681277,-0.0949751288,1.9960913658,-0.9796689153
5.4954242706,0.0446053222,0.2484614253,0.5006371140,-0.0485626198,2.0969812870,-1.0065746307
5.5055189133,0.0533484593,0.2349469066,0.4826886058,-0.0063172942,2.2266879082,-1.0460146666
5.5152721405,0.0750701502,0.1992937922,0.4634459615,-0.0056429822,2.3346509933,-1.0822936296
5.5256171227,0.1155400053,0.1611179113,0.4638240337,-0.0822362974,2.4028720856,-1.1266977787
5.5355849266,0.1575655639,0.1051617265,0.4740315080,-0.2160881013,2.4412903786,-1.1561264992
5.5457210541,0.1913315058,0.0487377644,0.4845764041,-0.4137894511,2.5028643608,-1.1503149271
5.5554790497,0.2153152227,0.0125443330,0.4588931203,-0.6187623143,2.5809404850,-1.1400144100
5.5657949448,0.2384076416,0.0096399775,0.4016575813,-0.7077240944,2.6059253216,-1.1297279596
5.5757670403,0.2559204698,0.0193547606,0.3650225997,-0.6829847097,2.6280901432,-1.0843516588
5.5858860016,0.2541746199,0.0326229930,0.3250671625,-0.6097308397,2.6838443279,-1.0415378809
5.5956730843,0.2379032075,0.0438643098,0.2687674761,-0.5281183124,2.7700212002,-1.0390880108
5.6059789658,0.2302135825,0.0398263335,0.2184647322,-0.4586470723,2.8379926682,-1.0545458794
5.6159648895,0.2415882349,0.0161120296,0.1795003414,-0.3776662052,2.8575801849,-1.0457997322
5.6260671616,0.2620679736,-0.0082933316,0.1609061360,-0.3073734045,2.8629124165,-1.0067309141
5.6358537674,0.2780365050,-0.0145654092,0.1504956484,-0.2513519228,2.8610982895,-0.9735490084
5.6461501122,0.2826934755,-0.0002413994,0.1217537001,-0.1323194355,2.8740797043,-0.9583034515
5.6561498642,0.2772964835,0.0023066991,0.0854779556,-0.0196450837,2.9160206318,-0.9473102093
5.6662449837,0.2693724036,-0.0195997953,0.0581842139,0.0652532950,2.9656832218,-0.9629048705
5.6759800911,0.2717507780,-0.0500155687,0.0225729998,0.1010879949,2.9834594727,-0.9820719361
5.6863508224,0.2771201730,-0.0671883225,-0.0116476947,0.1360405087,2.9567608833,-0.9807608128
5.6965341568,0.2823933959,-0.0773439407,-0.0318055078,0.1637110263,2.9262561798,-0.9590582252
5.7064437866,0.2844762504,-0.0669715405,-0.0500883982,0.2055459470,2.8983378410,-0.9523909688
5.7161631584,0.2844525278,-0.0542395711,-0.0533212945,0.2332508117,2.9103584290,-0.9431055784
5.7265367508,0.2812307179,-0.0380643606,-0.0840695426,0.2064852417,2.9397139549,-0.9724043608
5.7365231514,0.2725018263,-0.0549389124,-0.1345627904,0.1904951036,2.9357638359,-1.0206060410
5.7466669083,0.2748816013,-0.1049879193,-0.1738584638,0.1423885524,2.9139506817,-1.0198901892
5.7564697266,0.2935647666,-0.1410930753,-0.1856495738,0.0650500953,2.8337485790,-1.0047031641
5.7667350769,0.3198711872,-0.1379532218,-0.1903029084,-0.0102905976,2.7346942425,-0.9556104541
5.7769169807,0.3148724437,-0.1137180924,-0.2266630530,0.0134136667,2.6562640667,-0.8907595873
5.7867889404,0.2812933326,-0.0793752074,-0.2529491782,0.0627185032,2.6399304867,-0.8686974049
5.7966599464,0.2413741350,-0.0480404496,-0.3054382205,0.1399986297,2.6272184849,-0.9042362571
5.8068647385,0.2359934002,-0.0475504398,-0.3288304210,0.2512858808,2.5587122440,-0.9344356656
5.8168931007,0.2500537932,-0.0971339941,-0.3124946356,0.2272551209,2.4977605343,-0.9410302043
5.8270111084,0.2587859631,-0.1554465890,-0.3034485579,0.0918152705,2.4459459782,-0.9214280248
5.8368000984,0.2763040364,-0.2032426000,-0.3004896045,-0.0924608335,2.3679203987,-0.8946936131
5.8470497131,0.2928655148,-0.2134600282,-0.3080896735,-0.2706662714,2.2866673470,-0.8368476033
5.8572998047,0.2970994413,-0.1802943349,-0.3496306539,-0.3532498181,2.1794905663,-0.7865506411
5.8671259880,0.2706522048,-0.1467604041,-0.3826854825,-0.3447266221,2.1151716709,-0.7495944500
5.8769798279,0.2323639542,-0.1240559816,-0.4194765687,-0.2840947211,2.0773475170,-0.7153944373
5.8872718811,0.2013967037,-0.1018356681,-0.4318003058,-0.2039656490,2.0311107635,-0.6859398484
5.8973550797,0.1870073974,-0.1022950411,-0.4326612949,-0.1147111431,1.9881523848,-0.6704370379
5.9073719978,0.1879776418,-0.1067756414,-0.4083849192,-0.0570662245,1.9454125166,-0.6518647075
5.9171938896,0.1995446980,-0.1075715423,-0.3781879544,-0.0576233566,1.9115496874,-0.6311029792
5.9274940491,0.1828628927,-0.1103713512,-0.4105274677,-0.0822123289,1.9014306068,-0.6456803083
5.9377069473,0.1646718383,-0.1246404648,-0.4447759986,-0.0952016264,1.8283886909,-0.6721596122
5.9475631714,0.1716970205,-0.1585414410,-0.4000702500,-0.1917308271,1.7732461691,-0.6471967101
5.9575109482,0.1801223308,-0.1719487309,-0.3855807185,-0.3190429807,1.7005332708,-0.6167221665
5.9676017761,0.1736852825,-0.1656378508,-0.3828965425,-0.4375254214,1.6763888597,-0.6079060435
5.9777121544,0.1676523089,-0.1444235444,-0.4025139809,-0.4793021679,1.6192991734,-0.5932109952
5.9877147675,0.1690642536,-0.1405832767,-0.4122622609,-0.4802073836,1.5552134514,-0.5505905747
5.9975719452,0.1565753967,-0.1212432981,-0.4455417395,-0.4694942832,1.5011544228,-0.5237096548
6.0077991486,0.1449355632,-0.0955260992,-0.4743034244,-0.3738403022,1.4431451559,-0.5093355179
6.0181131363,0.1417834163,-0.0763424635,-0.4739910364,-0.2460855544,1.3984591961,-0.4687585235
6.0279479027,0.1358638406,-0.0623534918,-0.4769708514,-0.1217657253,1.3629051447,-0.4343473017
6.0378241539,0.1227224395,-0.0637460947,-0.4957159758,-0.0092229359,1.3060594797,-0.4272060394
6.0480170250,0.1047383472,-0.0943908095,-0.5137836337,0.0647833794,1.2438944578,-0.4006015956
6.0580501556,0.1015732139,-0.1235909462,-0.5283225775,0.1118555516,1.1377948523,-0.3719515502
6.0680699348,0.1055281013,-0.1631122231,-0.5040417314,0.0879757851,1.0517745018,-0.3388002813
6.0778760910,0.1162687615,-0.1919320822,-0.4858503938,0.0079826824,0.9461688399,-0.3129348457
6.0882201195,0.1274067163,-0.2076508999,-0.4691550732,-0.1104135960,0.8468887210,-0.2809646726
6.0984740257,0.1270463765,-0.1984974742,-0.4561646581,-0.1965652704,0.7540602684,-0.2587826550
6.1082782745,0.1147152185,-0.1928510070,-0.4516879320,-0.2480357885,0.6861908436,-0.2291754931
6.1182389259,0.0984619036,-0.1802557707,-0.4490499496,-0.2645428479,0.6261954308,-0.1908805668
6.1284027100,0.0871453658,-0.1572254300,-0.4573550224,-0.2189302295,0.5549317002,-0.1646878421
6.1384057999,0.0807686970,-0.1314307451,-0.4660513997,-0.1489439458,0.4886496365,-0.1263937205
6.1484889984,0.0730178207,-0.0964813828,-0.4765361547,-0.0685500428,0.4226402044,-0.0995836779
6.1583089828,0.0644790903,-0.0702047348,-0.4677468538,0.0318005309,0.3736441731,-0.0795250088
6.1685500145,0.0588897541,-0.0760333538,-0.4142118096,0.0518304296,0.3259474337,-0.0752264038
6.1789731979,0.0510469526,-0.0932859182,-0.3881654143,0.0379433781,0.2787258625,-0.0933950245
6.1886348724,0.0497602671,-0.0903671384,-0.3770155907,-0.0101297423,0.2355346233,-0.0939691961
6.1985082626,0.0625002384,-0.0804200172,-0.3437187672,-0.0463900119,0.1594816744,-0.0675330609
6.2087268829,0.0550735220,-0.0701392889,-0.3218845725,-0.0592942275,0.1342203915,-0.0422372930
6.2187719345,0.0308898389,-0.0712724328,-0.3085329533,-0.0843724161,0.1305138022,-0.0282447822
6.2288351059,0.0573603883,-0.0473976731,-0.2925458550,-0.1923594624,0.0562413633,0.0033799903
6.2386102676,0.0525033623,-0.1117506027,-0.3400154114,-0.2866116762,-0.0087592099,0.0052359472
6.2489938736,0.0422024131,-0.1979982853,-0.3453702927,-0.3612011969,-0.0863544568,0.0139239775
6.2592210770,0.0536066741,-0.1382052302,-0.3494441509,-0.3157485127,-0.2086784989,0.0215898864
6.2690329552,0.0113502219,-0.0528668761,-0.3401147723,-0.1463460326,-0.1656236798,0.0348465703
6.2788610458,-0.0332983360,-0.0132058272,-0.2986636162,0.0261026975,-0.0948105007,0.0497030132
6.2891430855,-0.0348934233,0.0057730670,-0.2497095466,0.1800678819,-0.0783712566,0.0647690520
6.2991552353,-0.0282697752,-0.0162893534,-0.1917653084,0.2585382164,-0.0441983715,0.1058978438
6.3092041016,-0.0309296623,-0.0246908665,-0.1672063470,0.3028714657,-0.0359593779,0.1018285304
6.3190727234,-0.0422075018,-0.0315169692,-0.1627028584,0.3012948632,-0.0279592406,0.0837051868
6.3293342590,-0.0467433184,-0.0425487161,-0.1164723560,0.2207042724,-0.0206234325,0.0644537285
6.3393750191,-0.0541307032,-0.0515267253,-0.0928225443,0.1431370378,-0.0193443168,0.0436155610
6.3494539261,-0.0599153116,-0.0378882885,-0.0726659223,0.1145203114,-0.0107891764,0.0361933298
6.3593511581,-0.0642736778,-0.0089881429,-0.0522859618,0.1024671122,0.0002959645,0.0227920376
6.3694829941,-0.0730070323,-0.0011773115,-0.0494981334,0.1028122529,0.0284630992,0.0010446643
6.3795280457,-0.0677890405,-0.0054954295,-0.0537478849,0.0801969543,0.0387429036,-0.0128016425
6.3895778656,-0.0620144829,-0.0253005624,-0.0657084510,0.0391391367,0.0429659039,-0.0161178112
6.3994040489,-0.0577330664,-0.0478347540,-0.0712024495,-0.0242238566,0.0564090088,-0.0116966972
6.4096379280,-0.0500951633,-0.0509607196,-0.0837446973,-0.0755120739,0.0592945404,-0.0218918119
6.4197120667,-0.0414935574,-0.0561102629,-0.1045393869,-0.1114636809,0.0757174641,-0.0152893020
6.4299650192,-0.0293361172,-0.0641546249,-0.1487017274,-0.1292514801,0.0655207485,-0.0082441745
6.4395427704,-0.0162023380,-0.0503590703,-0.1795448065,-0.1109819189,0.0483321697,-0.0057506571
6.4498729706,-0.0120587721,-0.0442300439,-0.2125592232,-0.0726141557,0.0648480058,-0.0034502188
6.4598731995,-0.0034353288,-0.0387428999,-0.2654123902,-0.0220758840,0.0743424371,0.0044638971
6.4699831009,0.0145813599,-0.0201343298,-0.3391073346,0.0660643578,0.0610200837,0.0087622385
6.4797530174,0.0254131630,-0.0011286741,-0.4122980833,0.1649227738,0.0531429872,0.0028966265
6.4900741577,0.0424635857,0.0114698997,-0.5001147389,0.2902491093,-0.0000300864,-0.0129632968
6.5000481606,0.0729165450,0.0194572806,-0.5736133456,0.2953325510,-0.0484716557,-0.0279555619
6.5103569031,0.1001669988,-0.0194215178,-0.6656642556,0.3152226508,-0.1670160294,-0.0506259874
6.5200767517,0.1389895529,-0.1161454916,-0.7427217364,0.2886600196,-0.3116525710,-0.0301659871
6.5302619934,0.1838740110,-0.1696326137,-0.7913369536,0.0972493142,-0.5341277719,-0.0238255318
6.5402760506,0.2198831737,-0.1562658548,-0.8357670903,-0.0037896882,-0.7554564476,-0.0376630500
6.5505061150,0.2263088673,-0.1613319516,-0.8966126442,-0.0092102867,-0.9157583117,-0.0110993497
6.5602722168,0.2399302721,-0.1566437483,-0.9236212969,0.0631320849,-1.0865495205,0.0496966243
6.5704097748,0.2629347146,-0.1353821158,-0.9165715575,0.1301007271,-1.2494502068,0.1133919805
6.5804252625,0.2631538212,-0.1408752799,-0.9136254787,0.1801897287,-1.3915276527,0.1496650279
6.5906839371,0.2770068049,-0.1636763215,-0.8878009915,0.2467032522,-1.5466860533,0.2012784183
6.6003861427,0.2949629724,-0.1817284822,-0.8519990444,0.3043684065,-1.6983312368,0.2722963989
6.6106238365,0.3104376495,-0.1946078539,-0.8026360273,0.3581395149,-1.8463667631,0.3331238031
6.6206068993,0.3175340891,-0.2071802020,-0.7682566643,0.3874510527,-1.9836449623,0.4031009972
6.6307239532,0.3287180066,-0.2035767436,-0.7237073183,0.4224154055,-2.1107063293,0.4769126475
6.6405057907,0.3349827230,-0.1999692917,-0.6712278724,0.4344534278,-2.2180054188,0.5341780782
6.6507987976,0.3375474513,-0.1934786439,-0.6241973042,0.4625752270,-2.2940385342,0.5874546170
6.6607928276,0.3452211022,-0.1723113656,-0.5656265020,0.4942364991,-2.3657929897,0.6345001459
6.6710510254,0.3442009389,-0.1505519748,-0.5125865936,0.5336303711,-2.4168009758,0.6758856773
6.6807327271,0.3398143947,-0.1341565847,-0.4590746164,0.5882693529,-2.4641704559,0.7194701433
6.6909360886,0.3383899033,-0.1314684749,-0.3984906077,0.6305756569,-2.4983808994,0.7717323303
6.7010488510,0.3389403522,-0.1317691803,-0.3537165523,0.7121586800,-2.5621230602,0.8270956874
6.7110180855,0.3451394439,-0.1137479544,-0.2908970714,0.7757761478,-2.6249358654,0.8926017284
6.7208909988,0.3415002525,-0.0801678300,-0.2487404943,0.8443400264,-2.6725249290,0.9384824038
6.7311182022,0.3303411603,-0.0625820160,-0.2131624222,0.9061268568,-2.7027153969,0.9636561871
6.7411861420,0.3232791126,-0.0715981722,-0.1642410755,0.9164463282,-2.7160208225,0.9932178259
6.7515811920,0.3227478564,-0.0790759325,-0.1118370220,0.8451010585,-2.7307946682,1.0217019320
6.7611460686,0.3176757395,-0.0759263635,-0.0784665868,0.7535213232,-2.7586760521,1.0472136736
6.7713127136,0.3064730465,-0.0438708663,-0.0548880622,0.6935443878,-2.7737646103,1.0602821112
6.7813739777,0.2884916365,-0.0066403155,-0.0344567224,0.7024648786,-2.7655553818,1.0588564873
6.7914071083,0.2729306817,0.0155948391,-0.0083303982,0.7131705880,-2.7385864258,1.0369458199
6.8012261391,0.2736508846,0.0246720910,0.0431293920,0.7176641226,-2.7159173489,1.0115739107
6.8114809990,0.2726628482,0.0215879679,0.0913511589,0.6979752183,-2.6819531918,1.0060470104
6.8215260506,0.2583349645,0.0032755130,0.1085904315,0.6551963091,-2.6309304237,1.0019708872
6.8316411972,0.2533503771,-0.0115752229,0.1200268939,0.6446683407,-2.6174170971,1.0064781904
6.8415622711,0.2607349753,0.0027821653,0.1677853465,0.5708356500,-2.6141374111,1.0041176081
6.8517198563,0.2415562868,0.0155985942,0.1861906052,0.4529994428,-2.5716090202,0.9746281505
6.8617219925,0.2183251679,-0.0007148987,0.1949173212,0.3680256903,-2.5106952190,0.9558403492
6.8718371391,0.2230623364,-0.0039567356,0.2189847827,0.2799066305,-2.4830145836,0.9497941732
6.8816108704,0.2308333516,0.0012640947,0.2277030945,0.2253645360,-2.4683868885,0.9324482083
6.8919210434,0.2215154469,0.0011950129,0.2342923284,0.1850441545,-2.4177775383,0.9102758169
6.9018979073,0.2094340324,-0.0024865873,0.2511541843,0.1488920003,-2.3595981598,0.8841943741
6.9120159149,0.1860452890,-0.0164962411,0.2574589849,0.0949001387,-2.2936742306,0.8535906672
6.9217929840,0.1653537452,-0.0316082239,0.2510195374,0.0539503098,-2.2588293552,0.8309258819
6.9320392609,0.1557942331,-0.0338359475,0.2557736039,-0.0130048916,-2.2089745998,0.8150856495
6.9421620369,0.1516032219,-0.0295356512,0.2483862638,-0.0762650892,-2.1552214622,0.7979000211
6.9521532059,0.1472734809,-0.0330257416,0.2386758924,-0.1317334026,-2.1265449524,0.8083845973
6.9619879723,0.1472007930,-0.0410845876,0.2397698760,-0.1756928712,-2.1311879158,0.8323445320
6.9722242355,0.1353213787,-0.0513650775,0.2382783294,-0.2242400348,-2.1192646027,0.8572136760
6.9823479652,0.1212287620,-0.0504595041,0.2173755765,-0.2574459314,-2.1184778214,0.8531661630
6.9923171997,0.1020508185,-0.0551490784,0.2019845843,-0.3020555973,-2.1049547195,0.8465878963
7.0021619797,0.0937726274,-0.0627326369,0.2039381862,-0.3656862378,-2.0964860916,0.8490984440
7.0123858452,0.0948425308,-0.0796175599,0.2122271061,-0.4079869390,-2.1164321899,0.8699190617
7.0225458145,0.1036458388,-0.0605227947,0.2355570197,-0.4292485714,-2.1333143711,0.9130201936
7.0325140953,0.0959384814,-0.0270190835,0.2360274792,-0.4171591699,-2.1132597923,0.9472066760
7.0423569679,0.0753912106,-0.0050043468,0.2094066143,-0.3519977331,-2.0746905804,0.9711407423
7.0526299477,0.0623113289,0.0094516864,0.1827315688,-0.2613208294,-2.0838668346,1.0144674778
7.0626530647,0.0454909578,0.0081315627,0.1965281367,-0.2104134262,-2.0869331360,1.0410796404
7.0727348328,0.0331112519,0.0032543533,0.2237437367,-0.2124640793,-2.0663833618,1.0275938511
7.0828580856,0.0344535783,-0.0044239168,0.2259730101,-0.1986193657,-2.0730333328,1.0409469604
7.0928602219,0.0492667034,0.0002206558,0.2473500371,-0.1645586044,-2.1062767506,1.1091260910
7.1027917862,0.0498451367,0.0267047286,0.2859321833,-0.1216675863,-2.1021218300,1.1879478693
7.1129512787,0.0320748761,0.0730575919,0.3105599880,-0.0855001360,-2.0750982761,1.1989877224
7.1228609085,0.0118689314,0.1123308539,0.3223869205,-0.0309836231,-2.0004990101,1.1685209274
7.1330261230,-0.0071844687,0.1128328443,0.3109257817,0.0283726435,-1.9493354559,1.1203858852
7.1430549622,-0.0233740136,0.0823265910,0.3362521529,0.0302640200,-1.8670400381,1.1003853083
7.1530919075,-0.0326485261,0.0598918796,0.3616288900,-0.0182413310,-1.8141934872,1.0979151726
7.1632108688,-0.0495818779,0.0624599457,0.3846015334,-0.0979414806,-1.7438820601,1.0596588850
7.1731648445,-0.0592984781,0.0860528350,0.3937686086,-0.1526227146,-1.6472686529,1.0094332695
7.1832699776,-0.0633091554,0.0969073176,0.4084044695,-0.1830818206,-1.5451058149,0.9640612602
7.1932220459,-0.0690862760,0.0966590047,0.4244666696,-0.2074112594,-1.4628213644,0.9268678427
7.2031340599,-0.0828258321,0.1082081199,0.4401825666,-0.2091042250,-1.3679283857,0.9072339535
7.2133488655,-0.1014006957,0.1422892213,0.4305093884,-0.1262258440,-1.2821723223,0.8647365570
7.2234287262,-0.1316364706,0.1795501709,0.4108279347,0.0431394689,-1.1746817827,0.8603404760
7.2334518433,-0.1598682702,0.2128994465,0.4029089808,0.2090279162,-1.0662932396,0.8405159116
7.2433280945,-0.1839939952,0.2324588895,0.4335452318,0.2651832998,-0.9744567275,0.7606537938
7.2537460327,-0.2028080225,0.2137619853,0.4643171430,0.2330799848,-0.8420622349,0.6621847749
7.2638349533,-0.1996987760,0.1750508547,0.4798380733,0.0941532552,-0.7104978561,0.5930435061
7.2738389969,-0.1838573515,0.1442993283,0.4990227818,-0.0860478133,-0.6033524871,0.5280498862
7.2853870392,-0.1656965315,0.1294189095,0.4916013479,-0.2667323649,-0.4828500748,0.4827764034
7.2942581177,-0.1577655375,0.1373011470,0.4358800054,-0.3047842681,-0.4611608684,0.4458929598
7.3044109344,-0.1682395935,0.1496758461,0.3931882977,-0.2369160205,-0.4588425756,0.4515955746
7.3145122528,-0.1994332075,0.1903586984,0.3810537457,-0.1149156764,-0.3776780963,0.4531591237
7.3241062164,-0.2318761945,0.2213328481,0.3496189713,0.0759006143,-0.2798846960,0.4448353946
7.3340387344,-0.2464308441,0.2157021165,0.3378507495,0.2522635162,-0.1939199120,0.4168985784
7.3439769745,-0.2238959670,0.1889800429,0.3641603589,0.3051408529,-0.1012839824,0.4216025174
7.3539142609,-0.1811462045,0.1603582501,0.3823951483,0.2869567871,-0.0662669763,0.4218033254
7.3636426926,-0.1544429660,0.1473986506,0.3779563308,0.2298828661,-0.1089915335,0.4140684307
7.3739252090,-0.1687934101,0.1645597816,0.3881523013,0.1297185719,-0.1251844913,0.3893023729
7.3840208054,-0.2160531580,0.1928645968,0.3956931233,0.0180714019,-0.0401817150,0.3386373222
7.3940510750,-0.2468171418,0.2160199285,0.3892786503,-0.0649872646,0.0602693111,0.2639577687
7.4039959908,-0.2374313772,0.2477278113,0.3972082734,-0.1126178950,0.1133485064,0.1985204518
7.4141240120,-0.2133382559,0.2755562663,0.4120709300,-0.1214229763,0.1664944291,0.1508751661
7.4242329597,-0.1990978718,0.2958738208,0.4097767472,-0.0710061416,0.2149687409,0.1197553352
7.4342350960,-0.1946613491,0.3307588100,0.4041237831,0.0637581944,0.2214238346,0.0927583426
7.4440298080,-0.2154087722,0.3688405156,0.4239348173,0.2374908328,0.2565842271,0.0514130294
7.4543170929,-0.2473963201,0.3920530677,0.4679782391,0.3433355391,0.4009266496,0.0069680670
7.4643430710,-0.2634073198,0.4082318544,0.4988245368,0.3605065346,0.5659489036,-0.0927207097
7.4744586945,-0.2635728419,0.4042178392,0.5118017793,0.3393178582,0.7112838030,-0.2020732909
7.4842662811,-0.2383555472,0.3891081214,0.5284273028,0.2879569530,0.7724896073,-0.3023346663
7.4945621490,-0.2178753316,0.3784641623,0.5633085370,0.1764479876,0.8617371321,-0.3955775201
7.5045428276,-0.2204691768,0.3785628676,0.5741405487,0.0784529895,1.0187091827,-0.4953464568
7.5146217346,-0.2179692090,0.3858745098,0.5521135330,0.0540267415,1.1900466681,-0.5918599367
7.5244626999,-0.1934243739,0.3903039098,0.5255984664,0.0775123611,1.2968610525,-0.6938982010
7.5347118378,-0.1542866230,0.3673008680,0.5081642270,0.1332319528,1.3809950352,-0.7605789304
7.5447149277,-0.1212082729,0.3340976834,0.4998596311,0.1721726954,1.4865523577,-0.8143239021
7.5548171997,-0.0933758542,0.2999778390,0.4835175276,0.1675765961,1.5868816376,-0.8686582446
7.5646448135,-0.0634038374,0.2533519864,0.4610725641,0.1593950987,1.6593188047,-0.9092102051
7.5750761032,-0.0308740959,0.2033029199,0.4411329627,0.1513749957,1.6836202145,-0.9173051715
7.5850210190,-0.0049002399,0.1722114086,0.4508957267,0.1108696461,1.7003872395,-0.9184165001
7.5952587128,0.0023961437,0.1630778313,0.4565333128,0.0448928960,1.7903317213,-0.9240842462
7.6050000191,0.0004006099,0.1754521132,0.4113896489,0.0641835034,1.8745862246,-0.9517654181
7.6152138710,0.0125204697,0.1850559115,0.3807289004,0.1090632305,1.9064086676,-0.9979528785
7.6252250671,0.0299110487,0.1621413827,0.4011848569,0.0776307359,1.9593017101,-1.0412763357
7.6353321075,0.0398764089,0.1177084446,0.4148080945,-0.0344689041,2.0530037880,-1.0851695538
7.6451239586,0.0560072437,0.0789622664,0.4099095464,-0.1684924811,2.1239328384,-1.1114640236
7.6556501389,0.0831903592,0.0641229749,0.4117515683,-0.3061410189,2.2035968304,-1.1243063211
7.6654672623,0.1090414897,0.0707529187,0.3817453980,-0.4198529422,2.2755458355,-1.1512404680
7.6755471230,0.1294112206,0.0784386992,0.3326210380,-0.4091531634,2.3153049946,-1.1769380569
7.6853508949,0.1483957767,0.0793727040,0.3070911169,-0.3736497462,2.3739926815,-1.1861445904
7.6954579353,0.1582982242,0.0851858258,0.2849411964,-0.3083501160,2.4176774025,-1.1941447258
7.7054338455,0.1632440388,0.0956907272,0.2729912400,-0.1971088201,2.4612326622,-1.2055619955
7.7163867950,0.1541314721,0.0971275568,0.2552525997,-0.1063473523,2.5368709564,-1.2313576937
7.7258200645,0.1393834352,0.0761012435,0.2262111306,-0.0300949290,2.6108098030,-1.2799451351
7.7360291481,0.1426662207,0.0353544950,0.2203623056,-0.0429289676,2.6900539398,-1.3080289364
7.7458162308,0.1676300764,-0.0121440301,0.2345519066,-0.1281501204,2.7413129807,-1.3227008581
7.7558751106,0.1974223852,-0.0524471402,0.2276785374,-0.2334866673,2.7646038532,-1.3277562857
7.7657632828,0.2281300426,-0.0791643858,0.2113153338,-0.2710151374,2.7713210583,-1.3164567947
7.7759437561,0.2564129829,-0.0814030170,0.2038643956,-0.3032777309,2.7688064575,-1.2711492777
7.7860012054,0.2660709023,-0.0743213296,0.1952976584,-0.3403817117,2.7977623940,-1.2233897448
7.7960791588,0.2497733533,-0.0737046599,0.1538397670,-0.3387671411,2.8544683456,-1.1968872547
7.8059587479,0.2353109717,-0.0726494193,0.1036455110,-0.3004375994,2.8904139996,-1.1764626503
7.8161478043,0.2271744311,-0.0657862425,0.0473967865,-0.2175732106,2.8923633099,-1.1776640415
7.8261957169,0.2363215089,-0.0661062598,0.0358570889,-0.1427905858,2.8758146763,-1.1705211401
7.8363142014,0.2566732764,-0.0733342171,0.0387227014,-0.1457628012,2.8850731850,-1.1445516348
7.8460731506,0.2705691457,-0.0842565298,0.0124142831,-0.1339112073,2.8977036476,-1.1088814735
7.8564090729,0.2708725631,-0.0867313147,-0.0350971743,-0.0834638774,2.8942706585,-1.0633430481
7.8663501740,0.2569285333,-0.0849269032,-0.0934899971,-0.0159940235,2.8507091999,-1.0494892597
7.8764801025,0.2479839623,-0.1005077958,-0.1126630232,-0.0050586844,2.8018050194,-1.0527924299
7.8863668442,0.2383243740,-0.1265944242,-0.1166236326,-0.0347752981,2.7446625233,-1.0553655624
7.8967790604,0.2336700857,-0.1531739831,-0.1024187729,-0.1593573093,2.7184250355,-1.0201675892
7.9065680504,0.2405634671,-0.1623393893,-0.1121584103,-0.3041661680,2.6940469742,-0.9925296307
7.9165868759,0.2576362789,-0.1520497203,-0.1635832191,-0.3816480339,2.6205248833,-0.9786865115
7.9264431000,0.2722434700,-0.1293637753,-0.2178630233,-0.3894164562,2.5384409428,-0.9449335933
7.9367270470,0.2689906359,-0.1268990636,-0.2520686388,-0.3750844002,2.4633414745,-0.9119956493
7.9467391968,0.2611700594,-0.1357041001,-0.2692093849,-0.3839095831,2.4103882313,-0.8816574216
7.9568729401,0.2614633143,-0.1527730823,-0.2688546777,-0.4148291349,2.3686676025,-0.8402748108
7.9667797089,0.2683799565,-0.1693602204,-0.2830994725,-0.4317298234,2.3245706558,-0.7816359997
7.9768719673,0.2678259313,-0.1788070798,-0.3159109950,-0.4103261530,2.3040094376,-0.6834748387
7.9869251251,0.2604533732,-0.1565697789,-0.3614788055,-0.3265321851,2.2184801102,-0.6242130995
7.9970312119,0.2393450737,-0.1421684027,-0.3742905259,-0.2686728835,2.1674976349,-0.5944251418
8.0067787170,0.2224401534,-0.1581342816,-0.3755587935,-0.2433456928,2.1468636990,-0.5532800555
8.0170555115,0.2387462258,-0.1717689037,-0.3746865392,-0.2310556024,2.0684185028,-0.5181407332
8.0270977020,0.2584997416,-0.1799229383,-0.3546543717,-0.2756060362,2.0057871342,-0.4617775977
8.0372228622,0.2481749654,-0.1820312142,-0.3870310783,-0.3182541728,1.9581444263,-0.4216698408
8.0469923019,0.2299399078,-0.1850709915,-0.4258409739,-0.2963959873,1.9038060904,-0.3840151429
8.0573387146,0.2157387733,-0.1787579656,-0.4576928616,-0.2928456068,1.8537733555,-0.3332680762
8.0673799515,0.2076036930,-0.1479750872,-0.4909633994,-0.2488216758,1.7569211721,-0.3060484529
8.0773639679,0.1847394705,-0.1348688006,-0.5080437660,-0.1739658117,1.6720801592,-0.3103182912
8.0871810913,0.1612752676,-0.1398874521,-0.4959545732,-0.1718965471,1.6196640730,-0.3071395457
8.0974903107,0.1599919498,-0.1471965313,-0.4899619818,-0.2033539265,1.5132243633,-0.3096839190
8.1075210571,0.1796674728,-0.1623380780,-0.4515621066,-0.3026238084,1.3804897070,-0.3107529283
8.1175346375,0.1899645478,-0.1886869073,-0.4284827113,-0.4458051920,1.2924730778,-0.2785196304
8.1275119781,0.1909727007,-0.1829038858,-0.4581966996,-0.5546978712,1.1890130043,-0.2125592232
8.1376705170,0.1684872657,-0.1408662200,-0.5028850436,-0.5724014640,1.0982761383,-0.1490415037
8.1477308273,0.1333392560,-0.0866068006,-0.5362825394,-0.4438216388,1.0029830933,-0.0961862803
8.1577568054,0.0981155187,-0.0565025210,-0.5440587401,-0.2686639726,0.9624862075,-0.0497868247
8.1676607132,0.0734662488,-0.0402449965,-0.5461661816,-0.1607827693,0.9198939800,-0.0454743654
8.1778287888,0.0762455538,-0.0477576852,-0.5269463062,-0.1300695986,0.8512657881,-0.0443843342
8.1878528595,0.0782051831,-0.0724354386,-0.5088155270,-0.1618898511,0.8012121916,-0.0233219285
8.1979026794,0.0681701377,-0.0793054104,-0.5055623055,-0.1939385831,0.7263650894,-0.0134482579
8.2077646255,0.0613115132,-0.0607151985,-0.5000824332,-0.1475772113,0.6089028716,-0.0186574012
8.2180728912,0.0470614731,-0.0390028358,-0.4615684152,-0.1236606985,0.5280273557,-0.0234076828
8.2282743454,0.0352428034,-0.0259775519,-0.4476349354,-0.1141287163,0.4854093194,-0.0375911444
8.2381429672,0.0325090289,-0.0186300278,-0.4558779001,-0.1344803274,0.4338319302,-0.0626948997
8.2478981018,0.0352699980,-0.0224804282,-0.4557119012,-0.1297209859,0.3871717453,-0.0543653294
8.2582511902,0.0321123153,-0.0185022354,-0.4587258697,-0.0770528540,0.3175212741,-0.0359583609
8.2682304382,0.0142711177,-0.0116623649,-0.4503245354,0.0143319247,0.2602268159,-0.0192070790
8.2782974243,0.0008379366,-0.0163910985,-0.4059677720,0.0994775817,0.2301561981,0.0035405788
8.2882471085,-0.0081388503,-0.0223194361,-0.3744013906,0.1791002452,0.2033557445,0.0310795270
8.2983942032,-0.0141464174,-0.0228762627,-0.3361382484,0.2513121068,0.1764598340,0.0514838696
8.3086338043,-0.0228708908,-0.0361990333,-0.2931758165,0.2831240892,0.1771498471,0.0697126761
8.3185138702,-0.0235730484,-0.0533347726,-0.2608942986,0.2221640795,0.1719534993,0.0637844801
8.3282737732,-0.0169402584,-0.0720911026,-0.2436725497,0.1490850747,0.1416203678,0.0501999594
8.3385791779,-0.0165103152,-0.0990682244,-0.2284284830,0.0444787778,0.1255536675,0.0585979745
8.3486747742,-0.0201840624,-0.1015226245,-0.2012404203,-0.0461520553,0.1091661751,0.0571595989
8.3590059280,-0.0285691246,-0.0766893029,-0.1950712204,-0.0663007349,0.0993080065,0.0565721057
8.3685350418,-0.0422646627,-0.0369331837,-0.2154486775,0.0159691032,0.1107233763,0.0503091514
8.3787708282,-0.0529550835,-0.0023478277,-0.2265847325,0.1347468793,0.1115221083,0.0367161110
8.3888244629,-0.0553906336,-0.0041611199,-0.1981681585,0.1945707947,0.1373270899,0.0200820044
8.3988609314,-0.0504901633,-0.0359899402,-0.1747027636,0.1826246679,0.1523627043,-0.0051378645
8.4087829590,-0.0367273316,-0.0565801263,-0.1712263227,0.0981270894,0.1367919892,-0.0361306667
8.4189529419,-0.0241523609,-0.0662891269,-0.1545794606,0.0217809193,0.1081354842,-0.0509844460
8.4289960861,-0.0243130550,-0.0672019720,-0.1498049498,-0.0608670898,0.1052898914,-0.0562132969
8.4390888214,-0.0330933258,-0.0564647913,-0.1627342105,-0.0952110812,0.0917902961,-0.0599635616
8.4487915039,-0.0360052586,-0.0369444489,-0.1749765873,-0.0491381288,0.0764070824,-0.0476765335
8.4591255188,-0.0393634215,-0.0064828997,-0.1832015514,0.0405096002,0.0870576724,-0.0251493901
8.4691619873,-0.0470118746,0.0216365457,-0.1886725426,0.1242875904,0.1033714041,-0.0204957817
8.4792337418,-0.0578247234,-0.0059172516,-0.1755294800,0.1852613240,0.1418081969,-0.0010054372
8.4891939163,-0.0571592227,-0.0536081195,-0.1495881081,0.1674469113,0.1452521980,0.0086011179
8.4993219376,-0.0571982041,-0.0593863130,-0.1557599902,0.1255780160,0.1170409620,-0.0130114993
8.5093669891,-0.0483092144,-0.0290006399,-0.1806978583,0.0887667462,0.0677714124,-0.0363362618
8.5194168091,-0.0508428589,-0.0165920854,-0.1879317760,0.0736129582,0.0577621050,-0.0489370078
8.5292596817,-0.0517486706,-0.0326489210,-0.1950746775,0.0259034913,0.0491600968,-0.0597835295
8.5395069122,-0.0419122800,-0.0439655185,-0.1976004243,-0.0680218041,0.0321058258,-0.0653918833
8.5495738983,-0.0371295288,-0.0627583861,-0.2324057221,-0.1482404768,0.0299971346,-0.0717019737
8.5596227646,-0.0236477032,-0.0740718246,-0.2820834517,-0.1371177882,-0.0198230464,-0.0665871054
8.5695667267,-0.0119776204,-0.0451734066,-0.3151838183,-0.0778358206,-0.0516289137,-0.0592279956
8.5796947479,-0.0239202306,-0.0255349874,-0.3520232439,0.0001351456,-0.0388182551,-0.0583970882
8.5897388458,-0.0127964243,-0.0155202756,-0.3646061420,0.0713382214,-0.0554382429,-0.0535575934
8.5997953415,0.0184499994,-0.0155245671,-0.3849233985,0.1196218655,-0.0899792835,-0.0460789055
8.6096286774,0.0400206596,-0.0323196650,-0.4228073955,0.1702176481,-0.1393646896,-0.0230550803
8.6198787689,0.0550724939,-0.0456347466,-0.4559824467,0.1815314293,-0.2008328587,0.0012728972
8.6298952103,0.0727464631,-0.0409777164,-0.5009443760,0.1574231684,-0.2985245287,0.0007740872
8.6401472092,0.0816471577,-0.0587104559,-0.5551089048,0.1406107545,-0.3913040757,0.0083965864
8.6497554779,0.0970989838,-0.0793539286,-0.6005901098,0.1328564286,-0.4925356209,0.0231419764
8.6601247787,0.1180935875,-0.0885238647,-0.6335130930,0.1325966418,-0.6158665419,0.0334287025
8.6700773239,0.1292803884,-0.0931131840,-0.6572362781,0.1365280002,-0.7340120673,0.0394727476
8.6801939011,0.1265633553,-0.0950989127,-0.6606523395,0.1354374439,-0.8387376070,0.0484031253
8.6900672913,0.1230981871,-0.0990587473,-0.6569468975,0.1594042927,-0.9307713509,0.0596704297
8.7002849579,0.1298331767,-0.1171309352,-0.6685525179,0.2035508454,-1.0330795050,0.0806841031
8.7102680206,0.1348837018,-0.1295205951,-0.6534138322,0.2087027282,-1.1329988241,0.0960787684
8.7205886841,0.1407823563,-0.1316977739,-0.6580101848,0.2183319330,-1.2278498411,0.1108113751
8.7302608490,0.1482182294,-0.1324492097,-0.6678799391,0.2740407288,-1.3364063501,0.1427402794
8.7404174805,0.1561141014,-0.1403372288,-0.6551418304,0.3525600433,-1.4306615591,0.1821020693
8.7504501343,0.1654935777,-0.1450185776,-0.6251142025,0.4555668533,-1.5300300121,0.2428687513
8.7605829239,0.1770454794,-0.1494649649,-0.5680197477,0.5282784700,-1.6173869371,0.3098235428
8.7704801559,0.1781063527,-0.1612849236,-0.4987842441,0.5549790859,-1.6728094816,0.3826854825
8.7806663513,0.1862994134,-0.1637827158,-0.4410938621,0.5466090441,-1.7426584959,0.4503348470
8.7906351089,0.1906731725,-0.1584570408,-0.4102156162,0.5274036527,-1.8220888376,0.4956466556
8.8009557724,0.1901767254,-0.1504310369,-0.3905597925,0.5182133317,-1.8946824074,0.5244780183
8.8106241226,0.1920171976,-0.1379116774,-0.3531180620,0.4913598597,-1.9613437653,0.5504809022
8.8208436966,0.1961748004,-0.1297906041,-0.3178611994,0.4499501288,-2.0061981678,0.5630549788
8.8308219910,0.1954232901,-0.1273489594,-0.2980999947,0.3928101361,-2.0355739594,0.5609977245
8.8409490585,0.1948009133,-0.1128888130,-0.2712871432,0.3139822781,-2.0644826889,0.5455902219
8.8508605957,0.2002069354,-0.0989593267,-0.2681907415,0.2428082377,-2.1055335999,0.5274026990
8.8609838486,0.1996217370,-0.0967573524,-0.2503762245,0.1807166338,-2.1323683262,0.5143292546
8.8710727692,0.1977001429,-0.0959696770,-0.2480350137,0.1520876586,-2.1705527306,0.5139742494
8.8810510635,0.2016463429,-0.0705410242,-0.2486367822,0.1655497998,-2.2437956333,0.5257683396
8.8909931183,0.1944500059,-0.0563337207,-0.2422688007,0.2535182834,-2.2758748531,0.5566559434
8.9011487961,0.1927743107,-0.0342417359,-0.2402645350,0.4002138376,-2.3058068752,0.6086853147
8.9112606049,0.1915993989,-0.0126411328,-0.2326969504,0.5792688131,-2.3239483833,0.6664674282
8.9212379456,0.1854271889,0.0122420778,-0.2377100587,0.7109227180,-2.3204057217,0.6822362542
8.9312229156,0.1766613424,0.0029813044,-0.2375949621,0.8133137822,-2.3223266602,0.6781397462
8.9413394928,0.1866123527,-0.0392218828,-0.2076113820,0.8128435016,-2.3092103004,0.6970407367
8.9514446259,0.2073762864,-0.0770049095,-0.1735119224,0.6942063570,-2.3225705624,0.7132492661
8.9614439011,0.2251225561,-0.0943323970,-0.1613377929,0.5842573047,-2.3609819412,0.6983829737
8.9712533951,0.2368317693,-0.0915357471,-0.1541871428,0.5131881833,-2.3942265511,0.6901319623
8.9815196991,0.2447855026,-0.0757277608,-0.1628469229,0.5088219643,-2.4387097359,0.7100505829
8.9915695190,0.2565937638,-0.0628247261,-0.1613987684,0.5328607559,-2.4910988808,0.7403956652
9.0016136169,0.2708609998,-0.0543398261,-0.1264201999,0.5602924228,-2.5385930538,0.7879269719
9.0115327835,0.2769679427,-0.0546389818,-0.1030300185,0.6047557592,-2.5768895149,0.8556256294
9.0217170715,0.2815935016,-0.0627395511,-0.0919377133,0.6709266901,-2.6186645031,0.9172972441
9.0317611694,0.2821526229,-0.0772321820,-0.0532230660,0.7068468928,-2.6461384296,0.9877958894
9.0418291092,0.2842860520,-0.0713904500,-0.0113834674,0.6841757894,-2.6764106750,1.0495899916
9.0517921448,0.2848609984,-0.0519307256,0.0066773957,0.6696469188,-2.6939454079,1.0735055208
9.0619268417,0.2791457176,-0.0527114272,0.0270840582,0.6524366140,-2.6900038719,1.0724161863
9.0719366074,0.2837440670,-0.0745067000,0.0743433312,0.5825510025,-2.6779763699,1.0898535252
9.0820322037,0.2925617397,-0.0946968198,0.1147457436,0.4606328607,-2.6743035316,1.1019477844
9.0918979645,0.2893663049,-0.1019750834,0.1288021207,0.3111014366,-2.6496396065,1.1153391600
9.1022014618,0.2857124507,-0.0886948705,0.1334089637,0.2221486419,-2.6420700550,1.1188180447
9.1119804382,0.2748592794,-0.0616875887,0.1470567584,0.2042439431,-2.6413190365,1.1131272316
9.1221675873,0.2575737536,-0.0412293077,0.1644044518,0.2062402368,-2.6123621464,1.1109210253
9.1320686340,0.2445042133,-0.0307455659,0.1818307638,0.1960983872,-2.5722382069,1.1103620529
9.1422615051,0.2416939437,-0.0366660357,0.1933305264,0.1812103987,-2.5107190609,1.1365257502
9.1523389816,0.2465458512,-0.0330934525,0.1896159053,0.1779967546,-2.5334141254,1.1465226412
9.1623783112,0.2329383790,-0.0345032215,0.2268370390,0.1937501580,-2.5375351906,1.1747279167
9.1722354889,0.2064446807,-0.0096943984,0.2503793836,0.1937360317,-2.4948899746,1.1988767385
9.1824302673,0.1795828342,0.0212782025,0.2462177277,0.2179291248,-2.4467802048,1.1940039396
9.1925621033,0.1552430689,0.0306446552,0.2441832423,0.2444946915,-2.3665170670,1.1910904646
9.2025470734,0.1507976949,0.0429311395,0.2572081685,0.2194098383,-2.3251907825,1.1816023588
9.2125854492,0.1642229557,0.0583493114,0.2749161124,0.1410801411,-2.3217320442,1.1606308222
9.2226276398,0.1669379175,0.0494731069,0.2760242820,0.0963016227,-2.3223478794,1.1403217316
9.2327384949,0.1529195011,0.0346565843,0.3031798005,0.0767769217,-2.3254313469,1.1599963903
9.2427005768,0.1324323118,0.0565553308,0.3455697894,0.0406860337,-2.3180906773,1.1845840216
9.2525949478,0.0986851528,0.0956327319,0.3721603751,0.0572333187,-2.2770566940,1.1877982616
9.2628555298,0.0543267801,0.1373751760,0.3616285324,0.1218137816,-2.1762087345,1.1669092178
9.2728595734,0.0249030665,0.1708432436,0.3589873910,0.1810003966,-2.0969159603,1.1109015942
9.2829170227,0.0208914652,0.1639912128,0.3762564063,0.2024506927,-2.0317451954,1.0659351349
9.2929763794,0.0283145383,0.1409504414,0.4050803781,0.1005099565,-1.9912289381,1.0355080366
9.3030719757,0.0342139676,0.1212121844,0.4295657873,-0.0029579829,-1.9913479090,0.9887120128
9.3130407333,0.0234385803,0.1013495326,0.4535608888,-0.0888451934,-1.9618639946,0.9864310026
9.3231496811,-0.0067693521,0.1196319461,0.4550364614,-0.1128561199,-1.8795410395,1.0065724850
9.3329467773,-0.0410875902,0.1560683846,0.4446132779,-0.0979562625,-1.8487859964,0.9604878426
9.3432483673,-0.0655535087,0.1725196242,0.4754964709,-0.0589464158,-1.7475799322,0.8960303068
9.3531875610,-0.0791962966,0.1615939736,0.4897567630,-0.0096204132,-1.6024296284,0.8725371957
9.3633661270,-0.0891742036,0.1336456537,0.4885254502,0.0358947404,-1.4949353933,0.8722149730
9.3732976913,-0.1033705398,0.1396531463,0.4891861677,0.0943652391,-1.3927298784,0.8909705281
9.3834333420,-0.1141405925,0.1744479537,0.4933702350,0.1243476346,-1.3515266180,0.8610464931
9.3934106827,-0.1418687701,0.1865127683,0.5199803710,0.1229920909,-1.2289463282,0.7847650051
9.4035263062,-0.1578855217,0.1714033484,0.5335573554,0.0283301659,-1.0700390339,0.7169374824
9.4133062363,-0.1616596282,0.1423313618,0.5443269610,-0.1230942458,-0.9355098009,0.6396014094
9.4236211777,-0.1631056964,0.1181442142,0.5306909680,-0.2557661235,-0.8608533740,0.5764496326
9.4335937500,-0.1687506735,0.1151483655,0.5135567188,-0.2917070985,-0.8190047145,0.5329391956
9.4436616898,-0.1884260774,0.1235987544,0.4944880605,-0.2779375017,-0.7302293777,0.5126512051
9.4536333084,-0.1988827288,0.1538252831,0.4788155556,-0.2171210051,-0.6412968636,0.5082407594
9.4636993408,-0.2176751494,0.1857526898,0.4415778518,-0.0908168629,-0.5448852181,0.5046768785
9.4737815857,-0.2309409678,0.2042303085,0.4333193302,0.0351365358,-0.4912528992,0.4803326726
9.4838638306,-0.2265590429,0.2093799710,0.4547839165,0.1002380401,-0.4161756635,0.4601339400
9.4937801361,-0.2261516750,0.1993885040,0.4544159770,0.1237638742,-0.3090848923,0.4272319078
9.5039215088,-0.2147307098,0.1860864162,0.4574245214,0.0915327072,-0.1983737200,0.3927370608
9.5139884949,-0.1906010509,0.1840657592,0.4587026238,0.0484651253,-0.1509995461,0.3561476171
9.5240154266,-0.1767609119,0.1776856184,0.4664681554,0.0089954827,-0.1297774613,0.3236639798
9.5338773727,-0.1835921109,0.1860589385,0.4955688715,-0.0852553844,-0.0286100917,0.2944009006
9.5443258286,-0.1968735158,0.2190210819,0.4892666936,-0.1528348327,0.0670136139,0.2438410670
9.5542325974,-0.2080487907,0.2441214919,0.4541257620,-0.1671751589,0.1458530277,0.1973278970
9.5642309189,-0.2126026452,0.2463392615,0.4351656437,-0.1746909916,0.2198340744,0.1629377007
9.5740880966,-0.2061005533,0.2488919497,0.4203287959,-0.1803640574,0.2589617670,0.1331592947
9.5843019485,-0.2051503062,0.2571571469,0.4199787378,-0.1737305224,0.3183598816,0.0975320563
9.5944261551,-0.2020545900,0.2739955783,0.4114012122,-0.1435206831,0.4046739936,0.0657445639
9.6043653488,-0.1933574080,0.3034216762,0.3929379582,-0.0588654540,0.4330869317,0.0245385375
9.6142387390,-0.1787101030,0.3335198760,0.4100496173,0.0260313228,0.4638155401,-0.0207200199
9.6247177124,-0.1944285631,0.3368539810,0.4161460996,0.0645749867,0.5383855104,-0.0817002803
9.6345682144,-0.2178046107,0.3284669518,0.4186287522,0.0810487717,0.6056753397,-0.1498665512
9.6445932388,-0.2174202502,0.3231617808,0.4530519843,0.0264714118,0.6924791336,-0.2319260091
9.6544313431,-0.2133033574,0.3217231631,0.4629731774,-0.0376612358,0.8152173162,-0.3140339255
9.6646966934,-0.2033003569,0.3135638237,0.4301986098,-0.0232198462,0.9042366743,-0.3888671696
9.6747903824,-0.1792838573,0.3220959306,0.4126426578,-0.0144862756,0.9947125316,-0.4507960379
9.6847639084,-0.1587081552,0.3269137740,0.3808776736,0.0450685285,1.0380244255,-0.5300791264
9.6946296692,-0.1532498598,0.3123425245,0.3601228595,0.1616848856,1.0959622860,-0.5781577229
9.7050647736,-0.1390483677,0.2984424233,0.3698971868,0.2445134670,1.1652202606,-0.6105622649
9.7149581909,-0.1129234657,0.2876164317,0.3830521703,0.2990840375,1.1958154440,-0.6503866315
9.7249507904,-0.0893247351,0.2487532496,0.4072005153,0.3179754317,1.2338960171,-0.6816241741
9.7348346710,-0.0679046437,0.1967446208,0.4403701425,0.2664115727,1.2646430731,-0.7067284584
9.7450170517,-0.0461025164,0.1574088931,0.4885451794,0.1145400181,1.3295059204,-0.7225926518
9.7551717758,-0.0333203897,0.1298392415,0.4973040223,-0.0662289634,1.4195846319,-0.7497012615
9.7651329041,-0.0277231261,0.1102650762,0.4625146389,-0.1970487684,1.4952797890,-0.7736777067
9.7749986649,-0.0134750530,0.1131321788,0.4523175359,-0.2891720235,1.5556789637,-0.8022025228
9.7854118347,-0.0087956116,0.1225685477,0.4400818944,-0.3223607540,1.6755816936,-0.8128914237
9.7953176498,-0.0048256745,0.1430620551,0.4075458646,-0.2700402737,1.7900611162,-0.8284176588
9.8052959442,0.0138918534,0.1778149009,0.3937228322,-0.1612146050,1.8630690575,-0.8364439011
9.8151731491,0.0281510428,0.1967164874,0.3960923553,-0.0409305319,1.9372603893,-0.8484832048
9.8254156113,0.0331808999,0.1782785058,0.3977271914,0.0549162328,2.0106108189,-0.8780773282
9.8355379105,0.0485354140,0.1398640275,0.4294145703,0.0340556949,2.0690436363,-0.9250887632
9.8455085754,0.0767128244,0.0949940085,0.4669520259,-0.1318689585,2.1608932018,-0.9682844877
9.8553647995,0.0976091102,0.0563320518,0.4472684264,-0.3279071748,2.2345440388,-1.0063990355
9.8658275604,0.1227278486,0.0396902561,0.4141386151,-0.4470388889,2.2693083286,-1.0105611086
9.8757181168,0.1481125653,0.0564979911,0.3964886069,-0.5164613724,2.2792713642,-1.0017154217
9.8857030869,0.1489568949,0.0755489469,0.3735177517,-0.4968123138,2.3311338425,-1.0095664263
9.8955430984,0.1431306303,0.0961485505,0.3460050225,-0.4150168002,2.4234449863,-1.0126318932
9.9057884216,0.1374953985,0.1005397439,0.3045796752,-0.2894197106,2.5541646481,-1.0088585615
9.9159107208,0.1493330002,0.0889825225,0.2649993300,-0.1711801440,2.6136949062,-1.0227786303
9.9258823395,0.1773896813,0.0589954853,0.2766511440,-0.1026110724,2.6385869980,-1.0260063410
9.9356842041,0.1973199546,0.0215138197,0.2875068784,-0.0970663726,2.6708674431,-1.0181303024
9.9461812973,0.2091097832,-0.0058603887,0.2813795805,-0.1580808610,2.6870071888,-1.0178967714
9.9561004639,0.2125878334,-0.0160669684,0.2679798007,-0.2164743990,2.7086653709,-1.0253392458
9.9660873413,0.2125689089,-0.0165448785,0.2444387078,-0.3108131289,2.7697880268,-1.0366883278
9.9759263992,0.2075867951,-0.0099869380,0.1861394644,-0.3775032163,2.8134455681,-1.0642844439
9.9861440659,0.2039101422,-0.0119246254,0.1130243018,-0.3644493222,2.8137741089,-1.0740410089
9.9962711334,0.2128140032,-0.0119068036,0.0847463682,-0.2947717309,2.8081011772,-1.0552816391
10.0062513351,0.2387357354,0.0027807944,0.0767533854,-0.1997388154,2.7754142284,-1.0270071030
10.0162401199,0.2584004998,0.0119274249,0.0813500956,-0.0565656871,2.7551651001,-0.9857153893
10.0265254974,0.2661510408,0.0028035634,0.0987024978,0.0372889042,2.7955486774,-0.9293855429
10.0364255905,0.2781531811,0.0100104799,0.0938313082,0.0751923397,2.8107519150,-0.9107338190
10.0464496613,0.2829395235,-0.0009152896,0.0606667474,0.1113869697,2.8298139572,-0.9029096961
10.0562906265,0.2713900506,-0.0204157233,-0.0004768307,0.1531517208,2.8193550110,-0.9133253098
10.0665569305,0.2582302392,-0.0458659530,-0.0163647477,0.1701011509,2.8202536106,-0.9339469671
10.0766153336,0.2626206577,-0.0595764518,0.0021587079,0.0600755773,2.8551516533,-0.9511606097
10.0866241455,0.2799155414,-0.0687451363,-0.0166339818,-0.0535907969,2.8477697372,-0.9834546447
10.0964670181,0.2936509252,-0.0790498257,-0.0569540784,-0.1336619258,2.8418593407,-0.9834501147
10.1068935394,0.2996360064,-0.0875268579,-0.0917326733,-0.2397365719,2.8221514225,-0.9864932895
10.1168308258,0.2981656492,-0.0955934525,-0.1336784959,-0.3150124252,2.7515242100,-1.0261744261
10.1268100739,0.3033679426,-0.1077997088,-0.1461510062,-0.3980967700,2.7025558949,-1.0304692984
10.1366586685,0.3095538020,-0.1283146143,-0.1490011215,-0.4820675850,2.6920089722,-1.0025668144
10.1469049454,0.3115509748,-0.1226631403,-0.1873881221,-0.5050779581,2.6531789303,-0.9562272429
10.1569805145,0.2983573973,-0.0919041038,-0.2601411343,-0.4198344350,2.5995748043,-0.8999038339
10.1670169830,0.2727098763,-0.0610904098,-0.3100360632,-0.3012657166,2.5606617928,-0.8733760715
10.1768856049,0.2427122891,-0.0583705306,-0.3597007990,-0.2172640115,2.5346715450,-0.8818523884
10.1870899200,0.2356529385,-0.1022292972,-0.3843598962,-0.1654511541,2.4792153835,-0.8678923249
10.1971855164,0.2593898773,-0.1630876064,-0.3517079949,-0.2729355395,2.4168295860,-0.8309332728
10.2071895599,0.2760936916,-0.2026217580,-0.3433320522,-0.4420408010,2.3171346188,-0.7978330851
10.2170429230,0.2798463702,-0.2165985703,-0.3655585647,-0.5406084061,2.1926724911,-0.7587581277
10.2273073196,0.2631105185,-0.2109841108,-0.3784559369,-0.6092563868,2.1338629723,-0.6893212795
10.2373476028,0.2295301259,-0.1687939763,-0.4640693665,-0.5474114418,2.0938713551,-0.6192239523
10.2473802567,0.2147585452,-0.1183609366,-0.5202988386,-0.3678540587,1.9897788763,-0.5748013258
10.2572765350,0.2097190022,-0.1010524631,-0.4959092140,-0.1669885963,1.9578204155,-0.4873074591
10.2673606873,0.2134498358,-0.0865642428,-0.4955547452,0.0193602387,1.8936119080,-0.4045861959
10.2773494720,0.2059977502,-0.0826841593,-0.4860115051,0.1229031384,1.8288257122,-0.3871392906
