0.0000000000,0.1906808913,-0.3865343630,0.1133736297,-0.4843940735,-0.5916128755,0.8461984396
0.0097500086,0.1961598545,-0.3921400607,0.0879249498,-0.4327580333,-0.6397623420,0.7155600190
0.0198279619,0.2018751204,-0.3886765540,0.0502600595,-0.3887905777,-0.6665699482,0.6136027575
0.0301220417,0.1985507756,-0.3743984997,0.0262296125,-0.4081152976,-0.6597724557,0.5424683094
0.0401220322,0.1877535582,-0.3894214928,-0.0008987268,-0.4533336163,-0.6233751774,0.4894082248
0.0502209663,0.1624689996,-0.4076848924,-0.0199961737,-0.5605098605,-0.5811523795,0.4363665879
0.0602430105,0.1362753808,-0.4070867598,-0.0352927521,-0.6816987395,-0.5240719318,0.4024481773
0.0735399723,0.1276292056,-0.3943150342,-0.0311037377,-0.7908675671,-0.4944197536,0.3770075142
0.0805070400,0.1161046624,-0.3712702096,-0.0384366587,-0.8507935405,-0.4791451395,0.3589805067
0.0906150341,0.1026635021,-0.3317345083,-0.0528152063,-0.8242511153,-0.4662839472,0.3430531919
0.1006079912,0.0941584483,-0.2811703980,-0.0754562691,-0.7250223756,-0.4644117355,0.3345348239
0.1106359959,0.0905390307,-0.2346983999,-0.0880547240,-0.5371550322,-0.4680831730,0.3334234953
0.1206660271,0.0986136049,-0.1882037371,-0.1172370985,-0.3078665137,-0.4511485994,0.3450531662
0.1309789419,0.1014887616,-0.1591865271,-0.1416460425,-0.1342217773,-0.4187078476,0.3683848679
0.1408170462,0.1009299234,-0.1772097796,-0.1406164914,-0.0940161943,-0.3820649981,0.4013088644
0.1508829594,0.1057654545,-0.2029715031,-0.1346982867,-0.1306027025,-0.3503510058,0.4321261644
0.1609699726,0.1141134724,-0.2124866098,-0.1428620368,-0.1853753924,-0.3145577312,0.4618876576
0.1709820032,0.1210716963,-0.2241959423,-0.1447900087,-0.2518793344,-0.2799978852,0.4810341895
0.1810669899,0.1316391677,-0.2234741300,-0.1480734497,-0.2757103443,-0.2440747768,0.4895538986
0.1911020279,0.1481579840,-0.2365578860,-0.1808138043,-0.3221252561,-0.1949684769,0.4343766570
0.2012070417,0.1580720991,-0.2974803150,-0.2012981325,-0.3769424260,-0.1597355902,0.3781317174
0.2112770081,0.1771080494,-0.2963345349,-0.2164056450,-0.3987398446,-0.1178557873,0.3208210170
0.2213410139,0.1759542674,-0.2835710943,-0.2404789478,-0.3960537016,-0.0693968385,0.2635086477
0.2314029932,0.1769281924,-0.2648293674,-0.2390809208,-0.3676130176,-0.0343951769,0.2231705487
0.2414799929,0.1751063615,-0.2478176802,-0.2363494784,-0.3156718612,-0.0012330303,0.1945040822
0.2515560389,0.1655323356,-0.2452862114,-0.2450402528,-0.3047262728,-0.0263615530,0.2316517234
0.2616100311,0.1258119345,-0.2533853948,-0.2508058548,-0.2752659321,-0.3923471868,0.5319513083
0.2717030048,0.2187309563,-0.2681500018,-0.2229575664,-0.2584190369,-0.4760474265,0.5287197828
0.2817410231,0.2227037400,-0.2645613849,-0.2188947946,-0.2813440561,-0.0226409175,0.1201601475
0.2918809652,0.1810755134,-0.2581472099,-0.2509444356,-0.2854000330,0.1598692387,-0.0368939191
0.3018610477,0.1543822736,-0.2515766919,-0.2555603385,-0.2642003298,0.1726223230,-0.0623769090
0.3119640350,0.1688699126,-0.2322437018,-0.2510985732,-0.2347005010,0.2099284083,-0.0761691555
0.3220139742,0.0581692234,0.1255911738,0.1373836249,-0.2159184664,0.2524865866,-0.0835839882
0.3321700096,-0.0075860233,0.0556109175,0.0816556737,-0.2366929948,0.3021974266,-0.0803684890
0.3421449661,-0.0237294938,0.0152203059,0.0714929029,-0.2873784602,0.3548585176,-0.0728972629
0.3522330523,-0.0666653290,-0.0150074745,0.0611307546,-0.3648492694,0.4178683758,-0.0696607232
0.3622729778,-0.1088178679,-0.0442114249,0.0762784407,-0.4444638491,0.4819130599,-0.0674843192
0.3724199533,-0.1330502182,-0.0795379654,0.0964621231,-0.5121925473,0.5300073624,-0.0865554810
0.3824030161,-0.1451310515,-0.1057463065,0.1083122417,-0.5243754387,0.5721309781,-0.1194477901
0.3925399780,-0.1395051926,-0.1231754199,0.1308815330,-0.4872677624,0.5933033824,-0.1767837703
0.4025349617,-0.1355081052,-0.1471313685,0.1576733440,-0.4222909808,0.6019306183,-0.2426274419
0.4126509428,-0.1368551254,-0.1726638526,0.1858866066,-0.3284262717,0.6021969318,-0.3275950551
0.4227260351,-0.1433791667,-0.1985213608,0.2129677385,-0.1810703725,0.5890877843,-0.4200155139
0.4327689409,-0.1539536566,-0.2156681269,0.2548343539,0.0059290743,0.5592089891,-0.5336904526
0.4429080486,-0.1623164564,-0.2256896943,0.3032741547,0.2734880149,0.4768680334,-0.6644005179
0.4529709816,-0.1552537531,-0.2271731943,0.3423792124,0.6001095176,0.3566846251,-0.8195661306
0.4629600048,-0.1481351703,-0.2120140642,0.3773564100,0.9708137512,0.2039922178,-0.9747591019
0.4730490446,-0.1446431726,-0.1914973110,0.3900365829,1.3864746094,0.0378844813,-1.1320939064
0.4830629826,-0.1419456750,-0.1623340696,0.3951064348,1.8031059504,-0.1186646447,-1.2894244194
0.4931429625,-0.1352734566,-0.1487863511,0.4039900303,2.1717469692,-0.2776446939,-1.4297548532
0.5032149553,-0.1257440150,-0.1326543540,0.4111493826,2.4475550652,-0.4361818433,-1.5403301716
0.5132839680,-0.1145783290,-0.1278860420,0.4498806000,2.6285634041,-0.6124335527,-1.6370878220
0.5233900547,-0.1044852361,-0.1293600053,0.4853560328,2.7137145996,-0.8075198531,-1.7274596691
0.5334169865,-0.0915665552,-0.1015404239,0.4935491085,2.7709736824,-0.9867601991,-1.7912716866
0.5434900522,-0.0946757272,-0.0766767040,0.4857791662,2.7746813297,-1.1461820602,-1.8359484673
0.5535490513,-0.1054583117,-0.0589692965,0.4461161494,2.7405695915,-1.2568893433,-1.8444895744
0.5637270212,-0.1244856343,0.0114371991,0.3759675026,2.6494352818,-1.3189947605,-1.8083953857
0.5738509893,-0.1396998316,0.0972075090,0.2878327966,2.5256407261,-1.3165744543,-1.7595200539
0.5837930441,-0.1428993493,0.1399850696,0.2159619182,2.4143433571,-1.2832378149,-1.7053241730
0.5958640575,-0.1233893260,0.1738501042,0.1721277684,2.3053374290,-1.2658606768,-1.6606923342
0.6040660143,-0.0737376958,0.2969436646,0.1677377671,2.2157089710,-1.2653197050,-1.6203206778
0.6140190363,-0.0283438917,0.3547763228,0.1522563547,2.1936497688,-1.2981433868,-1.5799831152
0.6239550114,0.0102842012,0.3995309472,0.1662407964,2.2062308788,-1.3806185722,-1.5524213314
0.6340830326,0.0387368575,0.4320571423,0.1677635163,2.1912934780,-1.4856038094,-1.5227395296
0.6441639662,0.0613293573,0.4738504589,0.1830440611,2.1102876663,-1.5995655060,-1.4792417288
0.6542639732,0.0682828501,0.4503339529,0.1931105703,1.9184194803,-1.7261255980,-1.4293515682
0.6644730568,0.0701883808,0.4257526398,0.2124191374,1.6314560175,-1.8418997526,-1.3879262209
0.6744749546,0.0729051009,0.4089032710,0.1824663728,1.2983560562,-1.9325274229,-1.3337351084
0.6844609976,0.0828223303,0.4320683777,0.1423210353,0.9648630023,-1.9838627577,-1.2742159367
0.6945730448,0.0778400674,0.4404774606,0.1072093770,0.6706247330,-2.0126626492,-1.2284982204
0.7046209574,0.0787879303,0.4613584578,0.0848172829,0.4917707443,-2.0543045998,-1.1913106441
0.7146739960,0.0807243958,0.5082373023,0.0703813955,0.3712528646,-2.0604758263,-1.1626145840
0.7247229815,0.0901468471,0.5760304332,0.0470510647,0.3006745279,-2.0438880920,-1.1275470257
0.7347830534,0.0812092498,0.5565397143,0.0302122757,0.1862899065,-2.0223205090,-1.0839735270
0.7448940277,0.0756949857,0.5189972520,0.0129203117,-0.0231268927,-1.9951334000,-1.0276315212
0.7550100088,0.0609400347,0.4929946065,-0.0302071646,-0.2305738330,-1.9520748854,-0.9808381796
0.7650049925,0.0629746690,0.5118182302,-0.0960703567,-0.3934027255,-1.8895945549,-0.9446660280
0.7750329971,0.0453097597,0.5464758873,-0.1557635218,-0.4550381303,-1.8058841228,-0.8798388243
0.7851070166,0.0411948338,0.5906268954,-0.1900024563,-0.4379514754,-1.6959525347,-0.8043987751
0.7952619791,0.0446792319,0.6059067249,-0.1956827790,-0.3748974204,-1.5940994024,-0.7279143929
0.8054920435,0.0745287016,0.6333997250,-0.2357717901,-0.2799294591,-1.4824231863,-0.6524962783
0.8153090477,0.0744838789,0.6354656816,-0.2527501583,-0.1700410247,-1.3685166836,-0.5802649260
0.8253680468,0.0704311803,0.6215308309,-0.2576221824,-0.1197765246,-1.2690163851,-0.5218277574
0.8355300426,0.0653286651,0.6014851332,-0.2561980486,-0.1763654947,-1.1566331387,-0.4601728618
0.8459960222,0.0798221901,0.5659867525,-0.2621506453,-0.3140260875,-1.0481621027,-0.4016848505
0.8556259871,0.0724495724,0.5112253428,-0.2395215780,-0.5348601937,-0.9468047619,-0.3463646173
0.8656159639,0.0661309436,0.4755822122,-0.2193889767,-0.7834404111,-0.8456895947,-0.2910377085
0.8757380247,0.0599894002,0.4532224834,-0.1911001951,-1.0200859308,-0.7635217905,-0.2282904536
0.8860050440,0.0688168481,0.4845754802,-0.1963841468,-1.1564496756,-0.6772817969,-0.1634420753
0.8958630562,0.0562792495,0.5236348510,-0.2064943463,-1.1649438143,-0.5719130039,-0.1028647423
0.9059400558,0.0467262343,0.5529759526,-0.1936563402,-1.1168599129,-0.4693642855,-0.0624779090
0.9159950018,0.0431699231,0.5515717864,-0.1694822460,-1.0462740660,-0.3762386143,-0.0327189490
0.9262830019,0.0609003976,0.5269097686,-0.1641280204,-0.9787309170,-0.3002479672,-0.0231424868
0.9361350536,0.0776448920,0.4915609956,-0.1477189213,-0.9216497540,-0.2456403673,-0.0241915062
0.9462150335,0.1019020155,0.4664483964,-0.1223148182,-0.8525037169,-0.2238342762,-0.0273845028
0.9562449455,0.1181852892,0.4626386166,-0.0958813503,-0.7139532566,-0.2057226598,-0.0390904285
0.9665620327,0.1372013241,0.4899081886,-0.0446866229,-0.5923895240,-0.1962631792,-0.0529188253
0.9765050411,0.1357544810,0.5206304193,-0.0677087381,-0.3578678668,-0.1698302329,-0.0561505705
0.9865250587,0.1321050674,0.5228525400,-0.1068471745,-0.1271733642,-0.0831477419,-0.0901445597
0.9965749979,0.1263502389,0.5135999918,-0.1786980778,0.0920604467,-0.1302715689,-0.1252631247
1.0068030357,0.1416041404,0.5188087225,-0.2524068356,0.2720299363,0.0168422442,-0.0986890420
1.0166929960,0.1178222373,0.4631231129,-0.2859123945,0.1987887472,0.0805834085,-0.1517285556
1.0267390013,0.1241160110,0.4338968694,-0.2696323991,0.0033842111,0.0893573165,-0.1718499362
1.0368119478,0.1165466979,0.4240477383,-0.2747747898,-0.0662832782,0.1183833778,-0.1834975332
1.0470750332,0.1211389974,0.4969725907,-0.2542769909,-0.1578119546,0.0955423117,-0.1463220119
1.0567450523,0.1330097467,0.5100026727,-0.2282636315,-0.2273473591,0.1154901907,-0.0857718438
1.0668439865,0.1431132108,0.4804607332,-0.2237875611,-0.2802196145,0.0673413053,-0.0762262717
1.0769300461,0.1436729580,0.4961300492,-0.2556345463,-0.2675962448,0.0878753364,-0.0358708650
1.0875890255,0.1266322285,0.5409923792,-0.3238985538,-0.1839977205,0.1610588133,0.0098006828
1.0972019434,0.1094108298,0.5695269108,-0.3625617623,-0.1500261724,0.2879374027,0.0576363802
1.1073240042,0.0998658016,0.5753682852,-0.4069518447,-0.1922585666,0.4587840438,0.1161329150
1.1173319817,0.0868122652,0.5507457256,-0.4228600264,-0.3874109983,0.6613704562,0.2022893727
1.1276040077,0.0848264173,0.5129626393,-0.3679480553,-0.7306954265,0.8424962759,0.2874098718
1.1374750137,0.0980165675,0.4436352551,-0.2776197195,-1.1791672707,0.9770405293,0.3672258854
1.1474709511,0.1091609672,0.4020691812,-0.2444732934,-1.6245300770,1.1223813295,0.4714685082
1.1575579643,0.0886440948,0.4672383368,-0.2823754549,-1.9488077164,1.3262041807,0.5948213339
1.1679010391,0.0633701161,0.5739564300,-0.3028843999,-2.0660569668,1.5331254005,0.7531620860
1.1777110100,0.0692582205,0.7286919951,-0.2948883772,-2.0024454594,1.6907346249,0.9178034663
1.1878420115,0.0861919597,0.8336268663,-0.3058379292,-1.8863327503,1.8263176680,1.0516295433
1.1978240013,0.0966240242,0.8212261200,-0.2754975557,-1.7933213711,1.9234453440,1.1769467592
1.2081789970,0.1033573821,0.7920336127,-0.2255739123,-1.7501796484,1.9914529324,1.2969533205
1.2179889679,0.1172087267,0.7775266171,-0.1596943289,-1.6937816143,2.0138592720,1.4031300545
1.2280919552,0.1284055859,0.7818093300,-0.0982980803,-1.5773248672,2.0058870316,1.4891024828
1.2381199598,0.1313144416,0.7793287039,-0.0490667298,-1.4084298611,1.9823249578,1.5548793077
1.2484339476,0.1200297847,0.7517777681,0.0324580595,-1.2436141968,1.9396356344,1.6217082739
1.2582600117,0.1194215491,0.7239545584,0.1149223372,-1.0690032244,1.8778824806,1.6810939312
1.2683809996,0.1199701503,0.6948786974,0.1736944765,-0.8579223156,1.7960932255,1.7107299566
1.2784010172,0.1179007962,0.6687890291,0.2137621492,-0.6372740865,1.7175086737,1.7308088541
1.2887430191,0.1056763008,0.6391753554,0.2663884163,-0.4389975965,1.6344362497,1.7434582710
1.2985140085,0.1053155437,0.5959495306,0.3238111138,-0.2417180687,1.5438579321,1.7454864979
1.3086509705,0.1125307456,0.5625872612,0.3588737249,-0.0336861089,1.4447793961,1.7315821648
1.3186719418,0.1166162267,0.5380671024,0.3812813759,0.1369764358,1.3463679552,1.7070683241
1.3290209770,0.1132341102,0.5017675161,0.4060082436,0.2724300623,1.2465467453,1.6761914492
1.3387919664,0.1200847104,0.4473932981,0.4399144650,0.3226125538,1.1352585554,1.6283421516
1.3488819599,0.1329668313,0.3974883258,0.4889380336,0.3046368957,1.0084383488,1.5677591562
1.3589869738,0.1501900852,0.3594104350,0.5247184634,0.2792662978,0.8740687370,1.4986815453
1.3692129850,0.1586061567,0.3306829631,0.5382643938,0.2603299618,0.7365438938,1.4253541231
1.3791290522,0.1660610884,0.3133653104,0.5476006866,0.2412662506,0.6117792726,1.3562797308
1.3891240358,0.1728968024,0.3039441109,0.5458068252,0.2359632105,0.4988193214,1.2893328667
1.3992489576,0.1711273640,0.2830364108,0.5310848951,0.2197477520,0.4090750515,1.2170898914
1.4094870090,0.1618074179,0.2658947110,0.5145868659,0.1724696904,0.3307808638,1.1522921324
1.4193719625,0.1579638273,0.2437033206,0.5127983689,0.1047817245,0.2661224902,1.0906927586
1.4293949604,0.1588245630,0.2171151191,0.5232453346,0.0125846863,0.1980799437,1.0312219858
1.4395109415,0.1526731700,0.1845996231,0.5408685207,-0.1798630506,0.1239607036,0.9877001047
1.4497890472,0.1428564489,0.1760046929,0.5552487969,-0.4225630760,0.0613163002,0.9813601375
1.4596379995,0.1222768351,0.1693531722,0.5473525524,-0.6631652713,0.0030319558,0.9898865223
1.4697170258,0.0952151194,0.1881159097,0.5423974991,-0.8184717298,-0.0470370054,1.0047650337
1.4797710180,0.0792517886,0.2136202306,0.5446383357,-0.9011123180,-0.1059945896,1.0238689184
1.4899899960,0.0798861906,0.2404117137,0.5271909237,-0.8780755401,-0.1672265232,1.0408215523
1.4999660254,0.0862660781,0.2575670183,0.4971913099,-0.7568668127,-0.2276421934,1.0513786077
1.5100380182,0.0988910124,0.2710983157,0.4861210585,-0.6282115579,-0.2859125733,1.0555644035
1.5199769735,0.1070697978,0.2682647109,0.4618368149,-0.5144956112,-0.3442922533,1.0629389286
1.5302870274,0.1108128801,0.2573486865,0.4256232381,-0.4309244454,-0.3763798177,1.0745811462
1.5401699543,0.1075926796,0.2336034626,0.3863154054,-0.3775227368,-0.3801231682,1.0798746347
1.5502040386,0.1100374982,0.2277317792,0.3656356335,-0.3668956459,-0.3746072054,1.0979253054
1.5603049994,0.1308904886,0.2248420566,0.3625488877,-0.3699889183,-0.3840249479,1.1223428249
1.5706349611,0.1481536627,0.1988512725,0.3565171957,-0.3828847110,-0.3745470941,1.1287225485
1.5804729462,0.1599535793,0.1781297475,0.3570950031,-0.4404633343,-0.3804454803,1.1149308681
1.5904870033,0.1727960259,0.1697029322,0.3438031077,-0.4575842917,-0.3775485158,1.0936990976
1.6005619764,0.1837307513,0.1592692286,0.3100090027,-0.4599092305,-0.3608542383,1.0533596277
1.6108390093,0.1931409389,0.1490828246,0.2896064520,-0.4227185845,-0.3470549583,1.0045157671
1.6206749678,0.2109275311,0.1453733891,0.2707753181,-0.3481815159,-0.3329141140,0.9577847719
1.6307679415,0.2219130695,0.1473664790,0.2679042220,-0.2543241978,-0.3303173184,0.9046715498
1.6408859491,0.2311618030,0.1474442929,0.2655663490,-0.1401936263,-0.3275995553,0.8430595994
1.6510759592,0.2351370752,0.1416466385,0.2545625567,-0.0260884352,-0.3228152394,0.7729543447
1.6609270573,0.2350905538,0.1341645271,0.2484968752,0.0825775936,-0.3074259162,0.7092264891
1.6710020304,0.2362759858,0.1236791238,0.2497382611,0.1604816467,-0.3102812171,0.6550530791
1.6810799837,0.2396929115,0.1323859245,0.2464696020,0.2373255640,-0.3130700886,0.6125602722
1.6913650036,0.2473690659,0.1248305067,0.2575790882,0.2438045293,-0.3228763044,0.5647742748
1.7012230158,0.2522892058,0.1065093502,0.2660692930,0.1585109383,-0.3334202766,0.5265659094
1.7112740278,0.2614244521,0.0824335441,0.2545679808,0.0442466065,-0.3282587528,0.4947429597
1.7213679552,0.2617851794,0.0885198936,0.2453403920,-0.0604395941,-0.3197755218,0.4714141786
1.7317190170,0.2610676885,0.1072023138,0.2215038985,-0.1258016527,-0.2950253189,0.4491452277
1.7414809465,0.2593253851,0.1298045069,0.2116572112,-0.1292917281,-0.2676195204,0.4258002341
1.7515690327,0.2643325925,0.1477831751,0.2194870561,-0.0983977839,-0.2632224858,0.4077436030
1.7616369724,0.2615717649,0.1593891531,0.2168441862,-0.0314286053,-0.2396255732,0.3567720354
1.7718960047,0.2575554848,0.1216353402,0.1936707348,0.0045406353,-0.2110081613,0.3036876321
1.7817749977,0.2607815266,0.1097874269,0.1634232849,0.0574991927,-0.1737324297,0.2537882328
1.7918080091,0.2599546015,0.1053229198,0.1412914842,0.1178695112,-0.1311273724,0.1975182444
1.8018840551,0.2659012377,0.1022631750,0.1330649704,0.1259207726,-0.0857897252,0.1423252970
1.8121570349,0.2710862160,0.0894153938,0.1176816747,0.1008549184,-0.0364352912,0.0966995582
1.8220169544,0.2679070830,0.0684283599,0.1160594746,0.0118129291,0.0070554595,0.0510865375
1.8320629597,0.2625815272,0.0612725839,0.1227157637,-0.0868250653,0.0494235568,0.0086593181
1.8421909809,0.2571217716,0.0572887883,0.1269807667,-0.1716507524,0.0982704610,-0.0348285027
1.8524299860,0.2427399457,0.0606355295,0.1267192215,-0.2383842766,0.1526006609,-0.0751318485
1.8623249531,0.2318684012,0.0711400136,0.1264576167,-0.2838023603,0.2103981823,-0.1005746275
1.8723560572,0.2167425901,0.0745676383,0.1338236779,-0.3217067122,0.2640378475,-0.1228361279
1.8824379444,0.1982428581,0.0768062696,0.1508315653,-0.3458520174,0.3295111358,-0.1387242675
1.8926980495,0.1801965237,0.0598040447,0.1763732284,-0.3816279471,0.3842429519,-0.1588608325
1.9025729895,0.1570479721,0.0285250768,0.1951117367,-0.4153523445,0.4463593066,-0.1885516196
1.9125980139,0.1306177378,-0.0011132740,0.2049103230,-0.4545361698,0.5200242400,-0.2299153060
1.9226870537,0.1069250032,-0.0435676947,0.2146319002,-0.4764524102,0.5723547935,-0.3116421402
1.9329880476,0.1078039929,-0.0960381404,0.2330555171,-0.4819492102,0.5810410380,-0.4369295537
1.9428089857,0.1429705471,-0.1138453260,0.2468226403,-0.4297131300,0.5784063935,-0.5855959654
1.9528850317,0.1751843691,-0.1114377156,0.2677192092,-0.3368976712,0.5728516579,-0.7480762601
1.9630880356,0.1937894970,-0.1148288622,0.2930434942,-0.2300809175,0.5535432100,-0.9233098626
1.9732049704,0.2004677355,-0.1345837563,0.3297585249,-0.1178399250,0.5246779323,-1.1070451736
1.9833480120,0.1952731311,-0.1513973325,0.3590701818,-0.0320914648,0.4775623977,-1.2875963449
1.9931679964,0.1826642454,-0.1401386112,0.3750973344,0.0505684242,0.4210700691,-1.4373586178
2.0032081604,0.1722032130,-0.1133886352,0.4022248387,0.1289135665,0.3699568212,-1.5701289177
2.0135269165,0.1565446407,-0.1032038108,0.4299827218,0.1808220297,0.2953370810,-1.6922856569
2.0233631134,0.1398085058,-0.0810024515,0.4400368333,0.2113375962,0.2258988619,-1.8048787117
2.0334520340,0.1280502081,-0.0456326380,0.4443449974,0.2526009083,0.1503683478,-1.8898712397
2.0434970856,0.1173431203,-0.0105410004,0.4604844451,0.3005516529,0.0473902971,-1.9621371031
2.0539078712,0.1179371998,0.0450102910,0.4723881483,0.3827068508,-0.0605173297,-2.0227355957
2.0638518333,0.1213242933,0.1013857350,0.4656669497,0.4850966036,-0.1640186906,-2.0854594707
2.0738158226,0.1316103935,0.1444130689,0.4535142183,0.5938439369,-0.2620623708,-2.1333167553
2.0838160515,0.1446791291,0.1857010871,0.4299638867,0.6853753328,-0.3452970684,-2.1652355194
2.0940260887,0.1487253010,0.2232881337,0.4120538831,0.7469429970,-0.4191482365,-2.1822752953
2.1039149761,0.1501174122,0.2497288734,0.4080156684,0.7445154786,-0.4966779351,-2.1897459030
2.1139349937,0.1519325674,0.2732915282,0.4005597830,0.6673523188,-0.5716540217,-2.1940131187
2.1240601540,0.1551898867,0.2943924069,0.4107000828,0.5328155756,-0.6715388298,-2.1982760429
2.1344408989,0.1582620293,0.3137000501,0.4060295224,0.4078884125,-0.7713060975,-2.1972315311
2.1443018913,0.1589425951,0.3477902710,0.3780364394,0.2784273624,-0.8445361257,-2.1887407303
2.1542611122,0.1588951796,0.3937837183,0.3626954556,0.1575115621,-0.9164025187,-2.1452116966
2.1643638611,0.1560017914,0.4410148263,0.3435505629,0.0576696582,-0.9603713155,-2.0825622082
2.1746349335,0.1439507753,0.4582629502,0.3219417334,-0.0230755210,-0.9936031699,-2.0262837410
2.1844458580,0.1398266405,0.4441977441,0.3424626589,-0.1206729114,-1.0493143797,-1.9774439335
2.1945979595,0.1416327804,0.4625250399,0.3417195082,-0.1874395907,-1.0918992758,-1.9094922543
2.2046308517,0.1413876563,0.4941281974,0.3277581930,-0.2169101387,-1.1288245916,-1.8373008966
2.2149038315,0.1384270936,0.5176307559,0.3382579088,-0.2037203163,-1.1633177996,-1.7746750116
2.2247371674,0.1329512447,0.5553417802,0.3441511393,-0.1680928171,-1.1996328831,-1.6961290836
2.2348959446,0.1351218969,0.6000175476,0.3381661177,-0.1387646943,-1.2454205751,-1.5974129438
2.2449369431,0.1283049434,0.6174880266,0.3066023588,-0.1064280644,-1.2721315622,-1.5061197281
2.2551550865,0.1153091267,0.5974196792,0.2699060440,-0.1063289940,-1.2768908739,-1.4222387075
2.2650089264,0.1066006497,0.5872855186,0.2340861410,-0.1458287388,-1.2702465057,-1.3266634941
2.2750821114,0.1021145657,0.5842663646,0.2076574415,-0.2088325471,-1.2605406046,-1.2183396816
2.2851171494,0.1038724259,0.5873515606,0.1770008653,-0.2290765643,-1.2579102516,-1.1132152081
2.2954180241,0.1108082607,0.6108215451,0.1435226053,-0.1950655580,-1.2389929295,-1.0240235329
2.3052768707,0.1318969280,0.6312356591,0.1285496205,-0.1429088712,-1.2210685015,-0.9486401081
2.3153319359,0.1533913165,0.6449074745,0.0923955366,-0.0835225433,-1.1786063910,-0.8626284599
2.3254070282,0.1612989455,0.6469864845,0.0488279387,-0.0233273748,-1.1107125282,-0.7829748988
2.3356490135,0.1581428796,0.6299869418,0.0432937071,0.0133958589,-1.0441893339,-0.7192422748
2.3455491066,0.1632812768,0.6166253090,0.0522090718,0.0342617258,-0.9926247597,-0.6502048969
2.3555850983,0.1717493683,0.6070086360,0.0661926195,0.0500602648,-0.9687679410,-0.5928608179
2.3656830788,0.1739121825,0.5904759169,0.0773273036,0.0711956397,-0.9460858107,-0.5599390864
2.3760149479,0.1676488072,0.5809291601,0.0709046051,0.1265976727,-0.9347911477,-0.5291544795
2.3858449459,0.1693304926,0.5891070366,0.0474193022,0.2331171930,-0.9123827815,-0.4898837805
2.3959219456,0.1676600724,0.5999546051,0.0361363813,0.3865812123,-0.8884540200,-0.4431924224
2.4060111046,0.1675558835,0.6019604206,0.0303825065,0.5539536476,-0.8675671220,-0.3933199346
2.4162631035,0.1676558405,0.5855474472,0.0380396768,0.7139944434,-0.8605597019,-0.3466374576
2.4260721207,0.1747090966,0.5766407251,0.0636259243,0.8517137170,-0.8621802926,-0.2914596796
2.4361639023,0.1845809370,0.5662543178,0.0738714859,0.9638891816,-0.8715058565,-0.2447747439
2.4470200539,0.1874491721,0.5397830606,0.0678051636,1.0609297752,-0.8619480133,-0.2108170390
2.4565200806,0.1849143058,0.5080559254,0.0855982229,1.1398992538,-0.8600595593,-0.1895994395
2.4663660526,0.1923999935,0.4825249910,0.0983997509,1.2274591923,-0.8645725250,-0.1853767335
2.4764361382,0.1951152235,0.4538168609,0.1063338444,1.3408948183,-0.8966070414,-0.2055957764
2.4864699841,0.2030886561,0.4377992153,0.1024888083,1.4896970987,-0.9443599582,-0.2428203821
2.4967970848,0.2084229738,0.4218692482,0.1070148274,1.8071395159,-0.9950304031,-0.3023861945
2.5066289902,0.2134732753,0.4159200490,0.1144044325,2.2794458866,-1.0594170094,-0.3949147761
2.5166959763,0.2094706446,0.4413430393,0.0860606954,2.8958032131,-1.1226695776,-0.5065923333
2.5267591476,0.1723303944,0.4976644814,-0.1579350978,3.8310601711,-1.1662011147,-0.6247112155
2.5370478630,0.1154101565,0.6410300136,-0.3634974957,4.5321245193,-1.0449188948,-0.5388225317
2.5468499660,0.0449845269,0.7160136700,-0.4838522077,4.4079828262,-0.8953508139,-0.3794464767
2.5569748878,-0.0360006616,0.5992681980,-0.6572132707,3.5718600750,-0.6258287430,-0.2346941531
2.5670080185,-0.1135076806,0.2003518641,-0.7599352598,2.3418259621,-0.3543556631,-0.2395552099
2.5773348808,-0.0955170318,0.0338516459,-0.6430122852,0.9685906768,-0.1604786813,-0.0734697729
2.5871300697,-0.0432324335,0.1279630214,-0.5856420994,0.1208705455,-0.0132769765,0.0414932966
2.5972409248,-0.0063899667,0.2402821034,-0.5077445507,-0.1507199556,0.0396862403,0.0660107583
2.6072678566,0.0222761724,0.4307217002,-0.4404156804,-0.0180005208,0.1088871509,0.0861857980
2.6174969673,0.0239819381,0.5423666835,-0.3997861147,0.2779130936,0.1869632304,0.1095079631
2.6274361610,0.0163477156,0.5579261780,-0.3763687611,0.5075340271,0.2783086002,0.1413492560
2.6374759674,-0.0000198991,0.5055209994,-0.3440248966,0.6095351577,0.4298459291,0.1371534467
2.6476180553,-0.0135164773,0.4174323976,-0.3668722510,0.6087503433,0.6132911444,0.1191946864
2.6578209400,-0.0098183667,0.3803558052,-0.3916839361,0.5912789702,0.8657563329,0.1310042739
2.6677119732,-0.0159526374,0.4400064647,-0.4406832457,0.7037922144,1.1418536901,0.1757091582
2.6777439117,-0.0251619723,0.5422314405,-0.4975894690,0.8632276654,1.4227221012,0.2384558320
2.6878709793,-0.0356879756,0.6283206940,-0.5496310592,0.9350738525,1.7137486935,0.3490100205
2.6980690956,-0.0483235046,0.6384692788,-0.5695645213,0.8928736448,1.9900140762,0.4638314843
2.7080039978,-0.0588747188,0.5897461176,-0.5384551287,0.6825560927,2.2147302628,0.5468174815
2.7179961205,-0.0587515756,0.5378664136,-0.4481699467,0.3767747581,2.3813266754,0.6319227815
2.7280631065,-0.0542941615,0.5103753805,-0.3489392996,0.0490722582,2.4989218712,0.7170086503
2.7384140491,-0.0492881462,0.4974664450,-0.2339140326,-0.2653807998,2.5732104778,0.8148113489
2.7482948303,-0.0431311652,0.5367553234,-0.1491977125,-0.5901756883,2.6157145500,0.9338365197
2.7618379593,-0.0436606929,0.5506005287,-0.0788117126,-0.8892388344,2.6456129551,1.0379837751
2.7684099674,-0.0538911745,0.5284075141,0.0140781319,-1.2202292681,2.6655654907,1.1240835190
2.7787020206,-0.0537241921,0.5201811194,0.0821273252,-1.5082763433,2.6604542732,1.2144072056
2.7883191109,-0.0366287455,0.5156399012,0.1246512458,-1.7169057131,2.6127119064,1.3322960138
2.7984619141,-0.0207462814,0.5218009353,0.1568434089,-1.8464386463,2.5541119576,1.4692724943
2.8089079857,-0.0119722700,0.5123844743,0.2206501216,-1.8818181753,2.4707720280,1.5913467407
2.8190951347,-0.0063961358,0.4865455925,0.2732124329,-1.8369828463,2.3677666187,1.6815346479
2.8285899162,0.0105365897,0.4845496714,0.3021126986,-1.7003326416,2.2624261379,1.7791328430
2.8386590481,0.0346256867,0.4704116285,0.3408183455,-1.5410929918,2.1380307674,1.8533561230
2.8487720490,0.0523993447,0.4325238466,0.3757710457,-1.4063277245,2.0059249401,1.9169638157
2.8590021133,0.0667756572,0.3931932151,0.4445899725,-1.3888685703,1.8641377687,1.9551151991
2.8691000938,0.0723197833,0.3235766590,0.4851866364,-1.4194480181,1.7205741405,1.9476187229
2.8790841103,0.0789405480,0.2286789864,0.5246211886,-1.5023099184,1.5730667114,1.8934139013
2.8891849518,0.0927210525,0.1529425830,0.5636783242,-1.6063917875,1.4125502110,1.8254050016
2.8995079994,0.1120432094,0.0939538404,0.5833337903,-1.6911066771,1.2362301350,1.7488899231
2.9092941284,0.1211626902,0.0625476167,0.5846600533,-1.7214645147,1.0667593479,1.6734253168
2.9194321632,0.1327677071,0.0705191717,0.5860684514,-1.6952688694,0.8989763856,1.6181199551
2.9294481277,0.1487783939,0.0889869258,0.5703814626,-1.6307061911,0.7380322814,1.5840456486
2.9399280548,0.1505881995,0.0793324634,0.5347785354,-1.5908700228,0.5948615670,1.5425547361
2.9496121407,0.1415916681,0.0536916777,0.5007695556,-1.5407009125,0.4845997095,1.4893969297
2.9596240520,0.1326638609,0.0095846867,0.4657438993,-1.4448016882,0.3883247972,1.4043798447
2.9699399471,0.1258404851,-0.0321768895,0.4426191449,-1.3148231506,0.2974239290,1.2843182087
2.9801001549,0.1300433129,-0.0578483120,0.4275270104,-1.1817051172,0.2129233927,1.1653211117
2.9901680946,0.1461142749,-0.0500198975,0.4284753799,-1.0772413015,0.1134562045,1.0675594807
2.9999408722,0.1663032770,-0.0430005565,0.4162153006,-0.9505858421,0.0365420468,0.9814831018
3.0099649429,0.1717580408,-0.0386969224,0.4005219340,-0.8412523866,-0.0149602946,0.9102890491
3.0203461647,0.1659077406,-0.0176671520,0.3965868950,-0.7502205372,-0.0494992286,0.8614056110
3.0301160812,0.1577789336,-0.0154304290,0.3943156600,-0.6782515049,-0.0991227105,0.8029635549
3.0402541161,0.1483798325,-0.0117925191,0.3883244395,-0.6724597812,-0.1471331120,0.7551574111
3.0502581596,0.1454315484,0.0132233715,0.3510595560,-0.6614614129,-0.1811720282,0.7275308371
3.0606040955,0.1445148736,0.0321297273,0.3106161952,-0.6186235547,-0.1980250627,0.6892873049
3.0703849792,0.1460967958,0.0569541678,0.2834360600,-0.5789586902,-0.2181162089,0.6467952728
3.0804519653,0.1500292569,0.0607164130,0.2593661547,-0.5500022769,-0.2351654917,0.5968742967
3.0905308723,0.1513289064,0.0491959676,0.2296275944,-0.5309234262,-0.2246854305,0.5512173176
3.1007950306,0.1513211280,0.0354320034,0.2091688365,-0.5640107393,-0.2262712121,0.5151242018
3.1106891632,0.1547631025,0.0441161618,0.1955947727,-0.6025365591,-0.2160313576,0.5098301172
3.1207418442,0.1551090181,0.0672312006,0.1818199009,-0.6069682837,-0.1989813298,0.5268280506
3.1308898926,0.1541107148,0.0817988142,0.1905234903,-0.5825649500,-0.1838021129,0.5438182354
3.1410789490,0.1551907957,0.0889168605,0.2059605569,-0.5079170465,-0.1778240502,0.5469878316
3.1509571075,0.1577997953,0.0861704573,0.2291766852,-0.4193171263,-0.1802818775,0.5395315289
3.1609940529,0.1586302072,0.0919223651,0.2461678833,-0.3081963956,-0.1942911148,0.5203838348
3.1710901260,0.1597038805,0.1142270789,0.2318808883,-0.1342512220,-0.1939297169,0.5054746866
3.1813340187,0.1610949188,0.1302953511,0.2107266039,0.0610404201,-0.1945329756,0.4767562747
3.1912641525,0.1634629667,0.1370851547,0.1990231723,0.2530969381,-0.1920019090,0.4448547959
3.2012801170,0.1680638641,0.1219593510,0.1837388128,0.4334608614,-0.1949753314,0.3980883956
3.2114069462,0.1710139662,0.1002783403,0.1733747572,0.5508327484,-0.1953087598,0.3524010181
3.2216169834,0.1802189350,0.0842395052,0.1710364670,0.5818519592,-0.2037140280,0.3237209916
3.2315340042,0.1964649111,0.0729522929,0.1660494655,0.5669691563,-0.2115000486,0.2886815369
3.2415299416,0.2032546252,0.0565742478,0.1530166119,0.5178225040,-0.2090848237,0.2366667837
3.2516708374,0.2103369683,0.0378337726,0.1493022889,0.4355662167,-0.2037411928,0.1899711788
3.2618730068,0.2118087411,0.0294080600,0.1400717944,0.3723396659,-0.1813148558,0.1337218881
3.2717330456,0.2105391324,-0.0032230995,0.1304274648,0.2536876202,-0.1657681167,0.0732372478
3.2818100452,0.2065846771,-0.0036596439,0.1316088885,0.1478732377,-0.1521500349,0.0254915599
3.2919068336,0.1949818581,0.0088086342,0.1020269915,0.0908994377,-0.1136708185,-0.0180085115
3.3021440506,0.1812201589,0.0359018669,0.0741665289,0.0594702214,-0.0674085841,-0.0413377360
3.3120720387,0.1720812321,0.0577954277,0.0640012547,0.0589908510,-0.0208629239,-0.0625503436
3.3220381737,0.1644562483,0.0622987971,0.0617669746,0.0542354099,0.0267266985,-0.0805754215
3.3322069645,0.1544104069,0.0619329438,0.0692496225,0.0228939950,0.0657065883,-0.0816097930
3.3424239159,0.1391038150,0.0477356538,0.0804839656,-0.0159357190,0.1067635491,-0.0794553608
3.3523111343,0.1186000779,0.0354547724,0.0984890983,-0.0515360534,0.1446312964,-0.0826128051
3.3623371124,0.1087378338,0.0346440300,0.1046630666,-0.0604555123,0.1816170067,-0.0942731947
3.3735718727,0.1008562818,0.0106120324,0.0973933265,-0.0331890061,0.2272124588,-0.1356675029
3.3829100132,0.0960352272,-0.0218450800,0.0952516720,0.0046187984,0.2844130993,-0.2014802694
3.3931529522,0.1061570197,-0.0491491929,0.1011656448,0.0435949601,0.3297371864,-0.3002148271
3.4032919407,0.1246068478,-0.0857859626,0.1074306294,0.0901670977,0.3623168170,-0.4106360078
3.4133200645,0.1422857493,-0.1060789600,0.1181530878,0.1516956985,0.3928995132,-0.5221252441
3.4233839512,0.1515319794,-0.1112015620,0.1482651085,0.2143836170,0.4138868749,-0.6421138048
3.4327931404,0.1625426263,-0.1167838350,0.1676073521,0.2951972485,0.4360385239,-0.7706009150
3.4426939487,0.1615431607,-0.1362938136,0.1786831468,0.3696341515,0.4548821747,-0.9097062945
3.4528310299,0.1465636045,-0.1532434672,0.1979321092,0.4301882982,0.4746654630,-1.0488075018
3.4630529881,0.1282293499,-0.1637752503,0.2171867937,0.4609072208,0.4899787009,-1.1825945377
3.4729590416,0.1097378954,-0.1722160429,0.2514560223,0.4747047722,0.4903230667,-1.3110755682
3.4829809666,0.0940138698,-0.1755630225,0.2819294930,0.4961800277,0.4706357121,-1.4300122261
3.4931149483,0.0869734809,-0.1571016759,0.3145487309,0.5477755666,0.4279574752,-1.5351647139
3.5032868385,0.0847859010,-0.1269368976,0.3397383690,0.6625959277,0.3593119681,-1.6392853260
3.5131909847,0.0858474448,-0.0995710269,0.3522858024,0.8447769284,0.2785345614,-1.7413046360
3.5232501030,0.0929582492,-0.0596300736,0.3562778831,1.0782935619,0.1876774281,-1.8306002617
3.5333240032,0.1079635695,-0.0124402428,0.3607009053,1.3642401695,0.0847182944,-1.8933705091
3.5437140465,0.1180344149,0.0308866724,0.3618802428,1.6652677059,-0.0318474621,-1.9476573467
3.5534591675,0.1232753918,0.0738039836,0.3642691970,1.9311012030,-0.1496646553,-1.9838848114
3.5635108948,0.1254001111,0.1094979271,0.3558931351,2.1627683640,-0.2644383013,-1.9956803322
3.5735931396,0.1241795197,0.1221534237,0.3529466987,2.3325023651,-0.3754526973,-1.9989641905
3.5838990211,0.1215668395,0.1433092505,0.3658872247,2.4042637348,-0.5063059330,-1.9841818810
3.5936799049,0.1313422024,0.1914058179,0.4020982385,2.3877289295,-0.6643046141,-1.9460318089
3.6039571762,0.1361825466,0.2161942273,0.4138126969,2.3168184757,-0.8281316161,-1.9153039455
3.6140279770,0.1223662421,0.2143689543,0.3969016075,2.2115507126,-0.9722092152,-1.9015457630
3.6243300438,0.1133841947,0.2156168073,0.3763115406,2.0635640621,-1.1122978926,-1.8697241545
3.6339869499,0.1157679483,0.2410172075,0.3504434228,1.8556613922,-1.2357593775,-1.8113341331
3.6440219879,0.1147209331,0.2838872373,0.3197731376,1.5825119019,-1.3437705040,-1.7369927168
3.6541290283,0.1051230505,0.3175661266,0.2707176805,1.3004152775,-1.4104079008,-1.6520104408
3.6645331383,0.0887387171,0.3292838633,0.2250394672,1.0254691839,-1.4451427460,-1.5659524202
3.6745419502,0.0806168988,0.3376489580,0.2110066265,0.7119528055,-1.4654216766,-1.4894334078
3.6844680309,0.0810552910,0.3608388901,0.2033529133,0.4400434792,-1.4842902422,-1.4150475264
3.6946120262,0.0880959705,0.3781234920,0.1674231142,0.2778521776,-1.4831488132,-1.3481124640
3.7048668861,0.0870266929,0.3953678608,0.1408578604,0.2147431672,-1.4663890600,-1.2971229553
3.7147419453,0.0872856751,0.4154861271,0.0943792984,0.2656532228,-1.4316157103,-1.2397813797
3.7247829437,0.0946702138,0.4363826215,0.0694800541,0.3752791584,-1.3984311819,-1.1792697906
3.7348380089,0.1072371975,0.4533720613,0.0535968468,0.4720714986,-1.3621128798,-1.1091974974
3.7451260090,0.1173178330,0.4474294782,0.0810396597,0.4859457612,-1.3583724499,-1.0423058271
3.7549619675,0.1231497601,0.4176960886,0.0872782394,0.3911215067,-1.3704437017,-0.9764561653
3.7650389671,0.1170193031,0.3915177882,0.0821510479,0.2439012080,-1.3723474741,-0.9084650874
3.7751078606,0.1018120721,0.3734769821,0.0695107505,0.0742927343,-1.3765832186,-0.8425925970
3.7854418755,0.0834687725,0.3838619590,0.0460166261,-0.0815463364,-1.3689106703,-0.7586653829
3.7952539921,0.0665601864,0.4230491817,0.0146571910,-0.1596017331,-1.3488157988,-0.6641353965
3.8052799702,0.0520278886,0.4546960294,0.0055102031,-0.1896507144,-1.3272889853,-0.5770494938
3.8153710365,0.0448457077,0.4675358832,-0.0133657539,-0.1631136388,-1.3084995747,-0.4974119067
3.8256490231,0.0411607698,0.4609764814,-0.0246667936,-0.1258903146,-1.2917865515,-0.4252116084
3.8355040550,0.0419160798,0.4573147297,-0.0288219526,-0.0854241103,-1.2793389559,-0.3604459763
3.8455901146,0.0471919850,0.4488417208,-0.0455234125,-0.0386989824,-1.2531044483,-0.3052313626
3.8556351662,0.0529846624,0.4259003103,-0.0484618023,-0.0154117672,-1.2313746214,-0.2585072517
3.8659410477,0.0623162463,0.4030202925,-0.0398977473,-0.0156108914,-1.2087963820,-0.2128379792
3.8757870197,0.0693904832,0.3855043948,-0.0341404155,-0.0348176099,-1.2065445185,-0.1671746224
3.8858370781,0.0743537620,0.3743586838,-0.0344374254,-0.0560333356,-1.2170991898,-0.1300109476
3.8959109783,0.0821658447,0.3745653927,-0.0524734333,-0.0453252979,-1.2189271450,-0.0992224067
3.9062218666,0.0917595699,0.3673726022,-0.0706172064,0.0079240743,-1.2066087723,-0.0716243386
3.9160599709,0.0991481021,0.3584213257,-0.0709899738,0.0826166868,-1.2048398256,-0.0631480291
3.9261088371,0.1093565300,0.3481043875,-0.0518319681,0.1479173452,-1.2243959904,-0.0578651130
3.9362130165,0.1177212670,0.3459491134,-0.0357545689,0.2111692876,-1.2524446249,-0.0504625924
3.9464809895,0.1184334829,0.3387974799,-0.0577911213,0.3128212988,-1.2780090570,-0.0388204530
3.9563460350,0.1171462610,0.3318239152,-0.0865656212,0.4023828506,-1.2686340809,-0.0229115244
3.9664158821,0.1008607224,0.3310651779,-0.1287723929,0.4637732804,-1.2170403004,-0.0037894291
3.9765729904,0.0868723467,0.3207542002,-0.1520471126,0.4801676869,-1.1477596760,0.0217241868
3.9867470264,0.0830042437,0.2961988747,-0.1612105519,0.4602663219,-1.0777909756,0.0387535021
3.9966001511,0.0883126333,0.2805263698,-0.1574810892,0.4042136967,-1.0220078230,0.0441045910
4.0066771507,0.0942100957,0.2635156214,-0.1419950873,0.3503915071,-0.9780831337,0.0175934229
4.0167260170,0.0987656191,0.2449242324,-0.1319851428,0.4767427742,-0.9156849384,-0.0206322595
4.0270318985,0.1061696485,0.2227136344,-0.1823551208,0.7248070240,-0.8610591292,-0.1119820774
4.0368170738,0.1095833853,0.2552723587,-0.3243154883,1.2456395626,-0.7626603842,-0.2023181021
4.0469908714,0.0925923660,0.2695514560,-0.4254851341,1.6295129061,-0.6270369291,-0.2586232722
4.0569581985,0.0678027347,0.3026606143,-0.5161534548,1.3346527815,-0.4882652164,-0.2245014906
4.0673179626,0.0096793259,0.2149686962,-0.7314643860,1.0385754108,-0.2286163121,-0.2019977868
4.0772619247,-0.0478323624,0.0365897939,-0.6665170789,0.5205475092,-0.0827906728,-0.2516979575
4.0871810913,-0.0268421676,0.1580695510,-0.5263288617,0.0493952185,-0.0280827545,-0.1804098785
4.0973262787,-0.0197234061,0.2853769362,-0.5120128989,-0.0514560267,0.0287783965,-0.1124007255
4.1075310707,-0.0374017879,0.3332298696,-0.5231624842,0.0096959025,0.1049224362,-0.0709701926
4.1174211502,-0.0472092554,0.3779231310,-0.5142140388,0.2008219212,0.2057097703,-0.0040750531
4.1274509430,-0.0480105802,0.3700678945,-0.5069804192,0.3675259352,0.2934318483,0.0447703153
4.1376028061,-0.0348051116,0.3317751884,-0.4764422178,0.4564312994,0.3686442971,0.0692066848
4.1478319168,-0.0162035730,0.2429229170,-0.4419485331,0.4373991787,0.4588153362,0.0915555358
4.1577219963,-0.0065075071,0.1845694035,-0.3809141517,0.2502822876,0.6016491652,0.1160957664
4.1677150726,-0.0028473646,0.1552808136,-0.3348973989,-0.0844604224,0.7792850137,0.1428141147
4.1778030396,0.0023340075,0.1531752497,-0.3233268857,-0.4975995123,1.0049561262,0.1557733268
4.1880331039,-0.0036916644,0.1731801480,-0.3497805595,-0.8501150012,1.2502038479,0.1602301449
4.1979470253,-0.0049659521,0.2158636749,-0.3783007264,-0.9400616884,1.4947736263,0.1975380927
4.2079877853,0.0035491078,0.3227823079,-0.3782157898,-0.7597209215,1.7120199203,0.2390122265
4.2181272507,0.0103529776,0.4167642295,-0.3852951527,-0.4467048943,1.8942524195,0.2655687630
4.2283511162,0.0099033797,0.4501409233,-0.3762603998,-0.2219337821,2.0451347828,0.3218634129
4.2382578850,0.0037851422,0.4427361786,-0.3536437750,-0.1560687572,2.1851220131,0.3845627606
4.2482547760,-0.0116302883,0.3902037740,-0.2868523598,-0.2978893220,2.2818095684,0.4313651621
4.2584090233,-0.0153374588,0.3316102326,-0.1933549792,-0.6642899513,2.3193113804,0.4898758829
4.2685971260,-0.0185000803,0.3057734668,-0.1218460277,-1.1094776392,2.3404572010,0.5866237283
4.2784609795,-0.0254670884,0.3180677593,-0.0723307207,-1.4937435389,2.3537991047,0.7067112327
4.2885961533,-0.0282566454,0.3376757503,-0.0126950825,-1.7978035212,2.3508493900,0.8246473074
4.2985911369,-0.0247037914,0.3731698096,0.0336549208,-1.9554477930,2.3280613422,0.9584626555
4.3089480400,-0.0204336252,0.4039868414,0.0587855503,-1.9881030321,2.2925364971,1.0869305134
4.3187241554,-0.0157874431,0.4280402660,0.0967748687,-1.9672513008,2.2414307594,1.1952031851
4.3288717270,-0.0093310094,0.4200964272,0.1347353309,-1.9130613804,2.1640067101,1.2907117605
4.3388862610,0.0001454143,0.3969458342,0.1502846330,-1.8342640400,2.0803885460,1.3798410892
4.3492159843,0.0049675195,0.3791045249,0.1797918528,-1.7095072269,1.9885166883,1.4434716702
4.3590579033,0.0098541761,0.3542798162,0.2133530229,-1.5613093376,1.8987921476,1.4794903994
4.3690848351,0.0200554822,0.3184638619,0.2398290485,-1.3617478609,1.7945784330,1.5027465820
4.3791332245,0.0357088521,0.2758620083,0.2711105943,-1.1759734154,1.6817411184,1.5238790512
4.3894748688,0.0493575707,0.2424932271,0.3187634945,-1.0455526114,1.5546122789,1.5428947210
4.3992671967,0.0587109104,0.2057277709,0.3495404124,-0.9321427941,1.4197548628,1.5385514498
4.4094018936,0.0681835487,0.1611831933,0.3905819058,-0.9114910364,1.2743645906,1.5076811314
4.4194202423,0.0769657567,0.1374293715,0.4046480656,-0.8983725905,1.1352748871,1.4768161774
4.4297180176,0.0842269138,0.1128064021,0.4042873383,-0.9130721688,1.0033692122,1.4459625483
4.4395380020,0.0972278640,0.0992111191,0.4092327356,-0.9470900893,0.8818856478,1.4119329453
4.4497241974,0.1034338400,0.0720488057,0.3814616799,-0.9535638690,0.7808030844,1.3779069185
4.4599270821,0.1016208604,0.0576827154,0.3697137237,-0.9910825491,0.6901853085,1.3630059958
4.4699888229,0.0986005887,0.0730163082,0.3762833476,-1.0488319397,0.5964163542,1.3799613714
4.4798088074,0.0891682431,0.0661126599,0.3894494772,-1.0958577394,0.4961794913,1.3671816587
4.4898309708,0.0697847530,0.0338763818,0.3787757158,-1.1131885052,0.4141422808,1.3395398855
4.5000190735,0.0549956486,0.0203403458,0.3726475239,-1.1028109789,0.3355180323,1.3097676039
4.5102238655,0.0537733063,0.0129745221,0.3484638929,-1.0156210661,0.2597294450,1.2863469124
4.5201411247,0.0559240654,0.0049526906,0.3233450651,-0.9072258472,0.1978985816,1.2597435713
4.5301861763,0.0565583333,0.0018770910,0.3230404854,-0.8116681576,0.1402387470,1.2395191193
4.5402832031,0.0577248707,-0.0089856768,0.3251938224,-0.7010817528,0.0731699616,1.2203451395
4.5505008698,0.0518231690,-0.0207592025,0.3118121624,-0.5393939018,0.0170285311,1.1809879541
4.5604128838,0.0433928594,0.0021571137,0.3030093908,-0.3531830013,-0.0356269553,1.1554311514
4.5704069138,0.0472101830,0.0471167192,0.3041765690,-0.1530484557,-0.0934583619,1.1309291124
4.5805587769,0.0527120456,0.0458929166,0.2851980925,0.0117862970,-0.1443375349,1.0809572935
4.5907521248,0.0492644273,0.0117035722,0.2605865002,0.1241776049,-0.1809242964,1.0150799751
4.6006798744,0.0483615249,-0.0273888484,0.2315044850,0.2118882835,-0.2050685138,0.9375343323
4.6106767654,0.0598217845,-0.0512716547,0.2339963764,0.2324328870,-0.2361799031,0.8578787446
4.6207561493,0.0739895925,-0.0605469719,0.2470950931,0.2028579563,-0.2708638310,0.7856665850
4.6310348511,0.0841209143,-0.0643446222,0.2543336749,0.1391637623,-0.3078497946,0.7315120101
4.6409130096,0.0928043276,-0.0665846244,0.2589137554,0.0861194655,-0.3426418900,0.6741709709
4.6509590149,0.0952265486,-0.0741786137,0.2523528337,0.0073261419,-0.3638648093,0.6168434024
4.6610250473,0.0902802050,-0.0650104061,0.2392672747,-0.0918241441,-0.3755217493,0.5892559886
4.6713132858,0.0856930241,-0.0554706827,0.2308261842,-0.1674980074,-0.3869663477,0.5627241731
4.6811571121,0.0821437687,-0.0396835580,0.2225211710,-0.2336051166,-0.3940279782,0.5446868539
4.6912870407,0.0816742927,-0.0125785852,0.2022503465,-0.2475137860,-0.3910287321,0.5351359844
4.7015089989,0.0792144388,-0.0049757147,0.1722527593,-0.2465239018,-0.3836269975,0.5298303962
4.7115788460,0.0866569057,-0.0058433795,0.1680326909,-0.2303925753,-0.3962962627,0.5181410909
4.7214298248,0.1078668311,0.0168066248,0.1539767832,-0.1565822661,-0.4137247801,0.5128046274
4.7316837311,0.1321261674,0.0586726889,0.1386084408,-0.0348581672,-0.4201450050,0.5042765141
4.7416248322,0.1544964015,0.0811706409,0.1232324764,0.1112686768,-0.4125781655,0.4925634265
4.7518558502,0.1740685105,0.0864104852,0.1130799577,0.2317774892,-0.4052681327,0.4755461216
4.7616891861,0.1867108196,0.0785328969,0.1031207368,0.2775622904,-0.3953944445,0.4638596475
4.7717361450,0.1875800639,0.0610417351,0.1058559343,0.2560651898,-0.3807818294,0.4553776085
4.7818980217,0.1815049797,0.0452010259,0.1082903072,0.1960908026,-0.3601114452,0.4511559904
4.7920999527,0.1724293232,0.0338416919,0.1252219528,0.0967076868,-0.3472344279,0.4437558055
4.8020277023,0.1623477191,0.0263871774,0.1284007281,0.0102340477,-0.3448618352,0.4352845550
4.8120269775,0.1493922621,0.0251994357,0.1184686348,-0.0283377133,-0.3304336965,0.4214984775
4.8221549988,0.1403133869,0.0365669355,0.1094144508,-0.0114069330,-0.3165538311,0.4119449258
4.8323888779,0.1341588497,0.0474723205,0.1040072963,0.0215738397,-0.3067498505,0.4066318572
4.8422980309,0.1293988973,0.0562596545,0.0816738531,0.1270454079,-0.2912984788,0.3567082584
4.8522939682,0.1307157129,-0.0187114850,0.0622064993,0.2154782414,-0.2803372145,0.2919215858
4.8624329567,0.1273860186,-0.0238631740,0.0724046752,0.3220803142,-0.2712494433,0.2409327030
4.8726358414,0.1331084818,0.0057031130,0.0423548147,0.4542091191,-0.2522792220,0.2069321275
4.8825640678,0.1377985924,0.0148492670,0.0238467380,0.5541650057,-0.2176240534,0.1803790778
4.8925919533,0.1315771192,0.0206439123,0.0183805749,0.5911135674,-0.1792733371,0.1538424045
4.9026279449,0.1331819147,0.0041186428,0.0071417014,0.5618089437,-0.1331455261,0.1071537361
4.9129409790,0.1298466921,-0.0237157121,-0.0114359343,0.4459641874,-0.0771711394,0.0594316833
4.9227581024,0.1263559908,-0.0448687449,-0.0192979649,0.2606419921,-0.0100331130,0.0265965071
4.9328341484,0.1194988266,-0.0527407899,-0.0185496882,0.0357732028,0.0631825775,0.0022676648
4.9429321289,0.1073665917,-0.0641953722,-0.0152938450,-0.1635175347,0.1397484541,-0.0305592604
4.9531831741,0.0937877968,-0.0808810964,-0.0111939991,-0.3159380555,0.2252331972,-0.0602081642
4.9630212784,0.0806628242,-0.0702478662,-0.0039976914,-0.4032031894,0.3060784936,-0.0750108063
4.9730410576,0.0739644468,-0.0561113730,0.0057496349,-0.4380763471,0.3767150044,-0.0983261243
4.9833002090,0.0660287142,-0.0593446866,0.0136794960,-0.4099062383,0.4381863475,-0.1471453309
4.9934668541,0.0640274435,-0.0717966333,0.0307979509,-0.3611950874,0.4721033573,-0.2182813436
5.0033330917,0.0722632334,-0.0933917537,0.0464823768,-0.2845817804,0.4891065955,-0.3170396388
5.0133619308,0.0723818913,-0.1192302480,0.0510193035,-0.1994234473,0.5050745010,-0.4232327640
5.0234990120,0.0604462735,-0.1385670751,0.0667796060,-0.1152800694,0.5157284737,-0.5294287205
5.0337219238,0.0502322949,-0.1524962634,0.0956391022,-0.0523580983,0.5145519972,-0.6313773394
5.0436258316,0.0458675958,-0.1614791602,0.1226242706,-0.0245951749,0.5078259110,-0.7237642407
5.0536317825,0.0392935425,-0.1723635048,0.1516134590,-0.0383125842,0.4869578183,-0.8140247464
5.0636858940,0.0334412754,-0.1804646701,0.1804765314,-0.0638192743,0.4712984264,-0.9032171965
5.0739798546,0.0217087697,-0.1938962787,0.2022387832,-0.0902880579,0.4449704289,-0.9998465776
5.0839028358,0.0086952904,-0.2004093975,0.2200624198,-0.0997601226,0.4262124598,-1.0975390673
5.0939159393,0.0014299019,-0.1863960475,0.2369373888,-0.0696094111,0.3940630555,-1.1867551804
5.1038951874,0.0018890551,-0.1689084023,0.2562475204,0.0311326459,0.3465778232,-1.2813045979
5.1142778397,0.0074828560,-0.1526191086,0.2714287639,0.1575331688,0.2951416969,-1.3652447462
5.1241149902,0.0196363386,-0.1194054261,0.2856715918,0.3192565441,0.2346093953,-1.4269003868
5.1341762543,0.0286892112,-0.0943856612,0.2972533703,0.5301268697,0.1692485511,-1.4811376333
5.1442608833,0.0317282528,-0.0772491470,0.3053861856,0.7602429390,0.0997706875,-1.5417532921
5.1546020508,0.0378106609,-0.0554393306,0.3178976178,0.9861773849,0.0218024477,-1.5970634222
5.1644582748,0.0533522405,-0.0315478221,0.3180812001,1.1951025724,-0.0626812801,-1.6523721218
5.1744470596,0.0649262071,-0.0281982794,0.3164435029,1.3775049448,-0.1633612812,-1.7151153088
5.1845808029,0.0736047477,-0.0328346267,0.3233885765,1.5269740820,-0.2792122364,-1.7821043730
5.1948661804,0.0798251405,-0.0197830573,0.3250259161,1.6476718187,-0.3984158039,-1.8363453150
5.2046642303,0.0837612078,0.0190820321,0.3111532927,1.7425980568,-0.5006998181,-1.8650890589
5.2147288322,0.0843962952,0.0668946132,0.2992144227,1.8161578178,-0.5987123847,-1.8609087467
5.2248029709,0.0874723569,0.1039569005,0.2919716239,1.8556402922,-0.7032707334,-1.8386732340
5.2350749969,0.0894079581,0.1159823760,0.2971560359,1.8354433775,-0.8168656826,-1.8206754923
5.2449188232,0.0955480561,0.1136239991,0.3079603910,1.7171894312,-0.9430111051,-1.8058432341
5.2550320625,0.0994833335,0.1085224971,0.3153827786,1.5540634394,-1.0642218590,-1.7878119946
5.2650709152,0.1011810973,0.1089945957,0.3211435080,1.3321446180,-1.1764727831,-1.7814409733
5.2753267288,0.1010469571,0.1246629581,0.3009979129,1.0577521324,-1.2699853182,-1.7601821423
5.2852110863,0.0940021798,0.1568746120,0.2609808445,0.7456585765,-1.3276115656,-1.7176597118
5.2953419685,0.0799921826,0.1799276620,0.2162352651,0.4587271214,-1.3392945528,-1.6602549553
5.3053922653,0.0626148358,0.2007630616,0.1825817674,0.1918959618,-1.3338654041,-1.6092181206
5.3156547546,0.0550153628,0.2318538576,0.1529322714,-0.0227179900,-1.3204681873,-1.5454504490
5.3254871368,0.0541716591,0.2717534602,0.1161496565,-0.1307110339,-1.2953915596,-1.4604665041
5.3355512619,0.0565238968,0.3023180366,0.1022867486,-0.1874150932,-1.2762132883,-1.3723127842
5.3456149101,0.0660411790,0.3325523138,0.1114933416,-0.2055200636,-1.2747014761,-1.2788691521
5.3558807373,0.0745796636,0.3389253318,0.1336383075,-0.2000463307,-1.2836924791,-1.2003009319
5.3657231331,0.0725964680,0.3390052319,0.1512271613,-0.1677437872,-1.3084475994,-1.1344898939
5.3758349419,0.0695020333,0.3413091004,0.1637933701,-0.1140092313,-1.3426342010,-1.0793074369
5.3858900070,0.0684148744,0.3372465372,0.1606915444,-0.0420418344,-1.3862810135,-1.0347520113
5.3961701393,0.0640952662,0.3401594758,0.1258790344,0.0694148093,-1.4295564890,-0.9859579206
5.4060287476,0.0561888292,0.3666640818,0.0673178360,0.1975165904,-1.4290349483,-0.9148496985
5.4161138535,0.0476383045,0.3872236013,0.0460981652,0.2934679985,-1.4149297476,-0.8331096768
5.4261312485,0.0384941772,0.3915385902,0.0337683484,0.3446379900,-1.4043655396,-0.7460498810
5.4364581108,0.0274634454,0.3768277764,0.0064022462,0.3466308713,-1.3858331442,-0.6727759838
5.4462957382,0.0221353862,0.3514644802,0.0114041483,0.2933287621,-1.3879919052,-0.6069319844
5.4563512802,0.0282248352,0.3418909609,0.0276154801,0.2156211287,-1.4041436911,-0.5389655232
5.4664411545,0.0331725553,0.3469855189,0.0373359248,0.1486562043,-1.4276852608,-0.4794995785
5.4767069817,0.0336606577,0.3412457705,0.0111883795,0.1229752451,-1.4179922342,-0.4232136607
5.4865598679,0.0262694452,0.3384428024,-0.0128008211,0.1239523590,-1.4059587717,-0.3690561354
5.4966421127,0.0243321154,0.3403997719,-0.0484361723,0.1770489663,-1.3765139580,-0.3180877864
5.5066528320,0.0217985008,0.3522835672,-0.1197179630,0.2831327915,-1.3093911409,-0.2554350495
5.5170350075,0.0160049293,0.3575203419,-0.1536926776,0.3762271106,-1.2243704796,-0.1970175505
5.5268802643,0.0135359848,0.3536359072,-0.1749310642,0.4267227650,-1.1482040882,-0.1375315785
5.5369110107,0.0199816916,0.3359093070,-0.1830561310,0.3961700201,-1.0780298710,-0.0748431683
5.5470080376,0.0295517538,0.3076955676,-0.1715910584,0.3091088831,-1.0137243271,-0.0227607898
5.5572080612,0.0362154916,0.2606767416,-0.1653762013,0.1996910572,-0.9560976624,0.0112726782
5.5671081543,0.0426736549,0.2314430326,-0.1706223041,0.0945366770,-0.8985243440,0.0315023176
5.5771441460,0.0476141647,0.2159075290,-0.1817518622,-0.0118385786,-0.8261687160,0.0421835221
5.5871930122,0.0519976690,0.2005421072,-0.1812400967,-0.1329631358,-0.7730554342,0.0507351980
5.5975451469,0.0605474189,0.1784577817,-0.1674512774,-0.1846894175,-0.7237127423,0.0390940532
5.6073398590,0.0671808198,0.1685056239,-0.1404776126,-0.2011980861,-0.6775977612,-0.0267102569
5.6174869537,0.0777560547,0.1642939001,-0.1514874846,-0.3147952259,-0.6344667673,-0.0946150050
5.6274929047,0.0802789405,0.1481496841,-0.1974080950,-0.2891503274,-0.5337154269,-0.1370431632
5.6377658844,0.0743982866,0.1270755678,-0.3369558454,-0.0308150109,-0.4385659397,-0.2113879621
5.6476111412,0.0606416538,0.2129990608,-0.4765372276,0.3275662959,-0.3172155619,-0.3069802523
5.6577339172,0.0324193910,0.2949732840,-0.6251010895,0.4884849787,-0.1838132143,-0.2421834916
5.6677370071,0.0064385622,0.3273840845,-0.6011903882,0.3667633235,-0.0652932376,-0.1284808964
5.6780209541,-0.0128595149,0.2477736622,-0.5139975548,0.1555173397,-0.0761035457,-0.2016978413
5.6878738403,0.0117757404,0.2835599184,-0.4831992388,0.0940590426,-0.1105701774,-0.0349970162
5.6979942322,-0.0282387044,0.3364974558,-0.5376096368,0.1444177181,0.0866487548,0.0383540280
5.7080111504,-0.0288427379,0.2720669806,-0.5345922112,0.1245971322,0.0420064516,0.0532019511
5.7183609009,-0.0054518492,0.2546896636,-0.5483922362,0.1528367847,0.1031997055,0.1243654117
5.7281017303,-0.0362919495,0.2265441865,-0.5566114187,0.1400240511,0.2114787698,0.1488441229
5.7382330894,-0.0427321717,0.1776687652,-0.5076078773,0.0256674923,0.3347186744,0.1627375633
5.7482838631,-0.0128726279,0.1275784224,-0.4378331900,-0.1631197333,0.4331863821,0.2201718241
5.7586259842,0.0039154380,0.1546887308,-0.4138895869,-0.2300168425,0.6143056750,0.2595657110
5.7684168816,-0.0087218201,0.1939953119,-0.4276320934,-0.2557312548,0.8381038904,0.2798582017
5.7785539627,-0.0232484844,0.2827357948,-0.3971461058,-0.2454335093,1.0898809433,0.3118356466
5.7885599136,-0.0356017277,0.3177914917,-0.4079082608,-0.2370392084,1.3194625378,0.3597291410
5.7988958359,-0.0346152708,0.3386230767,-0.4185322523,-0.2851806283,1.5476627350,0.4341806173
5.8086829185,-0.0381940529,0.3614197373,-0.4445636868,-0.3469984531,1.7590767145,0.5564087629
5.8188142776,-0.0399787351,0.4142778218,-0.4552828670,-0.3786087632,1.9389827251,0.6881709695
5.8288168907,-0.0466545746,0.4517517090,-0.4061701894,-0.4523634315,2.0632200241,0.8008024096
5.8391461372,-0.0532923266,0.4479986131,-0.3350688219,-0.6110007763,2.1378996372,0.9123682380
5.8489418030,-0.0539059564,0.4228453040,-0.2461594492,-0.8792899847,2.1862165928,1.0335056782
5.8590559959,-0.0496832654,0.3910263777,-0.1530025154,-1.2015254498,2.1874706745,1.1694986820
5.8691000938,-0.0423068330,0.3816075325,-0.0667760447,-1.4786065817,2.1563014984,1.3171435595
5.8794298172,-0.0399169847,0.3988963962,-0.0179549530,-1.6456786394,2.1165151596,1.4605094194
5.8892221451,-0.0474808142,0.4209640324,0.0170298740,-1.6900825500,2.0819416046,1.5879192352
5.8993530273,-0.0566468164,0.4235158861,0.0511442348,-1.6127595901,2.0398395061,1.6993664503
5.9093580246,-0.0595101938,0.4008102715,0.0937399194,-1.4489302635,1.9909539223,1.7938004732
5.9197149277,-0.0554988906,0.3852152526,0.1425948590,-1.2551023960,1.9306788445,1.8914066553
5.9294910431,-0.0502402708,0.3743023574,0.1735365242,-1.0493146181,1.8481975794,1.9847515821
5.9396238327,-0.0461073741,0.3437910378,0.2134829611,-0.8499559760,1.7665418386,2.0504910946
5.9496278763,-0.0447514579,0.3016403019,0.2450424284,-0.6099481583,1.6732987165,2.0748050213
5.9599351883,-0.0395985469,0.2618038356,0.2446070164,-0.3188012242,1.5877978802,2.0789361000
5.9697628021,-0.0315153673,0.2395597845,0.2556497455,-0.0073480085,1.4992986917,2.0841217041
5.9799070358,-0.0219802465,0.2114409357,0.2990088463,0.2486526519,1.4048230648,2.0606496334
5.9900722504,-0.0125546074,0.1689409167,0.3420987725,0.4011942744,1.3029177189,2.0127789974
6.0002040863,0.0042695790,0.1151980981,0.3643279672,0.4855040014,1.1940354109,1.9627993107
6.0099968910,0.0149067277,0.0663832650,0.3967684507,0.5046433210,1.0908195972,1.8926641941
6.0201358795,0.0229684357,0.0229928121,0.4268715382,0.4950874448,0.9744601846,1.7981090546
6.0301647186,0.0345307291,-0.0145130539,0.4426829815,0.4141515791,0.8458334804,1.7078124285
6.0404491425,0.0490285158,-0.0360826030,0.4276145101,0.3149727583,0.7277277708,1.6281434298
6.0503320694,0.0487906560,-0.0511522070,0.3949007988,0.2218750566,0.6426728368,1.5644166470
6.0603699684,0.0426486731,-0.0706484690,0.3769567013,0.0881105512,0.5689413548,1.5017679930
6.0704550743,0.0403668508,-0.0882269517,0.3589345813,-0.0722620785,0.4887011349,1.4529259205
6.0807089806,0.0354809277,-0.1156231537,0.3401342034,-0.1985507756,0.4139969349,1.3934578896
6.0906381607,0.0311131049,-0.1394817680,0.3438491821,-0.2672392726,0.3417983651,1.3159279823
6.1006431580,0.0346443802,-0.1412551850,0.3558775187,-0.3144617677,0.2581200600,1.2394505739
6.1107130051,0.0441206843,-0.1353939623,0.3656845689,-0.3308023810,0.1811424345,1.1725230217
6.1210317612,0.0530803315,-0.1372071952,0.3718143702,-0.2916074693,0.0992621481,1.0928364992
6.1308398247,0.0539906919,-0.1412879080,0.3479323983,-0.2003247142,0.0379830822,1.0110242367
6.1409440041,0.0470070168,-0.1337310523,0.3217304945,-0.0696493834,-0.0133539410,0.9366397858
6.1510138512,0.0447676331,-0.1259360760,0.2915996313,0.0907650590,-0.0506504476,0.8601309061
6.1612482071,0.0485319011,-0.1198209897,0.2577553988,0.2478580028,-0.0763170645,0.7815044522
6.1710939407,0.0564214289,-0.1046222225,0.2353777736,0.3867141306,-0.0914150551,0.7209390998
6.1811618805,0.0677533746,-0.0913090482,0.2273832411,0.4765905738,-0.1175453290,0.6614428163
6.1913018227,0.0796314925,-0.0902767554,0.2235398740,0.4661301970,-0.1412852705,0.6147144437
6.2015080452,0.0805554613,-0.0955898538,0.2097838372,0.3669658005,-0.1518941671,0.5850031376
6.2111921310,0.0666194037,-0.1154975072,0.1998760551,0.2068288326,-0.1481742710,0.5563771129
6.2212600708,0.0518799052,-0.1378229111,0.2073482126,-0.0065936958,-0.1523959190,0.5203279853
6.2314100266,0.0442805290,-0.1443822831,0.2135536522,-0.2124408633,-0.1671761870,0.4821481407
6.2419810295,0.0355001278,-0.1339292377,0.2071881145,-0.3499587774,-0.1845362186,0.4450115860
6.2516527176,0.0277093146,-0.1077510491,0.1912140697,-0.4009417892,-0.2106623650,0.4120957255
6.2617011070,0.0281167123,-0.0592232123,0.1625869721,-0.3442208767,-0.2272627056,0.3940230310
6.2718219757,0.0345098786,-0.0157528296,0.1335908622,-0.2172155529,-0.2283308953,0.3854958713
6.2820639610,0.0393549427,-0.0032300733,0.1193348691,-0.0891743004,-0.2261998951,0.3780319095
6.2919740677,0.0437356085,-0.0013832235,0.1221601889,0.0261160750,-0.2294649333,0.3737538159
6.3019809723,0.0550943837,-0.0055324817,0.1198238060,0.1157911792,-0.2330304533,0.3578028679
6.3121089935,0.0675031170,-0.0022793196,0.1159920618,0.1808620691,-0.2303744853,0.3524786830
6.3223409653,0.0744805485,-0.0063236738,0.1078619286,0.2138914615,-0.2258809805,0.3460996449
6.3322420120,0.0732120052,-0.0055790925,0.1052594110,0.1840028018,-0.2250601947,0.3492930532
6.3422389030,0.0660294965,-0.0002600335,0.0975406095,0.1454751939,-0.2136913687,0.3546187878
6.3523478508,0.0577269942,-0.0050352598,0.0866410658,0.0887586549,-0.1982564777,0.3567644954
6.3625907898,0.0496991277,-0.0033648394,0.0805171058,0.0362272970,-0.1743040830,0.3578524590
6.3725218773,0.0528139323,0.0076690530,0.0768352076,0.0169460122,-0.1670240611,0.3610464036
6.3825092316,0.0646670833,0.0206498131,0.0722086355,0.0392159745,-0.1530490667,0.3589240611
6.3926467896,0.0666975453,0.0456367359,0.0619342849,0.1116321236,-0.1387537420,0.3387386203
6.4028959274,0.0703008994,0.0110866046,0.0273063108,0.1936585903,-0.1266832352,0.2898808122
6.4127807617,0.0716001019,-0.0153043652,0.0296481773,0.2212979496,-0.1182228997,0.2484678626
6.4227867126,0.0809891298,-0.0133631611,0.0291622803,0.2384092510,-0.1236220598,0.2112987787
6.4329137802,0.0895678699,-0.0191964284,0.0248042867,0.2501002550,-0.1217368022,0.1592686027
6.4431128502,0.0866815150,-0.0269897357,0.0116550839,0.2488865852,-0.1103918776,0.1104300916
6.4530410767,0.0819846839,-0.0368991271,0.0022681276,0.2144998610,-0.0898024440,0.0594827533
6.4630551338,0.0812159106,-0.0462768450,-0.0015987238,0.1544761211,-0.0661776066,0.0202232953
6.4731030464,0.0804575756,-0.0562726036,-0.0127136791,0.0815198943,-0.0299186707,-0.0169030335
6.4834790230,0.0717206374,-0.0775279775,-0.0233002976,-0.0107829273,0.0199085400,-0.0625104681
6.4933309555,0.0519516170,-0.0897099748,-0.0344182327,-0.0808919743,0.0911739320,-0.1049290299
6.5033121109,0.0366975255,-0.0974936858,-0.0390901640,-0.1327774823,0.1541321278,-0.1441725791
6.5133919716,0.0259598363,-0.1027142182,-0.0207033828,-0.1930762529,0.2053708136,-0.1791710407
6.5236692429,0.0191129763,-0.1150642410,-0.0015657624,-0.2211149931,0.2313288450,-0.2290562391
6.5335578918,0.0203288291,-0.1245801821,0.0146318590,-0.2201980650,0.2425799072,-0.2948823869
6.5435647964,0.0297438595,-0.1057718173,0.0328461453,-0.1840067506,0.2488029748,-0.3649643362
6.5537242889,0.0406875387,-0.1088421121,0.0408131406,-0.1018639430,0.2467824370,-0.4594863057
6.5638980865,0.0445131771,-0.1375661343,0.0356676504,-0.0250892676,0.2467416823,-0.5688724518
6.5738277435,0.0480084121,-0.1559809297,0.0416741893,0.0473572351,0.2530352473,-0.6771911979
6.5838747025,0.0521484911,-0.1534231156,0.0607399866,0.1188359484,0.2498404086,-0.7748970985
6.5939970016,0.0481783077,-0.1445533484,0.0840119645,0.2212771028,0.2458957434,-0.8662398458
6.6042280197,0.0310638864,-0.1320719570,0.1048524901,0.2917508781,0.2374900728,-0.9480208158
6.6140670776,0.0203179587,-0.1094028130,0.1231169626,0.3398489058,0.2269186527,-1.0064371824
6.6241269112,0.0139289452,-0.0970819369,0.1290203780,0.3773637712,0.2077791691,-1.0627310276
6.6342029572,0.0079717254,-0.0970434919,0.1371270865,0.4169316888,0.1960237175,-1.1285784245
6.6445169449,0.0064452826,-0.0926875845,0.1484248489,0.4683629274,0.1716184467,-1.1976211071
6.6543660164,0.0123293912,-0.0779824033,0.1630367488,0.5561870933,0.1369542032,-1.2613686323
6.6644601822,0.0208073780,-0.0642377511,0.1870344728,0.6783224344,0.0866719931,-1.3251315355
6.6744937897,0.0330089182,-0.0472414866,0.2011509389,0.8560053706,0.0304611847,-1.3963452578
6.6847829819,0.0466218963,-0.0310039893,0.2139983624,1.0999642611,-0.0368629955,-1.4707672596
6.6946201324,0.0644463226,-0.0077358270,0.2219233364,1.4016284943,-0.1110560000,-1.5367124081
6.7047309875,0.0772500336,0.0215488896,0.2334225625,1.7653245926,-0.1984799802,-1.5994952917
6.7147722244,0.0811452195,0.0515136942,0.2407972068,2.1686093807,-0.2950118482,-1.6474268436
6.7250642776,0.0825095549,0.0827683136,0.2396908253,2.5953888893,-0.3923239410,-1.6836845875
6.7349181175,0.0849863514,0.1092386171,0.2374917716,3.0031163692,-0.5045466423,-1.7029565573
6.7451081276,0.0919975489,0.1319321841,0.2332354635,3.3456723690,-0.6087390780,-1.7052191496
6.7549061775,0.1014124528,0.1521994621,0.2408058494,3.5943381786,-0.7147296667,-1.6947172880
6.7651648521,0.1079399958,0.1565151364,0.2542523146,3.7021932602,-0.8261049390,-1.6703786850
6.7750210762,0.1181933060,0.1549247056,0.2754046917,3.6681528091,-0.9418818355,-1.6428210735
6.7850890160,0.1259866357,0.1482667774,0.2810350657,3.5443184376,-1.0424712896,-1.6067386866
6.7951540947,0.1311840415,0.1367601603,0.2846322656,3.3478744030,-1.1394783258,-1.5748832226
6.8054461479,0.1325821429,0.1441573501,0.2956947088,3.0883812904,-1.2285887003,-1.5493787527
6.8152809143,0.1345626116,0.1673340052,0.2951354980,2.7754578590,-1.3095318079,-1.5015587807
6.8253479004,0.1259681284,0.1933422089,0.2868332267,2.4282052517,-1.3715438843,-1.4335460663
6.8354010582,0.1115508154,0.2119676918,0.2836996913,2.0254292488,-1.4296576977,-1.3442816734
6.8457241058,0.0951043442,0.2210209221,0.2800448537,1.5649191141,-1.4765070677,-1.2401317358
6.8555402756,0.0769493952,0.2317412645,0.2664068341,1.0830595493,-1.5224263668,-1.1274815798
6.8656482697,0.0628069416,0.2473833263,0.2322252840,0.6181207895,-1.5521913767,-1.0010244846
6.8757162094,0.0583820120,0.2711719275,0.2001292557,0.1989991665,-1.5740662813,-0.8650186658
6.8859791756,0.0626564696,0.2982245386,0.1702358574,-0.1474990100,-1.6016715765,-0.7290360332
6.8958501816,0.0729159489,0.3275140226,0.1358590573,-0.4098635316,-1.6116216183,-0.6015585065
6.9059171677,0.0731198862,0.3408980072,0.1068486497,-0.5818415284,-1.5901917219,-0.5016938448
6.9159941673,0.0650676265,0.3373430073,0.0853307769,-0.6760088205,-1.5608053207,-0.4252057076
6.9262590408,0.0612860695,0.3321636021,0.0703638718,-0.7125202417,-1.5341408253,-0.3551036417
6.9361162186,0.0612218454,0.3323790729,0.0639709756,-0.7360998988,-1.5200889111,-0.2839501202
6.9461832047,0.0628853515,0.3234088719,0.0690185353,-0.7839735150,-1.5317418575,-0.2170517147
6.9562597275,0.0674559250,0.3078740835,0.0620074794,-0.8457918763,-1.5361042023,-0.1522684544
6.9664578438,0.0678160265,0.2857475579,0.0438201353,-0.9055492878,-1.5342491865,-0.1129645854
6.9763622284,0.0564249530,0.2698785067,0.0058515589,-0.9451795220,-1.5185058117,-0.0864016861
6.9864411354,0.0407334641,0.2741705477,-0.0450323299,-0.9488154054,-1.4737842083,-0.0577103831
6.9965677261,0.0233759973,0.2717951238,-0.0881014541,-0.9121141434,-1.4075164795,-0.0332652293
7.0067930222,0.0129700685,0.2551542521,-0.1116784886,-0.8945042491,-1.3531230688,-0.0141292848
7.0166201591,0.0129035795,0.2510698736,-0.1127926782,-0.9352809787,-1.3288249969,0.0241179690
7.0268268585,0.0242208634,0.2454417050,-0.0975887850,-1.0121911764,-1.3196620941,0.0676747635
7.0368947983,0.0255113337,0.2176184505,-0.1002138332,-1.0816605091,-1.3084515333,0.0899957791
7.0472202301,0.0166590903,0.1872798949,-0.1082437709,-1.1553769112,-1.3005856276,0.0932035670
7.0570402145,0.0098186815,0.1905234605,-0.1311779171,-1.1799511909,-1.2975962162,0.0963966921
7.0671262741,-0.0021775276,0.2065588981,-0.1834640056,-1.1120580435,-1.2566821575,0.0964004844
7.0771722794,-0.0166907813,0.2196118385,-0.2247966677,-1.0133589506,-1.2017110586,0.0953410789
7.0875082016,-0.0154187595,0.2257806212,-0.2240703255,-0.9563472271,-1.1396000385,0.1059753448
7.0973200798,-0.0117145097,0.2098730952,-0.2403185517,-0.9090551138,-1.0658882856,0.1187417433
7.1073441505,-0.0057811649,0.1757966429,-0.2319063097,-0.9255924225,-1.0141211748,0.1060294807
7.1175622940,0.0036861389,0.1445558220,-0.2254339010,-0.9526482821,-0.9772814512,0.0964985564
7.1277890205,0.0166158769,0.1377027482,-0.2298959643,-0.9594554305,-0.9370763302,0.0880276486
7.1375637054,0.0224613640,0.1367909461,-0.2379344851,-0.9182901978,-0.8922199011,0.0774216056
7.1476569176,0.0229773615,0.1461595148,-0.2592927814,-0.8303114176,-0.8331667781,0.0657485723
7.1577019691,0.0219825599,0.1486407965,-0.2664496303,-0.7413591146,-0.7645419240,0.0562040657
7.1680412292,0.0212664101,0.1345319897,-0.2596096396,-0.6789656878,-0.7078148127,0.0477227643
7.1778130531,0.0281103346,0.1285079271,-0.2433959991,-0.6367561817,-0.6608478427,0.0339321196
7.1879062653,0.0346085504,0.1209846959,-0.2180882841,-0.6116054058,-0.6161996722,0.0127112512
7.1979398727,0.0368797854,0.1177981719,-0.1963248402,-0.5459680557,-0.5648667216,-0.0138247525
7.2083249092,0.0280014370,0.1170186326,-0.1712613255,-0.3597169518,-0.5180682540,-0.0839285403
7.2181029320,0.0309136603,0.0969269499,-0.1491291672,-0.3409528434,-0.4768952131,-0.1412498802
7.2281932831,0.0336081460,0.1391035467,-0.2579755783,-0.2293601632,-0.3241838515,-0.1412018090
7.2382440567,0.0030468791,0.1022423431,-0.4597793221,-0.0912536904,-0.1553796679,-0.1496469527
7.2485470772,-0.0341094658,0.1433874220,-0.6154749393,-0.0369803645,0.0744630620,-0.1229998395
7.2586002350,-0.0165877249,0.1352321655,-0.4292722940,-0.4147420228,0.1796720326,-0.0803794116
7.2684431076,0.0353757814,0.0966662392,-0.2742167711,-0.6512450576,0.0287345219,-0.1292375624
7.2786502838,0.0539190248,0.1700543314,-0.2821481228,-0.6753770113,0.1003783494,-0.0123977643
7.2887907028,0.0237087701,0.1756641120,-0.3091969490,-0.5890052915,0.1050796956,-0.0580747724
7.2986798286,0.0518188551,0.1726360470,-0.2715259194,-0.4023933411,0.0144565841,-0.0486112311
7.3087191582,0.0481284931,0.2125703245,-0.2979703546,-0.1651052535,-0.0204643812,-0.0263906121
7.3188538551,0.0142589295,0.2179149240,-0.3345947862,0.0089618824,-0.0305122230,-0.0105128456
7.3290619850,-0.0052494318,0.1872863322,-0.3649771810,0.0375995710,-0.0121190343,0.0054154545
7.3389811516,-0.0072064907,0.1296250969,-0.3854070902,-0.1024510115,0.0133096268,0.0245760996
7.3489899635,-0.0028694780,0.0985850915,-0.4032505751,-0.3018325865,0.1054699793,0.1053699479
7.3591289520,-0.0142374551,0.1087881848,-0.4171919227,-0.4140965343,0.2341645807,0.1394402981
7.3693208694,-0.0211366322,0.1373081654,-0.4275925159,-0.3860395551,0.4182280302,0.1777502745
7.3792409897,-0.0391374752,0.2201181799,-0.4705190063,-0.2773639560,0.6507108212,0.2107545584
7.3892431259,-0.0600011870,0.2898593247,-0.5115702748,-0.1710783541,0.9087173343,0.2554498613
7.3993339539,-0.0644524619,0.2850253880,-0.5379010439,-0.1320057958,1.1662660837,0.3203383088
7.4096159935,-0.0536981747,0.2840512991,-0.5386083722,-0.1802987903,1.4103784561,0.3948006928
7.4194359779,-0.0409288332,0.2936457098,-0.5225886703,-0.2400745153,1.6278101206,0.4607560039
7.4295492172,-0.0320032761,0.2966242731,-0.4728516340,-0.3505678177,1.7938258648,0.5203264356
7.4395718575,-0.0266240146,0.3070071638,-0.3959026337,-0.5289596915,1.9211862087,0.6011320949
7.4499301910,-0.0326656029,0.3177313507,-0.3235729337,-0.7507752180,2.0164306164,0.6967984438
7.4597091675,-0.0387465879,0.3200654685,-0.2374195009,-0.9999898672,2.0775713921,0.8062575459
7.4698309898,-0.0360084102,0.3199446797,-0.1613540202,-1.2423143387,2.0911478996,0.9348030090
7.4798679352,-0.0301326420,0.3293078840,-0.0965183452,-1.4107447863,2.0799651146,1.0728740692
7.4901299477,-0.0281576123,0.3423835337,-0.0371276215,-1.5214186907,2.0553956032,1.1960588694
7.4999780655,-0.0293707754,0.3424756825,0.0299646780,-1.5881609917,2.0119581223,1.2958632708
7.5101232529,-0.0259513762,0.3100706637,0.0872588083,-1.5971062183,1.9508764744,1.3786550760
7.5201201439,-0.0236248281,0.2863637507,0.1289622635,-1.5772038698,1.8868976831,1.4667474031
7.5305361748,-0.0247008111,0.2844752967,0.1499918550,-1.5508654118,1.8198198080,1.5590834618
7.5402560234,-0.0296414401,0.2592230141,0.1647459120,-1.5129060745,1.7645014524,1.6492991447
7.5503940582,-0.0329059884,0.2198664099,0.1750722975,-1.4482804537,1.7104277611,1.7320768833
7.5603899956,-0.0285913851,0.1959149390,0.1937821954,-1.3483743668,1.6491454840,1.8010377884
7.5707411766,-0.0266277101,0.1951357871,0.1985609978,-1.1321973801,1.5918681622,1.8402410746
7.5805230141,-0.0203974601,0.1885651499,0.2055277079,-0.8648186922,1.5359817743,1.8613812923
7.5905847549,-0.0022912235,0.1824624687,0.2484880537,-0.6356655359,1.4595406055,1.8729624748
7.6006631851,0.0173774157,0.1511697918,0.2970579863,-0.4563146532,1.3463773727,1.8526861668
7.6109671593,0.0357613787,0.0935725793,0.3202646375,-0.3462098837,1.2208089828,1.8133124113
7.6208562851,0.0506077781,0.0568779930,0.3669742942,-0.3706060648,1.0972388983,1.7718467712
7.6308498383,0.0579402670,0.0290888175,0.4051750302,-0.3938184679,0.9608077407,1.7091380358
7.6409702301,0.0608575270,-0.0169995204,0.3961817622,-0.4065406621,0.8413002491,1.6241377592
7.6512131691,0.0598790944,-0.0459990278,0.3929985762,-0.4363170862,0.7195719481,1.5465713739
7.6610527039,0.0645905510,-0.0517408028,0.3636972904,-0.3914009929,0.6007409096,1.4881016016
7.6711201668,0.0616725013,-0.0625941530,0.3131887317,-0.3093599379,0.5045316815,1.4317567348
7.6812162399,0.0547096729,-0.0493056551,0.2814511061,-0.2606403530,0.4336700141,1.4019786119
7.6914749146,0.0479255542,-0.0361904278,0.2735720873,-0.2673858404,0.3602499366,1.3796460629
7.7013888359,0.0461407304,-0.0641012564,0.2681448460,-0.2645580769,0.2889182270,1.3392614126
7.7114038467,0.0422301739,-0.0947974697,0.2674477100,-0.2863665819,0.2257559896,1.2829604149
7.7215461731,0.0421001315,-0.0894430652,0.2714300752,-0.2792964280,0.1565212458,1.2330194712
7.7317581177,0.0403939709,-0.0872210041,0.2527322769,-0.2041372657,0.1091437414,1.1894438267
7.7416400909,0.0337943882,-0.1011277214,0.2477789968,-0.1258959919,0.0722736120,1.1256974936
7.7517728806,0.0327599943,-0.1009200588,0.2529127598,-0.0956487134,0.0329383239,1.0736418962
7.7618370056,0.0363449156,-0.1004202738,0.2359120697,-0.0408485793,-0.0072714156,1.0173325539
7.7724051476,0.0382689610,-0.1010108963,0.1954060644,0.0115433102,-0.0210146569,0.9546647668
7.7820081711,0.0351429135,-0.0783065930,0.1692835540,0.0489418134,-0.0284478068,0.9036852121
7.7917790413,0.0362498909,-0.0572014228,0.1521824449,0.0821020603,-0.0379438400,0.8675714135
7.8018941879,0.0376332328,-0.0484347716,0.1198114082,0.1331708282,-0.0238972642,0.8378350735
7.8120470047,0.0269328188,-0.0465141907,0.1048018858,0.1810421199,-0.0098729245,0.8091625571
7.8223090172,0.0215472076,-0.0397940651,0.0974097773,0.2277283967,0.0158489514,0.7858039737
7.8321928978,0.0220093671,-0.0336687341,0.0981158540,0.2702093124,0.0351677872,0.7624429464
7.8420982361,0.0293417890,-0.0358556882,0.1089036390,0.3180309236,0.0533888713,0.7263387442
7.8524522781,0.0424145311,-0.0538795367,0.1223607585,0.3200720251,0.0593784526,0.6658191085
7.8622860909,0.0523813516,-0.0744390264,0.1390810460,0.2859675884,0.0512515493,0.6042393446
7.8724870682,0.0599328354,-0.0856526867,0.1321316808,0.2486443222,0.0452742167,0.5511557460
7.8826279640,0.0551390350,-0.0825716034,0.1277524680,0.2080263197,0.0488455147,0.5023251176
7.8928208351,0.0443698838,-0.0822489038,0.1352699846,0.1557579339,0.0438750610,0.4609253705
7.9027490616,0.0303621460,-0.0818935409,0.1331147403,0.1003045216,0.0378776230,0.4290824831
7.9127359390,0.0136461789,-0.0887709036,0.1306090206,0.0426881798,0.0351145230,0.4078590572
7.9228711128,0.0048592775,-0.0911927596,0.1316531152,-0.0042612199,0.0335603021,0.3951286077
7.9330968857,0.0007271184,-0.0942970291,0.1398500055,-0.0254802741,0.0205508955,0.3813250363
7.9430460930,-0.0019501806,-0.0727397576,0.1483548731,-0.0285261311,0.0057519749,0.3940600157
7.9530611038,-0.0036178888,-0.0315948501,0.1559743732,0.0090365838,-0.0139353098,0.4163382649
7.9631280899,-0.0051919431,-0.0064508105,0.1358986944,0.1244169697,-0.0256260540,0.4216121137
7.9733572006,-0.0050723911,0.0018663026,0.1096117422,0.3058616817,-0.0283673797,0.4088219106
7.9832310677,0.0004505454,0.0062430119,0.0908872411,0.5011441112,-0.0278888084,0.3832893670
7.9933147430,0.0119781280,0.0120287752,0.0762658641,0.6697438359,-0.0265346598,0.3651975095
8.0034818649,0.0314605609,0.0044195866,0.0733426735,0.7872573733,-0.0394200981,0.3471106589
8.0136585236,0.0498880595,-0.0156807080,0.0821438357,0.8076668382,-0.0542837307,0.3184292018
8.0235195160,0.0621685162,-0.0414138809,0.0891693756,0.7277722359,-0.0711540580,0.2791545093
8.0335044861,0.0630935356,-0.0680630580,0.0817954466,0.5912238955,-0.0789408684,0.2441451401
8.0436973572,0.0573881790,-0.0832872763,0.0646100566,0.4256458879,-0.0646436885,0.2176493555
8.0539026260,0.0435255691,-0.0974834934,0.0623737499,0.2130957842,-0.0486214533,0.1932906210
8.0638217926,0.0359346345,-0.1129680052,0.0562926456,0.0101314895,-0.0315298177,0.1572495252
8.0738201141,0.0314071402,-0.1445677727,0.0412936136,-0.1586820930,-0.0152905267,0.1073955446
8.0839586258,0.0290096644,-0.1550042480,0.0263023302,-0.2763357460,0.0077687204,0.0585941859
8.0941629410,0.0272746030,-0.1344911307,0.0054479162,-0.3247865438,0.0485343933,0.0288966112
8.1041250229,0.0237389747,-0.1059564129,-0.0123249376,-0.3145642579,0.0919694826,0.0044943336
8.1140909195,0.0249281619,-0.0869538561,-0.0309197977,-0.2755499184,0.1377423704,-0.0252218153
8.1242208481,0.0308291856,-0.0782477632,-0.0394706801,-0.2140442282,0.1752242297,-0.0549490862
8.1344623566,0.0381952003,-0.0752680078,-0.0314856842,-0.1612029672,0.2253563106,-0.0857293084
8.1443586349,0.0379307196,-0.0803559795,-0.0248853043,-0.1210116223,0.2594202757,-0.1228854582
8.1544790268,0.0317864493,-0.1057088152,-0.0103601301,-0.1203810349,0.2993748784,-0.1802038699
8.1644392014,0.0228041206,-0.1410263628,0.0137177026,-0.1645567566,0.3366695344,-0.2598089576
8.1747426987,0.0158663038,-0.1733515710,0.0215024278,-0.2182395160,0.3631028533,-0.3648990393
8.1846094131,0.0185894463,-0.1999873370,0.0118142879,-0.2335809320,0.3961350918,-0.4859237075
8.1947183609,0.0287187640,-0.2063686103,0.0117980158,-0.2253929824,0.4240676463,-0.6069571972
8.2047338486,0.0374774411,-0.2019786686,0.0245048925,-0.1946800798,0.4404900372,-0.7333108783
8.2149829865,0.0428567603,-0.2123780102,0.0556232259,-0.1680001915,0.4323758781,-0.8745416999
8.2248401642,0.0446944609,-0.2253877968,0.0978675410,-0.1656518131,0.4027918875,-1.0210852623
8.2349205017,0.0390473232,-0.2346786708,0.1236100122,-0.1589873880,0.3678781688,-1.1771892309
8.2449760437,0.0366704687,-0.2313509434,0.1358666867,-0.1202479824,0.3280287385,-1.3195000887
8.2553195953,0.0303539876,-0.2114495486,0.1433296055,-0.0432000160,0.3002894223,-1.4458872080
8.2651309967,0.0184314270,-0.1885908097,0.1537058204,0.0764755160,0.2793862522,-1.5574169159
8.2751855850,0.0053984835,-0.1762842387,0.1641190499,0.2345633954,0.2599698603,-1.6551524401
8.2852582932,-0.0029716552,-0.1676691622,0.1920603365,0.3500455022,0.2328088284,-1.7443864346
8.2955131531,-0.0108238375,-0.1546475738,0.2242668718,0.4272684455,0.1905761510,-1.8155678511
8.3053913116,-0.0098751588,-0.1387393922,0.2514146566,0.4736956060,0.1344321966,-1.8633886576
8.3154516220,-0.0111257089,-0.1233678833,0.2758840322,0.4936475754,0.0579314902,-1.9059047699
8.3255071640,-0.0135505041,-0.1097019091,0.2936097383,0.4922313094,-0.0155179612,-1.9399186373
8.3358612061,-0.0154506313,-0.0854415670,0.3100377321,0.4855566919,-0.0952781066,-1.9580053091
8.3456697464,-0.0164058097,-0.0615435615,0.3248006701,0.4982112348,-0.1876213551,-1.9792906046
8.3557109833,-0.0155469114,-0.0469534770,0.3367531300,0.5152469277,-0.2916251719,-2.0048308372
8.3665246964,-0.0059449919,-0.0183862224,0.3476970792,0.5110228658,-0.4031671584,-2.0186889172
8.3788537979,0.0102212066,0.0198011026,0.3445712924,0.5015642643,-0.5230573416,-2.0038807392
8.3862667084,0.0193918664,0.0535307154,0.3267675042,0.4523786306,-0.6176477075,-1.9614435434
8.3964614868,0.0151356021,0.0841421112,0.3044538498,0.3784554601,-0.6921685934,-1.8998779058
8.4065628052,0.0128752375,0.1008364782,0.2825012207,0.2926465571,-0.7519243360,-1.8361780643
8.4168157578,0.0162827764,0.1205277070,0.2643376589,0.1874905378,-0.7980262041,-1.7682201862
8.4261474609,0.0176815558,0.1430589110,0.2496315688,0.1195964366,-0.8341775537,-1.6885859966
8.4362583160,0.0227116439,0.1653608829,0.2431540340,0.0676772892,-0.8669989705,-1.6078926325
8.4461956024,0.0264937077,0.1894501001,0.2469292134,0.0319067724,-0.9134392142,-1.5219010115
8.4564657211,0.0300067160,0.2052702457,0.2655874491,0.0048687365,-0.9800965786,-1.4560948610
8.4663295746,0.0378351733,0.2020549327,0.2501673102,0.0227273628,-1.0549117327,-1.3998614550
8.4763774872,0.0458335802,0.2176052481,0.2209254354,0.0616827756,-1.1051796675,-1.3499910831
8.4864444733,0.0459007844,0.2473758608,0.1587431878,0.1780062020,-1.1016815901,-1.2948052883
8.4967327118,0.0462955013,0.2662177384,0.1173494980,0.3091355264,-1.0853474140,-1.2438653708
8.5065507889,0.0530450419,0.2817825973,0.1051285788,0.4327919483,-1.0679702759,-1.1854891777
8.5166606903,0.0641868189,0.2827928960,0.1100137159,0.5321030617,-1.0710151196,-1.1345494986
8.5268497467,0.0701063350,0.2766095698,0.1296592802,0.5622410178,-1.0937845707,-1.0867875814
8.5371561050,0.0719478503,0.2642308772,0.1341832131,0.5636990070,-1.1295108795,-1.0347768068
8.5469856262,0.0719036236,0.2540811598,0.1132814810,0.5438326597,-1.1675517559,-0.9838243723
8.5571289062,0.0599880293,0.2544377744,0.0822076127,0.5365499258,-1.1831293106,-0.9222472310
8.5671148300,0.0476986840,0.2662673295,0.0478721783,0.5195312500,-1.1849572659,-0.8542886972
8.5774450302,0.0377497151,0.2724973857,0.0149747049,0.5012382269,-1.1654983759,-0.7746393681
8.5872488022,0.0311007593,0.2720424235,0.0258383080,0.4362446070,-1.1719483137,-0.7003001571
8.5973854065,0.0299368296,0.2592011988,0.0381322429,0.3606203794,-1.1827774048,-0.6323307753
8.6073932648,0.0324265435,0.2503829896,0.0468378589,0.2679703832,-1.1991087198,-0.5717928410
8.6177415848,0.0278317127,0.2470894009,0.0302686617,0.2179254591,-1.2077306509,-0.5250648260
8.6275177002,0.0211013649,0.2517168820,0.0010169665,0.2329131961,-1.2093759775,-0.4719794691
8.6375751495,0.0159819517,0.2564951479,-0.0184359029,0.2852303982,-1.2097160816,-0.4316456318
8.6476974487,0.0125838602,0.2528951466,-0.0309014395,0.3503742516,-1.2121088505,-0.3976857960
8.6579313278,0.0157772992,0.2530908585,-0.0502804592,0.4282974601,-1.2111591101,-0.3562942147
8.6677455902,0.0206419919,0.2561107576,-0.0846203640,0.5166800618,-1.1888538599,-0.3085245490
8.6778163910,0.0191147421,0.2557108700,-0.1000923589,0.5921884775,-1.1603282690,-0.2660582662
8.6878862381,0.0239762459,0.2410566658,-0.1045374945,0.6315097809,-1.1417039633,-0.2288959920
8.6983547211,0.0303911362,0.2190291733,-0.0956567600,0.5983758569,-1.1343318224,-0.1927814633
8.7082786560,0.0366021767,0.1939442903,-0.0917283967,0.5278782845,-1.1262235641,-0.1566583365
8.7181310654,0.0395684913,0.1651393920,-0.0892452076,0.4231033623,-1.1057165861,-0.1258288473
8.7282247543,0.0402452424,0.1499685496,-0.0872936919,0.3107208908,-1.0726531744,-0.1119804159
8.7384796143,0.0386096910,0.1413613707,-0.0937702730,0.2388286144,-1.0339777470,-0.1055733860
8.7483558655,0.0415311530,0.1376241893,-0.0933370069,0.1883646399,-1.0036467314,-0.1055454239
8.7583990097,0.0452952459,0.1336497813,-0.0998400524,0.1658354849,-0.9922132492,-0.1119044498
8.7685356140,0.0489816144,0.1353027374,-0.1404992491,0.1590998173,-0.9594126940,-0.1171953529
8.7787389755,0.0503168777,0.1395837218,-0.1598315388,0.1745556146,-0.9052513838,-0.1309759468
8.7884807587,0.0522584394,0.1271032244,-0.1590571553,0.1954513043,-0.8616953492,-0.1511336714
8.7984905243,0.0559237078,0.1235954091,-0.1609640867,0.2089234442,-0.8224001527,-0.1638590544
8.8086280823,0.0622241572,0.1212396845,-0.1548420340,0.2245319635,-0.7830586433,-0.1723377705
8.8206806183,0.0662483051,0.1079561934,-0.1311969310,0.2209198028,-0.7428659201,-0.1871814281
8.8291568756,0.0602430180,0.1012454852,-0.1099246815,0.3759472072,-0.6663953662,-0.2211601585
8.8389225006,0.0615602806,0.0466780290,-0.0689871982,0.7004466653,-0.5742602348,-0.3581688106
8.8489742279,0.0629273728,0.3176672459,-0.4830281138,1.1247444153,-0.4147413671,-0.2212247998
8.8592739105,-0.0030476958,0.4794738591,-0.8299182653,1.4565608501,0.0309157856,-0.0150978109
8.8691577911,-0.0265275147,0.1540877968,-0.5956047177,0.9785236716,0.1213048026,-0.1582741439
8.8791923523,0.0149331177,-0.0314998105,-0.4379000664,0.2581439316,0.1213165224,-0.1676471382
8.8892726898,0.0417578295,0.0189588889,-0.3408554792,-0.2786777020,0.1254968792,-0.1091097966
8.8996152878,0.0529884174,0.0731245503,-0.2447256595,-0.4893204868,0.0600232705,-0.1037775427
8.9093637466,0.0755404904,0.1560625583,-0.2007690817,-0.3990222514,-0.0025908428,-0.0634833872
8.9195508957,0.0868551806,0.1920820624,-0.2499151379,-0.1677947044,-0.0713851526,-0.0211071000
8.9295520782,0.0563081577,0.2265344411,-0.2801647186,0.0289665628,-0.1087263972,0.0096164579
8.9398288727,0.0110009992,0.2078943402,-0.3411169052,0.1377092302,-0.0947246999,0.0584381893
8.9497356415,-0.0064200074,0.1362718493,-0.3643276691,0.0763113871,-0.0367138609,0.0871513337
8.9597339630,-0.0009623678,0.0528370366,-0.3506759405,-0.1505417824,0.0251846630,0.1201558784
8.9698677063,0.0175603721,0.0103904223,-0.3627994657,-0.3307781219,0.1215080023,0.1627217233
8.9800834656,0.0143208588,0.0682870373,-0.3974953890,-0.4234565496,0.3205648661,0.2212439626
8.9899740219,-0.0013643415,0.2097402364,-0.4106401205,-0.4001874328,0.5554295182,0.2457767278
8.9999961853,-0.0168188121,0.2854123414,-0.4356213808,-0.3055015206,0.7982698083,0.2586154044
9.0102710724,-0.0283597019,0.2914321125,-0.4567743540,-0.2363027334,1.0328966379,0.3479061425
9.0203657150,-0.0343562290,0.3212924302,-0.4503178596,-0.1840623915,1.2568677664,0.4531232715
9.0302839279,-0.0442070886,0.3639638126,-0.4580249190,-0.1166191623,1.4544171095,0.5540756583
9.0402755737,-0.0480711386,0.3853797317,-0.4460532665,-0.0497378111,1.6009600163,0.6443845630
9.0504207611,-0.0446297452,0.3823414147,-0.4062138796,-0.0891264975,1.7019391060,0.7240799069
9.0606174469,-0.0415730998,0.3556047082,-0.3404103518,-0.2498811781,1.7732158899,0.8048525453
9.0705480576,-0.0384175703,0.3166979253,-0.2521200776,-0.5190111995,1.7968780994,0.8888148069
9.0805454254,-0.0251206066,0.2938731611,-0.1663919240,-0.7867938876,1.7941119671,0.9865694046
9.0906953812,-0.0181901660,0.3058829308,-0.1114943698,-0.9552260637,1.7805095911,1.0789818764
9.1008920670,-0.0255472269,0.3202985525,-0.0831506923,-0.9976502657,1.7584257126,1.1660469770
9.1107616425,-0.0292906668,0.3223880231,-0.0444125012,-0.9396966100,1.7308151722,1.2477769852
9.1208181381,-0.0285240319,0.3153021634,-0.0125689590,-0.8177057505,1.7026962042,1.3284283876
9.1309213638,-0.0310580339,0.2898738682,0.0272726342,-0.6593344808,1.6641660929,1.3910150528
9.1412057877,-0.0309567954,0.2722385228,0.0672558472,-0.4699927568,1.6225911379,1.4334188700
9.1510066986,-0.0277869608,0.2654284537,0.0778590962,-0.2359762788,1.5951459408,1.4673233032
9.1610774994,-0.0247336533,0.2480496317,0.1000664160,-0.0030437019,1.5686478615,1.4853022099
9.1712360382,-0.0177358594,0.2335443646,0.1152461693,0.1936978549,1.5322499275,1.4979755878
9.1814289093,-0.0167505052,0.2047961503,0.1288729757,0.3530161977,1.5018240213,1.5000419617
9.1913061142,-0.0173935797,0.1681743413,0.1528441757,0.4664913416,1.4667032957,1.4946866035
9.2013454437,-0.0138673102,0.1355161816,0.1866317838,0.5181429386,1.4235242605,1.4755402803
9.2115001678,-0.0098792678,0.1102098450,0.2210762352,0.5070223808,1.3606840372,1.4542757273
9.2217102051,-0.0015643896,0.0825320110,0.2381279916,0.4458248317,1.2900342941,1.4415141344
9.2316303253,-0.0022607506,0.0587529764,0.2389488071,0.3513814211,1.2361338139,1.4383258820
9.2416238785,-0.0104475236,0.0490299091,0.2534360886,0.2387327850,1.1884266138,1.4330220222
9.2517700195,-0.0123635745,0.0309388265,0.2826172113,0.1241508126,1.1205352545,1.4266463518
9.2619657516,-0.0118934875,0.0204865560,0.2931071520,0.0256746300,1.0421336889,1.4138890505
9.2718648911,-0.0095175719,0.0226920471,0.2972769141,-0.0184012204,0.9674441814,1.4096157551
9.2818927765,-0.0114331385,0.0230112895,0.2981604934,-0.0240909047,0.8962230086,1.3979036808
9.2919960022,-0.0136832809,0.0245861635,0.2959524393,0.0001049796,0.8242106438,1.3872435093
9.3022365570,-0.0135679087,0.0272376165,0.2818672061,0.0551827997,0.7588206530,1.3744554520
9.3121681213,-0.0136280721,0.0213459358,0.2779980302,0.1294122934,0.6988619566,1.3552942276
9.3221340179,-0.0159654301,0.0075500226,0.2734705210,0.2122249305,0.6336397529,1.3308175802
9.3323078156,-0.0146871386,-0.0044212127,0.2692987919,0.2885514200,0.5768135190,1.3010394573
9.3425159454,-0.0120597342,-0.0149411941,0.2749754786,0.3712897599,0.5189400315,1.2648890018
9.3524036407,-0.0074509750,-0.0272403136,0.2783062458,0.4187963009,0.4617651701,1.2202527523
9.3624238968,-0.0020507528,-0.0449636951,0.2759218216,0.4460526705,0.4011685252,1.1660633087
9.3725728989,0.0061206422,-0.0682830587,0.2735980749,0.4454686344,0.3498640656,1.1097624302
9.3827514648,0.0187346786,-0.0842103139,0.2806295156,0.4139176011,0.3003896177,1.0502859354
9.3926315308,0.0294801127,-0.1019541994,0.2847433686,0.3739430308,0.2391566038,0.9886811376
9.4026985168,0.0342264324,-0.1064634100,0.2661510706,0.3262568712,0.2022673637,0.9281532764
9.4128513336,0.0327327996,-0.1055638567,0.2608124614,0.2476025373,0.1672654450,0.8729422092
9.4230451584,0.0316471234,-0.1106260195,0.2528415918,0.1625975370,0.1269100904,0.8187913299
9.4329223633,0.0284667853,-0.1131253019,0.2407505959,0.0690279081,0.0896972120,0.7699537277
9.4429292679,0.0278486554,-0.1172760502,0.2379735559,-0.0052931150,0.0483804606,0.7168619633
9.4531097412,0.0327876732,-0.1191307083,0.2358211130,-0.0795825273,0.0038737142,0.6627068520
9.4633102417,0.0371962413,-0.1141659394,0.2291847318,-0.1292683631,-0.0456761308,0.6159765124
9.4731912613,0.0434630662,-0.1111528054,0.2119148821,-0.1587447673,-0.0886749923,0.5703051686
9.4832487106,0.0463738516,-0.1033820882,0.2062625736,-0.1668889225,-0.1304123104,0.5267523527
9.4933853149,0.0488493368,-0.0946916118,0.1889504641,-0.1495773196,-0.1559626907,0.4906340241
9.5035820007,0.0484923497,-0.0794266835,0.1695273370,-0.1323798001,-0.1697719842,0.4651387632
9.5134391785,0.0495429039,-0.0753516331,0.1669975370,-0.1385791004,-0.1911726147,0.4460172653
9.5235137939,0.0508018062,-0.0694975033,0.1556190103,-0.1662161648,-0.2020469606,0.4428346753
9.5337266922,0.0521048978,-0.0659038201,0.1537806243,-0.2152374983,-0.2088071257,0.4481527507
9.5440950394,0.0483209640,-0.0611585155,0.1406909078,-0.2600470781,-0.2101881802,0.4587792158
9.5537538528,0.0397283807,-0.0417282954,0.1169239208,-0.2688355148,-0.1847432703,0.4672885537
9.5637159348,0.0278884191,-0.0173231140,0.0912223980,-0.2360865176,-0.1504413635,0.4768550098
9.5739269257,0.0205757860,0.0007446028,0.0823484585,-0.1765366346,-0.1286508441,0.4842833877
9.5841169357,0.0236471836,0.0142197227,0.0824005529,-0.1008245870,-0.1226623952,0.4874516726
9.5940465927,0.0338318795,0.0160566196,0.0685931370,-0.0175400861,-0.1273026764,0.4778720140
9.6040534973,0.0342710987,0.0097800111,0.0600517914,0.0475519635,-0.1267828941,0.4704234898
9.6141872406,0.0357315987,0.0039935326,0.0673733279,0.0850367546,-0.1402912438,0.4640364349
9.6244611740,0.0430847555,-0.0019005918,0.0659115240,0.1171942651,-0.1549419612,0.4523412883
9.6342630386,0.0498958156,-0.0042578364,0.0580799505,0.1600258797,-0.1706572771,0.4257776141
9.6443653107,0.0619113222,-0.0061896229,0.0554157421,0.2124698311,-0.1873843968,0.3939020038
9.6544399261,0.0713392869,-0.0066969777,0.0482038185,0.2819631696,-0.2018818557,0.3556523621
9.6646738052,0.0799101070,-0.0147505188,0.0343472883,0.3556248248,-0.2067914456,0.3174048960
9.6745815277,0.0820144340,-0.0151313329,0.0200593993,0.4142034650,-0.1969582587,0.2823555768
9.6847648621,0.0802823752,-0.0189712420,0.0206075832,0.4493303001,-0.1894606054,0.2462507784
9.6946725845,0.0815046802,-0.0150440121,0.0182000920,0.4384236038,-0.1674250662,0.2229049802
9.7049446106,0.0788115487,-0.0230915323,-0.0038555344,0.4050503671,-0.1414784938,0.1783295870
9.7147884369,0.0672909841,-0.0666258708,-0.0329928473,0.3364004791,-0.1094885916,0.1316438317
9.7249231339,0.0594940111,-0.0679890886,-0.0363608077,0.2559572756,-0.0711601824,0.0966451615
9.7349796295,0.0544670969,-0.0506171957,-0.0440993384,0.1788113713,-0.0423101597,0.0680105910
9.7452726364,0.0482640341,-0.0494519845,-0.0502613857,0.1069274321,-0.0059797149,0.0404403508
9.7551002502,0.0428594276,-0.0508345738,-0.0480495766,0.0234027132,0.0207269974,0.0171153191
9.7651224136,0.0412289128,-0.0451347008,-0.0472526625,-0.0451596491,0.0454559810,-0.0040908321
9.7751932144,0.0384984836,-0.0536249056,-0.0516378954,-0.1084323600,0.0744341016,-0.0316670649
9.7855482101,0.0287704337,-0.0645833984,-0.0583213642,-0.1760905236,0.1150316596,-0.0613595136
9.7953958511,0.0139198834,-0.0749229565,-0.0604143813,-0.2513770461,0.1715141237,-0.0857335627
9.8053016663,0.0006956248,-0.0879118219,-0.0415639356,-0.3532252014,0.2161140591,-0.1069222093
9.8154907227,-0.0107312119,-0.1085465327,-0.0261404589,-0.4325788915,0.2523863316,-0.1334289163
9.8257780075,-0.0281316321,-0.1191369668,-0.0150926793,-0.4991730154,0.2929374278,-0.1716156453
9.8356180191,-0.0406300649,-0.1223803535,-0.0189288929,-0.5113050938,0.3285004795,-0.2342409492
9.8456563950,-0.0422416180,-0.1470323056,-0.0256252363,-0.4935137331,0.3589090407,-0.3138655126
9.8557443619,-0.0358029529,-0.1645815223,-0.0068491180,-0.4457858801,0.3831083775,-0.4094274640
9.8659391403,-0.0200713929,-0.1748838276,0.0113056814,-0.3648737371,0.3958096802,-0.5230559111
9.8759031296,-0.0056710602,-0.1923809499,0.0396159217,-0.2828454673,0.4030958116,-0.6547361612
9.8859567642,0.0026322841,-0.2005868405,0.0731875822,-0.1847022921,0.3998756409,-0.7917333245
9.8960237503,0.0068613826,-0.2062746733,0.0974749848,-0.1057917550,0.3986250460,-0.9266024232
9.9063148499,0.0039047091,-0.2111233920,0.1304824203,-0.0833106041,0.3841339052,-1.0635869503
9.9161529541,0.0039627566,-0.2256656140,0.1646182388,-0.1279228181,0.3564487696,-1.1814490557
9.9262237549,0.0000423877,-0.2349803895,0.2091134042,-0.2192877531,0.3093872964,-1.2791351080
9.9363012314,-0.0096966689,-0.2287639230,0.2422726005,-0.3510790765,0.2503833473,-1.3640750647
9.9465847015,-0.0175634976,-0.1976865381,0.2637856007,-0.4816842079,0.1809663326,-1.4203526974
9.9564332962,-0.0272769984,-0.1614152044,0.2702867985,-0.5599657297,0.1100287735,-1.4543458223
9.9664993286,-0.0321699604,-0.1274050325,0.2668184042,-0.5732104182,0.0449096300,-1.4968471527
9.9765768051,-0.0283477064,-0.0970422402,0.2664214373,-0.5415744781,-0.0262257978,-1.5457334518
9.9868288040,-0.0178407785,-0.0811214820,0.2709466219,-0.5237857103,-0.0995774418,-1.5903693438
9.9966888428,-0.0014685118,-0.0676518455,0.2747517824,-0.5156548023,-0.1664869785,-1.6105790138
10.0067567825,0.0136192525,-0.0539555922,0.2902112603,-0.5299626589,-0.2303533554,-1.6222875118
10.0168581009,0.0156166581,-0.0297084823,0.2946372628,-0.5914134979,-0.2755184472,-1.6318506002
10.0271158218,0.0198631939,-0.0013227843,0.2982982397,-0.6987909079,-0.3156203926,-1.6169780493
10.0369243622,0.0234535094,0.0070642447,0.2935559154,-0.8458150029,-0.3389800489,-1.5850983858
10.0470676422,0.0143167088,0.0035171725,0.2982357740,-1.0857571363,-0.3545727134,-1.5393875837
10.0570726395,0.0138004040,-0.0038626574,0.3098669648,-1.3854813576,-0.3673796058,-1.4745482206
10.0674161911,0.0180340912,-0.0059429193,0.3239246607,-1.7414661646,-0.4104308486,-1.4160796404
10.0771818161,0.0225231815,0.0013331986,0.3296217918,-2.1091768742,-0.4557959437,-1.3714133501
10.0874557495,0.0272715483,0.0046119308,0.3084864020,-2.3702795506,-0.4907408953,-1.3363264799
10.0974884033,0.0302342866,0.0176888928,0.2942879200,-2.5012140274,-0.5224833488,-1.3097640276
10.1081209183,0.0362641141,0.0550102219,0.2731164098,-2.4656634331,-0.5538407564,-1.2843046188
10.1175336838,0.0474226698,0.0910774097,0.2612544298,-2.2839131355,-0.5850434303,-1.2684394121
10.1275358200,0.0529894382,0.1107815728,0.2496132702,-2.0263044834,-0.6263175011,-1.2717123032
10.1375885010,0.0560321882,0.1183040366,0.2367399186,-1.7216665745,-0.6746583581,-1.2824317217
10.1478881836,0.0565391704,0.1232134327,0.2110688537,-1.3979694843,-0.7080060244,-1.2973949909
10.1578006744,0.0573894903,0.1444651037,0.1849412769,-1.0593802929,-0.7358134389,-1.2964329720
10.1677474976,0.0641923919,0.1662339121,0.1825401634,-0.7474158406,-0.7691375613,-1.2922821045
10.1778783798,0.0643214658,0.1833222061,0.1842002720,-0.4588959217,-0.8058641553,-1.2902501822
10.1881618500,0.0617571250,0.1951790601,0.1708136648,-0.2236298770,-0.8536938429,-1.2924580574
10.1980009079,0.0633028075,0.1942587644,0.1427394599,0.0029870272,-0.8886867166,-1.2670499086
10.2081413269,0.0588872507,0.1811651736,0.1374429911,0.1720027030,-0.9263057709,-1.2416275740
10.2181539536,0.0524502471,0.1787910610,0.1571954340,0.2749317586,-0.9718874097,-1.2098224163
10.2284250259,0.0498817638,0.1992097050,0.1557597369,0.3895932734,-1.0162289143,-1.1663404703
10.2382755280,0.0471862033,0.2332246453,0.1347311586,0.5093950629,-1.0402889252,-1.1111693382
10.2484188080,0.0352760032,0.2650292814,0.1143311188,0.6269541979,-1.0526001453,-1.0411261320
10.2586956024,0.0189138446,0.2809312642,0.0926026031,0.7273740172,-1.0586940050,-0.9710758924
10.2689533234,0.0068554073,0.2678740323,0.0875488445,0.7669429779,-1.0632457733,-0.9084418416
10.2786273956,-0.0016580732,0.2317891270,0.0972771570,0.7491235137,-1.0928077698,-0.8617329597
10.2885417938,-0.0063831718,0.2129154354,0.0820944235,0.7098854780,-1.1151497364,-0.8182003498
10.2987108231,0.0043726056,0.2200785428,0.0451362655,0.7250063419,-1.1306573153,-0.7757399678
