0.0000000000,-0.0241842922,0.0603945889,-0.0128735676,-0.0970118642,0.0374466591,0.0863418579
0.0096380711,-0.0168497618,0.0602805801,-0.0142076388,-0.0841751695,0.0353811122,0.0831591114
0.0195710659,-0.0133548435,0.0543522723,-0.0106129423,-0.0744791180,0.0258097090,0.0800272375
0.0296471119,-0.0136948880,0.0503773279,-0.0011088032,-0.0828956440,0.0149804978,0.0769402310
0.0395530462,-0.0129247960,0.0424136408,0.0084755644,-0.0837731585,-0.0022557469,0.0621799268
0.0497961044,-0.0139626916,0.0372377075,0.0132320151,-0.0879732296,-0.0045620445,0.0462619476
0.0597970486,-0.0179716405,0.0376739092,0.0090437159,-0.1030886620,0.0187786985,0.0397474542
0.0703960657,-0.0124892052,0.0341640897,-0.0011825938,-0.1184481829,0.0647179633,0.0511465855
0.0795860291,-0.0111579951,0.0325494297,-0.0048084636,-0.1291869730,0.0742169246,0.0468433127
0.0898480415,-0.0157944020,0.0356817730,-0.0076022525,-0.1367242485,0.0858336315,0.0372117274
0.0995370150,-0.0136669334,0.0387116261,-0.0094662681,-0.1528293192,0.0995502397,0.0307590198
0.1096030474,-0.0097343978,0.0406863429,-0.0114503279,-0.1615913957,0.1241192371,0.0369801633
0.1197121143,-0.0118193086,0.0465170182,-0.0136312023,-0.1595366299,0.1337582916,0.0379811153
0.1298390627,-0.0198183712,0.0523724891,-0.0090461746,-0.1499353945,0.1348922551,0.0369046666
0.1414080858,-0.0200424250,0.0603413768,-0.0053439518,-0.1328113973,0.1296751201,0.0358624384
0.1498560905,-0.0201538261,0.0654618368,-0.0034994858,-0.1252711862,0.1222337186,0.0337806419
0.1598310471,-0.0031799730,0.0505479760,0.0106711015,-0.1156409532,0.1191093028,0.0348573588
0.1695200205,0.0006908124,0.0459350534,0.0151077136,-0.1016857177,0.1095980853,0.0349092893
0.1795541048,0.0017089193,0.0440940447,0.0178976282,-0.0868500397,0.1204536632,0.0412036739
0.1895320415,0.0024754945,0.0451082177,0.0141334161,-0.0644435361,0.1216957569,0.0411799699
0.1995140314,-0.0013523157,0.0418715961,0.0133981928,-0.0324086398,0.1219109446,0.0379716605
0.2095730305,0.0019988958,0.0332464464,0.0127803907,-0.0184097327,0.1091482714,0.0327326916
0.2193740606,0.0049961749,0.0272147842,0.0166507587,-0.0033370387,0.0942830443,0.0296271779
0.2294930220,0.0088559929,0.0183735378,0.0155686960,-0.0021870863,0.0846637040,0.0286263600
0.2395190001,0.0083881561,0.0106592365,0.0171182975,-0.0073774531,0.0706450865,0.0191605538
0.2495040894,0.0079812352,0.0034140537,0.0188477859,-0.0178913474,0.0366801992,0.0565718450
0.2595220804,-0.0264651831,-0.0129155926,0.0144795999,-0.0760087147,0.0050671473,0.2873571217
0.2694900036,0.0290172640,-0.0434955470,0.0275426731,-0.1008232534,0.0296209585,0.3063382804
0.2794740200,0.0914584324,-0.0198004656,0.0233814344,-0.0808946863,0.0362642147,0.0651183277
0.2894710302,0.0464796387,0.0028020630,0.0125864372,-0.0762091205,0.0174316708,-0.0165669490
0.2997341156,-0.0034850892,-0.0125171356,0.0075662951,-0.0774396285,0.0324913152,-0.0039136056
0.3094600439,0.0220913831,-0.0130755417,0.0088434443,-0.0915945992,0.0613482632,0.0086578466
0.3194620609,0.0151572172,0.0000778029,0.0018976551,-0.0896417052,0.0796172842,0.0180982202
0.3295110464,0.0110507552,0.0057370258,-0.0030592461,-0.0854719877,0.0893231705,0.0244067162
0.3397530317,0.0099281017,0.0089674480,-0.0050256629,-0.0825839266,0.1225873902,0.0369375534
0.3495070934,0.0129537527,0.0158590265,-0.0074528833,-0.0678278804,0.1409709305,0.0484943390
0.3594460487,0.0048783366,0.0250285156,-0.0083833709,-0.0283449180,0.1423509717,0.0495217890
0.3696050644,0.0036892239,0.0224925466,-0.0070500155,0.0112174032,0.1330650598,0.0527415499
0.3796300888,0.0059552137,0.0175497718,-0.0003696460,0.0347027555,0.1280090511,0.0644410849
0.3895990849,0.0123711769,0.0119816847,0.0058526616,0.0463865772,0.1313875318,0.0739725381
0.3996070623,0.0113444272,0.0108126588,0.0082435235,0.0645472035,0.1273083687,0.0814269856
0.4096020460,0.0075769965,0.0085406788,0.0097473487,0.0740131438,0.1444822997,0.0813090131
0.4195790291,0.0057751480,0.0023819695,0.0043888311,0.0909388661,0.1596527249,0.0896961018
0.4296590090,0.0057648364,0.0030912647,0.0038475613,0.0964406878,0.1425309926,0.0823665559
0.4395871162,0.0089846198,-0.0013492217,0.0093409643,0.1019623503,0.1232651621,0.0739873126
0.4496090412,0.0162029807,-0.0126186721,0.0129769668,0.0903240740,0.1155846044,0.0612965561
0.4595570564,0.0136045162,-0.0171446316,0.0125404820,0.0777074769,0.0961613730,0.0518725589
0.4696340561,0.0167357270,-0.0255232565,0.0169728026,0.0468896478,0.0830157474,0.0424178056
0.4796121120,0.0149991456,-0.0331623070,0.0183404312,0.0190176684,0.0935711786,0.0519296899
0.4895690680,0.0199987236,-0.0301170461,0.0098666176,0.0061458126,0.0999116302,0.0550847352
0.4996010065,0.0123204533,-0.0202073865,0.0072190384,-0.0023456765,0.0965840146,0.0487384200
0.5095551014,0.0125479046,-0.0161409490,0.0105783567,-0.0085660219,0.0782755762,0.0382375792
0.5195430517,0.0167362038,-0.0169083886,0.0130354390,-0.0073148683,0.0600254722,0.0277308729
0.5295460224,0.0198761765,-0.0116311125,0.0125838146,-0.0060778297,0.0459954068,0.0108227301
0.5398230553,0.0153439585,-0.0054159272,0.0101954564,-0.0049635647,0.0437905751,0.0023386979
0.5495370626,0.0116968099,-0.0029766669,0.0078029851,-0.0092139700,0.0426616594,-0.0008381871
0.5595390797,0.0110120717,-0.0004175116,0.0074617486,-0.0080481702,0.0329999775,-0.0071521425
0.5695120096,0.0104136411,0.0020912478,0.0081294999,-0.0133641055,0.0308121890,-0.0081966342
0.5795300007,0.0090818945,0.0023443589,0.0069225053,-0.0144085987,0.0276068114,-0.0071127275
0.5896151066,0.0116283838,0.0005971084,0.0076834778,-0.0144083323,0.0255146325,-0.0017872045
0.5995460749,0.0081804935,0.0027179907,0.0053216438,-0.0112942969,0.0341355503,0.0034661470
0.6097520590,0.0085823480,0.0009698759,0.0019659621,-0.0039048241,0.0417287536,0.0097860945
0.6197140217,0.0061081592,0.0001550208,0.0025621275,0.0078663472,0.0375595763,0.0119312713
0.6297171116,0.0046637002,0.0023219178,0.0022232155,0.0109950285,0.0440510288,0.0182613377
0.6395230293,0.0051084701,0.0025555382,0.0038295013,0.0077558262,0.0462132506,0.0235594325
0.6495550871,0.0036544148,0.0017015229,0.0063941102,0.0003261399,0.0418624468,0.0214680508
0.6596471071,0.0032718722,-0.0011619737,0.0060857157,-0.0071249856,0.0417527221,0.0161652975
0.6697400808,0.0009397214,-0.0011213829,0.0057510952,-0.0037683379,0.0246416479,0.0120243486
0.6794790030,0.0075039808,-0.0010629704,0.0114697441,-0.0111767184,0.0181416702,0.0078189503
0.6894741058,0.0054343287,-0.0069699395,0.0162303075,-0.0185574032,0.0094797388,0.0015059274
0.6994670630,0.0044122878,-0.0110241286,0.0161299333,-0.0249358080,0.0072717117,-0.0005986355
0.7094630003,0.0043798033,-0.0122296326,0.0130653605,-0.0313401781,0.0072221765,-0.0005938420
0.7194690704,0.0042753760,-0.0075884569,0.0109266862,-0.0324027799,0.0061553149,0.0004756835
0.7295250893,0.0051426236,-0.0039360034,0.0068338732,-0.0335018672,0.0104129100,-0.0006135495
0.7394570112,0.0030965749,-0.0022290160,0.0027278285,-0.0345468894,0.0082554836,-0.0016599054
0.7494610548,0.0049620215,0.0004961680,0.0026105265,-0.0334584564,0.0061172317,-0.0027091908
0.7594970465,0.0037953202,0.0012654851,-0.0005849976,-0.0282200165,0.0168734733,0.0004043106
0.7695031166,0.0093094651,0.0071152938,-0.0027976413,-0.0154373776,0.0180865433,0.0056994744
0.7794140577,0.0060624424,0.0111180432,-0.0069711586,-0.0048137624,0.0245766658,0.0056523359
0.7894730568,0.0047119800,0.0113310702,-0.0033166190,-0.0027141254,0.0288680829,0.0056230412
0.7994310856,0.0044242684,0.0046898020,0.0033639292,0.0037054243,0.0257402007,0.0088252258
0.8096570969,0.0080471579,0.0000200163,0.0071423273,0.0036739991,0.0279138740,0.0130607169
0.8196420670,0.0086917225,0.0021694193,0.0089015588,0.0067195902,0.0461235046,0.0139992153
0.8294340372,0.0053524915,0.0013371597,0.0046400051,0.0108139338,0.0633466989,0.0245085824
0.8402800560,0.0028818790,0.0005741011,-0.0016146082,0.0128423302,0.0741002709,0.0308140162
0.8496180773,0.0042586867,0.0038026760,-0.0029740711,0.0235956423,0.0624721162,0.0361938663
0.8596130610,0.0086709205,0.0060992432,0.0026662571,0.0269046202,0.0507142618,0.0330803655
0.8694120646,0.0063755456,0.0034302960,0.0044180970,0.0280753449,0.0410405956,0.0257055387
0.8793981075,0.0080248658,0.0018038640,0.0062186937,0.0334879532,0.0335640348,0.0215009414
0.8894020319,0.0105900113,0.0012362192,0.0129424557,0.0335334949,0.0292619653,0.0183416326
0.8994350433,0.0102845971,0.0025289843,0.0078897104,0.0345826447,0.0314090066,0.0183263198
0.9093900919,0.0100430194,-0.0010337641,0.0038812975,0.0388349146,0.0314873010,0.0236347988
0.9193760157,0.0107686464,-0.0015532782,0.0028577666,0.0484084487,0.0347853601,0.0257317703
0.9302390814,0.0124002043,0.0028419087,0.0018086057,0.0483296141,0.0423117206,0.0309949741
0.9396030903,0.0119970385,0.0033426175,-0.0003251213,0.0525704361,0.0445109569,0.0341641381
0.9493780136,0.0076398794,0.0048099947,0.0004168969,0.0536183901,0.0477072857,0.0320178978
0.9593710899,0.0003670399,0.0043587876,0.0021388156,0.0600987934,0.0391934253,0.0310084242
0.9693870544,0.0028368179,0.0030555914,0.0059083323,0.0654988810,0.0327951834,0.0278589725
0.9793740511,0.0064103547,0.0007675479,0.0088113174,0.0655790418,0.0242192708,0.0247268286
0.9896310568,0.0081430022,-0.0015246083,0.0049366574,0.0699136034,0.0167621523,0.0237097666
0.9993669987,0.0108923856,-0.0037547757,0.0050626616,0.0742316544,0.0103934687,0.0248096529
1.0093590021,0.0116945449,0.0018153677,0.0042106728,0.0828712210,-0.0033977102,0.0291426145
1.0193690062,0.0106103960,0.0084254034,0.0014350634,0.0892790481,-0.0044019883,0.0312710144
1.0293290615,0.0047130529,0.0091523118,0.0026154141,0.0957183018,-0.0065351808,0.0259683933
1.0393260717,0.0037699882,0.0030816684,0.0038910729,0.0956716985,-0.0011862213,0.0259311087
1.0493240356,0.0037615839,-0.0040025818,0.0041253190,0.0882103220,-0.0012711762,0.0227496959
1.0593060255,0.0016983097,-0.0081847124,0.0071948986,0.0785216093,0.0082834465,0.0248231012
1.0693171024,0.0034652893,-0.0123864524,0.0082804188,0.0667048991,0.0157099366,0.0290327575
1.0793330669,0.0041498486,-0.0078151338,0.0033701281,0.0656027496,0.0178820118,0.0332657211
1.0893260241,0.0019032304,0.0016332159,-0.0015522618,0.0816541538,0.0126712713,0.0343506932
1.0993250608,0.0045855585,0.0131026395,-0.0132308379,0.1040683836,0.0128489044,0.0353986435
1.1095820665,0.0092602912,0.0219043978,-0.0169322267,0.1339767426,0.0088413795,0.0396533124
1.1194000244,0.0081057493,0.0231486745,-0.0156699196,0.1563698053,0.0090720095,0.0460090786
1.1308100224,0.0069621149,0.0217439719,-0.0123668686,0.1830671877,0.0061084428,0.0502592176
1.1394931078,0.0048139039,0.0176594742,-0.0060595651,0.2075783908,0.0095380619,0.0544707440
1.1498020887,-0.0012742932,0.0157422312,-0.0026564975,0.2417826951,0.0023573809,0.0587429851
1.1592450142,-0.0043582376,0.0150658675,-0.0030223508,0.2823477089,-0.0015223122,0.0683013350
1.1691210270,-0.0063313302,0.0165458359,-0.0100661889,0.3198135793,-0.0130165154,0.0651625320
1.1791280508,-0.0033832844,0.0240878202,-0.0120542422,0.3529975116,-0.0234656949,0.0630822033
1.1890980005,-0.0012942011,0.0200576521,-0.0080598965,0.3818643093,-0.0265032947,0.0567073971
1.1991080046,-0.0011066253,0.0161067136,-0.0069679399,0.3936014175,-0.0253549404,0.0556304157
1.2092770338,0.0000442808,0.0111998208,-0.0058834930,0.3903747201,-0.0232241452,0.0577436350
1.2192590237,0.0030972902,0.0034161697,-0.0028505703,0.3871197999,-0.0189282000,0.0630297437
1.2292580605,0.0061227623,-0.0014231761,-0.0028007408,0.3892319500,-0.0178067442,0.0672705621
1.2392610312,0.0081226174,0.0025709460,-0.0067109843,0.4052534103,-0.0187550951,0.0672672316
1.2492870092,0.0082266871,0.0047592265,-0.0095770732,0.4276423156,-0.0153755434,0.0672296807
1.2592360973,0.0132436100,0.0090334602,-0.0152827874,0.4491003454,-0.0290956162,0.0672995895
1.2692540884,0.0193480197,0.0116001703,-0.0188749805,0.4759575129,-0.0502546988,0.0684804320
1.2792350054,0.0284724776,0.0134319849,-0.0183987394,0.4952957928,-0.0650725290,0.0685651228
1.2892251015,0.0230825488,0.0153719671,-0.0129956380,0.5189928412,-0.0905493870,0.0676513910
1.2992310524,0.0178480688,0.0146155693,-0.0094108954,0.5447142124,-0.1021258831,0.0655839816
1.3092590570,0.0165616218,0.0082316138,0.0011537891,0.5554427505,-0.1095063090,0.0677491352
1.3192321062,0.0104210917,0.0027632008,0.0087077245,0.5457397699,-0.0978251472,0.0676804185
1.3292880058,0.0100445691,-0.0067693251,0.0132209882,0.5125655532,-0.0832185075,0.0559225641
1.3392250538,0.0086602513,-0.0205690674,0.0185433254,0.4665448368,-0.0686118603,0.0558602437
1.3492240906,0.0081415121,-0.0298894159,0.0187576041,0.4152555466,-0.0636373460,0.0590509772
1.3592261076,0.0113744680,-0.0278381668,0.0148787722,0.3650007546,-0.0564779751,0.0664749444
1.3692361116,0.0204318706,-0.0241619758,0.0011174899,0.3169224560,-0.0525474139,0.0696702003
1.3793320656,0.0246326867,-0.0178282373,-0.0078322664,0.2946512401,-0.0687847063,0.0655399039
1.3891850710,0.0309061352,-0.0116255246,-0.0225868598,0.2808853686,-0.0785920620,0.0560515933
1.3991950750,0.0264679138,-0.0065346020,-0.0354736224,0.2765499949,-0.0690395758,0.0528083965
1.4091700315,0.0160888974,0.0005411844,-0.0415975228,0.2776331007,-0.0701181516,0.0506898537
1.4192230701,0.0114800874,0.0019263218,-0.0399137512,0.2710998654,-0.0551895350,0.0527234450
1.4294350147,0.0048661176,-0.0045438814,-0.0441870466,0.2516933978,-0.0318261571,0.0525854900
1.4391070604,0.0038635079,-0.0102244876,-0.0368830934,0.2078431100,-0.0183425713,0.0440290198
1.4529910088,0.0087391678,-0.0239869915,-0.0207938328,0.1619397998,-0.0176378991,0.0429941155
1.4591810703,0.0107394997,-0.0342845581,-0.0194696561,0.1202846393,-0.0157997850,0.0451338328
1.4692910910,0.0047780816,-0.0312856995,-0.0125180855,0.0838874802,-0.0011635844,0.0397523828
1.4791311026,0.0017948692,-0.0304525010,-0.0104471818,0.0721063167,0.0009424433,0.0471856631
1.4930740595,0.0057159606,-0.0344815664,-0.0121903792,0.0763127878,0.0074149901,0.0503279269
1.4994161129,0.0027491394,-0.0366520546,-0.0179802552,0.0601549856,0.0244075544,0.0523544624
1.5090280771,-0.0042263325,-0.0408886038,-0.0229405537,0.0429602861,0.0413117036,0.0448201112
1.5188480616,-0.0093537625,-0.0462655686,-0.0230783597,0.0152522251,0.0388892926,0.0363549888
1.5289760828,-0.0057293829,-0.0536753945,-0.0183111802,-0.0081782667,0.0364796631,0.0257630646
1.5388580561,-0.0031508859,-0.0505610667,-0.0165828243,-0.0306173936,0.0426438190,0.0172408149
1.5489560366,-0.0054776128,-0.0456357710,-0.0119842663,-0.0295302942,0.0373718254,0.0247109812
1.5587860346,0.0038363282,-0.0375230275,-0.0033899923,-0.0199662149,0.0375566483,0.0374508761
1.5689550638,0.0033484045,-0.0253574215,0.0070910077,-0.0018378124,0.0377422683,0.0427489690
1.5789890289,0.0009776299,-0.0130666010,0.0156964883,0.0067833727,0.0281817876,0.0417420305
1.5889530182,0.0017708485,-0.0085633360,0.0235026702,-0.0047931215,0.0109279659,0.0344252586
1.5988680124,0.0008459633,-0.0178280734,0.0344286785,-0.0217113867,-0.0084449332,0.0345645472
1.6089460850,0.0059102122,-0.0193826966,0.0415537581,-0.0470391139,-0.0418188684,0.0294866972
1.6189661026,0.0082977358,-0.0222185068,0.0547150597,-0.0893600658,-0.0870513245,0.0276836026
1.6291060448,0.0110481326,-0.0226010196,0.0602215752,-0.1466358751,-0.1292318106,0.0216227807
1.6391600370,0.0101165120,-0.0225962661,0.0579137430,-0.1987687200,-0.1489024460,0.0186004918
1.6490910053,0.0092151109,-0.0221641175,0.0496499762,-0.2564488053,-0.1419215053,0.0122211557
1.6590940952,0.0111377183,-0.0193120353,0.0441490635,-0.3141943812,-0.1284941137,0.0100506796
1.6690820456,0.0109776203,-0.0217480771,0.0423454270,-0.3506037891,-0.1127801239,0.0057246406
1.6792840958,0.0096931998,-0.0214153193,0.0364579186,-0.3624869585,-0.0947241634,0.0024259165
1.6890010834,0.0130699221,-0.0103690587,0.0284721479,-0.3604123592,-0.0840928257,-0.0061436035
1.6990410089,0.0133838002,-0.0022305658,0.0193481073,-0.3425053954,-0.0530001521,-0.0106050642
1.7090740204,0.0114008132,0.0148651488,0.0148805603,-0.3160402179,-0.0260755923,-0.0107981432
1.7193011045,0.0083311740,0.0195855983,0.0191728100,-0.2703351676,-0.0043010544,-0.0056591742
1.7290600538,0.0101132933,0.0227834471,0.0118022785,-0.2170597166,0.0026327514,0.0070073521
1.7390660048,0.0137326065,0.0343002118,0.0074154953,-0.1605177373,0.0041941628,0.0133316936
1.7491450310,0.0125436131,0.0355172046,0.0021645648,-0.0986141562,0.0057326714,0.0122160958
1.7592090368,0.0066004340,0.0273190923,-0.0117869154,-0.0431220010,0.0093316669,0.0079045715
1.7690401077,0.0054388586,0.0243751444,-0.0246984735,0.0122666890,0.0226128511,0.0109669399
1.7790360451,0.0042482559,0.0228187181,-0.0414673463,0.0708533004,0.0327909179,0.0225434341
1.7890470028,0.0049061719,0.0206456222,-0.0523386374,0.1123485491,0.0460100509,0.0309278630
1.7990750074,0.0036210958,0.0149252601,-0.0572679415,0.1584035158,0.0229513403,0.0437990539
1.8090300560,0.0133037511,0.0038083235,-0.0657507554,0.2012372762,-0.0000855369,0.0609167926
1.8191000223,0.0211450402,0.0017689953,-0.0730839148,0.2248906642,-0.0254494846,0.0727489516
1.8290160894,0.0214536134,-0.0079527907,-0.0792657509,0.2305126041,-0.0617086887,0.0772297159
1.8390990496,0.0220767204,-0.0205336325,-0.0783032551,0.2148486972,-0.1024766192,0.0743204802
1.8490200043,0.0279099885,-0.0255048834,-0.0810069814,0.1746741086,-0.1477221400,0.0693299845
1.8590730429,0.0330922566,-0.0289036594,-0.0874436274,0.1344434619,-0.1875955164,0.0664243400
1.8690121174,0.0346935950,-0.0307186358,-0.0956871882,0.0813791826,-0.2222709358,0.0592495166
1.8790210485,0.0365341268,-0.0301081948,-0.1019035354,0.0144657930,-0.2560757697,0.0425218046
1.8889991045,0.0356572829,-0.0319999270,-0.1031839028,-0.0472553596,-0.2769147456,0.0363256931
1.8990380764,0.0349300466,-0.0362984054,-0.1005192176,-0.0983096212,-0.2945163846,0.0237253457
1.9089701176,0.0362220369,-0.0360901915,-0.0939441696,-0.1418621540,-0.3184121251,0.0185987614
1.9189810753,0.0357311927,-0.0284708999,-0.0912622586,-0.1768897772,-0.3390684128,0.0091939401
1.9289801121,0.0393461548,-0.0229818337,-0.0884489790,-0.1884308606,-0.3626893163,0.0072303917
1.9389930964,0.0383005701,-0.0166065805,-0.0894554630,-0.1796935648,-0.3882407248,0.0105747897
1.9489541054,0.0363567434,-0.0060903686,-0.0844710246,-0.1496917158,-0.4060873687,0.0212934799
1.9589630365,0.0327160321,-0.0021176150,-0.0861410275,-0.1047046706,-0.4270616174,0.0288396794
1.9689780474,0.0321006142,0.0023162107,-0.0817554966,-0.0576559380,-0.4426024854,0.0437810794
1.9790450335,0.0296358410,0.0062459898,-0.0752702132,-0.0063741077,-0.4538327754,0.0586902536
1.9891440868,0.0252618734,0.0077116382,-0.0686914101,0.0427194014,-0.4555270970,0.0661036968
1.9991220236,0.0189813320,0.0104879327,-0.0600726977,0.0748112947,-0.4669651091,0.0746556371
2.0090301037,0.0196333472,0.0047620726,-0.0532800928,0.0854522139,-0.4657504559,0.0820770636
2.0190711021,0.0202992503,0.0019907991,-0.0445465818,0.0780471712,-0.4712122977,0.0746794716
2.0289502144,0.0181600396,-0.0039409208,-0.0387362614,0.0535916239,-0.4800153971,0.0673168972
2.0389490128,0.0199369732,-0.0032404473,-0.0339425579,0.0258867592,-0.4845358431,0.0641802251
2.0489101410,0.0197867695,0.0001424144,-0.0292327777,0.0045178211,-0.4825544357,0.0652446896
2.0595800877,0.0167143885,0.0004288743,-0.0265549198,-0.0146992821,-0.4826929569,0.0663208812
2.0700500011,0.0117586795,-0.0013651063,-0.0278203860,-0.0136705041,-0.4784007370,0.0673547164
2.0795860291,0.0115988795,-0.0020372828,-0.0251874700,-0.0019876156,-0.4739734828,0.0747555122
2.0895781517,0.0083728973,0.0032957385,-0.0216696039,0.0107042119,-0.4662484527,0.0916948095
2.0995810032,0.0139015857,0.0059853089,-0.0220141187,0.0362130329,-0.4584472477,0.1054353938
2.1092839241,0.0164596383,0.0070389551,-0.0262923613,0.0777279884,-0.4505083561,0.1212907881
2.1187028885,0.0179265086,0.0084433146,-0.0306041613,0.1031812802,-0.4331485629,0.1285978407
2.1287879944,0.0182577316,0.0080731101,-0.0291347280,0.1180422530,-0.4234053791,0.1295866668
2.1387660503,0.0146726314,0.0009751807,-0.0296724215,0.1328536868,-0.4083031118,0.1326668710
2.1487121582,0.0158624593,-0.0040845680,-0.0292786732,0.1284805089,-0.3965620399,0.1347185820
2.1587419510,0.0199084822,-0.0042790580,-0.0289205685,0.1210292578,-0.3998121619,0.1358048767
2.1687059402,0.0249990169,-0.0094459169,-0.0305179730,0.1114019305,-0.3998321295,0.1421860754
2.1787528992,0.0271520559,-0.0127187930,-0.0321667567,0.1071531177,-0.4041028023,0.1464657784
2.1886801720,0.0283757392,-0.0140444301,-0.0298999920,0.1019184068,-0.4190519154,0.1529407203
2.1987609863,0.0306612197,-0.0094965361,-0.0256255642,0.0999046564,-0.4350692034,0.1572985947
2.2086901665,0.0282062236,-0.0040402818,-0.0291767493,0.1031633019,-0.4435580373,0.1616009325
2.2187130451,0.0268707220,-0.0063390094,-0.0385309830,0.1084675267,-0.4413404465,0.1658310890
2.2286860943,0.0255044643,-0.0065720486,-0.0469237342,0.1169595495,-0.4380138814,0.1721779406
2.2387270927,0.0318372808,-0.0056817341,-0.0563074723,0.1189779565,-0.4261891842,0.1784752458
2.2487249374,0.0351257883,-0.0047518867,-0.0530498996,0.1082656607,-0.4240799546,0.1848433912
2.2586750984,0.0326068364,-0.0107339732,-0.0498582497,0.0986302048,-0.4251241684,0.1965435892
2.2687540054,0.0271961931,-0.0197265856,-0.0398432985,0.0784026980,-0.4337855875,0.2019258440
2.2786870003,0.0267897192,-0.0240176730,-0.0405324474,0.0614615306,-0.4520551264,0.2052414864
2.2888269424,0.0304158870,-0.0216269158,-0.0421651378,0.0381247848,-0.4703960419,0.2064391077
2.2988390923,0.0381143652,-0.0154240541,-0.0436979905,0.0265127346,-0.4917386174,0.2214610577
2.3091192245,0.0460062288,-0.0111237727,-0.0431787148,0.0287782885,-0.5129789114,0.2354083061
2.3197190762,0.0442619585,-0.0029615497,-0.0437026992,0.0245108381,-0.5182464123,0.2481938601
2.3293840885,0.0455344580,-0.0006019135,-0.0451344624,0.0256839599,-0.5331550241,0.2536017001
2.3407840729,0.0410225354,-0.0021405404,-0.0397487059,0.0192818549,-0.5353028774,0.2578682005
2.3487200737,0.0336802565,-0.0066612917,-0.0333830491,0.0161116272,-0.5416857004,0.2642861605
2.3587880135,0.0322601162,-0.0072650048,-0.0318620577,0.0129957292,-0.5534392595,0.2675517201
2.3708200455,0.0368121825,-0.0029234400,-0.0351825133,0.0216392837,-0.5703769326,0.2793436646
2.3791770935,0.0423428379,0.0074386639,-0.0375079885,0.0408064537,-0.5690640807,0.2899431586
2.3888740540,0.0430492423,0.0111512356,-0.0447487608,0.0749055743,-0.5655121803,0.2994578481
2.3987050056,0.0466380082,0.0123431273,-0.0431580320,0.1047168598,-0.5588076711,0.3068315089
2.4086670876,0.0492185615,0.0175954960,-0.0465228334,0.1249480918,-0.5522475243,0.3057124317
2.4191880226,0.0527378283,0.0220124610,-0.0508790985,0.1430325508,-0.5414901972,0.2971298695
2.4289250374,0.0532911085,0.0216174461,-0.0562837496,0.1557845622,-0.5307853818,0.2874900103
2.4387090206,0.0480318628,0.0164010413,-0.0588005558,0.1706242263,-0.5178482533,0.2873973548
2.4486651421,0.0524245463,0.0162049867,-0.0642454401,0.1727238744,-0.5135568380,0.2873680592
2.4586129189,0.0568153225,0.0199104510,-0.0628797188,0.1706922948,-0.5263935328,0.2874504626
2.4685869217,0.0652919337,0.0207156949,-0.0634058490,0.1665247083,-0.5392422676,0.2885991037
2.4786550999,0.0710238740,0.0205056854,-0.0580149665,0.1657248139,-0.5723668933,0.2909412086
2.4886040688,0.0790189132,0.0223108269,-0.0476212278,0.1735076308,-0.6097236276,0.2901156247
2.4998059273,0.0785888657,0.0289668776,-0.0381764546,0.1812988520,-0.6460565329,0.2839713097
2.5092310905,0.0765720531,0.0395042188,-0.0384381190,0.1890776902,-0.6792198420,0.2735570073
2.5211570263,0.0787818059,0.0471667759,-0.0336692706,0.1936579198,-0.7082339525,0.2514323890
2.5297231674,0.0764419064,0.0459024124,-0.0249646083,0.1917995661,-0.7319797277,0.2260902971
2.5388460159,0.0792217180,0.0436253808,-0.0191000476,0.1983903497,-0.7470595837,0.2059956789
2.5485351086,0.0791977271,0.0490668304,-0.0093883052,0.1943514049,-0.7644276619,0.1784889549
2.5585811138,0.0793172047,0.0641749576,0.0012509447,0.2042095065,-0.7827877402,0.1477935016
2.5685570240,0.0855767354,0.0685857907,0.0139671192,0.2119752765,-0.8085967302,0.1224580407
2.5785551071,0.0785231516,0.0689789429,0.0266282782,0.2250978649,-0.8354616761,0.0939391926
2.5885419846,0.0688805804,0.0673747212,0.0363728628,0.2286044508,-0.8613308072,0.0654199272
2.5985510349,0.0592492186,0.0655764267,0.0450556502,0.2331286371,-0.8807873130,0.0357954577
2.6085500717,0.0488862656,0.0559387356,0.0517862663,0.2428486347,-0.8883299232,0.0199017115
2.6185750961,0.0423747562,0.0512544848,0.0525849685,0.2577635348,-0.8818650842,0.0124125043
2.6286780834,0.0387078486,0.0496936813,0.0532899722,0.2886338234,-0.8730396032,0.0165832806
2.6385650635,0.0368314944,0.0533967875,0.0636582002,0.3248143494,-0.8609659672,0.0207288899
2.6485381126,0.0309311692,0.0564088337,0.0729299411,0.3567080796,-0.8467885852,0.0248642452
2.6588571072,0.0230797175,0.0460615456,0.0792175755,0.3853906095,-0.8315667510,0.0289948098
2.6691000462,0.0170858745,0.0329681970,0.0824939236,0.3958954513,-0.8080356121,0.0213981420
2.6787970066,0.0138678495,0.0179805458,0.0886306390,0.3925807476,-0.7899870872,0.0106617417
2.6887149811,0.0085190181,0.0087883137,0.0936175212,0.3838884532,-0.7697835565,0.0062872334
2.6988151073,0.0000583773,0.0092565268,0.0945236906,0.3848112226,-0.7526655793,0.0072374493
2.7085421085,-0.0037463661,0.0088392422,0.0914260373,0.3908699155,-0.7151110172,0.0186759923
2.7184960842,-0.0049867835,0.0104821287,0.0930877551,0.3937980533,-0.6871805787,0.0323033892
2.7292630672,-0.0083590504,0.0062796460,0.0966152176,0.3849973679,-0.6583275795,0.0395591706
2.7392868996,-0.0087176766,-0.0075615342,0.0962437019,0.3720080853,-0.6412215829,0.0522075891
2.7490029335,-0.0122155901,-0.0166832563,0.0976824388,0.3451146781,-0.6210135221,0.0648440197
2.7593200207,-0.0149174090,-0.0221910439,0.0931475386,0.3139626086,-0.6040052176,0.0817521662
2.7691111565,-0.0168791767,-0.0270115752,0.0894943103,0.2784597576,-0.5753133893,0.0943395942
2.7787542343,-0.0211283471,-0.0311637484,0.0876642093,0.2439260036,-0.5358988643,0.1100439876
2.7887558937,-0.0188985225,-0.0336595885,0.0769618973,0.2125979215,-0.4964686632,0.1246836483
2.7984728813,-0.0112353172,-0.0314881094,0.0720485672,0.1823912710,-0.4624004364,0.1361698657
2.8088390827,-0.0019772407,-0.0227605291,0.0680310354,0.1469336748,-0.4359184802,0.1402724683
2.8186879158,0.0003188496,-0.0221784469,0.0639199838,0.1265168339,-0.4200332761,0.1412450522
2.8284490108,0.0024813209,-0.0227843337,0.0636770353,0.0997248963,-0.4084565341,0.1443758756
2.8384470940,0.0074715409,-0.0168255065,0.0643837675,0.0709378570,-0.4098107219,0.1369676143
2.8484349251,0.0017360990,-0.0180516317,0.0738188848,0.0367932022,-0.4090605080,0.1306122541
2.8585460186,-0.0068188366,-0.0264899731,0.0724980459,0.0069365045,-0.4135527313,0.1327891201
2.8690171242,-0.0065283235,-0.0371293686,0.0751577243,-0.0293107163,-0.4212692380,0.1381764263
2.8792250156,-0.0120779034,-0.0423197784,0.0738414750,-0.0592780672,-0.4171075225,0.1519813240
2.8891830444,-0.0157917794,-0.0418821685,0.0724680647,-0.0892961547,-0.4075843394,0.1678763926
2.8995752335,-0.0215453412,-0.0455960296,0.0642178282,-0.1002882197,-0.3796453774,0.1953254640
2.9087200165,-0.0247090962,-0.0532964058,0.0539893731,-0.1114055887,-0.3356928229,0.2205456048
2.9187090397,-0.0195672121,-0.0579856634,0.0388546214,-0.1044661850,-0.2840469480,0.2542026341
2.9283950329,-0.0111195352,-0.0508025140,0.0314266309,-0.1038243622,-0.2442332357,0.2847533524
2.9384279251,-0.0041522440,-0.0444912054,0.0346836671,-0.1149945930,-0.2011877596,0.3291031122
2.9486122131,-0.0021935608,-0.0568965264,0.0320793018,-0.1440725774,-0.1840031743,0.3651332855
2.9587810040,-0.0121249314,-0.0755280629,0.0283874497,-0.1840386391,-0.1485628933,0.4212391376
2.9686510563,-0.0146131124,-0.0857657567,0.0188031420,-0.2474780828,-0.1133292690,0.4741745293
2.9787280560,-0.0155030843,-0.0936350152,0.0101660714,-0.3119240403,-0.0834941417,0.5207675099
2.9886679649,-0.0117743965,-0.1000255272,-0.0072898050,-0.3646282554,-0.0535668731,0.5684178472
2.9985661507,0.0092324261,-0.1018751487,-0.0275956169,-0.4235384464,-0.0409384295,0.5991887450
3.0109071732,0.0270814393,-0.0925437659,-0.0313949957,-0.4907819331,-0.0466935188,0.6120217443
3.0191869736,0.0459387712,-0.0770213977,-0.0274008289,-0.5684711337,-0.0740425885,0.6090667248
3.0287280083,0.0523357503,-0.0593587346,-0.0205949321,-0.6578201652,-0.1069246382,0.5944688320
3.0387220383,0.0474960469,-0.0522322431,-0.0167522207,-0.7396662831,-0.1440136731,0.5809549093
3.0485091209,0.0402348451,-0.0508714132,-0.0246482864,-0.8396294117,-0.1855009347,0.5696074367
3.0583920479,0.0440976582,-0.0553818792,-0.0236627236,-0.9470289350,-0.2323680371,0.5604231358
3.0683560371,0.0463510863,-0.0597553216,-0.0070976396,-1.0074273348,-0.2883762121,0.5650780797
3.0783810616,0.0528861694,-0.0470363013,-0.0121409073,-1.0070964098,-0.3331628442,0.5770544410
3.0883560181,0.0576021113,-0.0137693249,-0.0281159058,-0.9684941769,-0.3563323319,0.5824897289
3.0983641148,0.0633297116,0.0191021375,-0.0333547965,-0.8776865005,-0.3642022610,0.5803543925
3.1083300114,0.0651274398,0.0371761061,-0.0346652642,-0.7859600186,-0.3476243317,0.5610597730
3.1183350086,0.0649059042,0.0442966707,-0.0281165615,-0.7122754455,-0.3366886079,0.5226889253
3.1283202171,0.0675863400,0.0471799560,-0.0127495900,-0.6554952860,-0.3409786820,0.4695575535
3.1386220455,0.0586237349,0.0464606024,0.0025533061,-0.6179559827,-0.3411613703,0.4142885506
3.1620340347,0.0486615412,0.0528270714,0.0217060670,-0.5867895484,-0.3477508426,0.3654395342
3.1620988846,0.0417491905,0.0525567196,0.0438390598,-0.5694836378,-0.3607622385,0.3283290267
3.1688499451,0.0400369130,0.0524135269,0.0572328195,-0.5391944647,-0.3929550648,0.2860209942
3.1783850193,0.0328463577,0.0436583050,0.0686742887,-0.5004380345,-0.4196631014,0.2532361746
3.1883258820,0.0240691099,0.0303726830,0.0782011971,-0.4445707500,-0.4546919465,0.2311140746
3.1982769966,0.0166290794,0.0243485309,0.0731047019,-0.3887442350,-0.4843856394,0.2078947872
3.2082362175,0.0142215732,0.0248108990,0.0583017096,-0.3075945377,-0.4838306308,0.1993353963
3.2181491852,0.0106814373,0.0321255811,0.0621269569,-0.2029833049,-0.4851305187,0.2024572790
3.2313661575,0.0031494442,0.0364821292,0.0679860935,-0.1102863923,-0.4682908356,0.2129072547
3.2382171154,0.0004613866,0.0268663205,0.0671733245,-0.0506596789,-0.4517579079,0.2170062661
3.2482450008,-0.0042837467,-0.0018416753,0.0703835711,-0.0220157839,-0.4301604927,0.2168462127
3.2582859993,-0.0102817472,-0.0247188620,0.0666818246,-0.0522023141,-0.3919598162,0.2123730183
3.2682321072,-0.0108072888,-0.0391875766,0.0658219084,-0.1069012508,-0.3613696992,0.2143376321
3.2782659531,-0.0096260179,-0.0598949306,0.0747031793,-0.1477396190,-0.3369075060,0.2365152389
3.2881309986,-0.0057842042,-0.0672856793,0.0727174506,-0.1725288630,-0.3207857907,0.2693621218
3.2982668877,-0.0011831055,-0.0640647784,0.0599140748,-0.1589173079,-0.3022072911,0.3053559661
3.3081169128,-0.0006445850,-0.0566491298,0.0480689630,-0.1292361021,-0.2888888419,0.3360581994
3.3182070255,-0.0070919450,-0.0567652993,0.0362218842,-0.0985060260,-0.2713311613,0.3614196479
3.3281888962,-0.0108220745,-0.0613990389,0.0293492898,-0.0624715984,-0.2505092323,0.3888816237
3.3381750584,-0.0120219234,-0.0656023100,0.0313304290,-0.0425731242,-0.2179813832,0.4247774184
3.3482241631,-0.0066575650,-0.0607832633,0.0284468159,-0.0256290287,-0.2101780474,0.4470252097
3.3581199646,-0.0082086790,-0.0598211698,0.0206598267,-0.0268864408,-0.1950496882,0.4671122432
3.3681159019,-0.0079261381,-0.0569558851,0.0109071359,-0.0408757590,-0.1896322966,0.4883346856
3.3781630993,-0.0028741192,-0.0590113513,0.0090199336,-0.0505905710,-0.1831490993,0.5052976012
3.3882520199,0.0012020675,-0.0564020984,0.0021782143,-0.0772088617,-0.1898040771,0.5011097789
3.3981208801,0.0013247674,-0.0471987240,0.0069714407,-0.1005749106,-0.1997027695,0.4895034432
3.4080970287,0.0036475826,-0.0421378128,0.0058921198,-0.1302438527,-0.2140990198,0.4577457607
3.4181261063,0.0060100500,-0.0334734432,0.0252666697,-0.1716458946,-0.2265173495,0.4174824953
3.4281051159,0.0028610472,-0.0350783728,0.0133268461,-0.2003845870,-0.2238147706,0.3845508993
3.4380750656,0.0134319551,-0.0242951177,-0.0074107428,-0.2481023222,-0.2459245920,0.3422327340
3.4480900764,0.0192108508,-0.0050223279,0.0068817954,-0.2850606143,-0.2796791196,0.3031689823
3.4581210613,0.0148096085,-0.0095135979,0.0094357356,-0.2933441997,-0.3065562546,0.2927263081
3.4680762291,0.0116126016,-0.0129382424,0.0178508386,-0.2760326266,-0.3310863674,0.2833117545
3.4780941010,0.0123466644,0.0092866458,0.0223142132,-0.2309989631,-0.3521857858,0.2749176323
3.4881041050,0.0132446419,0.0290642269,0.0229264125,-0.1701326817,-0.3559629619,0.2780867815
3.4981501102,0.0151278451,0.0378119536,0.0305553302,-0.0911719501,-0.3510986865,0.2758770287
3.5080871582,0.0064394791,0.0305901356,0.0285153016,-0.0207257513,-0.3495031893,0.2736926973
3.5180790424,0.0013621544,0.0357141383,0.0343420729,0.0378921553,-0.3320850432,0.2576028407
3.5281472206,-0.0068669077,0.0431474186,0.0382369384,0.0836066455,-0.3040608466,0.2435780764
3.5407872200,-0.0094386581,0.0411646254,0.0461844429,0.0962446779,-0.2752798200,0.2231979817
3.5482590199,-0.0130886156,0.0333448835,0.0521943197,0.0950830057,-0.2551724315,0.2007581890
3.5584790707,-0.0110215042,0.0253621824,0.0543083772,0.0779383779,-0.2436305434,0.1900671870
3.5681080818,-0.0168653522,0.0189902522,0.0660558566,0.0480419993,-0.2386086285,0.1794315875
3.5780711174,-0.0218013283,0.0142802037,0.0816703662,0.0214054585,-0.2368477583,0.1603192836
3.5880541801,-0.0226483066,0.0092610605,0.0767510757,-0.0074056834,-0.2360472083,0.1550222486
3.5982599258,-0.0176818352,0.0118424930,0.0698361024,-0.0255708378,-0.2340442389,0.1560859084
3.6081690788,-0.0167115722,0.0182023384,0.0638308153,-0.0288955290,-0.2232911885,0.1666424125
3.6181621552,-0.0226863455,0.0225252546,0.0568000898,-0.0322388597,-0.2072621584,0.1686632186
3.6281170845,-0.0298449527,0.0239485838,0.0653994307,-0.0430345163,-0.1892488003,0.1600548178
3.6381158829,-0.0390744694,0.0154936798,0.0681632981,-0.0486187674,-0.1562248021,0.1524087638
3.6483380795,-0.0427198112,0.0060242903,0.0651070103,-0.0606274940,-0.1221525893,0.1479466259
3.6581702232,-0.0379844867,0.0092661120,0.0679176673,-0.0682463944,-0.0988185108,0.1339907348
3.6680998802,-0.0392880589,0.0094317384,0.0697086677,-0.0833678246,-0.0744167641,0.1264063120
3.6782631874,-0.0417347476,0.0055149388,0.0734299049,-0.0994631723,-0.0596790910,0.1146362051
3.7037720680,-0.0451988354,-0.0024000963,0.0712960586,-0.0985113606,-0.0489111319,0.1230648458
3.7038569450,-0.0392240398,0.0064369333,0.0682035312,-0.0795129016,-0.0325169787,0.1473771185
3.7185540199,-0.0305347461,0.0263022371,0.0573242530,-0.0423373021,-0.0202456657,0.1738313586
3.7186100483,-0.0198560115,0.0387830622,0.0455830321,0.0088481214,-0.0239016544,0.2003809512
3.7280759811,-0.0159343462,0.0322281308,0.0505634174,0.0451494008,-0.0330584012,0.2216628045
3.7380871773,-0.0158126932,0.0160903670,0.0585355982,0.0547470339,-0.0371452868,0.2344287932
3.7480740547,-0.0204512831,-0.0001734604,0.0576630458,0.0334870219,-0.0479976684,0.2345140129
3.7581071854,-0.0250416566,0.0007513951,0.0449103341,-0.0091256863,-0.0506347306,0.2154409736
3.7680730820,-0.0296815876,0.0081595667,0.0311076269,-0.0369280241,-0.0381695405,0.1983813047
3.7781481743,-0.0258328896,0.0155019797,0.0300327763,-0.0488956049,-0.0115248784,0.2003420591
3.7881898880,-0.0144892838,0.0315706022,0.0270256028,-0.0479549766,0.0055467822,0.1959811300
3.7981340885,-0.0120141711,0.0446389653,0.0181050524,-0.0373577215,0.0183773600,0.1863266379
3.8085842133,-0.0124927144,0.0500265099,0.0043311934,-0.0203449167,0.0301839504,0.1766766757
3.8181099892,-0.0140548293,0.0527135469,-0.0015619773,-0.0043760706,0.0419205017,0.1595903784
3.8280501366,-0.0127036553,0.0526569970,-0.0054479619,-0.0000878489,0.0450419933,0.1457560509
3.8382461071,-0.0083170701,0.0516988523,-0.0005154986,-0.0030691242,0.0266632531,0.1246317104
3.8478651047,-0.0056952033,0.0535909422,0.0063207368,-0.0145899588,0.0071723759,0.1056431085
3.8580880165,-0.0067375246,0.0552899130,0.0082166418,-0.0208012499,-0.0111605581,0.0919539332
3.8695812225,-0.0065402109,0.0519187488,0.0013084036,-0.0312229991,-0.0349090323,0.0740545616
3.8805310726,-0.0042253006,0.0494107641,-0.0016920347,-0.0364294760,-0.0447036028,0.0581853166
3.8880691528,-0.0018949675,0.0478579290,0.0001800280,-0.0375080593,-0.0384081565,0.0453965515
3.8990240097,0.0003675615,0.0472999997,-0.0018600601,-0.0311460346,-0.0277880058,0.0325784944
3.9088921547,0.0024844874,0.0478241034,0.0029356699,-0.0195160098,-0.0096284421,0.0207663067
3.9182438850,-0.0013714264,0.0425566919,0.0009218078,-0.0068239151,0.0054157544,0.0185345784
3.9279999733,-0.0053501520,0.0393302776,0.0047666053,-0.0014941311,0.0075673228,0.0153297307
3.9381442070,-0.0034635868,0.0322949328,0.0067283134,0.0070105405,0.0098131662,0.0195557680
3.9481191635,-0.0064273160,0.0281928815,-0.0020809548,0.0113030234,0.0066490648,0.0206356794
3.9582591057,-0.0064719450,0.0193142630,-0.0020633715,0.0134354169,0.0087641468,0.0163722243
3.9713659286,-0.0084904041,0.0153125115,0.0018409115,0.0092481282,0.0011957099,0.0100498805
3.9783020020,-0.0104174968,0.0083181597,0.0028085331,0.0028843721,-0.0031439110,0.0079562366
3.9882740974,-0.0084441099,0.0081118084,0.0066879611,-0.0066486793,-0.0096849008,0.0016309628
3.9979979992,-0.0102400277,0.0068875444,0.0085946545,-0.0065518729,-0.0224859174,0.0049027894
4.0080819130,-0.0099428575,0.0017859081,0.0056393961,0.0019784980,-0.0213511456,0.0048894733
4.0184321404,-0.0097175036,0.0055769426,0.0016948801,0.0084209507,-0.0245376173,0.0017197793
4.0282659531,-0.0133613069,0.0074837250,-0.0003101010,0.0094984658,-0.0224643461,-0.0067935479
4.0407552719,-0.0141180325,0.0055812639,0.0026204209,0.0083684865,-0.0139446268,-0.0100378105
4.0493850708,-0.0129637774,-0.0002837588,-0.0002803582,0.0061215772,-0.0032104901,-0.0026691102
4.0581459999,-0.0080280695,-0.0021509191,-0.0031399508,0.0135015966,0.0054549035,0.0047090445
4.0681471825,-0.0032380875,0.0019237290,-0.0030996581,0.0209438000,0.0066357488,0.0110705374
4.0780830383,-0.0014433133,0.0061635715,0.0028118114,0.0443286151,0.0154372305,0.0184305813
4.0883808136,-0.0035611149,0.0047568572,0.0068136672,0.0667108893,0.0167427119,0.0258432236
4.0980253220,-0.0057072397,0.0044880700,0.0098569617,0.0848215818,0.0201129410,0.0289976075
4.1079449654,-0.0068507884,0.0072788638,0.0090119466,0.0912837386,0.0147826243,0.0247780941
4.1179952621,-0.0079412553,0.0061603081,0.0072068195,0.0837953314,0.0189499408,0.0183797143
4.1280741692,-0.0080498513,0.0049514663,0.0014822107,0.0741746649,0.0210040361,0.0173107218
4.1388239861,-0.0052864756,0.0007732998,0.0026227455,0.0656572059,0.0208817963,0.0109440368
4.1483330727,-0.0026076529,-0.0025350263,0.0047230343,0.0517054424,0.0303839557,0.0098297708
4.1595830917,-0.0029809494,0.0017914663,0.0077127437,0.0388892442,0.0323957056,0.0066382377
4.1683249474,-0.0043533277,0.0011789838,0.0136385784,0.0398530439,0.0441780649,0.0086859427
4.1782140732,-0.0067383219,-0.0043450105,0.0166496262,0.0355519056,0.0484106243,0.0075992397
4.1882190704,-0.0072329845,-0.0011395772,0.0196174607,0.0291680396,0.0503989421,-0.0040954994
4.1981248856,-0.0096321646,-0.0086953007,0.0245809779,0.0280750804,0.0525505096,-0.0009191470
4.2081689835,-0.0110960845,-0.0133555941,0.0226935968,0.0258334968,0.0622249767,0.0075188121
4.2179517746,-0.0126468521,-0.0082486086,0.0197867975,0.0279989131,0.0569308773,0.0107359113
4.2278752327,-0.0141675714,-0.0108955018,0.0159412846,0.0343193933,0.0634742603,0.0202505868
4.2380270958,-0.0148299541,-0.0144423358,0.0199473724,0.0406727642,0.0657494068,0.0308564920
4.2480931282,-0.0155251268,-0.0111112706,0.0200104937,0.0437614992,0.0733910799,0.0467406474
4.2581968307,-0.0114241000,-0.0096860938,0.0123163089,0.0468383804,0.0810628459,0.0658103526
4.2679181099,-0.0103653651,-0.0092525743,0.0084961280,0.0446002632,0.0907282606,0.0731859729
4.2778701782,-0.0094512682,-0.0098041408,0.0125132427,0.0337900892,0.1045980006,0.0805425495
4.2891812325,-0.0096319709,-0.0114429407,0.0106435642,0.0261707865,0.1216579452,0.0825620294
4.3007941246,-0.0090083685,-0.0141714625,0.0077952961,0.0121034365,0.1440093219,0.0834861472
4.3087787628,-0.0067585763,-0.0112030022,0.0029534323,-0.0063621243,0.1823521852,0.0843127891
4.3185062408,-0.0087550748,-0.0122903697,0.0029551010,-0.0258392859,0.2142683119,0.0851848498
4.3296737671,-0.0062723700,-0.0076798159,0.0097826943,-0.0496114567,0.2451702952,0.0956249759
4.3381628990,-0.0070730988,-0.0033473780,0.0067619304,-0.0660173297,0.2879078984,0.1081061363
4.3479371071,-0.0081872661,-0.0020349135,0.0086143836,-0.0736504868,0.3050040603,0.1143749505
4.3578338623,-0.0084613990,-0.0066334414,0.0095147118,-0.0791693479,0.3273985982,0.1131704077
4.3678932190,-0.0069308300,-0.0053532529,0.0094121918,-0.0781392381,0.3348245621,0.1056847945
4.3778262138,-0.0053935889,-0.0021771153,0.0102679357,-0.0929068699,0.3227455020,0.0813380405
4.3878078461,-0.0046301093,-0.0020558645,0.0159712061,-0.1076003313,0.3021067977,0.0559847504
4.3984413147,-0.0035014618,-0.0079628341,0.0167749748,-0.1265338063,0.2729923427,0.0434388630
4.4082002640,-0.0061227269,-0.0101482384,0.0233735070,-0.1371062845,0.2642784715,0.0339412317
4.4179992676,-0.0076317415,-0.0094786547,0.0231073722,-0.1316745132,0.2525696158,0.0350773335
4.4277973175,-0.0061639827,-0.0027941128,0.0169869289,-0.1049438268,0.2463817596,0.0372235775
4.4378700256,-0.0075263213,0.0051719886,0.0070005874,-0.0632124916,0.2317945659,0.0436640345
4.4479589462,-0.0078552607,0.0126865394,0.0039297561,-0.0077090170,0.2269979417,0.0574674644
4.4636921883,-0.0100547019,0.0158319511,-0.0029423018,0.0424899720,0.2189373523,0.0691701919
4.4699120522,-0.0081901420,0.0106297620,-0.0038134237,0.0725946128,0.1955931485,0.0618638135
4.4793062210,-0.0100022238,0.0075215143,-0.0017682094,0.0770655200,0.1752303541,0.0513685569
4.4882249832,-0.0106116440,-0.0004270782,-0.0045656939,0.0803750306,0.1613797843,0.0535808466
4.4981002808,-0.0071644690,-0.0055389362,-0.0151721612,0.0666331202,0.1473262906,0.0473064408
4.5080800056,-0.0016927513,-0.0049086469,-0.0218978301,0.0507345833,0.1343596280,0.0452768467
4.5192351341,0.0067952815,-0.0024800112,-0.0188749805,0.0285318121,0.1137616709,0.0316153616
4.5281867981,0.0077345874,-0.0042410898,-0.0120233074,0.0105983512,0.0911056250,0.0232756715
4.5380749702,0.0098902117,-0.0032403131,-0.0130148306,0.0033014221,0.0707241893,0.0223548822
4.5480198860,0.0082723815,0.0036011229,-0.0179628506,0.0087350700,0.0590094738,0.0224270541
4.5580558777,0.0086959470,0.0154330470,-0.0238798633,0.0227105413,0.0463064611,0.0235594325
4.5680522919,0.0102306511,0.0157605149,-0.0199102536,0.0334649198,0.0399042219,0.0150943073
4.5777630806,0.0128635112,0.0142035820,-0.0217822567,0.0399679579,0.0292364005,0.0109063536
4.5877628326,0.0116150100,0.0156493522,-0.0207534209,0.0527924076,0.0282486342,0.0087790200
4.5977869034,0.0074429829,0.0152582265,-0.0197166577,0.0656224564,0.0272475500,0.0055914824
4.6077461243,0.0061266404,0.0139960684,-0.0147356167,0.0698880404,0.0314739868,-0.0040004244
4.6177778244,0.0097266119,0.0108016320,-0.0155530944,0.0666658804,0.0367299989,-0.0114692599
4.6277132034,0.0104133692,0.0084894784,-0.0164267197,0.0645976663,0.0302649122,-0.0156754572
4.6377720833,0.0081753973,0.0110370256,-0.0192969218,0.0720593184,0.0282576866,-0.0071685207
4.6477241516,0.0068900157,0.0137131400,-0.0231122151,0.0815593451,0.0359307900,0.0065861731
4.6577491760,0.0083426330,0.0174804218,-0.0220230594,0.0931741819,0.0436731316,0.0267140772
4.6677451134,0.0078783724,0.0145557858,-0.0189283863,0.1070543155,0.0395870432,0.0362924039
4.6777410507,0.0103609692,0.0117589422,-0.0148259774,0.1134348512,0.0376075134,0.0490496121
4.6877622604,0.0089721326,0.0079626031,-0.0136812702,0.1102260053,0.0355086774,0.0565022007
4.6977100372,0.0056645963,0.0011562000,-0.0135246888,0.0984861255,0.0354127996,0.0554466583
4.7076921463,0.0033110697,-0.0037935784,-0.0094802752,0.0824925154,0.0352436900,0.0501469672
4.7179298401,0.0019142610,-0.0012346765,-0.0074661751,0.0441700257,0.0304939449,0.0300218593
4.7276992798,0.0006341060,-0.0058551985,-0.0093783513,0.0217475407,0.0324308611,0.0268377829
4.7376832962,0.0051900055,-0.0085989200,-0.0054220934,0.0079764687,0.0205443744,0.0237353314
4.7510600090,0.0039102826,0.0021464119,-0.0064679761,0.0037646797,0.0151314996,0.0195238087
4.7580442429,-0.0002248193,0.0109380521,-0.0104504004,0.0176545288,0.0152050024,0.0163297467
4.7681040764,0.0014908632,0.0141683556,-0.0084646717,0.0357477814,0.0196655318,0.0216001421
4.7788109779,0.0051360410,0.0195469894,-0.0044830819,0.0507597513,0.0133245438,0.0152514335
4.7879209518,0.0088903364,0.0191748627,-0.0024172445,0.0603924058,0.0122848460,0.0099394927
4.7976808548,0.0068261344,0.0119537599,-0.0032789488,0.0592732131,0.0197339747,0.0077699479
4.8079471588,-0.0001018885,0.0036433677,-0.0041985293,0.0443643034,0.0195278451,-0.0028422158
4.8176488876,-0.0052426029,-0.0009066273,-0.0071015139,0.0292561911,0.0407580361,-0.0061557209
4.8283138275,-0.0056348648,-0.0046738046,-0.0080615059,0.0057258317,0.0480212718,-0.0104359528
4.8379411697,-0.0022771936,-0.0066222954,-0.0012174625,-0.0093071796,0.0575513951,-0.0073000807
4.8480472565,0.0030104984,-0.0068102586,0.0016916018,-0.0295738354,0.0573583171,-0.0115342410
4.8591389656,-0.0005390103,-0.0033295413,0.0025459151,-0.0339234434,0.0648540482,-0.0062690382
4.8678679466,-0.0003431457,-0.0017361005,0.0073294262,-0.0308648050,0.0778031349,0.0053311591
4.8776679039,-0.0041348469,-0.0020027866,0.0062359790,-0.0139231039,0.0908414423,0.0147962999
4.8879351616,-0.0089619588,-0.0021218171,0.0051660161,-0.0011985200,0.0995265394,0.0189806595
4.8974661827,-0.0139034074,-0.0050143707,0.0070530991,0.0082750097,0.1145893782,0.0220639333
4.9079113007,-0.0151288342,-0.0097327195,0.0089878663,0.0144303739,0.1403879523,0.0335786417
4.9178028107,-0.0107744802,-0.0095101260,0.0109276399,0.0110982265,0.1553434730,0.0356087685
4.9285931587,-0.0085463095,-0.0112585984,0.0118733868,0.0119748060,0.1778117716,0.0375878997
4.9378991127,-0.0074777547,-0.0072183865,0.0088498220,0.0108066099,0.1916594058,0.0321831442
4.9476571083,-0.0105033051,-0.0022120734,0.0018629652,0.0202073008,0.2184156477,0.0277535096
4.9575042725,-0.0117562693,0.0020059983,0.0027396304,0.0318963155,0.2280565500,0.0202485900
4.9678192139,-0.0140399467,0.0023628215,0.0065430026,0.0350540243,0.2376093119,0.0095605254
4.9776439667,-0.0104851481,0.0017877559,0.0084319934,0.0308136083,0.2364561558,0.0042620329
4.9878869057,-0.0078230035,0.0020858983,0.0093317851,0.0180674531,0.2341019213,-0.0095248856
4.9978480339,-0.0090819057,0.0051811081,0.0062625031,0.0159648880,0.2329549044,-0.0169535074
5.0076541901,-0.0102433395,0.0082538910,0.0051279287,0.0118127530,0.2211115509,-0.0232481547
5.0176868439,-0.0084320214,0.0114115514,0.0147864446,0.0140115917,0.2084117532,-0.0104185101
5.0277757645,-0.0034114998,0.0106394626,0.0176510438,0.0111063495,0.1731009036,-0.0123122837
5.0380110741,0.0000043457,0.0097969063,0.0205191597,0.0102560017,0.1495183408,-0.0195960291
5.0486559868,-0.0031075235,0.0059021902,0.0135874376,0.0104490817,0.1280985326,-0.0247692205
5.0578670502,-0.0032203998,0.0128509142,0.0105571970,0.0213091858,0.1046877503,-0.0225004721
5.0676193237,-0.0041244384,0.0189233460,0.0085301027,0.0278118253,0.0940228552,-0.0256230272
5.0778431892,-0.0029759612,0.0221177079,0.0075245122,0.0342428274,0.0866823792,-0.0149562694
5.0876131058,0.0002240260,0.0205135532,0.0026728730,0.0427859798,0.0825550109,-0.0053739501
5.0975532532,-0.0034630802,0.0218499191,-0.0002950210,0.0458857715,0.0891213045,0.0094535984
5.1075429916,-0.0033803638,0.0203257240,-0.0042046090,0.0457579345,0.1009587869,0.0189384464
5.1176109314,-0.0024551060,0.0109882094,-0.0002767820,0.0381715223,0.1106119454,0.0295041390
5.1275119781,0.0032909978,0.0006745647,0.0056365947,0.0285367370,0.1147944406,0.0273589641
5.1375341415,0.0031957049,-0.0040493268,0.0016812306,0.0136194406,0.1156583726,0.0178060718
5.1475601196,0.0030054171,-0.0010849943,-0.0003754873,0.0061452789,0.1208355576,0.0050290232
5.1575169563,0.0028231535,0.0047752899,-0.0053958078,0.0104866317,0.1185886487,-0.0119588822
5.1675229073,0.0007181187,0.0087284930,-0.0025791307,0.0159615576,0.1088574603,-0.0299602523
5.1775178909,-0.0012068058,0.0078317113,-0.0016987104,0.0171095133,0.1034254059,-0.0416135788
5.1875672340,-0.0010124053,0.0049774391,-0.0075973053,0.0247405358,0.0894720405,-0.0553395115
5.1977910995,0.0012059455,0.0051673544,-0.0144612566,0.0344500206,0.0819590017,-0.0669805855
5.2077293396,0.0034881998,0.0084579773,-0.0183771625,0.0537893623,0.0692285597,-0.0732858852
5.2177867889,0.0029235575,0.0119705237,-0.0173848048,0.0773052126,0.0661840290,-0.0764732957
5.2275400162,0.0004344006,0.0117996223,-0.0163436905,0.0986254141,0.0664215833,-0.0679905936
5.2374849319,0.0087263379,0.0128696747,-0.0142160431,0.1179726049,0.0494878739,-0.0657691136
5.2475571632,0.0093697924,0.0130241700,-0.0101646557,0.1255445182,0.0377806202,-0.0667608753
5.2577300072,0.0092128534,0.0044091237,-0.0041206856,0.1192165762,0.0312585346,-0.0730856210
5.2675418854,0.0071559940,-0.0063492912,-0.0039551039,0.0999997407,0.0332111642,-0.0773344263
5.2777009010,0.0070463512,-0.0134473406,-0.0048169275,0.0690930858,0.0297077801,-0.0847296193
5.2877559662,0.0058929492,-0.0208139233,-0.0008420128,0.0433805287,0.0423071943,-0.0879805386
5.2975039482,0.0065501872,-0.0226193927,-0.0027782698,0.0144828381,0.0537923425,-0.0933454856
5.3077330589,0.0070739705,-0.0177925639,-0.0038370865,0.0027012797,0.0569439270,-0.0891081318
5.3176751137,0.0114316661,-0.0139023773,-0.0019121546,0.0101325642,0.0581530035,-0.0795601606
5.3277559280,0.0089378450,-0.0089665316,0.0028821449,0.0207892023,0.0582808368,-0.0742564797
5.3378238678,0.0084635559,-0.0028684249,0.0008877736,0.0464536883,0.0478990339,-0.0614577271
5.3476328850,0.0090694074,0.0054769111,-0.0030060192,0.0700106770,0.0353374332,-0.0518311970
5.3584380150,0.0058594439,0.0082322396,-0.0039279838,0.0977315232,0.0356341116,-0.0422912203
5.3677191734,0.0016539936,0.0063579124,-0.0067561050,0.1232528612,0.0434038825,-0.0317355171
5.3774480820,0.0051104371,0.0057448638,-0.0046242257,0.1359647959,0.0510759205,-0.0211708900
5.3874168396,0.0045945887,0.0052182716,-0.0015567917,0.1465388834,0.0608313456,-0.0148671875
5.3977289200,0.0030070860,-0.0011396219,-0.0043310900,0.1464215666,0.0736882910,-0.0106989406
5.4074201584,0.0003357177,-0.0037156602,-0.0042322059,0.1271836907,0.0777874291,-0.0138992611
5.4174160957,-0.0023697149,-0.0074706781,-0.0002469796,0.1058432460,0.0786478966,-0.0192029476
5.4275703430,-0.0031862017,-0.0075125652,0.0027291398,0.0961538628,0.0902933627,-0.0235212632
5.4377160072,-0.0021047425,-0.0066581178,0.0037357430,0.0876155049,0.0891788304,-0.0213843416
5.4479231834,-0.0000214706,-0.0039540487,0.0047300677,0.0705805942,0.0878874660,-0.0319879837
5.4576759338,-0.0017438884,-0.0083025359,0.0047273259,0.0557126999,0.0833925754,-0.0436323881
5.4675960541,-0.0014931167,-0.0108100884,0.0066622118,0.0408282913,0.0810308829,-0.0563553721
5.4782729149,-0.0032026526,-0.0066816020,0.0085503086,0.0195423104,0.0754734054,-0.0626815781
5.4879093170,-0.0077876057,-0.0007947494,0.0113556013,0.0056715030,0.0743064061,-0.0616019368
5.4974961281,-0.0094078090,-0.0008013655,0.0093124136,0.0087993862,0.0776630566,-0.0467518829
5.5073909760,-0.0042209234,0.0013024698,0.0083188638,0.0184118003,0.0724933296,-0.0350387692
5.5175981522,-0.0049429294,0.0073426706,0.0023583393,0.0247113742,0.0780465528,-0.0159546882
5.5275249481,-0.0026012119,0.0115657784,-0.0015593547,0.0398386605,0.0484007709,0.0033500334
5.5373792648,-0.0000832583,0.0043334556,0.0063300352,0.0558686256,0.0411540456,0.0161336064
5.5474019051,-0.0072724279,-0.0068074274,0.0073330621,0.0610937476,0.0498537943,0.0288222358
5.5573592186,-0.0077930745,-0.0080847777,0.0054149847,0.0620624758,0.0584856309,0.0372640565
5.5674390793,-0.0084467735,-0.0016022583,0.0044154744,0.0577508174,0.0627456233,0.0393642262
5.5774908066,-0.0080828797,-0.0029592325,0.0063791494,0.0523971990,0.0669315830,0.0340300463
5.5909137726,-0.0087342393,-0.0112398677,0.0103083476,0.0406398736,0.0700197816,0.0308310576
5.5976462364,-0.0094540175,-0.0138046704,0.0141858682,0.0299536735,0.0741514042,0.0233736746
5.6095342636,-0.0102524813,-0.0106729083,0.0131252035,0.0128436619,0.0782851651,0.0222964268
5.6185550690,-0.0101343822,-0.0008310710,0.0120142922,0.0011198949,0.0781485513,0.0169938058
5.6274681091,-0.0070449319,0.0060789925,0.0109514818,0.0064307703,0.0793038309,0.0222945623
5.6374511719,-0.0039422121,0.0121386610,0.0108781084,0.0181906242,0.0751636773,0.0276258104
5.6475682259,-0.0056769084,0.0182905905,0.0147006735,0.0299727134,0.0678277314,0.0340395048
5.6573190689,-0.0054309871,0.0187527575,0.0215185508,0.0438299403,0.0700773075,0.0350797325
5.6673789024,-0.0110407677,0.0231739245,0.0165510997,0.0608291626,0.0798279345,0.0350046344
5.6773381233,-0.0138433632,0.0307334922,0.0135648474,0.0778893679,0.0820985436,0.0349774696
5.6873869896,-0.0117687192,0.0287834890,0.0175046548,0.0970391035,0.0907788575,0.0327830240
5.6973190308,-0.0107096490,0.0229471438,0.0234217867,0.0895293877,0.0991848558,0.0221076086
5.7073049545,-0.0116752740,0.0198898353,0.0185232982,0.0895006284,0.1076260135,0.0093041956
5.7172908783,-0.0127385166,0.0197606273,0.0096919164,0.1021959111,0.1237064451,0.0028143383
5.7276630402,-0.0130609479,0.0227331854,0.0125730261,0.1127750501,0.1344943792,0.0048617767
5.7374429703,-0.0095155593,0.0248409249,0.0193889961,0.1106683612,0.1333598644,-0.0004393787
5.7473521233,-0.0078338441,0.0210158415,0.0213504657,0.1149358079,0.1365356892,-0.0078996923
5.7575769424,-0.0060984995,0.0142253526,0.0193997249,0.1107245535,0.1321686357,-0.0142404120
5.7692413330,-0.0063026007,0.0082864724,0.0154543146,0.0947431922,0.1309217364,-0.0205955133
5.7774209976,-0.0055272039,0.0061061126,0.0144243464,0.0798233598,0.1296990812,-0.0248256791
5.7880721092,-0.0027583893,-0.0010565331,0.0153786764,0.0649360269,0.1231620982,-0.0258352831
5.7988672256,0.0000947212,-0.0045414302,0.0153146610,0.0351521634,0.1132471487,-0.0342528708
5.8075227737,-0.0047521945,-0.0083836652,0.0083324537,0.0127334073,0.1130828336,-0.0331737548
5.8172597885,-0.0087027010,-0.0133728497,0.0023111324,-0.0044193463,0.1225578263,-0.0342844278
5.8273200989,-0.0059687849,-0.0164988376,0.0002063137,-0.0173386075,0.1342509687,-0.0301016681
5.8372359276,-0.0004121418,-0.0128202252,-0.0019289631,-0.0215802267,0.1320533305,-0.0332716256
5.8473052979,0.0051846746,-0.0110842399,-0.0059994836,-0.0119963074,0.1332325786,-0.0290364027
5.8572378159,0.0088132713,-0.0082663260,-0.0100734606,-0.0013188953,0.1333060712,-0.0301067270
5.8672990799,0.0085616205,-0.0063086408,-0.0112335458,0.0093973987,0.1270034313,-0.0268861651
5.8772358894,0.0073824618,-0.0081332885,-0.0123762265,0.0221942868,0.1260857135,-0.0215804838
5.8873043060,0.0111460034,-0.0098049454,-0.0173587576,0.0340062045,0.1155345365,-0.0162083544
5.8973870277,0.0140827838,-0.0133085363,-0.0203401223,0.0415587984,0.1049255654,-0.0129543720
5.9076418877,0.0131444875,-0.0176942684,-0.0233515278,0.0543190651,0.1051514000,0.0019087302
5.9176750183,0.0131244902,-0.0170627944,-0.0214679018,0.0618374348,0.0977685899,0.0072656795
5.9274010658,0.0141380969,-0.0153454058,-0.0205565467,0.0767833665,0.0926491991,0.0200371332
5.9374060631,0.0180912856,-0.0134796314,-0.0195864812,0.0821192712,0.0895561948,0.0285528582
5.9525070190,0.0211367849,-0.0135785677,-0.0166705027,0.0726253688,0.0745468885,0.0318439938
5.9614109993,0.0214448366,-0.0197259746,-0.0147131458,0.0524224974,0.0647744164,0.0319200233
5.9680652618,0.0198786501,-0.0270348303,-0.0118025318,0.0321931243,0.0571636371,0.0351706818
5.9787569046,0.0173208360,-0.0257796906,-0.0060201664,0.0045204842,0.0473293848,0.0352543034
5.9879841805,0.0168073270,-0.0227854736,-0.0002460856,-0.0135725001,0.0407766774,0.0353094302
5.9975452423,0.0143319461,-0.0102313347,-0.0004027862,-0.0263560731,0.0385207087,0.0332088619
6.0072369576,0.0138548408,0.0042684567,-0.0034853001,-0.0167124998,0.0332694873,0.0353609622
6.0171651840,0.0133999828,0.0120719858,-0.0016275424,0.0014028549,0.0345323607,0.0406478681
6.0275511742,0.0139277373,0.0171661265,0.0022211890,0.0195626840,0.0325443111,0.0417104699
6.0371699333,0.0145075712,0.0195766129,0.0061153392,0.0430995710,0.0252658911,0.0449314341
6.0472140312,0.0122092459,0.0231187679,0.0100066289,0.0559221581,0.0253287442,0.0406725034
6.0584840775,0.0041505042,0.0227528848,0.0070399861,0.0623704679,0.0242179390,0.0300518181
6.0674180984,-0.0020189490,0.0224418007,0.0050590853,0.0633742139,0.0348500758,0.0225454327
6.0774402618,-0.0014227534,0.0191591941,0.0021542530,0.0558579750,0.0443202779,0.0118653579
6.0879383087,-0.0028338339,0.0166685022,0.0001710873,0.0366864093,0.0440630168,-0.0008682809
6.0974001884,-0.0051801857,0.0139645375,-0.0028049727,0.0249920711,0.0417567194,-0.0104083903
6.1071949005,-0.0104172286,0.0111245252,-0.0058160801,0.0175674446,0.0384384207,-0.0167560354
6.1174402237,-0.0137130078,0.0121456422,-0.0049221893,0.0112231290,0.0340492651,-0.0241592228
6.1273288727,-0.0169471260,0.0120636337,-0.0108588710,0.0048081065,0.0361190736,-0.0262929462
6.1371269226,-0.0114209112,0.0110586546,-0.0138043538,0.0027096681,0.0339169018,-0.0315877087
6.1471700668,-0.0038347300,0.0090902336,-0.0167069212,0.0070439628,0.0285519678,-0.0379302949
6.1571140289,-0.0030814167,0.0129659139,-0.0226189271,0.0166766159,0.0264653787,-0.0411125086
6.1671671867,-0.0032974984,0.0179294534,-0.0265795961,0.0252349526,0.0254355352,-0.0442989804
6.1773262024,0.0004199689,0.0171333440,-0.0226556435,0.0231317207,0.0211534388,-0.0432074815
6.1873569489,0.0023321453,0.0104436018,-0.0216207877,0.0210933369,0.0114731146,-0.0484552383
6.1973543167,0.0053128395,0.0056174588,-0.0215673819,0.0073002926,0.0027818887,-0.0526398644
6.2074317932,0.0054131988,0.0035966823,-0.0166624561,-0.0022135843,-0.0048549920,-0.0621452183
6.2171130180,0.0046256725,0.0014213065,-0.0186075345,-0.0138787618,-0.0124625778,-0.0652707070
6.2273459435,0.0077799801,0.0021331946,-0.0224904791,-0.0159906484,-0.0156762153,-0.0641859993
6.2373518944,0.0099734012,0.0058315885,-0.0195373073,-0.0084594963,-0.0230952501,-0.0641452521
6.2470860481,0.0112326387,0.0047212881,-0.0175344720,0.0032677334,-0.0208760351,-0.0652302280
6.2568788528,0.0095900688,0.0007654022,-0.0145631805,0.0107517494,-0.0229429156,-0.0641614944
6.2670869827,0.0079320017,-0.0001975780,-0.0125748292,0.0150250578,-0.0250111278,-0.0599015057
6.2770500183,0.0111449901,-0.0059362981,-0.0056246896,0.0182165895,-0.0249565318,-0.0556513667
6.2870779037,0.0143833999,-0.0077723968,-0.0045575281,0.0161100291,-0.0292298403,-0.0534974039
6.2968893051,0.0117944423,-0.0076691541,-0.0025511165,0.0235574264,-0.0301552899,-0.0439370535
6.3073401451,0.0101488326,-0.0074546146,-0.0034686704,0.0352622867,-0.0289233103,-0.0354540870
6.3170442581,0.0085460637,-0.0081909709,-0.0082873479,0.0374082625,-0.0310272090,-0.0333166346
6.3272891045,0.0069625322,-0.0157114975,-0.0081900731,0.0331107154,-0.0288956128,-0.0301402807
6.3374209404,0.0043328051,-0.0193538330,-0.0032312651,0.0267106090,-0.0300026909,-0.0290672965
6.3490672112,0.0046278778,-0.0240507387,-0.0002119917,0.0137897506,-0.0193511117,-0.0216906033
6.3574919701,0.0048206989,-0.0190796815,-0.0041026850,0.0095096510,-0.0235399976,-0.0078500239
6.3674130440,0.0059003178,-0.0160299726,-0.0021146911,0.0094100488,-0.0159593076,0.0037871909
6.3774271011,0.0040374044,-0.0139331631,-0.0060216566,0.0221154578,-0.0072230748,0.0143471565
6.3873968124,0.0080086384,-0.0165328644,-0.0069141765,0.0296087936,-0.0134961512,0.0239441246
6.3970422745,0.0100362990,-0.0151395909,-0.0019602554,0.0370680392,-0.0154985813,0.0324486643
6.4082698822,0.0062243734,-0.0107924305,0.0019685847,0.0381916314,-0.0219117403,0.0314270742
6.4191670418,0.0044303630,-0.0093247555,0.0069142203,0.0371581912,-0.0261903740,0.0325201675
6.4277582169,0.0075478647,-0.0098322891,0.0128814802,0.0265106056,-0.0294791125,0.0325489305
6.4376630783,0.0097713415,-0.0075518596,0.0149126872,0.0159256049,-0.0360677727,0.0219767131
6.4470820427,0.0071802530,-0.0074205953,0.0169197544,0.0010135006,-0.0383570269,0.0177524071
6.4572029114,0.0015865957,-0.0054885480,0.0178831443,-0.0076135425,-0.0256462917,0.0112985037
6.4670219421,0.0037259702,-0.0065164897,0.0218444094,-0.0172765553,-0.0172069985,0.0070009604
6.4769792557,0.0057775769,-0.0056539583,0.0238041505,-0.0194022916,-0.0151542351,-0.0004452376
6.4869899750,0.0039185826,0.0009800980,0.0237624869,-0.0183508769,-0.0119669642,-0.0036538141
6.4971628189,-0.0028308388,0.0037328789,0.0197814927,-0.0056611793,-0.0000543778,0.0026328438
6.5072751045,-0.0058340039,0.0066692871,0.0148615465,0.0102394903,0.0097694909,0.0121195558
6.5172138214,-0.0069377031,0.0068345708,0.0148411021,0.0176738389,0.0120171988,0.0184750576
6.5300760269,-0.0090311822,0.0012428502,0.0158316717,0.0261341669,0.0196096040,0.0237318706
6.5379829407,-0.0121594276,-0.0033092683,0.0177816972,0.0303603373,0.0228935480,0.0290198419
6.5474958420,-0.0163497981,-0.0049219313,0.0197058544,0.0303480886,0.0239713304,0.0300752539
6.5572810173,-0.0166473743,-0.0006911863,0.0167329535,0.0282403305,0.0217920635,0.0269027650
6.5679860115,-0.0178978648,0.0044570160,0.0137594566,0.0282366015,0.0238932986,0.0226395763
6.5776162148,-0.0161558148,0.0028023014,0.0128039941,0.0261645280,0.0184849519,0.0173655841
6.5872459412,-0.0123680737,0.0029936398,0.0059774737,0.0134466011,0.0118739204,0.0057310322
6.5972747803,-0.0095047709,0.0030676017,0.0011165362,0.0060073272,0.0106850853,-0.0016933280
6.6069612503,-0.0085561927,0.0020848403,-0.0018040914,0.0007265452,0.0042223926,-0.0027101228
6.6172847748,-0.0076223072,0.0040186313,-0.0028022309,-0.0056935372,0.0073513398,-0.0059128404
6.6271753311,-0.0076600369,0.0059106690,-0.0076980968,-0.0014678994,0.0127279963,-0.0059506577
6.6371393204,-0.0038104560,0.0068997932,-0.0125761405,0.0049374029,0.0138204256,-0.0091500459
6.6471338272,-0.0029494222,0.0059818295,-0.0115990415,0.0091630407,0.0191970803,-0.0091878623
6.6571722031,-0.0050775614,0.0070049060,-0.0145676509,0.0144310398,0.0288302656,-0.0124414470
6.6672739983,-0.0024078842,0.0091108568,-0.0165475979,0.0176281650,0.0278225262,-0.0081875790
6.6770272255,0.0012656992,0.0063760844,-0.0155348554,0.0197545663,0.0299538560,-0.0103254318
6.6869277954,0.0059651379,0.0016915316,-0.0184250250,0.0187662654,0.0203270596,-0.0102623152
6.6969189644,0.0117330793,0.0038022960,-0.0213245526,0.0125150271,0.0010526981,-0.0090721482
6.7069158554,0.0147129390,0.0049068150,-0.0203127041,0.0125975851,-0.0085748956,-0.0100721652
6.7168779373,0.0158490334,0.0039924574,-0.0192887560,0.0073591480,-0.0203758944,-0.0099901408
6.7269372940,0.0180990044,0.0030766467,-0.0201843157,0.0042360593,-0.0300192013,-0.0099254251
6.7368793488,0.0204563681,0.0040707481,-0.0240252391,0.0043348623,-0.0417815819,-0.0109129250
6.7470340729,0.0189373437,0.0079604201,-0.0269108191,0.0054531232,-0.0471350700,-0.0130037731
6.7571048737,0.0194054339,0.0099727996,-0.0219555274,0.0087072402,-0.0535210632,-0.0129654240
6.7670679092,0.0199386273,0.0100742839,-0.0169746056,0.0077271974,-0.0600322261,-0.0235464294
6.7770471573,0.0186586473,0.0042078388,-0.0168573037,0.0003192155,-0.0675777569,-0.0245558992
6.7870311737,0.0163852219,0.0031936655,-0.0138409510,-0.0007431200,-0.0665535033,-0.0288113635
6.7970161438,0.0150770787,0.0021142999,-0.0088622943,-0.0081910491,-0.0677186400,-0.0330469906
6.8073730469,0.0167458151,-0.0009432171,-0.0038689750,-0.0134912711,-0.0709932670,-0.0362092257
6.8191232681,0.0125764254,-0.0030550917,0.0010989528,-0.0081187449,-0.0752276927,-0.0361851268
6.8272609711,0.0064991210,-0.0003142690,-0.0008214492,0.0004222794,-0.0762122571,-0.0340599231
6.8373069763,0.0062264744,0.0045368639,-0.0026936908,0.0121072978,-0.0717935488,-0.0287885964
6.8484821320,0.0078583453,0.0046863598,0.0003536564,0.0248827487,-0.0684701875,-0.0266942866
6.8570542336,0.0056045447,-0.0009417047,0.0024445872,0.0280569680,-0.0641870275,-0.0277829859
6.8672628403,0.0042239968,-0.0045804190,0.0074377875,0.0290260948,-0.0534643382,-0.0246660225
6.8793039322,-0.0001611019,-0.0111835487,0.0124163255,0.0268079471,-0.0438516587,-0.0236652065
6.8872342110,-0.0036633369,-0.0149192251,0.0144316778,0.0181950182,-0.0353588387,-0.0226518735
6.9012961388,-0.0043053981,-0.0177018009,0.0164630041,0.0170752928,-0.0310471822,-0.0173669644
6.9071969986,-0.0069807228,-0.0175602250,0.0164877400,0.0244543776,-0.0234268121,-0.0078600105
6.9171199799,-0.0096902605,-0.0153302662,0.0126112327,0.0393246710,-0.0189367235,0.0037867916
6.9278612137,-0.0056408849,-0.0099308752,0.0087775812,0.0606051907,-0.0196411293,0.0271491073
6.9375700951,0.0003242140,-0.0062239724,0.0098758563,0.0755312815,-0.0236611702,0.0441657715
6.9470043182,-0.0003855283,-0.0082602389,0.0080554113,0.0926538035,-0.0309648886,0.0495131314
6.9568428993,-0.0039433297,-0.0151072405,0.0091651902,0.0873212218,-0.0341556258,0.0559107140
6.9667711258,-0.0085115042,-0.0191440471,0.0043874602,0.0723529309,-0.0300234612,0.0527071990
6.9770879745,-0.0082996543,-0.0174216144,0.0064403634,0.0541632697,-0.0237754211,0.0494906306
6.9872012138,-0.0061936434,-0.0159042813,0.0065124850,0.0316845961,-0.0154170888,0.0473273471
6.9970822334,-0.0061079618,-0.0136241131,0.0094886050,0.0177984722,-0.0134064024,0.0451998785
7.0069131851,-0.0050821658,-0.0134301968,0.0046270709,0.0112729296,0.0004556174,0.0472393259
7.0169930458,-0.0022255387,-0.0083761774,0.0007270795,0.0101876920,0.0004937008,0.0525512695
7.0270128250,0.0015598332,-0.0022437235,0.0046465020,0.0155369174,-0.0005428016,0.0514918640
7.0370259285,0.0005631392,-0.0019771268,0.0056432704,0.0198152848,-0.0026253937,0.0536253192
7.0470399857,-0.0023525413,-0.0006532778,0.0046712379,0.0347399041,-0.0035061010,0.0621197410
7.0590281487,0.0014936124,0.0048186225,0.0027619819,0.0507263318,-0.0022714594,0.0674141049
7.0676250458,0.0033886377,0.0143053122,-0.0020919817,0.0699098781,-0.0009998002,0.0737668052
7.0802068710,0.0013816451,0.0190926604,-0.0040039201,0.0891205892,-0.0029359183,0.0801410824
7.0872840881,-0.0015877838,0.0192013867,-0.0058868905,0.1093640774,0.0025464650,0.0779666081
7.0974712372,-0.0026614871,0.0205266066,-0.0048305769,0.1338787377,0.0049201408,0.0832455307
7.1071162224,-0.0008461679,0.0240001567,-0.0047114869,0.1466733664,0.0071476083,0.0821597651
7.1170549393,0.0009670948,0.0255798064,-0.0055680056,0.1488281339,0.0081582777,0.0736536235
7.1268939972,0.0018561428,0.0222313441,-0.0025058170,0.1339786053,0.0036138601,0.0556328110
7.1376299858,0.0008441155,0.0175525583,0.0024717669,0.0956285521,0.0031174470,0.0322902016
7.1469922066,0.0019007717,0.0094701089,-0.0013192672,0.0509638824,-0.0091663832,0.0111532286
7.1576418877,0.0050019268,0.0058082161,-0.0022266288,0.0062611271,-0.0182142071,-0.0068188477
7.1669549942,0.0022862796,0.0095823444,-0.0002757091,-0.0160527006,-0.0270188842,-0.0163076911
7.1770257950,-0.0023457017,0.0151283927,0.0006481033,-0.0234749317,-0.0303419754,-0.0226529371
7.1867260933,-0.0049901810,0.0197123773,0.0006296855,-0.0139085902,-0.0270252749,-0.0184315611
7.1967248917,-0.0037358757,0.0235191621,0.0026075463,0.0042553670,-0.0300705992,-0.0163008999
7.2066369057,-0.0024575200,0.0235798992,0.0016939860,0.0234245341,-0.0245783627,-0.0163499024
7.2166852951,-0.0022302326,0.0238248296,-0.0011841435,0.0393642187,-0.0148559604,-0.0185479410
7.2266912460,-0.0002102162,0.0291077234,-0.0040842672,0.0510176793,-0.0040778816,-0.0186259728
7.2369990349,-0.0002061183,0.0257176198,-0.0059895893,0.0594489798,0.0098645650,-0.0208475813
7.2465910912,-0.0002543385,0.0145347603,-0.0010244626,0.0530195758,0.0161549523,-0.0293830130
7.2568678856,-0.0032891687,0.0052032140,0.0019440275,0.0540306494,0.0225848891,-0.0283631552
7.2667322159,-0.0034827348,0.0037426392,0.0019641740,0.0657509491,0.0248222109,-0.0273234583
7.2766733170,-0.0007916446,0.0092748664,0.0010025721,0.0796553120,0.0206727386,-0.0251814779
7.2874193192,-0.0009625311,0.0139941089,-0.0019212741,0.1042738408,0.0133634266,-0.0272760540
7.2988471985,0.0000034814,0.0072296751,0.0001417618,0.1203751862,0.0017480494,-0.0250865351
7.3097839355,-0.0008699353,-0.0024046560,0.0061465125,0.1162092015,-0.0100590754,-0.0271318424
7.3170852661,-0.0015829260,-0.0102267899,0.0092041120,0.1003463492,-0.0262569524,-0.0323287360
7.3270139694,-0.0031560715,-0.0152554922,0.0112818107,0.0855101421,-0.0402478687,-0.0301028658
7.3366551399,-0.0046360847,-0.0155623965,0.0094293579,0.0716794133,-0.0446569994,-0.0332519189
7.3466129303,-0.0041726287,-0.0159602724,0.0056275348,0.0619974956,-0.0372139998,-0.0290438607
7.3566851616,-0.0008695031,-0.0173936449,0.0057438831,0.0533834994,-0.0276721567,-0.0301613230
7.3668980598,0.0023156051,-0.0179281048,0.0068160514,0.0458310395,-0.0191529710,-0.0270241182
7.3772058487,0.0004729872,-0.0166155137,0.0087956414,0.0382135995,-0.0020988868,-0.0260685757
7.3868660927,-0.0015326495,-0.0163173117,0.0078163967,0.0327168368,0.0160553493,-0.0229952894
7.3965950012,0.0002146755,-0.0160061680,0.0068436484,0.0304707251,0.0267878901,-0.0156257879
7.4066309929,0.0048348848,-0.0146794431,0.0058791260,0.0347022228,0.0269205142,-0.0039432999
7.4168429375,0.0035782252,-0.0104054771,0.0087822303,0.0368310213,0.0227699783,0.0088312179
7.4269042015,0.0013896321,-0.0108972825,0.0126711950,0.0538941585,0.0198045485,0.0215872265
7.4366269112,0.0002181177,-0.0082752183,0.0146244392,0.0688403547,0.0136398636,0.0375544764
7.4466238022,0.0000508820,-0.0044806073,0.0107327327,0.0943792686,0.0192721821,0.0481240302
7.4584040642,-0.0001754816,0.0015890861,-0.0019551890,0.1348491907,0.0229598619,0.0671925247
7.4666171074,0.0023679826,0.0110298581,-0.0048538824,0.1709936112,0.0361739360,0.0798302889
7.4768271446,0.0019252544,0.0120780766,-0.0038267153,0.2125466615,0.0440132171,0.0840000063
7.4874272346,0.0004524981,0.0096680634,-0.0018011112,0.2551389933,0.0529808737,0.0945374668
7.4968500137,-0.0011340881,0.0124680474,-0.0007663745,0.2818135917,0.0542589277,0.0945091024
7.5066609383,0.0012123232,0.0184076428,-0.0026553054,0.2999819517,0.0532943308,0.0902531072
7.5165863037,0.0016959553,0.0117663965,-0.0054665585,0.3096104860,0.0533119068,0.0838731080
7.5267820358,0.0051502232,0.0022359642,-0.0033663292,0.3011256754,0.0478750616,0.0807271153
7.5366659164,0.0028083418,-0.0026338992,-0.0081867948,0.2851659954,0.0444803350,0.0733241886
7.5465641022,0.0014261996,-0.0037357879,-0.0071563502,0.2724115849,0.0390104651,0.0701813921
7.5565600395,-0.0028648432,-0.0049665566,-0.0061646481,0.2638535202,0.0421314240,0.0680428743
7.5667343140,0.0006571208,-0.0023731252,-0.0060933013,0.2458023429,0.0333778821,0.0606755093
7.5767679214,0.0042707566,-0.0048508453,-0.0070059677,0.2266118824,0.0321222022,0.0553816780
7.5873670578,0.0059700254,-0.0077055837,-0.0049938341,0.1765527129,0.0230847634,0.0437889323
7.5968499184,0.0018829649,-0.0121103674,-0.0010825772,0.1200436205,0.0193467513,0.0332305692
7.6070809364,0.0037747566,-0.0209250860,0.0019113045,0.0604444705,0.0037864328,0.0174372233
7.6168169975,0.0038482044,-0.0235654265,0.0029188017,0.0008281451,-0.0106819887,0.0048259571
7.6265258789,0.0059507880,-0.0198684707,0.0019653661,-0.0395927802,-0.0239109751,-0.0056839418
7.6365499496,0.0032772962,-0.0155229345,-0.0000031966,-0.0555744097,-0.0272489805,-0.0067140525
7.6465411186,0.0015492981,-0.0093019754,-0.0010136146,-0.0598772764,-0.0240577143,-0.0046069594
7.6565651894,0.0016455000,0.0008984695,-0.0020225423,-0.0450336188,-0.0142713962,0.0006277498
7.6665172577,0.0006765370,0.0073998352,-0.0049999733,-0.0195756629,0.0020300786,0.0090033915
7.6770467758,0.0014658814,0.0133018233,-0.0030810018,0.0165410619,0.0184551254,0.0226848479
7.6882820129,0.0041574929,0.0156538598,-0.0040673991,0.0420743823,0.0272392947,0.0268596187
7.6977348328,0.0058198813,0.0133417509,-0.0050478359,0.0654769093,0.0339051858,0.0352994427
7.7067232132,0.0054826532,0.0083054155,-0.0021227973,0.0793495849,0.0340215638,0.0363513902
7.7165579796,0.0051618461,0.0073099886,-0.0041081687,0.0974986255,0.0310145896,0.0427303314
7.7264971733,0.0039027277,0.0074138087,-0.0021748324,0.1050441638,0.0225135144,0.0417177975
7.7365541458,0.0017495250,0.0095255002,-0.0021967071,0.1189899370,0.0151192481,0.0396324061
7.7464818954,0.0026432667,0.0078493357,-0.0060797115,0.1265338659,0.0055766096,0.0418138020
7.7564549446,0.0036297385,0.0071787168,-0.0021327513,0.1181222796,-0.0073711467,0.0355306081
7.7664761543,0.0017923360,0.0014315362,-0.0010952133,0.0978921056,-0.0087053906,0.0228046905
7.7765340805,-0.0000100340,-0.0093810000,-0.0039716740,0.0946340039,-0.0012645181,0.0206326172
7.7864742279,0.0009653961,-0.0054982002,-0.0039545079,0.0924888253,-0.0012538655,0.0238212198
7.7964739799,-0.0010776276,0.0071306345,-0.0020611663,0.0956983343,-0.0022927648,0.0248900801
7.8067669868,-0.0010730828,0.0091185346,-0.0010697622,0.1085281074,-0.0043402030,0.0238320064
7.8167657852,0.0019402449,0.0083271936,0.0009416562,0.1181854010,-0.0096273767,0.0217346326
7.8279638290,0.0010862296,0.0036516341,0.0049090008,0.1203761175,-0.0139400996,0.0153867211
7.8396358490,-0.0007173474,0.0038380923,0.0039506773,0.1150493920,-0.0150530348,0.0153991049
7.8468608856,-0.0015595312,0.0097825080,0.0020005922,0.1011887044,-0.0141550172,0.0079662232
7.8566660881,-0.0024197754,0.0107071809,0.0029903869,0.0862386525,-0.0100721251,-0.0016138328
7.8665919304,-0.0032405462,0.0017044770,0.0020753962,0.0712770075,-0.0038658939,-0.0122675421
7.8768000603,0.0006640350,0.0023478756,0.0030887942,0.0595124960,0.0013325964,-0.0186673850
7.8864159584,-0.0003498847,0.0067737182,0.0030604224,0.0594933219,0.0024284874,-0.0154873040
7.8964529037,-0.0053326245,0.0122516304,0.0000602227,0.0849949569,0.0154785104,-0.0124025643
7.9068498611,-0.0064931270,0.0161293857,-0.0009686131,0.1137885153,0.0168154165,-0.0071193855
7.9167842865,0.0001730268,0.0194147490,-0.0009399432,0.1522525549,0.0107386149,-0.0028583279
7.9265999794,0.0020890478,0.0191031061,0.0020180566,0.1769206226,-0.0050661806,0.0014764993
7.9364099503,0.0032248292,0.0130831264,0.0050122957,0.1898277551,-0.0135880299,-0.0059101772
7.9464130402,-0.0004390831,0.0051347320,0.0011400800,0.1908986121,-0.0135888290,-0.0069733113
7.9564027786,-0.0031336900,0.0000185448,-0.0037081023,0.1674835682,-0.0191764068,-0.0143579906
7.9666490555,0.0020018611,-0.0053709182,-0.0065534492,0.1259108186,-0.0217354391,-0.0259986669
7.9766073227,0.0042305384,-0.0161634050,-0.0025426527,0.0714931265,-0.0180248562,-0.0429837741
7.9875659943,0.0064455960,-0.0265382789,-0.0014630932,0.0245535821,-0.0174099319,-0.0535788946
7.9967031479,0.0065994654,-0.0276257470,-0.0014406819,-0.0203209519,-0.0113682849,-0.0567754880
8.0063762665,0.0036912505,-0.0173746496,-0.0014988560,-0.0438369289,-0.0083256233,-0.0546540134
8.0165977478,0.0085868482,-0.0081469454,-0.0005027432,-0.0491440743,-0.0147185419,-0.0471707992
8.0264339447,0.0116408411,-0.0067075412,-0.0033951183,-0.0384996869,-0.0135129280,-0.0408117026
8.0366859436,0.0137567464,-0.0069895568,-0.0023742099,-0.0107347686,-0.0216986872,-0.0237819850
8.0463533401,0.0110138003,-0.0059764157,-0.0013970513,0.0223076046,-0.0202744268,-0.0121279927
8.0566329956,0.0092251543,0.0002280923,-0.0014144558,0.0446973331,-0.0189881213,-0.0068394877
8.0665674210,0.0064535085,0.0007556344,-0.0004469532,0.0585263297,-0.0156202884,-0.0004966368
8.0766000748,0.0056841020,-0.0074123475,-0.0023377915,0.0552989766,-0.0124412719,-0.0005138139
8.0895004272,0.0058423970,-0.0137517601,-0.0022931476,0.0413983427,-0.0103930347,0.0016073941
8.0977811813,0.0049305949,-0.0163217075,-0.0022904654,0.0327762216,-0.0008306893,0.0026134027
8.1064310074,0.0049355570,-0.0140391029,-0.0032663723,0.0296145193,-0.0061900346,0.0037127559
8.1163578033,0.0049846414,-0.0088318735,-0.0052426835,0.0360528454,-0.0114577673,0.0069299880
8.1270694733,0.0011766498,-0.0055269706,-0.0042953272,0.0424854420,-0.0156650301,0.0090775611
8.1365833282,-0.0006448383,-0.0040671374,-0.0033307453,0.0499798469,-0.0177569427,0.0080250790
8.1464595795,0.0025197957,-0.0074687931,-0.0003257770,0.0415179171,-0.0263909101,0.0059621939
8.1565332413,0.0047965739,-0.0099988356,-0.0012304563,0.0330523923,-0.0318770222,-0.0024934749
8.1666126251,0.0012208318,-0.0117084421,0.0027086358,0.0170992613,-0.0373807102,-0.0066962093
8.1766138077,-0.0023265239,-0.0135627873,0.0056768279,0.0021236399,-0.0342765301,-0.0056457254
8.1876316071,-0.0020180400,-0.0164228454,0.0067128162,0.0041780025,-0.0277752224,0.0028098109
8.1966218948,0.0011173432,-0.0075232307,0.0057453732,0.0127017153,-0.0297614057,0.0123764183
8.2066841125,0.0052263830,0.0005560073,0.0057851891,0.0340096653,-0.0284460708,0.0219145305
8.2163047791,0.0005846267,0.0029759614,0.0087028369,0.0552639589,-0.0217612702,0.0346056893
8.2262983322,-0.0041602906,0.0027172754,0.0076904516,0.0838876069,-0.0042938637,0.0514706895
8.2363567352,-0.0041659530,0.0037776066,0.0076766829,0.1136698723,0.0056242803,0.0598866753
8.2462959290,-0.0012985225,0.0071134497,0.0057110409,0.1392351538,0.0080504203,0.0704770088
8.2563228607,-0.0043604281,0.0106328391,0.0075946073,0.1562210619,0.0157424286,0.0789112374
8.2662887573,-0.0045207795,0.0084952023,0.0095201954,0.1689475179,0.0233769137,0.0852271914
8.2762422562,-0.0037466642,0.0034437089,0.0114358887,0.1604028940,0.0254176930,0.0820344612
8.2862567902,-0.0019681957,0.0001014585,0.0084875450,0.1295285970,0.0207856558,0.0682749674
8.2964515686,-0.0020785239,-0.0046229730,0.0104233846,0.0816192627,0.0127708735,0.0492369644
8.3064126968,-0.0050223675,-0.0138348956,0.0114063248,0.0230590142,0.0035677876,0.0259649325
8.3167228699,-0.0098531600,-0.0168886241,0.0123577937,-0.0419101305,-0.0056736479,0.0037589616
8.3264608383,-0.0098305400,-0.0156003814,0.0143187866,-0.0877615064,-0.0051047970,-0.0132109672
8.3364210129,-0.0088632014,-0.0078536775,0.0084536299,-0.1048819050,0.0021946616,-0.0185561962
8.3472433090,-0.0031556543,0.0067098015,0.0025763134,-0.1017183363,0.0065033901,-0.0175239556
8.3569841385,0.0006022697,0.0165272001,0.0045109014,-0.0835711583,0.0045470316,-0.0132766142
8.3664541245,0.0005464052,0.0168134551,0.0035385112,-0.0537189916,0.0069609210,-0.0080011580
8.3777093887,-0.0044105109,0.0164284855,0.0064174156,-0.0206562392,0.0093785385,-0.0048513045
8.3863153458,-0.0064953025,0.0173552465,0.0083383545,0.0070206602,0.0171104949,-0.0006712070
8.3962440491,-0.0046956148,0.0136656538,0.0103079304,0.0262289755,0.0162260588,0.0035709422
8.4062356949,-0.0019150878,0.0120925996,0.0093304738,0.0326069817,0.0194817726,0.0035453760
8.4162254333,-0.0011261607,0.0085499175,0.0151878223,0.0325752869,0.0237476248,0.0024553444
8.4263172150,-0.0042398926,0.0009804575,0.0063461284,0.0292500667,0.0386850275,0.0023608021
8.4365053177,-0.0017165149,0.0031815397,0.0014114004,0.0249607787,0.0407958478,0.0034138157
8.4464960098,0.0007738714,0.0034107512,0.0003934723,0.0195588227,0.0482447110,0.0044316761
8.4568347931,0.0032420401,-0.0003199146,0.0003450137,0.0141849630,0.0524818003,0.0044062426
8.4665088654,0.0017711167,-0.0021671930,-0.0006977696,0.0120432489,0.0524833985,0.0065325103
8.4777183533,0.0012670999,-0.0001086180,-0.0027470367,0.0131299514,0.0493038520,0.0086770207
8.4897422791,0.0027630273,0.0000496304,-0.0037826078,0.0142325005,0.0450371988,0.0087039191
8.4967155457,0.0004214590,-0.0017813535,-0.0038638492,0.0142647242,0.0397233963,0.0119242137
8.5074024200,0.0000768100,-0.0006494277,-0.0078300610,0.0153829865,0.0343699083,0.0098333657
8.5164957047,0.0007048940,0.0043900018,-0.0078985468,0.0175302923,0.0322633497,0.0119721498
8.5265178680,0.0023875181,0.0026503189,-0.0147738233,0.0249706320,0.0344948098,0.0162020493
8.5361785889,0.0059666727,0.0049060588,-0.0128426924,0.0239903219,0.0248477757,0.0141415605
8.5460052490,0.0087072644,0.0051416797,-0.0138382688,0.0102385581,0.0129120201,0.0057294341
8.5561466217,0.0086813662,0.0022550805,-0.0138328448,-0.0035088127,0.0009653463,-0.0037440951
8.5662174225,0.0077397171,-0.0018085835,-0.0147904530,-0.0226713214,-0.0024528208,-0.0111452863
8.5761508942,0.0087551270,-0.0031200347,-0.0157410875,-0.0418242440,-0.0058965543,-0.0217342805
8.5860033035,0.0117534343,-0.0016212927,-0.0127678290,-0.0513447784,-0.0156075051,-0.0237894431
8.5964107513,0.0099281762,0.0036777856,-0.0098456517,-0.0481143631,-0.0198395345,-0.0216394719
8.6062946320,0.0071945433,0.0070906510,-0.0118022338,-0.0374105871,-0.0229722112,-0.0226890240
8.6164426804,0.0054270718,0.0106898658,-0.0069049378,-0.0203088298,-0.0260383077,-0.0216181669
8.6260585785,0.0047131423,0.0114949867,-0.0078524724,-0.0021474045,-0.0269847959,-0.0237494949
8.6361894608,0.0049607996,0.0105440672,-0.0068221469,0.0138597917,-0.0268513709,-0.0226994101
8.6461887360,0.0052271727,0.0106647089,-0.0067825695,0.0181485452,-0.0279142391,-0.0258826874
8.6561193466,0.0035482589,0.0059319125,-0.0028382321,0.0160298683,-0.0269267391,-0.0333236940
8.6661863327,-0.0000824238,-0.0018483081,-0.0008374233,0.0063775075,-0.0206067916,-0.0354827158
8.6763792038,-0.0028463360,-0.0048375814,0.0001482588,-0.0032534152,-0.0153893922,-0.0418853574
8.6863603592,-0.0007573868,-0.0059405710,-0.0007915873,-0.0096822865,-0.0132833645,-0.0397697389
8.6963672638,0.0013104175,-0.0060987934,-0.0017317313,-0.0118228029,-0.0143289212,-0.0344467461
8.7064218521,0.0043446217,-0.0023295821,-0.0016926307,-0.0043542329,-0.0163542554,-0.0280644819
8.7164278030,0.0054977927,-0.0033399814,-0.0016489405,0.0041998401,-0.0205119830,-0.0227344297
8.7261085510,0.0047552828,-0.0023194605,-0.0006522912,0.0127709582,-0.0268039666,-0.0163252670
8.7361335754,0.0040342603,-0.0011957323,0.0042596082,0.0181540046,-0.0321127139,-0.0173583087
8.7462129593,0.0024736468,-0.0078715626,0.0023675184,0.0213474017,-0.0310192183,-0.0173676293
8.7560825348,0.0028008912,-0.0106571335,0.0043817381,0.0096239001,-0.0311542414,-0.0216041841
8.7661237717,0.0021018032,-0.0125748627,0.0073688249,0.0032261880,-0.0291297063,-0.0290495865
8.7760744095,-0.0006182397,-0.0126047954,0.0132355317,-0.0043078931,-0.0217048135,-0.0290932618
8.7862081528,-0.0023891982,-0.0166196954,0.0122837648,-0.0022767009,-0.0099141989,-0.0270463564
8.7964029312,-0.0003959293,-0.0117544606,0.0074098329,0.0051191635,-0.0044296850,-0.0175263528
8.8063306808,0.0014970695,-0.0018652154,0.0044318656,0.0263831727,0.0022292826,-0.0080228625
8.8163518906,0.0014716481,-0.0005536207,0.0044216136,0.0402149670,0.0045446353,0.0004525140
8.8262939453,0.0004565810,-0.0039155963,0.0093037710,0.0583364442,0.0047483668,0.0078752767
8.8360500336,0.0004816597,-0.0101911314,0.0073641161,0.0519275479,0.0036652591,0.0121368673
8.8460483551,0.0014702921,-0.0126161743,0.0054282765,0.0402301475,-0.0017691874,0.0121802762
8.8560943604,-0.0004334803,-0.0190924071,0.0064107995,0.0252116490,0.0066764960,0.0131972050
8.8662014008,-0.0014911796,-0.0198995527,0.0063943486,0.0017113825,0.0086323209,0.0132009322
8.8760986328,-0.0005975271,-0.0170032270,0.0053928117,-0.0142940823,0.0074485457,0.0142823085
8.8860273361,0.0003010725,-0.0142316148,0.0073423604,-0.0238566957,0.0020306108,0.0143241212
8.8960428238,0.0012378340,-0.0076569687,0.0063416581,-0.0323361978,-0.0055106622,0.0154429153
8.9062528610,0.0042150263,-0.0049702148,0.0093069896,-0.0322941206,-0.0098036779,0.0133459419
8.9160575867,0.0034155939,-0.0052518970,0.0063920836,-0.0258242395,-0.0182922389,0.0144575462
8.9261846542,-0.0032455530,-0.0034874880,-0.0014725704,-0.0066846311,-0.0116769448,0.0207756292
8.9361858368,-0.0061640050,0.0082723107,-0.0015368838,0.0050003864,-0.0051665818,0.0207217000
8.9462499619,-0.0061560031,0.0104463156,0.0033503394,0.0209990591,-0.0039649634,0.0217651259
8.9561710358,-0.0051130261,0.0019845425,0.0092551932,0.0231136102,-0.0007566534,0.0206830837
8.9665403366,-0.0041044112,-0.0055647413,0.0092910156,0.0198357925,0.0088280626,0.0195608288
8.9764537811,-0.0081735160,-0.0004653854,0.0131286010,0.0176653154,0.0130875232,0.0195341967
8.9863872528,-0.0054868963,0.0055788537,0.0130820498,0.0069016172,0.0247428473,0.0173413493
8.9988832474,-0.0017931069,0.0017652458,0.0101719722,0.0036502969,0.0300742295,0.0183697287
9.0062713623,0.0028251950,-0.0001453289,0.0111535415,-0.0123326648,0.0277857762,0.0152085554
9.0173473358,0.0005973076,0.0006709549,0.0140313134,-0.0187482182,0.0298587810,0.0141400956
9.0262746811,-0.0026138928,0.0004280156,0.0120062456,-0.0251456648,0.0297911335,0.0120202200
9.0375328064,-0.0029381867,0.0040813261,0.0109738931,-0.0262165200,0.0318835825,0.0077580977
9.0462779999,-0.0041900929,0.0038264173,0.0050563435,-0.0261885580,0.0297189634,0.0045849411
9.0559577942,-0.0035191979,0.0084529389,0.0030477266,-0.0251207650,0.0297242887,0.0035187444
9.0660238266,-0.0028372165,0.0072353412,0.0030222158,-0.0240467116,0.0318066180,-0.0039322479
9.0762643814,-0.0011162366,0.0050592595,0.0000711899,-0.0229016859,0.0232461505,-0.0060019232
9.0859813690,0.0006406402,0.0018896277,0.0000736933,-0.0271433014,0.0210485104,-0.0091718845
9.0964241028,-0.0014847274,0.0035269989,-0.0009392876,-0.0281313341,0.0124680717,-0.0112382304
9.1072788239,0.0013385807,0.0051713069,-0.0019086379,-0.0333964005,0.0049185427,-0.0143727716
9.1161708832,0.0052339230,0.0067668823,-0.0028622528,-0.0365277454,-0.0026123440,-0.0175099745
9.1262407303,0.0033445153,0.0034285507,-0.0038262983,-0.0365365371,-0.0015436176,-0.0175168980
9.1359863281,0.0004143064,-0.0009088048,-0.0048154970,-0.0397937186,0.0058953902,-0.0196880400
9.1459407806,-0.0006138439,-0.0023796947,-0.0077498932,-0.0472726710,0.0079478882,-0.0228833016
9.1559867859,0.0011855458,-0.0018941404,-0.0028620143,-0.0515983105,0.0153829018,-0.0239889137
9.1659097672,0.0009788518,-0.0014589054,-0.0028831144,-0.0505940318,0.0218306798,-0.0208442528
9.1761970520,0.0007430260,-0.0009978560,-0.0039040227,-0.0442027152,0.0240064841,-0.0219241641
9.1859178543,0.0043504033,0.0005622546,-0.0019559043,-0.0410442054,0.0272827055,-0.0166356601
9.1960134506,0.0040898416,0.0001813604,-0.0049236198,-0.0271743275,0.0253130309,-0.0102612497
9.2062139511,0.0038656686,-0.0039789486,-0.0059214612,-0.0239668190,0.0242781267,-0.0091943871
9.2159109116,0.0016786103,-0.0003160292,-0.0079366341,-0.0186258480,0.0232645255,-0.0070646578
9.2261371613,0.0034256373,-0.0014461295,-0.0079516545,-0.0164750777,0.0201020222,-0.0038584780
9.2361726761,0.0032947306,-0.0045128125,-0.0060043712,-0.0163953155,0.0104821529,-0.0037954943
9.2471990585,0.0021961872,-0.0066567785,-0.0030913730,-0.0206755474,0.0125684729,-0.0059308168
9.2567520142,0.0030412916,-0.0039121765,-0.0031071086,-0.0185512789,0.0126124155,-0.0027455429
9.2661666870,0.0038968120,-0.0031165627,-0.0021449106,-0.0174628459,0.0104741631,-0.0037948284
9.2758827209,0.0067120437,-0.0013325324,-0.0011637587,-0.0206273459,0.0061672991,-0.0048280018
9.2859506607,0.0036750380,-0.0015465242,-0.0012087602,-0.0217314921,0.0093923872,-0.0016609707
9.2958774567,0.0025909934,-0.0027477888,-0.0022021909,-0.0239064973,0.0157546792,-0.0059515899
9.3059349060,-0.0014715994,-0.0020629650,-0.0012777228,-0.0281656887,0.0156944916,-0.0091353990
9.3158597946,-0.0055643227,0.0025076533,0.0015721541,-0.0302686542,0.0135035086,-0.0133688925
9.3258638382,-0.0066983458,0.0031406919,0.0035067420,-0.0377422832,0.0144963358,-0.0154948942
9.3358955383,-0.0019967314,0.0027712884,0.0064478735,-0.0462631993,0.0143831512,-0.0207992457
9.3458480835,-0.0021536704,-0.0026301106,0.0093865618,-0.0548164733,0.0164455026,-0.0218690373
9.3558530807,-0.0013293679,-0.0032386479,0.0083896741,-0.0622992888,0.0195547435,-0.0261320919
9.3661441803,0.0013541376,0.0019734877,0.0034787280,-0.0623429716,0.0228061974,-0.0208411906
9.3758697510,-0.0008550788,0.0032819028,0.0024363021,-0.0559919924,0.0282246638,-0.0176926684
9.3858423233,-0.0011743064,0.0027671608,0.0033685784,-0.0474685468,0.0293775462,-0.0155813135
9.3960571289,0.0014808868,0.0032987187,0.0072699408,-0.0442125648,0.0229856931,-0.0166068971
9.4061174393,0.0003030245,0.0018720890,0.0072232108,-0.0431696735,0.0251495112,-0.0144968741
9.4161319733,-0.0009002293,0.0014330039,0.0042574028,-0.0367738232,0.0262672398,-0.0145083256
9.4257822037,0.0008057748,0.0040061069,0.0032458524,-0.0346022844,0.0230504088,-0.0176761560
9.4358091354,-0.0023230370,0.0036309327,0.0012297254,-0.0324661583,0.0230621267,-0.0187422205
9.4458465576,-0.0055369046,0.0061939997,0.0021367294,-0.0314341858,0.0294374693,-0.0240962394
9.4557933807,-0.0028805491,0.0048675691,0.0060336809,-0.0377505384,0.0218389351,-0.0314770564
9.4658288956,-0.0011290665,0.0014960135,0.0089636669,-0.0462582745,0.0195992179,-0.0357061550
9.4760742188,0.0006584321,-0.0000130457,0.0089546070,-0.0536783747,0.0162676033,-0.0441808701
9.4857816696,-0.0034737792,0.0051594903,0.0059322338,-0.0569665767,0.0258794855,-0.0421161205
9.4960737228,-0.0017585958,0.0006999339,0.0069001536,-0.0516277365,0.0259170346,-0.0421182476
9.5060300827,-0.0010250116,-0.0008050647,0.0068747620,-0.0399124958,0.0271218494,-0.0368222855
9.5159435272,-0.0033011790,0.0027121047,0.0038649659,-0.0208096392,0.0369704850,-0.0273379702
9.5262289047,-0.0036785658,0.0064102006,-0.0030658026,-0.0048791422,0.0435791202,-0.0188928209
9.5359287262,0.0037375931,0.0045333807,-0.0050107022,0.0122043705,0.0405601598,-0.0125112217
9.5459289551,0.0043478701,-0.0001927537,-0.0050462862,0.0132334158,0.0427601971,-0.0061518592
9.5560388565,0.0029486511,-0.0029863750,-0.0021719115,0.0143110640,0.0416946672,-0.0072100661
9.5661468506,0.0045414958,-0.0067570838,-0.0061156531,0.0121642891,0.0406637564,-0.0008275345
9.5777454376,0.0051290188,-0.0037077887,-0.0052017947,0.0089969924,0.0363667458,0.0002680901
9.5863647461,0.0047749970,-0.0045997570,-0.0072169681,0.0090039168,0.0363486372,-0.0018565799
9.5960607529,0.0045072678,-0.0064920071,-0.0052936454,0.0016437378,0.0244965050,-0.0060230955
9.6057510376,0.0043104682,-0.0065234820,-0.0043500443,-0.0047028419,0.0190671198,-0.0102330204
9.6157283783,0.0061124805,-0.0095466971,-0.0072946330,-0.0131968604,0.0146998009,-0.0133863362
9.6257276535,0.0118325893,-0.0067761610,-0.0111754313,-0.0184637941,0.0082008885,-0.0186524708
9.6357898712,0.0137154553,-0.0040500346,-0.0141316429,-0.0152518870,0.0061081769,-0.0165172815
9.6460685730,0.0107111577,-0.0051644105,-0.0102503076,-0.0099338209,0.0051531671,-0.0080156727
9.6559543610,0.0086737815,-0.0032739600,-0.0063681980,-0.0003423141,0.0052660853,-0.0037747216
9.6657104492,0.0096146557,-0.0012980176,-0.0083274022,0.0039642840,-0.0000264146,-0.0016186264
9.6758422852,0.0086512957,-0.0032097993,-0.0083278790,0.0061137211,-0.0021393667,-0.0005435082
9.6886911392,0.0047581140,-0.0080519468,-0.0044373651,0.0007381309,0.0021033152,0.0004951246
9.6961574554,-0.0001490469,-0.0090757720,-0.0005656857,-0.0099022631,-0.0001593062,-0.0047960440
9.7059488297,0.0057070646,-0.0081789866,-0.0005175847,-0.0162925180,-0.0023372394,-0.0037150667
9.7157592773,0.0086638127,-0.0083538964,0.0004971247,-0.0237066261,-0.0088193733,-0.0047287988
9.7256803513,0.0048476402,-0.0076965126,-0.0024651666,-0.0333326235,-0.0057056053,-0.0068670511
9.7359294891,0.0028983895,-0.0051639634,-0.0044449349,-0.0387203284,-0.0003854088,-0.0047728745
9.7457380295,0.0028464291,-0.0055520455,-0.0015208501,-0.0409254283,0.0081478925,-0.0048266705
9.7556772232,0.0046546403,-0.0049653458,0.0033583264,-0.0441640988,0.0124006933,-0.0048533017
9.7656583786,0.0045376811,-0.0044469680,0.0052945833,-0.0526558533,0.0069819596,-0.0058746245
9.7757196426,0.0024725441,-0.0049474682,0.0042838673,-0.0484559126,0.0145165753,-0.0038028180
9.7856588364,0.0003699308,-0.0054517570,-0.0016214031,-0.0463807769,0.0209635552,-0.0017212913
9.7957086563,0.0010828023,-0.0000545566,-0.0007126111,-0.0463791825,0.0220072493,-0.0038494233
9.8056411743,0.0018498843,-0.0014314500,0.0002431493,-0.0431945734,0.0241694674,-0.0038656686
9.8156900406,-0.0003062839,-0.0048063914,-0.0027294536,-0.0421491489,0.0263260957,-0.0028189132
9.8258132935,-0.0014955009,-0.0052439864,-0.0047374745,-0.0463835746,0.0220181663,-0.0027880205
9.8360137939,0.0002584701,-0.0056957114,-0.0057338853,-0.0516728759,0.0155767798,-0.0016817432
9.8459138870,0.0050267521,-0.0081543885,-0.0056940694,-0.0569360852,0.0069766333,-0.0026846896
9.8573026657,0.0059844945,-0.0067492384,-0.0047354479,-0.0568388775,-0.0047782930,-0.0015421937
9.8674383163,0.0060739461,-0.0014489738,-0.0096331611,-0.0492984056,-0.0143118761,0.0017015364
9.8757457733,0.0071758274,0.0049721827,-0.0096187964,-0.0396428481,-0.0216872357,0.0049276897
9.8856849670,0.0113112424,0.0046441075,-0.0075954576,-0.0374412164,-0.0302114822,0.0060438206
9.8956251144,0.0116628204,0.0013471099,-0.0075278063,-0.0395266004,-0.0345399193,0.0018241750
9.9056653976,0.0080669168,-0.0000168157,-0.0035992642,-0.0406206250,-0.0292498134,-0.0035213218
9.9156036377,0.0034185294,0.0005109723,0.0003007274,-0.0449547879,-0.0217934959,-0.0025038612
9.9256029129,0.0006878023,0.0020384716,0.0003035885,-0.0417560674,-0.0217596740,-0.0014439230
9.9356002808,0.0018369948,0.0074956720,0.0042309384,-0.0427944325,-0.0260284543,-0.0003557554
9.9456033707,-0.0008682663,0.0070885834,0.0071673612,-0.0428226627,-0.0217716582,-0.0025081220
9.9555873871,-0.0015936102,0.0037205929,0.0052631716,-0.0406310111,-0.0250393562,-0.0109848306
9.9656505585,0.0015512650,0.0023049752,0.0092344508,-0.0512913838,-0.0230659544,-0.0205517039
9.9755783081,0.0007435774,0.0026890861,0.0072893123,-0.0556290075,-0.0124641759,-0.0269926917
9.9859552383,-0.0011376644,0.0040299674,0.0072676758,-0.0556556359,-0.0071658166,-0.0323389880
9.9958858490,-0.0001557375,0.0083150193,0.0082313046,-0.0567183755,-0.0061407657,-0.0365948528
10.0073633194,-0.0020269807,0.0086861141,0.0121320114,-0.0535036735,-0.0092859594,-0.0323271379
10.0155038834,-0.0058178511,0.0071177189,0.0150438771,-0.0513474420,-0.0124636432,-0.0312470924
10.0271158218,-0.0076116677,0.0055900556,0.0130931363,-0.0491825566,-0.0177545454,-0.0269647297
10.0355596542,-0.0064629074,0.0021116401,0.0082552657,-0.0503516868,-0.0070393169,-0.0227838326
10.0457706451,-0.0063859578,-0.0013672893,0.0014152151,-0.0504507534,0.0036788411,-0.0186010711
10.0555772781,-0.0035366919,-0.0009360199,-0.0015047569,-0.0548110195,0.0132939182,-0.0154743874
10.0656299591,0.0001884048,-0.0004704257,-0.0015248436,-0.0495544672,0.0198199935,-0.0070212483
10.0755672455,0.0000169371,0.0000250566,-0.0015605468,-0.0452390835,0.0124140093,-0.0016627018
10.0863294601,-0.0020519253,0.0015573429,-0.0006374497,-0.0377566665,0.0103524560,0.0004702238
10.0958709717,-0.0079677161,0.0011735114,-0.0055855890,-0.0271189325,0.0126204053,0.0057587288
10.1058425903,-0.0081167575,0.0019225145,-0.0075670262,-0.0175403431,0.0148593253,0.0089246947
10.1157245636,-0.0053670760,0.0056826477,-0.0075946231,-0.0164596327,0.0148324259,0.0046740239
10.1257076263,-0.0005744303,0.0016844610,-0.0056006094,-0.0164103620,0.0084291212,0.0057779038
10.1360521317,0.0012787675,0.0025230164,-0.0056020399,-0.0185352974,0.0073417528,0.0057874918
10.1457901001,0.0022000317,0.0043011536,-0.0085589066,-0.0174431354,0.0031022672,0.0090013938
10.1559038162,0.0070706699,0.0081050284,-0.0075486680,-0.0173384733,-0.0097208535,0.0090836855
10.1658391953,0.0091571603,0.0118759461,-0.0094790831,-0.0119293286,-0.0192800052,0.0112666786
10.1758203506,0.0104061160,0.0088754594,-0.0104010478,-0.0086669559,-0.0277784187,0.0145069463
10.1855640411,0.0097864959,0.0058791419,-0.0093683973,-0.0128451893,-0.0385077596,0.0135170491
10.1955280304,0.0072949324,-0.0011326072,-0.0083138123,-0.0245601684,-0.0386683494,0.0050258273
10.2058029175,0.0048148278,-0.0092446767,-0.0062858840,-0.0384014174,-0.0409584008,-0.0002616127
10.2155656815,0.0090670232,-0.0057885046,-0.0042608758,-0.0586315915,-0.0422905162,-0.0119217308
10.2257223129,0.0055430476,-0.0064791697,-0.0022846838,-0.0714405924,-0.0402974077,-0.0172376670
