440
093
458
381
249
401
229
284
365
152
232
357
416
457
313
286
131
428
246
132
133
346
307
309
094
067
413
102
127
294
296
078
040
355
303
282
352
039
376
383
056
251
430
208
469
107
014
343
235
119
289
248
170
295
144
134
052
419
055
431
442
270
163
029
113
139
405
199
371
417
385
069
221
154
153
267
415
182
311
242
215
019
388
097
344
283
380
099
204
013
335
464
337
333
281
226
342
292
147
175
048
444
220
062
218
223
010
173
274
374
210
009
136
424
085
177
336
269
081
237
446
331
038
420
151
190
148
089
234
360
266
422
349
086
187
244
125
012
239
205
454
028
003
338
084
306
008
128
316
468
408
047
166
189
409
259
341
425
390
257
080
320
332
256
272
061
466
174
236
049
379
027
179
031
030
206
247
022
087
115
339
285
006
441
121
217
279
308
370
060
141
327
073
219
268
230
109
325
041
185
065
264
184
095
362
305
001
394
372
449
108
328
377
